1	19.4812831558288	11.4370456792104
2	23.8665230124106	13.495493030662
3	25.8040060109031	14.213588182274
4	26.8716409196107	14.5020631573374
5	27.5324711593298	14.6099667429354
6	27.9721265043618	14.6304415614888
7	28.2792004212743	14.6049417811457
8	28.5011523355185	14.5543093969831
9	28.6655932818343	14.4895211535342
10	28.789970233411	14.4169104898772
11	28.8850212096803	14.340391713784
12	28.9582466462408	14.2620499043734
13	29.0148905095601	14.1835156183083
14	29.0587128040938	14.1055111047352
15	29.0924717674344	14.0286699624577
16	29.1182308468906	13.9533625331492
17	29.1375602194923	13.8796514513168
18	29.1516726515427	13.807854971547
19	29.1615172513558	13.7378664217663
20	29.1678455106578	13.6696597767629
21	29.1712586852196	13.6033954812597
22	29.1722423495014	13.5388957834244
23	29.1711919722439	13.4760844079999
24	29.1684321010136	13.4149955629894
25	29.1642309288177	13.3555811860196
26	29.1588114779156	13.2976877834845
27	29.1523602743056	13.2412584114124
28	29.1450341392506	13.1863426979988
29	29.1369655527582	13.1328239591472
30	29.1282669233375	13.0805982226228
31	29.119124006563	13.029613546048
32	29.1095448922541	12.9798807248095
33	29.0995802352831	12.9313639349312
34	29.0892906832479	12.8839409055107
35	29.0787285832642	12.8375682025282
36	29.0679392332796	12.7922044500598
37	29.0569619217782	12.7478960637158
38	29.0458307957139	12.704550440421
39	29.0345755882567	12.6620984939353
40	29.0232222315415	12.6205065277314
41	29.0117933746244	12.5797425157095
42	29.0003088229464	12.5398254923536
43	28.9887859125141	12.5007307438789
44	28.9772398295645	12.4623748011626
45	28.9656838845223	12.4247315859018
46	28.9541297474936	12.3877762823811
47	28.9425876512777	12.351485266782
48	28.9310665668531	12.315896862475
49	28.9195743554625	12.2809587808599
50	28.9081179007452	12.2466188612465
51	28.8967032238013	12.2128576782481
52	28.8853355836185	12.1796566947184
53	28.874019564911	12.1469982120886
54	28.8627591551027	12.1148852446866
55	28.851557811929	12.0833428455816
56	28.8404185229089	12.0522930284707
57	28.8293438577575	12.0217210577026
58	28.8183360146548	11.9916128275621
59	28.8073968611557	11.9619548284763
60	28.7965279704167	11.932734115301
61	28.7857306533231	11.9039515975272
62	28.7750059870181	11.8756407774019
63	28.7643548402714	11.8477303939126
64	28.7537778960645	11.8202095131921
65	28.7432756717222	11.7930676325467
66	28.7328485368765	11.7662946587665
67	28.7224967295136	11.7398808877247
68	28.7122203703219	11.7138169851827
69	28.7020194755342	11.6881222095812
70	28.6918939684304	11.6627953622028
71	28.6818436896502	11.6377915462992
72	28.6718684064449	11.6131027603252
73	28.6619678209845	11.5887212911811
74	28.652141577819	11.5646397008055
75	28.642389270587	11.5408508135181
76	28.6327104480474	11.5173477040631
77	28.6231046195077	11.4941236863084
78	28.6135712597093	11.4712276012249
79	28.604109813227	11.4485993540629
80	28.5947196984308	11.4262307773064
81	28.5854003110548	11.4041160567378
82	28.5761510274134	11.3822495686679
83	28.5669712072985	11.360625871827
84	28.5578601965892	11.3392396996755
85	28.5488173296047	11.3180859531081
86	28.5398419312213	11.2971596935283
87	28.5309333187809	11.2764929885991
88	28.5220908038071	11.2560584987803
89	28.5133136935505	11.2358370174353
90	28.5046012923772	11.2158241976061
91	28.4959529030171	11.1960158226646
92	28.4873678276838	11.1764078012137
93	28.4788453690798	11.1569961622328
94	28.4703848312958	11.1377770504524
95	28.4619855206162	11.1187467219467
96	28.4536467462375	11.0999015399308
97	28.4453678209095	11.081268096407
98	28.4371480615047	11.0628285558065
99	28.4289867895241	11.0445634002304
100	28.4212856555538	11.0264753812937
101	28.4128370196134	11.0085433822671
102	28.4048586662145	10.9907823072164
103	28.3969540498233	10.9731831856554
104	28.3891043060312	10.9557431158005
105	28.3813087978371	10.9384592725633
106	28.3735668948708	10.9213289048928
107	28.3658779735652	10.9043493332319
108	28.3582414173007	10.8875481117594
109	28.3506566165254	10.8709036327893
110	28.3431229688527	10.8544019472379
111	28.3356398791391	10.8380406446702
112	28.3282067595437	10.8218173747613
113	28.3208230295708	10.805729845328
114	28.3134881160985	10.7897758204399
115	28.3062014533925	10.7739531186057
116	28.2989624831094	10.7582596110321
117	28.2917706542874	10.742693219951
118	28.2846254233284	10.7272519170114
119	28.2775262539706	10.7119337217348
120	28.2704726172535	10.6967701009895
121	28.2634639914756	10.6817295708506
122	28.2564998621461	10.6668061791403
123	28.2495797219305	10.6519981273702
124	28.2427030705915	10.6373036579255
125	28.2358694149256	10.6227210528427
126	28.2290782686957	10.6082486326321
127	28.22232915256	10.5938847551441
128	28.2156215939984	10.5796278144756
129	28.2089551272362	10.5654762399172
130	28.2023292931652	10.5514284949371
131	28.1957436392639	10.5374830762021
132	28.1891977195149	10.5236419665031
133	28.182691094322	10.5099306924951
134	28.1762233304258	10.4963171752874
135	28.1697940008187	10.4828000388524
136	28.163402684659	10.4693779358766
137	28.1570489671848	10.4560495469706
138	28.1507324396281	10.4428135799065
139	28.1444526991275	10.4296687688802
140	28.1382093486428	10.4166138737997
141	28.132001996868	10.4036476795956
142	28.1258302581456	10.390768995556
143	28.1196937523813	10.377976654682
144	28.1135921049588	10.365269513065
145	28.107524946655	10.3526464492839
146	28.1014919135568	10.3401159284277
147	28.0954926469772	10.3276884136573
148	28.0895267933736	10.3153415369859
149	28.0835940042657	10.3030742640017
150	28.0776939361549	10.2908855799913
151	28.0718262504449	10.2787744894444
152	28.0659906133622	10.2667400155739
153	28.0601866958782	10.2547811998512
154	28.0544141736329	10.2428971015559
155	28.0486727268581	10.2310867973384
156	28.0429620403032	10.2193493807965
157	28.0372818031606	10.2076839620649
158	28.0316317089935	10.1960896674165
159	28.0260114556636	10.1845656388757
160	28.020420745261	10.1731110338436
161	28.0148592840336	10.1617381739218
162	28.0093267823194	10.1504477964709
163	28.0038229544786	10.1392242344967
164	27.9983475188271	10.1280667054041
165	27.992900197571	10.116974440221
166	27.9874807167429	10.1059466832849
167	27.9820888061376	10.0949826919386
168	27.9767241992509	10.0840817362341
169	27.9713866332177	10.0732430986455
170	27.9660758487521	10.0624660737892
171	27.9607915900884	10.0517499681525
172	27.9555336049225	10.0410940998293
173	27.9503016443553	10.0304977982635
174	27.9450954628363	10.0199604039992
175	27.9399148181085	10.0094812684375
176	27.9347594711542	9.99905975360037
177	27.9296291861415	9.98870878907772
178	27.9245237303724	9.97842600291391
179	27.9194428742314	9.96819884480375
180	27.9143863911346	9.9580267185526
181	27.9093540574806	9.94790903747131
182	27.9043456526016	9.93784522417577
183	27.8993609587155	9.92783471039162
184	27.8943997608793	9.91787693676418
185	27.8894618469427	9.9079713526732
186	27.8845470075028	9.89811741605237
187	27.87965503586	9.88831459321356
188	27.874785727974	9.87856235867539
189	27.869938882421	9.86886019499632
190	27.8651143003518	9.85920759261184
191	27.8603117854503	9.84960404967572
192	27.8555311438931	9.84004907190539
193	27.8507721843095	9.83054217243098
194	27.8460347177425	9.82109330928363
195	27.8413185576105	9.81170429526728
196	27.8366235196693	9.80236182493641
197	27.8319494219754	9.79306544081163
198	27.8272960848496	9.78381469210822
199	27.8226633308411	9.77460913460637
200	27.8180509846928	9.76544833052462
201	27.8134588733067	9.75633184839636
202	27.8088868257102	9.74725926294914
203	27.8043346730228	9.73823015498702
204	27.7998022484238	9.72924411127548
205	27.7952893871202	9.72030072442931
206	27.7907959263152	9.71139959280282
207	27.7863217051776	9.70254032038284
208	27.7818665648114	9.69372251668409
209	27.777430348226	9.68494579664696
210	27.7730129003072	9.6762097805377
211	27.7686140677884	9.66751409385081
212	27.7642336992225	9.65886201674289
213	27.7598716449543	9.65026709853049
214	27.7555277570932	9.64171131841509
215	27.7512018894867	9.6331943227769
216	27.7468938976942	9.62471576275628
217	27.742603638961	9.61627529416881
218	27.7383309721935	9.6078725774223
219	27.7340757579341	9.59950727743559
220	27.7298378583368	9.5911790635592
221	27.7256171371431	9.58288760949765
222	27.7214134596592	9.57463259323344
223	27.7172266927318	9.5664136969528
224	27.7130567047264	9.55823060697297
225	27.7089033655042	9.55008301367097
226	27.704766546401	9.54197061141405
227	27.7006461202047	9.53389309849151
228	27.696541961135	9.52585017704797
229	27.6924539448221	9.51784155301813
230	27.6883819482866	9.50986693606283
231	27.684325849919	9.50192603950646
232	27.6802855294605	9.49403125967341
233	27.6762608679831	9.48617635841081
234	27.672251747871	9.47835425667789
235	27.6682580528014	9.47056468254657
236	27.6642796677267	9.46280736744964
237	27.6603164788557	9.45508204612574
238	27.6563683736365	9.44738845656536
239	27.6524352407384	9.43972633995806
240	27.6485169700353	9.43209544064065
241	27.6446134525882	9.42449550604643
242	27.6407245806293	9.4169262866555
243	27.6368502475449	9.40938753594602
244	27.6329903478599	9.40187901034644
245	27.629144777222	9.3944004691887
246	27.6253134323858	9.38695167466231
247	27.6214962111979	9.37953239176937
248	27.6176930125816	9.37214238828048
249	27.6139037365224	9.36478143469148
250	27.6101282840536	9.35744930418102
251	27.6063665572415	9.35014577256899
252	27.6026184591718	9.34287061827572
253	27.5988838939358	9.33563861653633
254	27.5951627666164	9.32843736522375
255	27.5914549832754	9.3212637724232
256	27.5877604509397	9.31411762710109
257	27.5840790775889	9.30699872062548
258	27.5804107721421	9.29990684672992
259	27.576755444446	9.29284180147779
260	27.573113005262	9.28580338322748
261	27.5694833662543	9.27879139259804
262	27.5658664399781	9.27180563243565
263	27.562262139868	9.26484590778055
264	27.5586703802258	9.25791202583468
265	27.5550910762101	9.2510037959299
266	27.5515241438243	9.24412102949676
267	27.547969499906	9.23726354003381
268	27.5444270621164	9.23043114307759
269	27.540896748929	9.22362365617306
270	27.5373784796198	9.21684089884453
271	27.5338721742565	9.21008269256726
272	27.5303777536885	9.20334886073942
273	27.5268951395373	9.19663922865463
274	27.5234242541857	9.18995362347497
275	27.5199650207693	9.18330315810985
276	27.516517363166	9.17668148476615
277	27.5130812059872	9.17008327202442
278	27.5096564745681	9.16350835467941
279	27.5062430949591	9.15695656926187
280	27.5028409939165	9.15042775401431
281	27.4994500988936	9.14392174886728
282	27.4960703380324	9.13743839541595
283	27.4927016401547	9.13097753689712
284	27.4893439347539	9.1245390181667
285	27.4859971519863	9.11812268567748
286	27.4826612226635	9.11172838745729
287	27.479336078244	9.10535597308763
288	27.4760216508253	9.09900529368252
289	27.472717873136	9.09267620186783
290	27.4694246785285	9.08636855176086
291	27.4661420009709	9.08008219895035
292	27.46286977504	9.07381700047675
293	27.4596079359136	9.06757281481286
294	27.4563564193634	9.06134950184478
295	27.4531151617479	9.05514692285319
296	27.4498841000052	9.0489649404949
297	27.4466631716464	9.04280341878476
298	27.4434523147482	9.03666440422345
299	27.440251467947	9.03055853408557
300	27.4370605704315	9.02447267451341
301	27.4338795619364	9.01840669510906
302	27.4307083827362	9.01236046674318
303	27.4275469736386	9.00633386153852
304	27.4243952759784	9.00032675285382
305	27.4212532316112	8.99433901526799
306	27.4181207829073	8.98837052456445
307	27.4149978727459	8.98242115771582
308	27.4118844445092	8.97649079286877
309	27.4087804420763	8.97057930932917
310	27.4056858098176	8.96468658754742
311	27.4026004925894	8.95881250910409
312	27.3995244357279	8.95295695669567
313	27.3964575850441	8.94711981412066
314	27.3933998868179	8.9413009662658
315	27.3903512877934	8.93550029909255
316	27.3873117351732	8.92971769962375
317	27.384281176613	8.92395305593054
318	27.3812595602171	8.91820625711939
319	27.3782468345329	8.91247719331943
320	27.3752429485461	8.9067657556699
321	27.3722478516755	8.90107183630784
322	27.3692614937688	8.89539532835594
323	27.3662838250969	8.88973840113773
324	27.36331479635	8.88411036837038
325	27.3603543586327	8.87849938947127
326	27.3574024634592	8.87290536164817
327	27.3544590627489	8.86732818303408
328	27.3515241088222	8.86176775267619
329	27.3485975543957	8.85622397052499
330	27.345679352578	8.85069673742353
331	27.3427694568657	8.84518595509684
332	27.3398678211388	8.83969152614151
333	27.3369743996565	8.83421335401546
334	27.3340891470536	8.82875134302777
335	27.3312120183358	8.82330539832874
336	27.3283429688762	8.81787542590007
337	27.3254819544111	8.81246133254519
338	27.322628931036	8.80706302587971
339	27.3197838552022	8.80168041432198
340	27.3169466837125	8.79631340708394
341	27.3141173737177	8.79096191416183
342	27.3112958827129	8.78562584632734
343	27.308482168534	8.78030511511862
344	27.3056761893536	8.7749996328316
345	27.302877903678	8.76970931251136
346	27.3000872703434	8.7644340679436
347	27.2973042485126	8.75917381364632
348	27.2945287976714	8.75392846486148
349	27.2917608776255	8.7486979375469
350	27.2890004484967	8.74349111706684
351	27.2862485899634	8.73830288134892
352	27.283510704964	8.73312918277109
353	27.2807801697458	8.72796994028053
354	27.2780569458015	8.72282507349948
355	27.2753409949228	8.71769450271779
356	27.2726322791977	8.71257814888555
357	27.2699307610071	8.70747593360583
358	27.2672364030221	8.70238777912748
359	27.2645491682011	8.69731360833816
360	27.2618690197864	8.69225334475724
361	27.2591959213021	8.68720691252901
362	27.2565298365504	8.68217423641587
363	27.2538707296094	8.67715524179163
364	27.2512185648302	8.67214985463495
365	27.2485733068341	8.66715800152275
366	27.2459349205097	8.66217960962388
367	27.2433033710107	8.65721460669271
368	27.2406786237528	8.65226292106289
369	27.2380606444113	8.64732448164121
370	27.2354493989187	8.64239921790147
371	27.2328448534616	8.6374870598785
372	27.230246974479	8.63258793816219
373	27.2276557286591	8.62770178389172
374	27.2250710829372	8.62282852874971
375	27.2224930044932	8.61796810495652
376	27.2199214607493	8.61312044526469
377	27.2173564193675	8.60828548295331
378	27.2147978482473	8.60347139510278
379	27.2122457155235	8.59867357731033
380	27.2096999895637	8.59388822858071
381	27.2071606389663	8.58911528440852
382	27.2046276325583	8.58435468078692
383	27.2021009393928	8.57960635420263
384	27.199580528747	8.57487024163076
385	27.1970663701201	8.57014628052992
386	27.1945584332312	8.5654344088372
387	27.1920566880171	8.56073456496337
388	27.1895611046303	8.55604668778805
389	27.1870716534369	8.55137071665497
390	27.1845883050146	8.54670659136728
391	27.1821110301508	8.54205425218293
392	27.1796397998404	8.53741363981014
393	27.1771745852841	8.53278469540282
394	27.1747153578864	8.52816736055617
395	27.1722620892535	8.52356157730227
396	27.1698147511917	8.51896728810573
397	27.1673733157053	8.51438443585939
398	27.164937754995	8.50981296388013
399	27.162508041456	8.50525281590464
400	27.1600841476758	8.5007039360853
401	27.1576660464332	8.4961662689861
402	27.1552537106958	8.49163975957863
403	27.1528471136188	8.48712435323804
404	27.1504462285429	8.48261999573917
405	27.1480510289928	8.47812663325263
406	27.1456614886755	8.47364421234098
407	27.1432775814787	8.46917377112337
408	27.140899281469	8.46472417548245
409	27.1385265628904	8.46028533642609
410	27.1361594001624	8.45585720217811
411	27.1337977678791	8.45143972133479
412	27.131441640807	8.44703284286136
413	27.1290909938835	8.44263651608839
414	27.1267458022157	8.4382506907084
415	27.1244060410787	8.4338753167724
416	27.1220716859139	8.42951034468645
417	27.119742712328	8.42515572520836
418	27.117419096091	8.42081140944435
419	27.1151008131351	8.41647734884577
420	27.1127878395531	8.41215349520589
421	27.1104801515973	8.40783980065667
422	27.1081777256773	8.40353621766558
423	27.1058805383598	8.39924269903252
424	27.103588566366	8.39495919788672
425	27.1013017865712	8.39068566768366
426	27.0990201760029	8.38642206220204
427	27.0967437118396	8.38216833554089
428	27.0944723714098	8.37792444211648
429	27.09220613219	8.37369033665952
430	27.0899449718043	8.36946597421221
431	27.0876888680223	8.36525131012544
432	27.0854377987585	8.36104630005592
433	27.0831917420705	8.35685089996344
434	27.0809506761583	8.35266506610808
435	27.0787145793625	8.34848875504752
436	27.0764834301638	8.34432192363434
437	27.074257207181	8.34016452901335
438	27.0720358891706	8.33601652861896
439	27.069819455025	8.33188690385417
440	27.0676078837719	8.32776786103926
441	27.0654011545724	8.32365806324265
442	27.0631992467209	8.31955746913605
443	27.061002139643	8.31546603766732
444	27.0588098128949	8.31138372805803
445	27.0566222461624	8.30731049980105
446	27.0544394192595	8.30324631265817
447	27.0522613121273	8.29919112665768
448	27.0500879048334	8.29514490209209
449	27.0479191775702	8.29110759951569
450	27.0457551106546	8.28707917974242
451	27.0435956845261	8.28305960384344
452	27.0414408797467	8.27904883314498
453	27.0392906769992	8.27504682922611
454	27.0371450570864	8.27105355391649
455	27.0350040009303	8.26706896929426
456	27.032867489571	8.26309303768386
457	27.0307355041655	8.25912572165387
458	27.0286080259871	8.25516698401499
459	27.0264850364243	8.25121678781788
460	27.0243665169798	8.24727509635113
461	27.0222524492698	8.24334187313923
462	27.0201428150227	8.23941708194056
463	27.0180375960786	8.23550068674536
464	27.0159367743879	8.23159265177379
465	27.0138403320111	8.22769294147398
466	27.0117482511172	8.22380152052008
467	27.0096605139834	8.21991835381035
468	27.0075771029937	8.2160434064653
469	27.0054980006387	8.21217664382577
470	27.0034231895141	8.20831803145113
471	27.0013526523202	8.2044675351174
472	26.9992863718611	8.20063442828901
473	26.9972243310435	8.19680964134989
474	26.9951665128766	8.19299284895489
475	26.9931129004705	8.18918401781308
476	26.991063477036	8.18538311484081
477	26.9890182258833	8.18159010716
478	26.9869771304218	8.1778049620964
479	26.9849401741587	8.17402764717795
480	26.9829073406988	8.17025813013309
481	26.9808786137434	8.16649637888914
482	26.9788539770895	8.16274236157065
483	26.9768334146293	8.15899604649779
484	26.9748169103492	8.15525740218476
485	26.9728044483295	8.15152639733818
486	26.970796012743	8.14780300085561
487	26.9687915878549	8.14408718182388
488	26.9667911580219	8.14037890951765
489	26.9647947076912	8.13667815339788
490	26.9628022214002	8.13298488311029
491	26.9608136837758	8.12929906848389
492	26.9588290795332	8.12562067952953
493	26.9568483934759	8.12194968643842
494	26.9548716104946	8.1182860595807
495	26.9528987155667	8.11462976950399
496	26.9509296937557	8.110980786932
497	26.9489645302101	8.10733908276312
498	26.9470032101635	8.10370462806905
499	26.9450457189333	8.10007739409338
500	26.9430920419204	8.09645735225031
501	26.9411421646086	8.09284447412322
502	26.9391960725637	8.08923873146339
503	26.9372537514331	8.08564009618867
504	26.9353151869452	8.08204854038218
505	26.9333803649088	8.07846403629099
506	26.9314492712122	8.07488955900743
507	26.9295218918232	8.07132801393344
508	26.9275982127878	8.06777342077805
509	26.9256782202301	8.06422575250003
510	26.9237619003517	8.06068498221545
511	26.9218492394311	8.05715108319648
512	26.9199402238226	8.05362402887011
513	26.9180348399567	8.05010379281703
514	26.9161330743389	8.0465903487704
515	26.914234913549	8.04308367061473
516	26.9123403442413	8.03958373238465
517	26.9104493531432	8.03609050826384
518	26.9085619270553	8.03260397258383
519	26.9066780528505	8.02912409982289
520	26.9047977174737	8.02565086460496
521	26.9029209079411	8.02218424169846
522	26.9010476113399	8.01872420601529
523	26.8991778148274	8.01527073260966
524	26.8973115056309	8.01182379667706
525	26.8954486710471	8.00838337355321
526	26.8935892984415	8.00494943871296
527	26.8917333752477	8.00152196776928
528	26.8898808889675	7.99810093647223
529	26.88803182717	7.99468632070791
530	26.8861861774909	7.99127809649745
531	26.8843439276327	7.98787623999602
532	26.8825050653635	7.98448072749183
533	26.8806695785171	7.98109153540512
534	26.8788374549921	7.97770864028722
535	26.8770086827519	7.97433201881954
536	26.8751832498238	7.97096164781264
537	26.8733611442987	7.96759750420528
538	26.8715423543308	7.96423956506345
539	26.869726868137	7.96088780757946
540	26.8679146739964	7.957542209071
541	26.8661057602502	7.95420274698024
542	26.8643001153007	7.9508693988729
543	26.8624977276114	7.94754986113068
544	26.8606985857064	7.94423700580557
545	26.8589026781699	7.9409301826782
546	26.8571099936457	7.93762936985517
547	26.8553205208372	7.93433454556186
548	26.8535342485064	7.9310456881417
549	26.8517511654741	7.9277627760552
550	26.8499712606188	7.92448578787918
551	26.8481945228771	7.92121470230591
552	26.8464209412427	7.91794949814227
553	26.8446505047663	7.91469015430897
554	26.8428832025548	7.91143664983969
555	26.8411190237717	7.90818896388031
556	26.8393579576359	7.90494707568808
557	26.8375999934219	7.90171096463087
558	26.8358451204588	7.89848061018634
559	26.8340933281308	7.89525599194122
560	26.832344605876	7.89203708959045
561	26.8305989431865	7.8888238829365
562	26.8288563296078	7.8856163518886
563	26.8271167547387	7.88241447646193
564	26.8253802082308	7.87921823677697
565	26.8236466797879	7.87602761305867
566	26.8219161591661	7.87284258563577
567	26.8201886361732	7.86966313494009
568	26.8184641006682	7.86648924150575
569	26.8167425425613	7.86332088596852
570	26.8150239518135	7.86015804906509
571	26.8133083184359	7.85700071163237
572	26.8115956324899	7.85384885460678
573	26.8098858840863	7.85070245902361
574	26.8081790633855	7.84756150601627
575	26.8064751605968	7.84442597681569
576	26.8047741659783	7.84129585274959
577	26.8030760698365	7.83817111524183
578	26.8013808625258	7.83505174581179
579	26.7996885344486	7.83193772607365
580	26.7979990760545	7.8288290377358
581	26.7963124778405	7.82573104878041
582	26.79462873035	7.8226407575167
583	26.7929478241735	7.81955573003858
584	26.7912697499472	7.8164759484702
585	26.7895944983534	7.81340139502651
586	26.7879220601201	7.81033205201268
587	26.7862524260205	7.80726790182342
588	26.7845855868729	7.80420892694244
589	26.7829215335401	7.80115510994182
590	26.7812602569297	7.79810643348142
591	26.7796017479931	7.79506288030831
592	26.7779459977259	7.79202443325616
593	26.7762929971671	7.78899107524469
594	26.774642737399	7.78596278927906
595	26.7729952095469	7.78293955844934
596	26.771350404779	7.77992136592992
597	26.7697083143059	7.77690819497895
598	26.7680689293803	7.77390002893782
599	26.7664322412971	7.77089685123056
600	26.7647982413926	7.76789864536333
601	26.7631669210445	7.76490539492386
602	26.761538271672	7.76191708358091
603	26.7599122847349	7.75893369508378
604	26.7582889517336	7.75595521326172
605	26.7566682642089	7.75298162202344
606	26.7550502137419	7.75001290535661
607	26.7534347919533	7.74704904732727
608	26.7518219905036	7.74409003207943
609	26.7502118010926	7.74113584383447
610	26.7486042154591	7.73818646689068
611	26.746999225381	7.73524188562274
612	26.7453968226747	7.73230208448125
613	26.743796999195	7.72936704799224
614	26.7421997468348	7.72643676075664
615	26.740605057525	7.72351120744984
616	26.7390129232341	7.72059037282121
617	26.7374233359681	7.7176742416936
618	26.7358362877702	7.7147627989629
619	26.7342517707206	7.71185602959752
620	26.7326697769362	7.708953918638
621	26.7310902985704	7.70606072875512
622	26.7295133278129	7.70317517891154
623	26.7279388568898	7.70029423137593
624	26.7263668780625	7.69741787150982
625	26.7247973836284	7.69454608474441
626	26.7232303659204	7.69167885658009
627	26.7216658173063	7.68881617258601
628	26.720103730189	7.6859580183997
629	26.7185440970064	7.68310437972654
630	26.7169869102306	7.68025524233945
631	26.7154321623684	7.67741059207836
632	26.7138798459604	7.67457041484985
633	26.7123299535815	7.67173469662674
634	26.7107824778401	7.66890342344761
635	26.7092374113781	7.66607658141647
636	26.7076947468709	7.6632541567023
637	26.706154477027	7.66043613553867
638	26.7046165945877	7.65762250422332
639	26.7030810923272	7.65481324911779
640	26.7015479630521	7.65200835664699
641	26.7000171996014	7.64920781329882
642	26.6984887948462	7.64641160562381
643	26.6969627416897	7.6436197202347
644	26.6954390330667	7.64083214380605
645	26.6939176619436	7.63804886307391
646	26.6923986213184	7.63526986483539
647	26.69088190422	7.6324951359483
648	26.6893675037086	7.62972466333081
649	26.687855412875	7.62695843396102
650	26.6863456248407	7.62419643487666
651	26.6848381327579	7.62143865317469
652	26.6833329298089	7.61868507601094
653	26.6818300092061	7.61593569059978
654	26.6803293641919	7.6131904842137
655	26.6788309880385	7.61044944418307
656	26.6773348740475	7.60771255789565
657	26.6758410155503	7.60497981279638
658	26.6743494059071	7.60225119638693
659	26.6728600385075	7.59952669622543
660	26.6713729067699	7.59680629992607
661	26.6698880041414	7.59408999515883
662	26.6684053240978	7.59137776964909
663	26.6669248601431	7.58867347700769
664	26.6654466058097	7.5859762021561
665	26.6639705546581	7.58328295984345
666	26.6624967002767	7.58059373804411
667	26.6610250362815	7.57790852478615
668	26.6595555563163	7.57522730815092
669	26.6580882540522	7.57255007627283
670	26.6566231231877	7.56987681733897
671	26.6551601574483	7.56720751958882
672	26.6536993505866	7.56454217131395
673	26.6522406963821	7.56188076085772
674	26.6507841886405	7.55922327661493
675	26.6493298211946	7.55656970703156
676	26.6478775879032	7.55392004060448
677	26.6464274826514	7.55127426588111
678	26.6449794993505	7.54863237145913
679	26.6435336319374	7.54599434598623
680	26.6420898743751	7.54336017815978
681	26.640648220652	7.54072985672654
682	26.6392086647821	7.5381033704824
683	26.6377712008048	7.53548070827205
684	26.6363358227845	7.53286185898875
685	26.6349025248107	7.53024681157402
686	26.633471300998	7.52763555501735
687	26.6320421454855	7.52502807835595
688	26.6306150524372	7.52242437067445
689	26.6291900160413	7.51982442110466
690	26.6277670305107	7.51722821882525
691	26.6263460900823	7.51463575306152
692	26.6249271890172	7.51204701308514
693	26.6235103216002	7.50946198821384
694	26.6220954821403	7.50688066781118
695	26.62068266497	7.50430304128629
696	26.6192718644453	7.50172909809358
697	26.6178630749458	7.49915882773254
698	26.6164562908743	7.49659221974741
699	26.6150515066567	7.49402926372698
700	26.6136487167421	7.49146994930433
701	26.6122479156024	7.48891426615654
702	26.6108490977324	7.48636220400451
703	26.6094522576494	7.48381375261265
704	26.6080573898935	7.48126890178865
705	26.606664489027	7.47872764138329
706	26.6052735496346	7.47618996129009
707	26.6038845663231	7.47365958933417
708	26.6024975337214	7.47113544487445
709	26.6011124464805	7.46861484166662
710	26.599729299273	7.46609776979833
711	26.5983480867932	7.46358421939875
712	26.596968803757	7.46107418063831
713	26.595591444902	7.45856764372851
714	26.5942160049869	7.45606459892166
715	26.5928424787916	7.45356503651068
716	26.5914708611174	7.45106894682887
717	26.5901011467863	7.44857632024963
718	26.5887333306414	7.44608714718635
719	26.5873674075464	7.44360141809209
720	26.586003372386	7.4411191234594
721	26.584641220065	7.43864025382011
722	26.5832809455091	7.43616479974509
723	26.581922543664	7.43369275184407
724	26.5805660094958	7.43122410076539
725	26.5792113379908	7.42875883719581
726	26.5778585241551	7.4262969518603
727	26.5765075630149	7.42383843552182
728	26.5751584496161	7.42138327898112
729	26.5738111790244	7.41893147307655
730	26.572465746325	7.41648300868381
731	26.5711221466227	7.41403787671581
732	26.5697803750416	7.41159606812241
733	26.568440426725	7.40915757389024
734	26.5671022968357	7.40672238504255
735	26.5657659805554	7.40429049263891
736	26.5644314730846	7.40186188777511
737	26.5630987696431	7.39943656158293
738	26.5617678654692	7.39701450522991
739	26.5604387558199	7.39459570991922
740	26.559111435971	7.39218016688945
741	26.5577859012165	7.38976786741438
742	26.5564621468691	7.38735880280284
743	26.5551401682595	7.38495296439851
744	26.553819960737	7.38255034357971
745	26.5525015196687	7.38015093175925
746	26.5511848404398	7.37775472038424
747	26.5498699184535	7.37536170093588
748	26.5485567491307	7.3729718649293
749	26.5472453279103	7.37058520391339
750	26.5459356502485	7.36820170947061
751	26.5446277116195	7.3658213732168
752	26.5433215075144	7.36344418680101
753	26.5420170334423	7.36107371550932
754	26.5407142849293	7.35870881895315
755	26.5394132575185	7.35634703944633
756	26.5381139467705	7.35398836878996
757	26.5368163482628	7.35163279881745
758	26.5355204575897	7.34928032139425
759	26.5342262703625	7.34693092841782
760	26.5329337822094	7.34458461181731
761	26.5316429887749	7.34224136355353
762	26.5303538857204	7.33990117561868
763	26.5290664687238	7.33756404003625
764	26.5277807334794	7.33522994886084
765	26.5264966756979	7.33289889417801
766	26.525214291106	7.33057086810406
767	26.523933575447	7.32824586278598
768	26.5226545244801	7.32592387040119
769	26.5213771339804	7.32360488315741
770	26.5201013997392	7.32128889329256
771	26.5188273175634	7.31897589307453
772	26.517554883276	7.31666587480106
773	26.5162840927155	7.31435883079958
774	26.515014941736	7.31205475342707
775	26.5137474262072	7.30975363506989
776	26.5124815420144	7.30745546814365
777	26.5112172850581	7.30516024509302
778	26.5099546512542	7.30286795839166
779	26.5086936365339	7.30057860054197
780	26.5074342368434	7.29829216407503
781	26.5061764481443	7.29600864155041
782	26.5049202664129	7.29372802555604
783	26.5036656876405	7.29145030870805
784	26.5024127078335	7.28917548365067
785	26.5011613230129	7.28690354305601
786	26.4999115292144	7.28463447962401
787	26.4986633224885	7.28236828608222
788	26.4974166989001	7.28010495518574
789	26.4961716545287	7.27784447971699
790	26.4949281854683	7.27558685248565
791	26.4936862878273	7.27333206632849
792	26.4924459577281	7.27108011410924
793	26.4912071913076	7.26883098871843
794	26.4899699847169	7.26658468307331
795	26.4887343341209	7.26434119011767
796	26.4875002356989	7.26210050282172
797	26.4862676856437	7.25986261418197
798	26.4850366801625	7.25762751722108
799	26.4838072154759	7.25539520498776
800	26.4825792878183	7.25316567055658
801	26.4813528934382	7.25094203541962
802	26.4801280285971	7.24872369165515
803	26.4789046895704	7.24650809805684
804	26.4776828726471	7.244295247819
805	26.4764625741293	7.24208513416117
806	26.4752437903328	7.23987775032795
807	26.4740265175863	7.23767308958892
808	26.4728107522321	7.23547114523847
809	26.4715964906254	7.23327191059568
810	26.4703837291347	7.23107537900426
811	26.4691724641415	7.22888154383238
812	26.46796269204	7.22669039847253
813	26.4667544092379	7.22450193634148
814	26.4655476121551	7.22231615088003
815	26.4643422972247	7.22013303555307
816	26.4631384608925	7.21795258384929
817	26.4619360996168	7.21577478928118
818	26.4607352098687	7.21359964538487
819	26.4595357881318	7.21142714572001
820	26.4583378309021	7.20925728386967
821	26.457141334688	7.20709005344024
822	26.4559462960106	7.20492544806128
823	26.454752711403	7.20276346138543
824	26.4535605774106	7.20060408708831
825	26.4523698905912	7.19844731886838
826	26.4511806475145	7.19629315044687
827	26.4499928447623	7.19414157556763
828	26.4488064789288	7.19199258799704
829	26.4476215466196	7.1898461815239
830	26.4464380444528	7.18770234995934
831	26.4452559690579	7.18556108713667
832	26.4440753170765	7.18342238691133
833	26.4428960851617	7.18128624316073
834	26.4417182699786	7.17915264978418
835	26.4405418682038	7.1770216007028
836	26.4393668765254	7.17489308985934
837	26.4381932916431	7.17276711121817
838	26.4370211102682	7.17064365876515
839	26.4358503291233	7.16852272650747
840	26.4346809449425	7.16640430847362
841	26.4335129544709	7.16428839871328
842	26.4323463544654	7.16217499129719
843	26.4311811416937	7.16006408031704
844	26.4300173129348	7.15795565988543
845	26.4288548649788	7.15584972413573
846	26.427693794627	7.15374626722199
847	26.4265340986915	7.15164528331884
848	26.4253757739956	7.14954676662139
849	26.4242188173732	7.14745071134516
850	26.4230632256695	7.14535711172595
851	26.4219089957401	7.14326596201977
852	26.4207561244517	7.14117725650272
853	26.4196046086814	7.13909098947095
854	26.4184544453172	7.13700715524048
855	26.4173056312576	7.13492574814719
856	26.4161581634119	7.13284676254671
857	26.4150120386996	7.13077019281426
858	26.4138672540509	7.12869603334466
859	26.4127238064064	7.12662427855218
860	26.411581692717	7.12455492287046
861	26.4104409099439	7.12248796075241
862	26.4093014550589	7.12042338667016
863	26.4081633250436	7.11836119511493
864	26.4070265168902	7.11630138059695
865	26.4058910276007	7.1142439376454
866	26.4047568541875	7.11218886080829
867	26.4036239936729	7.1101361446524
868	26.4024924430893	7.10808578376315
869	26.401362199479	7.10603777274458
870	26.4002332598942	7.10399210621922
871	26.3991056213971	7.10194877882801
872	26.3979792810596	7.09990778523024
873	26.3968542359637	7.09786912010341
874	26.3957304832006	7.09583277814324
875	26.3946080198718	7.09379875406349
876	26.3934868430881	7.09176704259595
877	26.3923669499701	7.0897376384903
878	26.3912483376477	7.08771053651408
879	26.3901310032607	7.08568573145259
880	26.3890149439583	7.0836632181088
881	26.3879001568989	7.08164299130328
882	26.3867866392506	7.07962504587411
883	26.3856743881908	7.07760937667682
884	26.3845634009062	7.07559597858431
885	26.3834536745927	7.07358484648674
886	26.3823452064557	7.07157597529151
887	26.3812379937095	7.06956935992309
888	26.3801320335778	7.06756499532307
889	26.3790273232932	7.06556287644998
890	26.3779238600977	7.06356299827925
891	26.3768216412422	7.06156535580314
892	26.3757206639864	7.05956994403066
893	26.3746209255992	7.05757675798749
894	26.3735224233585	7.05558579271593
895	26.3724251545509	7.05359704327477
896	26.371329116472	7.05161050473931
897	26.3702343064259	7.04962617220116
898	26.369140721726	7.0476440407683
899	26.368048359694	7.04566410556491
900	26.3669572176605	7.04368636173135
901	26.3658672929648	7.04171080442407
902	26.3647785829545	7.03973742881554
903	26.3636910849863	7.03776623009418
904	26.362604796425	7.03579720346431
905	26.3615197146442	7.03383034414603
906	26.3604358370259	7.0318656473752
907	26.3593531609604	7.02990310840335
908	26.3582716838465	7.02794272249763
909	26.3571914030916	7.02598448494071
910	26.3561123161111	7.02402839103073
911	26.3550344203287	7.02207443608122
912	26.3539577131767	7.02012261542108
913	26.3528821920954	7.01817292439444
914	26.3518078545331	7.01622535836064
915	26.3507346979467	7.01427991269417
916	26.3496627198009	7.01233658278458
917	26.3485919175686	7.0103953640364
918	26.3475222887306	7.00845625186915
919	26.346453830776	7.00651924171717
920	26.3453865412017	7.00458432902965
921	26.3443204175126	7.0026515092705
922	26.3432554572215	7.00072077791833
923	26.3421916578491	6.99879213046635
924	26.341129016924	6.99686556242235
925	26.3400675319825	6.99494106930859
926	26.3390072005687	6.99301864666177
927	26.3379480202346	6.99109829003297
928	26.3368899885399	6.98917999498756
929	26.3358331030518	6.98726375710516
930	26.3347773613453	6.98534957197959
931	26.3337227610031	6.98343743521879
932	26.3326692996152	6.98152734244474
933	26.3316169747796	6.97961928929346
934	26.3305657841014	6.97771327141489
935	26.3295157251934	6.97580928447287
936	26.328466795676	6.97390732414506
937	26.3274189931768	6.97200738612289
938	26.3263723153308	6.97010946611149
939	26.3253267597806	6.96821355982966
940	26.324282324176	6.96631966300979
941	26.3232390061741	6.96442777139779
942	26.3221968034394	6.96253788075307
943	26.3211557136434	6.96064998684844
944	26.320115734465	6.95876408547009
945	26.3190768635905	6.95688017241753
946	26.318039098713	6.9549982435035
947	26.3170024375328	6.95311829455395
948	26.3159668777575	6.95124032140798
949	26.3149324171017	6.94936431991776
950	26.3138990532869	6.9474902859485
951	26.3128667840418	6.94561821537841
952	26.3118356071021	6.94374810409858
953	26.3108055202102	6.94187994801301
954	26.3097765211157	6.94001374303849
955	26.308748607575	6.93814948510458
956	26.3077217773515	6.93628717015357
957	26.3066960282152	6.93442679414037
958	26.3056713579432	6.93256835303254
959	26.3046477643192	6.93071184281015
960	26.3036252451336	6.92885725946579
961	26.3026037981839	6.92700459900449
962	26.3015834212738	6.92515385744369
963	26.3005641122142	6.92330503081316
964	26.2995458688223	6.92145811515499
965	26.2985286889221	6.91961310652348
966	26.297512570344	6.91777000098514
967	26.2964975109252	6.91592879461864
968	26.2954835085095	6.91408948351472
969	26.2944705609469	6.91225206377617
970	26.2934586660942	6.91041653151778
971	26.2924478218145	6.90858288286627
972	26.2914380259774	6.90675111396029
973	26.290429276459	6.9049212209503
974	26.2894215711417	6.90309319999858
975	26.2884149079142	6.90126704727917
976	26.2874092846717	6.89944275897778
977	26.2864046993157	6.89762033129182
978	26.2854011497539	6.89579976043026
979	26.2843986339003	6.89398104261367
980	26.283397149675	6.89216417407413
981	26.2823966950048	6.89034915105517
982	26.281397267822	6.88853596981173
983	26.2803988660657	6.88672462661018
984	26.2794014876807	6.88491511772817
985	26.2784051306182	6.88310743945463
986	26.2774097928353	6.88130158808976
987	26.2764154722953	6.87949755994494
988	26.2754221669675	6.8776953513427
989	26.2744298748272	6.87589495861664
990	26.2734385938558	6.87409637811146
991	26.2724483220405	6.87229960618287
992	26.2714590573747	6.87050463919751
993	26.2704707978574	6.868711473533
994	26.2694835414938	6.86692010557779
995	26.2684972862949	6.86513053173121
996	26.2675120302775	6.86334274840336
997	26.2665277714642	6.8615567520151
998	26.2655445078835	6.85977253899799
999	26.2645622375698	6.85799010579428
1000	26.2637586234801	6.85760886918934
1001	26.262600668909	6.85443056464903
