1	0.0137023185224354	0.0127907297641861
2	0.0165717161177624	0.0154003266208728
3	0.0178611092440826	0.0165243110470203
4	0.0185595757223124	0.017167607543139
5	0.01903663000204	0.0175692231060494
6	0.0193713596250612	0.0178377936547439
7	0.0196192956007078	0.0180252278331503
8	0.0198103674315251	0.0182007750777137
9	0.0199621473851415	0.0182986351030464
10	0.0200856369452947	0.0184118338665201
11	0.0201460193412758	0.018463679521545
12	0.0202321943833828	0.0185426583179646
13	0.0203058250382936	0.0185677481561015
14	0.0203694660389565	0.018625941805977
15	0.0204250221817309	0.0186341016564017
16	0.0204739427348259	0.0186787327246742
17	0.0205173499792134	0.0187183339058794
18	0.020556126534647	0.018710795760138
19	0.0205909761106312	0.0187425168773178
20	0.0206224666645845	0.0187711805130665
21	0.0206510616387672	0.0187540956427218
22	0.0206771429494814	0.0187777811754163
23	0.0207010281626375	0.0187994723397648
24	0.0207229835018636	0.0187761478910414
25	0.0207432338232287	0.0187944957813805
26	0.0207619703511004	0.0188114720926463
27	0.0207793567403603	0.0188272251050446
28	0.0207955338727766	0.0187984679893784
29	0.0208106236855747	0.0188121086761041
30	0.0208247322526531	0.0188248623494756
31	0.020837952283301	0.0188368128155936
32	0.0208503651629834	0.0188480336442001
33	0.020862042631213	0.0188150363605095
34	0.0208730481696414	0.0188249620235597
35	0.0208834381571314	0.0188343325341978
36	0.0208496443334178	0.0188431932050973
37	0.0208589291986778	0.018851584547759
38	0.0208677349592582	0.0188158865427621
39	0.0208760977686031	0.0188234270675061
40	0.0208840502315908	0.0188305975937565
41	0.0208916218295158	0.0188374247040194
42	0.0208988392854189	0.0188439324937564
43	0.020905726879312	0.0188064070253225
44	0.0209123067211357	0.018812326129892
45	0.0209185989879178	0.0188179865372482
46	0.0209246221304938	0.0188234048454233
47	0.0209303930542515	0.0188285962621928
48	0.0209359272776297	0.0188335747476585
49	0.0209412390715015	0.0187945430160547
50	0.0209463415820796	0.018799122465925
51	0.0209512469395709	0.0188035249729622
52	0.0209559663544734	0.0188077605984709
53	0.0209605102031237	0.0188118386551047
54	0.0209648881038694	0.0188157677752301
55	0.0209691089850447	0.0188195559719334
56	0.0209731811457588	0.0187793337455749
57	0.0209771123103692	0.018782853700498
58	0.020980909677392	0.0187862538533971
59	0.0209845799635012	0.0187895402183651
60	0.020988129443182	0.0187927184135605
61	0.0209915639845327	0.0187957936932636
62	0.020994889081642	0.0187987709768677
63	0.0209981098839202	0.0187577257749664
64	0.0210012312227126	0.0187605140838876
65	0.0210042576354841	0.018763217594878
66	0.0210071933878302	0.0187658401184174
67	0.0210100424935393	0.0187683852400446
68	0.0210128087329035	0.0187708563367151
69	0.0210154956694549	0.0187732565917515
70	0.0210181066652825	0.0187755890085265
71	0.0210206448950689	0.0187778564230008
72	0.0210231133589681	0.018736080106528
73	0.0210255148944373	0.0187382203870927
74	0.0210278521871183	0.0187403034136242
75	0.0210301277808565	0.018742331453232
76	0.0210323440869384	0.0187443066548865
77	0.0210345033926141	0.0187462310570159
78	0.0210366078689728	0.0187481065945238
79	0.0210386595782239	0.0187499351052791
80	0.0210406604804386	0.0187517183361231
81	0.0210426124397958	0.0187094357466804
82	0.0210445172303755	0.0187111293366309
83	0.0210463765415373	0.0187127824898605
84	0.0210481919829181	0.0187143966375318
85	0.0210499650890801	0.0187159731440566
86	0.0210516973238373	0.0187175133109432
87	0.021053390084286	0.0187190183803798
88	0.0210550447045638	0.0187204895385766
89	0.0210566624593559	0.0187219279188834
90	0.0210582445671707	0.0186792796997497
91	0.0210597921934007	0.0186806524895438
92	0.0210613064531858	0.0186819956823239
93	0.0210627884140929	0.0186833102250531
94	0.0210642390986258	0.0186845970247225
95	0.0210656594865789	0.0186858569504382
96	0.0210670505172431	0.0186870908353789
97	0.0210684130914784	0.0186882994786336
98	0.0210697480736587	0.0186894836469274
99	0.0210710562935008	0.0186906440762434
100	0.0210572465943595	0.0186762923632545
101	0.0210735956019698	0.0186488094971406
102	0.0210748281917225	0.0186499002617126
103	0.0210760370243485	0.0186509700027184
104	0.0210772227801479	0.0186520193221811
105	0.0210783861136917	0.0186530487993548
106	0.0210795276550268	0.0186540589917915
107	0.0210806480108137	0.0186550504363477
108	0.0210817477654016	0.0186560236501358
109	0.0210828274818452	0.0186569791314237
110	0.0210838877028655	0.0186579173604855
111	0.0210849289517594	0.0186588388004063
112	0.0210859517332616	0.0186597438978444
113	0.0210869565343597	0.0186165181119243
114	0.021087943825068	0.0186173897367755
115	0.0210889140591603	0.0186182463032754
116	0.0210898676748652	0.0186190881983119
117	0.0210908050955266	0.0186199157956323
118	0.0210917267302299	0.0186207294563955
119	0.0210485061271708	0.0186215295296983
120	0.0210493954986176	0.0186223163530747
121	0.0210502702622438	0.0186230902529704
122	0.0210511307750185	0.0186238515451946
123	0.0210519773823741	0.0186246005353498
124	0.0210528104186677	0.0186253375192406
125	0.0210536302076226	0.0186260627832636
126	0.0210544370627468	0.0185826373237241
127	0.0210552312877332	0.0185833383063641
128	0.0210560131768406	0.0185840284013625
129	0.0210567830152573	0.0185847078604263
130	0.021057541079448	0.0185853769275631
131	0.0210582876374845	0.0185860358393731
132	0.021059022949362	0.0185866848253279
133	0.0210597472673013	0.0185873241080374
134	0.0210604608360366	0.018587953903504
135	0.0210611638930917	0.0185885744213661
136	0.0210618566690436	0.0185891858651307
137	0.0210625393877743	0.0185897884323962
138	0.0210632122667123	0.0185903823150647
139	0.0210638755170634	0.0185468086313766
140	0.0210645293440319	0.0185473843280784
141	0.0210651739470319	0.0185479519030469
142	0.0210658095198903	0.0185485115269475
143	0.0210664362510414	0.0185490633656968
144	0.0210670543237126	0.0185496075806274
145	0.0210676639161033	0.0185501443286444
146	0.0210682652015563	0.0185506737623766
147	0.021068858348722	0.0185511960303213
148	0.0210694435217161	0.0185517112769827
149	0.021070020880271	0.0185522196430059
150	0.0210705905798811	0.0185527212653041
151	0.0210711527719427	0.0185532162771823
152	0.021071707603888	0.0185537048084548
153	0.0210722552193135	0.0185541869855591
154	0.021072795758105	0.0185104851627799
155	0.0210733293565556	0.0185109538792386
156	0.021073856147481	0.0185114166159214
157	0.0210743762603293	0.0185118734865366
158	0.0210748898212875	0.0185123246019276
159	0.021075396953383	0.0185127700701625
160	0.0210758977765825	0.0185132099966207
161	0.0210763924078859	0.0185136444840759
162	0.021076880961418	0.018514073632776
163	0.0210773635485162	0.0185144975405205
164	0.0210778402778146	0.0185149163027344
165	0.0210783112553264	0.0185153300125404
166	0.0210787765845215	0.0185157387608271
167	0.0210792363664033	0.0185161426363165
168	0.0210796906995807	0.0185165417256275
169	0.0210801396803398	0.0185169361133383
170	0.0210805834027107	0.0184731317868618
171	0.0210810219585343	0.0184735160978351
172	0.0210814554375248	0.0184738959599274
173	0.0210818839273313	0.0184742714499465
174	0.0210823075135969	0.0184746426429423
175	0.0210827262800155	0.0184750096122568
176	0.0210831403083874	0.0184753724295722
177	0.021083549678672	0.0184757311649578
178	0.0210839544690396	0.0184760858869152
179	0.0210843547559212	0.0184764366624215
180	0.0210847506140566	0.018476783556972
181	0.0210851421165406	0.0184771266346204
182	0.0210855293348685	0.0184774659580189
183	0.0210859123389792	0.0184778015884556
184	0.0210862911972977	0.0184781335858919
185	0.0210866659767755	0.0184784620089982
186	0.0210870367429301	0.0184787869151882
187	0.0210874035598835	0.0184791083606526
188	0.0210877664903988	0.0184352172463235
189	0.0210881255959161	0.0184355311813355
190	0.0210884809365874	0.018435841825067
191	0.0210888325713099	0.0184361492290067
192	0.0210891805577585	0.018436453443575
193	0.0210895249524177	0.0184367545181513
194	0.021089865810612	0.0184370525011011
195	0.0210902031865352	0.0184373474398013
196	0.0210905371332798	0.018437639380666
197	0.0210908677028641	0.0184379283691705
198	0.0210911949462597	0.0184382144498748
199	0.0210915189134177	0.0184384976664469
200	0.0210918396532938	0.0184387780616845
201	0.0210921572138733	0.018439055677537
202	0.0210924716421948	0.0184393305551262
203	0.0210927829843735	0.0184396027347668
204	0.021093091285624	0.0184398722559857
205	0.0210933965902816	0.0184401391575418
206	0.0210936989418241	0.0183961818863707
207	0.0210939983828923	0.0183964430341367
208	0.0210942949553099	0.0183967016801025
209	0.021094588700103	0.0183969578600479
210	0.0210948796575194	0.0183972116090735
211	0.0210951678670462	0.0183974629616168
212	0.0210954533674286	0.0183977119514681
213	0.0210957361966865	0.0183979586117853
214	0.0210960163921319	0.0183982029751087
215	0.0210962939903848	0.0183984450733754
216	0.0210965690273898	0.0183986849379333
217	0.021096841538431	0.0183989225995541
218	0.0210971115581475	0.0183991580884473
219	0.0210973791205478	0.0183993914342723
220	0.0210976442590243	0.0183996226661512
221	0.0210979070063671	0.0183998518126807
222	0.0210981673947775	0.0184000789019443
223	0.0210984254558812	0.0184003039615233
224	0.0210986812207411	0.018400527018508
225	0.0210989347198697	0.018400748099509
226	0.0210991859832412	0.0183567341363629
227	0.0210994350403036	0.0183569508212285
228	0.0210996819199898	0.0183571656117312
229	0.0210999266507292	0.0183573785326051
230	0.0211001692604583	0.0183575896081555
231	0.0211004097766314	0.0183577988622684
232	0.0211006482262311	0.0183580063184191
233	0.0211008846357784	0.0183582119996814
234	0.0211011190313421	0.0183584159287358
235	0.0211013514385492	0.0183586181278782
236	0.0211015818825932	0.0183588186190277
237	0.0211018103882443	0.0183590174237345
238	0.0211020369798573	0.0183592145631882
239	0.0211022616813809	0.0183594100582245
240	0.0211024845163659	0.0183596039293331
241	0.0211027055079736	0.0183597961966646
242	0.0211029246789833	0.0183599868800379
243	0.0211031420518009	0.0183601759989463
244	0.0211033576484659	0.0183603635725647
245	0.0211035714906592	0.0183605496197559
246	0.0211037835997103	0.0183607341590771
247	0.0211039939966042	0.0183166740347886
248	0.0211042027019887	0.0183168551753109
249	0.0211044097361806	0.0183170348653643
250	0.0211046151191729	0.018317213122301
251	0.021104818870641	0.0183173899631978
252	0.0211050210099487	0.0183175654048611
253	0.0211052215561546	0.0183177394638323
254	0.0211054205280184	0.0183179121563933
255	0.021105617944006	0.0183180834985712
256	0.0211058138222959	0.0183182535061436
257	0.0211060081807843	0.018318422194643
258	0.021106201037091	0.018318589579362
259	0.0211063924085643	0.0183187556753577
260	0.0211065823122865	0.0183189204974562
261	0.0211067707650788	0.0183190840602571
262	0.0211069577835064	0.0183192463781376
263	0.0211071433838831	0.018319407465257
264	0.0211073275822765	0.0183195673355608
265	0.0211075103945123	0.0183197260027843
266	0.0211076918361788	0.0183198834804571
267	0.0211078719226315	0.0183200397819066
268	0.0211080506689973	0.0183201949202618
269	0.021108228090179	0.0183203489084572
270	0.021108404200859	0.0182762493395278
271	0.0211085790155038	0.0182764006989582
272	0.0211087525483676	0.0182765509485866
273	0.0211089248134965	0.0182767001005745
274	0.0211090958247319	0.0182768481669062
275	0.0211092655957145	0.0182769951593923
276	0.0211094341398881	0.0182771410896725
277	0.0211096014705026	0.0182772859692193
278	0.0211097676006179	0.0182774298093401
279	0.0211099325431072	0.0182775726211809
280	0.0211100963106602	0.0182777144157288
281	0.0211102589157865	0.0182778552038152
282	0.0211104203708188	0.0182779949961178
283	0.021110580687916	0.0182781338031641
284	0.0211107398790659	0.0182782716353338
285	0.021110897956089	0.0182784085028611
286	0.0211110549306405	0.0182785444158375
287	0.0211112108142137	0.0182786793842144
288	0.0211113656181428	0.018278813417805
289	0.0211115193536055	0.0182789465262874
290	0.0211116720316256	0.0182790787192063
291	0.0211118236630761	0.0182792100059757
292	0.0211119742586809	0.018279340395881
293	0.0211121238290185	0.018279469898081
294	0.0211122723845234	0.0182353379925024
295	0.0211124199354891	0.0182354654369424
296	0.0211125664920705	0.0182355920225012
297	0.0211127120642859	0.0182357177578319
298	0.0211128566620197	0.0182358426514719
299	0.021113000295024	0.0182359667118446
300	0.0211131429729217	0.0182360899472615
301	0.0211132847052077	0.0182362123659237
302	0.0211134255012519	0.018236333975924
303	0.0211135653703003	0.0182364547852489
304	0.0211137043214781	0.0182365748017798
305	0.0211138423637907	0.0182366940332951
306	0.0211139795061263	0.0182368124874718
307	0.0211141157572575	0.018236930171887
308	0.0211142511258432	0.0182370470940197
309	0.0211143856204307	0.0182371632612525
310	0.021114519249457	0.0182372786808727
311	0.0211146520212511	0.0182373933600743
312	0.0211147839440353	0.0182375073059592
313	0.0211149150259272	0.0182376205255388
314	0.0211150452749411	0.0182377330257353
315	0.0211151746989901	0.0182378448133835
316	0.0211153033058869	0.0182379558952315
317	0.0211154311033463	0.0182380662779427
318	0.0211155580989859	0.0182381759680969
319	0.0211156843003285	0.0182382849721915
320	0.0211158097148025	0.0181941253517481
321	0.0211159343497444	0.0181942327416037
322	0.0211160582123997	0.0181943394660299
323	0.0211161813099242	0.0181944455311925
324	0.0211163036493857	0.0181945509431814
325	0.0211164252377653	0.0181946557080116
326	0.0211165460819584	0.0181947598316246
327	0.0211166661887766	0.0181948633198893
328	0.0211167855649483	0.0181949661786032
329	0.0211169042171204	0.0181950684134936
330	0.0211170221518594	0.0181951700302184
331	0.0211171393756527	0.0181952710343674
332	0.0211172558949097	0.0181953714314631
333	0.021117371715963	0.0181954712269618
334	0.0211174868450694	0.0181955704262548
335	0.0211176012884113	0.0181956690346689
336	0.0211177150520977	0.0181957670574678
337	0.0211178281421651	0.0181958644998529
338	0.0211179405645788	0.0181959613669641
339	0.0211180523252339	0.0181960576638808
340	0.0211181634299564	0.0181961533956228
341	0.0211182738845038	0.0181962485671511
342	0.0211183836945667	0.0181963431833688
343	0.0211184928657694	0.0181964372491221
344	0.021118601403671	0.0181965307692008
345	0.0211187093137661	0.0181966237483394
346	0.0211188166014861	0.0181967161912176
347	0.0211189232721999	0.0181525336301928
348	0.0211190293312148	0.0181526247920295
349	0.0211191347837774	0.018152715432597
350	0.0211192396350745	0.0181528055563533
351	0.0211193438902339	0.0181528951677063
352	0.0211194475543251	0.0181529842710132
353	0.0211195506323607	0.0181530728705825
354	0.0211196531292963	0.0181531609706739
355	0.021119755050032	0.0181532485754992
356	0.0211198563994132	0.018153335689223
357	0.0211199571822306	0.0181534223159634
358	0.0211200574032219	0.0181535084597924
359	0.021120157067072	0.018153594124737
360	0.0211202561784139	0.0181536793147792
361	0.0211203547418293	0.0181537640338574
362	0.0211204527618493	0.0181538482858663
363	0.0211205502429554	0.0181539320746577
364	0.0211206471895798	0.0181540154040414
365	0.0211207436061064	0.0181540982777853
366	0.0211208394968709	0.0181541806996165
367	0.0211209348661623	0.0181542626732213
368	0.0211210297182229	0.0181543442022461
369	0.021121124057249	0.0181544252902979
370	0.0211212178873917	0.0181545059409446
371	0.0211213112127575	0.0181545861577161
372	0.0211214040374088	0.018154665944104
373	0.0211214963653645	0.0181547453035628
374	0.0211215882006007	0.01815482423951
375	0.0211216795470509	0.0181549027553268
376	0.0211217704086072	0.0181107004132502
377	0.0211218607891203	0.0181107779093296
378	0.0211219506924002	0.018110854996209
379	0.0211220401222169	0.018110931677121
380	0.0211221290823007	0.0181110079552641
381	0.0211222175763428	0.0181110838338034
382	0.0211223056079959	0.0181111593158707
383	0.0211223931808746	0.0181112344045654
384	0.0211224802985559	0.0181113091029546
385	0.0211225669645797	0.0181113834140736
386	0.0211226531824493	0.0181114573409262
387	0.021122738955632	0.0181115308864853
388	0.0211228242875592	0.0181116040536934
389	0.0211229091816273	0.0181116768454624
390	0.0211229936411977	0.0181117492646747
391	0.0211230776695976	0.0181118213141833
392	0.0211231612701204	0.0181118929968118
393	0.0211232444460259	0.0181119643153556
394	0.021123327200541	0.0181120352725813
395	0.0211234095368599	0.0181121058712279
396	0.0211234914581445	0.0181121761140065
397	0.0211235729675252	0.0181122460036013
398	0.0211236540681007	0.0181123155426692
399	0.0211237347629389	0.0181123847338407
400	0.0211238150550769	0.01811245357972
401	0.0211238949475217	0.0181125220828855
402	0.0211239744432504	0.0181125902458898
403	0.0211240535452107	0.0181126580712603
404	0.0211241322563208	0.0181127255614994
405	0.0211242105794707	0.0181127927190849
406	0.0211242885175215	0.0181128595464702
407	0.0211243660733065	0.0180686401633313
408	0.0211244432496311	0.0180687061757851
409	0.0211245200492736	0.0180687718660453
410	0.0210803101092091	0.018068837236465
411	0.0210803860042702	0.0180689022893744
412	0.0210804615315948	0.0180689670270813
413	0.0210805366938494	0.0180690314518709
414	0.0210806114936743	0.0180690955660066
415	0.0210806859336849	0.0180691593717299
416	0.021080760016471	0.0180692228712609
417	0.0210808337445979	0.0180692860667982
418	0.0210809071206064	0.0180693489605198
419	0.021080980147013	0.0180694115545826
420	0.0210810528263102	0.018069473851123
421	0.021081125160967	0.0180695358522575
422	0.0210811971534291	0.0180695975600821
423	0.0210812688061189	0.0180696589766733
424	0.0210813401214361	0.018069720104088
425	0.0210814111017578	0.0180697809443639
426	0.0210814817494391	0.0180698414995192
427	0.0210815520668126	0.0180699017715537
428	0.0210816220561896	0.0180699617624482
429	0.0210816917198595	0.0180700214741653
430	0.0210817610600907	0.0180700809086492
431	0.0210818300791305	0.0180701400678262
432	0.0210818987792055	0.0180701989536047
433	0.0210819671625216	0.0180702575678756
434	0.0210820352312645	0.0180703159125125
435	0.0210821029876	0.0180703739893714
436	0.0210821704336737	0.0180704318002918
437	0.021082237571612	0.018070489347096
438	0.0210823044035216	0.0180705466315899
439	0.0210823709314901	0.018070603655563
440	0.0210824371575864	0.0180263695864237
441	0.0210825030838603	0.0180264259561579
442	0.0210825687123434	0.0180264820712684
443	0.0210826340450487	0.0180265379334765
444	0.0210826990839714	0.0180265935444882
445	0.0210827638310886	0.0180266489059938
446	0.0210828282883596	0.0180267040196688
447	0.0210828924577265	0.0180267588871737
448	0.0210829563411139	0.0180268135101541
449	0.0210830199404293	0.018026867890241
450	0.0210830832575632	0.0180269220290509
451	0.0210831462943896	0.018026975928186
452	0.0210832090527656	0.0180270295892345
453	0.0210832715345323	0.0180270830137703
454	0.0210833337415143	0.0180271362033536
455	0.0210833956755204	0.0180271891595311
456	0.0210834573383434	0.0180272418838357
457	0.0210835187317606	0.0180272943777869
458	0.0210835798575336	0.0180273466428911
459	0.0210836407174088	0.0180273986806416
460	0.0210837013131175	0.0180274504925185
461	0.0210837616463759	0.0180275020799895
462	0.0210838217188853	0.0180275534445091
463	0.0210838815323326	0.0180276045875197
464	0.0210839410883898	0.018027655510451
465	0.0210840003887149	0.0180277062147205
466	0.0210840594349514	0.0180277567017337
467	0.021084118228729	0.0180278069728838
468	0.0210841767716633	0.0180278570295524
469	0.0210842350653562	0.0180279068731092
470	0.0210842931113961	0.0180279565049122
471	0.0210843509113577	0.0180280059263079
472	0.0210844084668026	0.0180280551386316
473	0.0210844657792792	0.0180281041432072
474	0.0210845228503226	0.0179838577252752
475	0.0210845796814553	0.0179839061988884
476	0.0210846362741869	0.0179839544691594
477	0.0210846926300144	0.0179840025373652
478	0.0210847487504221	0.0179840504047718
479	0.0210848046368823	0.0179840980726349
480	0.0210848602908547	0.0179841455421996
481	0.021084915713787	0.0179841928147007
482	0.0210849709071149	0.0179842398913627
483	0.0210850258722624	0.0179842867734003
484	0.0210850806106415	0.0179843334620178
485	0.0210851351236527	0.0179843799584096
486	0.0210851894126849	0.0179844262637606
487	0.0210852434791157	0.0179844723792457
488	0.0210852973243114	0.0179845183060303
489	0.0210853509496272	0.0179845640452702
490	0.0210854043564071	0.0179846095981119
491	0.0210854575459843	0.0179846549656925
492	0.0210855105196812	0.0179847001491398
493	0.0210855632788093	0.0179847451495727
494	0.0210856158246698	0.0179847899681007
495	0.021085668158553	0.0179848346058246
496	0.0210857202817393	0.0179848790638364
497	0.0210857721954983	0.0179849233432192
498	0.0210858239010899	0.0179849674450472
499	0.0210858753997635	0.0179850113703865
500	0.0210859266927587	0.0179850551202942
501	0.0210859777813054	0.0179850986958193
502	0.0210860286666233	0.0179851420980022
503	0.0210860793499228	0.0179851853278754
504	0.0210861298324046	0.0179852283864627
505	0.0210861801152597	0.0179852712747804
506	0.02108623019967	0.0179853139938362
507	0.0210862800868079	0.0179853565446303
508	0.0210863297778367	0.0179853989281548
509	0.0210863792739103	0.0179854411453941
510	0.021086428576174	0.0179411839776271
511	0.0210864776857639	0.017941225762047
512	0.0210865266038071	0.0179412673834913
513	0.0210865753314222	0.0179413088429117
514	0.0210866238697189	0.0179413501412524
515	0.0210866722197985	0.0179413912794504
516	0.0210867203827536	0.0179414322584353
517	0.0210867683596683	0.0179414730791296
518	0.0210868161516187	0.0179415137424487
519	0.0210868637596722	0.0179415542493009
520	0.0210869111848882	0.0179415946005876
521	0.021086958428318	0.0179416347972033
522	0.0210870054910048	0.0179416748400356
523	0.0210870523739838	0.0179417147299652
524	0.0210870990782824	0.0179417544678663
525	0.0210871456049201	0.0179417940546064
526	0.0210871919549088	0.0179418334910463
527	0.0210872381292525	0.0179418727780405
528	0.0210872841289478	0.0179419119164367
529	0.0210873299549836	0.0179419509070764
530	0.0210873756083417	0.0179419897507949
531	0.021087421089996	0.017942028448421
532	0.0210874664009135	0.0179420670007772
533	0.0210875115420538	0.0179421054086802
534	0.0210875565143693	0.0179421436729403
535	0.0210876013188053	0.0179421817943617
536	0.0210876459563002	0.0179422197737428
537	0.0210876904277851	0.017942257611876
538	0.0210877347341846	0.0179422953095478
539	0.0210877788764161	0.0179423328675389
540	0.0210878228553904	0.0179423702866242
541	0.0210878666720114	0.0179424075675728
542	0.0210879103271767	0.0179424447111482
543	0.0210879538217769	0.0179424817181085
544	0.0210879971566962	0.0179425185892058
545	0.0210880403328124	0.017942555325187
546	0.0210880833509968	0.0179425919267935
547	0.0210881262121143	0.0179426283947611
548	0.0210881689170237	0.0179426647298206
549	0.0210882114665772	0.0178983979674311
550	0.0210882538616212	0.0178984339497794
551	0.0210882961029957	0.0178984698017022
552	0.0210883381915347	0.0178985055239076
553	0.0210883801280661	0.0178985411170982
554	0.0210884219134121	0.0178985765819716
555	0.0210884635483886	0.0178986119192206
556	0.0210885050338059	0.0178986471295327
557	0.0210885463704683	0.0178986822135908
558	0.0210885875591747	0.0178987171720726
559	0.0210886286007179	0.0178987520056513
560	0.0210886694958851	0.0178987867149949
561	0.0210887102454582	0.017898821300767
562	0.0210887508502132	0.0178988557636263
563	0.0210887913109207	0.0178988901042268
564	0.0210888316283459	0.017898924323218
565	0.0210888718032487	0.0178989584212447
566	0.0210889118363833	0.0178989923989471
567	0.0210889517284988	0.0178990262569612
568	0.0210889914803391	0.017899059995918
569	0.0210890310926427	0.0178990936164447
570	0.0210890705661431	0.0178991271191635
571	0.0210891099015685	0.0178991605046926
572	0.0210891490996422	0.0178991937736459
573	0.0210891881610823	0.0178992269266329
574	0.021089227086602	0.0178992599642588
575	0.0210892658769094	0.0178992928871248
576	0.0210893045327078	0.0178993256958277
577	0.0210893430546958	0.0178993583909603
578	0.0210893814435667	0.0178993909731113
579	0.0210894197000096	0.0178994234428653
580	0.0210894578247085	0.017899455800803
581	0.0210894958183426	0.0178994880475008
582	0.0210895336815867	0.0178995201835316
583	0.0210895714151109	0.0178995522094639
584	0.0210896090195807	0.0178995841258626
585	0.0210896464956571	0.0178996159332888
586	0.0210896838439964	0.0178996476322994
587	0.0210897210652506	0.017899679223448
588	0.0210897581600673	0.0178997107072841
589	0.0210897951290897	0.0178554357920655
590	0.0210898319729566	0.0178554669855073
591	0.0210898686923023	0.0178554980735249
592	0.0210899052877572	0.0178555290566516
593	0.0210899417599472	0.0178555599354175
594	0.021089978109494	0.0178555907103489
595	0.0210900143370152	0.0178556213819687
596	0.0210900504431242	0.0178556519507963
597	0.0210900864284304	0.0178556824173476
598	0.021090122293539	0.0178557127821349
599	0.0210901580390512	0.0178557430456673
600	0.0210901936655643	0.0178557732084504
601	0.0210902291736715	0.0178558032709866
602	0.021090264563962	0.0178558332337746
603	0.0210902998370214	0.0178558630973102
604	0.0210903349934312	0.0178558928620856
605	0.0210903700337689	0.0178559225285901
606	0.0210904049586086	0.0178559520973094
607	0.0210904397685204	0.0178559815687263
608	0.0210904744640705	0.0178560109433202
609	0.0210905090458217	0.0178560402215675
610	0.0210905435143329	0.0178560694039415
611	0.0210905778701593	0.0178560984909122
612	0.0210906121138528	0.0178561274829468
613	0.0210906462459614	0.0178561563805093
614	0.0210906802670296	0.0178561851840608
615	0.0210907141775983	0.0178562138940591
616	0.0210907479782052	0.0178562425109594
617	0.021090781669384	0.0178562710352138
618	0.0210908152516655	0.0178562994672714
619	0.0210908487255767	0.0178563278075786
620	0.0210908820916414	0.0178563560565787
621	0.0210909153503798	0.0178563842147123
622	0.0210909485023091	0.0178564122824171
623	0.0210909815479429	0.0178564402601281
624	0.0210910144877915	0.0178564681482773
625	0.0210910473223623	0.0178564959472941
626	0.0210910800521589	0.0178565236576052
627	0.0210911126776823	0.0178565512796344
628	0.0210911451994298	0.017856578813803
629	0.0210911776178959	0.0178566062605295
630	0.0210912099335717	0.0178566336202298
631	0.0210912421469453	0.0178123515610757
632	0.0210912742585019	0.0178123786804995
633	0.0210913062687232	0.0178124057143419
634	0.0210913381780883	0.0178124326630073
635	0.0210913699870731	0.0178124595268978
636	0.0210914016961504	0.0178124863064127
637	0.0210914333057903	0.0178125130019489
638	0.0210914648164597	0.0178125396139009
639	0.0210914962286228	0.0178125661426604
640	0.0210915275427407	0.0178125925886172
641	0.0210915587592718	0.0178126189521581
642	0.0210915898786715	0.0178126452336679
643	0.0210916209013924	0.0178126714335289
644	0.0210916518278844	0.0178126975521209
645	0.0210916826585946	0.0178127235898215
646	0.0210917133939672	0.0178127495470059
647	0.0210917440344437	0.017812775424047
648	0.021091774580463	0.0178128012213154
649	0.0210918050324612	0.0178128269391794
650	0.0210918353908716	0.017812852578005
651	0.0210918656561252	0.0178128781381561
652	0.0210918958286499	0.0178129036199943
653	0.0210919259088714	0.0178129290238788
654	0.0210919558972125	0.0178129543501668
655	0.0210919857940935	0.0178129795992134
656	0.0210920155999323	0.0178130047713714
657	0.021092045315144	0.0178130298669914
658	0.0210920749401414	0.017813054886422
659	0.0210921044753347	0.0178130798300096
660	0.0210921339211317	0.0178131046980986
661	0.0210921632779374	0.0178131294910312
662	0.0210921925461549	0.0178131542091476
663	0.0210922217261845	0.017813178852786
664	0.0210922508184241	0.0178132034222825
665	0.0210922798232693	0.0178132279179711
666	0.0210923087411134	0.017813252340184
667	0.0210923375723472	0.0178132766892512
668	0.0210923663173592	0.0178133009655009
669	0.0210923949765357	0.0178133251692591
670	0.0210924235502605	0.0178133493008503
671	0.0210924520389153	0.0178133733605965
672	0.0210924804428793	0.0178133973488182
673	0.0210925087625297	0.0178134212658339
674	0.0210925369982414	0.0178134451119601
675	0.0210925651503869	0.0177691567758511
676	0.0210925932193367	0.0177691804221723
677	0.0210926212054591	0.0177692039987166
678	0.0210926491091201	0.0177692275057923
679	0.0210926769306836	0.0177692509437062
680	0.0210927046705115	0.0177692743127629
681	0.0210927323289634	0.0177692976132654
682	0.0210927599063969	0.017769320845515
683	0.0210927874031674	0.0177693440098112
684	0.0210928148196283	0.0177693671064515
685	0.0210928421561309	0.0177693901357321
686	0.0210928694130245	0.0177694130979471
687	0.0210928965906564	0.0177694359933891
688	0.0210929236893718	0.017769458822349
689	0.021092950709514	0.0177694815851158
690	0.0210929776514241	0.017769504281977
691	0.0210930045154414	0.0177695269132185
692	0.0210930313019033	0.0177695494791244
693	0.0210930580111451	0.0177695719799773
694	0.0210930846435002	0.017769594416058
695	0.0210931111993003	0.0177696167876458
696	0.0210931376788748	0.0177696390950184
697	0.0210931640825515	0.017769661338452
698	0.0210931904106563	0.0177696835182209
699	0.0210932166635131	0.0177697056345982
700	0.0210932428414441	0.0177697276878552
701	0.0210932689447695	0.0177697496782617
702	0.021093294973808	0.0177697716060861
703	0.021093320928876	0.0177697934715951
704	0.0210933468102886	0.0177698152750541
705	0.0210933726183588	0.0177698370167266
706	0.0210933983533978	0.017769858696875
707	0.0210934240157153	0.0177698803157602
708	0.0210934496056191	0.0177699018736413
709	0.0210934751234152	0.0177699233707762
710	0.021093500569408	0.0177699448074214
711	0.0210935259439001	0.0177699661838318
712	0.0210935512471924	0.0177699875002609
713	0.0210935764795843	0.0177700087569608
714	0.0210936016413733	0.0177700299541822
715	0.0210936267328554	0.0177700510921744
716	0.0210936517543247	0.0177700721711853
717	0.0210936767060739	0.0177700931914614
718	0.021093701588394	0.0177701141532479
719	0.0210937264015745	0.0177701350567886
720	0.021093751145903	0.0177701559023258
721	0.0210937758216657	0.0177701766901007
722	0.0210938004291473	0.0177258827135692
723	0.0210938249686308	0.0177259033349838
724	0.0210938494403975	0.0177259238994937
725	0.0210938738447276	0.0177259444073341
726	0.0210938981818992	0.0177259648587388
727	0.0210939224521892	0.0177259852539405
728	0.0210939466558731	0.0177260055931707
729	0.0210939707932245	0.0177260258766592
730	0.0210939948645158	0.0177260461046351
731	0.0210940188700178	0.0177260662773259
732	0.0210940428099999	0.0177260863949579
733	0.0210940666847299	0.0177261064577562
734	0.0210940904944743	0.0177261264659447
735	0.0210941142394979	0.0177261464197462
736	0.0210941379200645	0.0177261663193819
737	0.021094161536436	0.0177261861650722
738	0.0210941850888731	0.0177262059570362
739	0.0210942085776352	0.0177262256954917
740	0.02109423200298	0.0177262453806555
741	0.0210942553651641	0.017726265012743
742	0.0210942786644426	0.0177262845919686
743	0.0210943019010692	0.0177263041185456
744	0.0210943250752963	0.017726323592686
745	0.0210943481873749	0.0177263430146007
746	0.0210943712375546	0.0177263623844997
747	0.0210943942260838	0.0177263817025914
748	0.0210944171532095	0.0177264009690836
749	0.0210944400191774	0.0177264201841827
750	0.0210944628242319	0.017726439348094
751	0.021094485568616	0.0177264584610219
752	0.0210945082525716	0.0177264775231694
753	0.0210945308763391	0.0177264965347387
754	0.0210945534401578	0.0177265154959309
755	0.0210945759442656	0.0177265344069459
756	0.0210945983888993	0.0177265532679826
757	0.0210946207742943	0.0177265720792389
758	0.0210946431006848	0.0177265908409116
759	0.0210946653683038	0.0177266095531964
760	0.021094687577383	0.0177266282162883
761	0.0210947097281531	0.0177266468303807
762	0.0210947318208433	0.0177266653956666
763	0.0210947538556818	0.0177266839123376
764	0.0210947758328954	0.0177267023805844
765	0.0210947977527101	0.0177267208005967
766	0.0210948196153502	0.0177267391725632
767	0.0210948414210393	0.0177267574966717
768	0.0210948631699996	0.0177267757731089
769	0.0210948848624522	0.0177267940020607
770	0.0210949064986169	0.0177268121837117
771	0.0210949280787127	0.0176825132424504
772	0.0210949496029571	0.0176825312848317
773	0.0210949710715668	0.0176825492805781
774	0.0210949924847571	0.0176825672298699
775	0.0210950138427424	0.017682585132887
776	0.0210950351457358	0.017682602989808
777	0.0210950563939495	0.0176826208008106
778	0.0210950775875946	0.0176826385660719
779	0.0210950987268808	0.0176826562857677
780	0.0210951198120172	0.0176826739600732
781	0.0210951408432115	0.0176826915891626
782	0.0210951618206704	0.017682709173209
783	0.0210951827445997	0.017682726712385
784	0.0210952036152039	0.0176827442068621
785	0.0210952244326867	0.0176827616568109
786	0.0210952451972506	0.0176827790624012
787	0.0210952659090971	0.017682796423802
788	0.0210952865684267	0.0176828137411812
789	0.021095307175439	0.0176828310147062
790	0.0210953277303324	0.0176828482445433
791	0.0210953482333043	0.017682865430858
792	0.0210953686845513	0.0176828825738151
793	0.0210953890842689	0.0176828996735784
794	0.0210954094326516	0.0176829167303109
795	0.0210954297298928	0.0176829337441749
796	0.0210954499761852	0.0176829507153317
797	0.0210954701717204	0.0176829676439421
798	0.0210954903166889	0.0176829845301657
799	0.0210955104112804	0.0176830013741615
800	0.0210955304556838	0.0176830181760879
801	0.0210955504500867	0.0176830349361021
802	0.0210955703946761	0.0176830516543609
803	0.0210955902896378	0.0176830683310199
804	0.0210956101351569	0.0176830849662345
805	0.0210956299314174	0.0176831015601587
806	0.0210956496786026	0.0176831181129463
807	0.0210956693768946	0.0176831346247499
808	0.0210956890264748	0.0176831510957216
809	0.0210957086275238	0.0176831675260126
810	0.021095728180221	0.0176831839157735
811	0.0210957476847452	0.0176832002651541
812	0.0210957671412742	0.0176832165743034
813	0.0210957865499848	0.0176832328433697
814	0.0210958059110533	0.0176832490725006
815	0.0210958252246548	0.017683265261843
816	0.0210958444909635	0.017683281411543
817	0.0210958637101531	0.017683297521746
818	0.0210958828823962	0.0176833135925968
819	0.0210959020078646	0.0176833296242394
820	0.0210959210867292	0.0176833456168171
821	0.0210959401191601	0.0176833615704725
822	0.0210959591053268	0.0176390582435296
823	0.0210959780453976	0.0176390740799753
824	0.0210959969395403	0.017639089878019
825	0.0210960157879217	0.0176391056378001
826	0.0210960345907078	0.0176391213594574
827	0.0210960533480639	0.0176391370431291
828	0.0210960720601544	0.0176391526889527
829	0.0210960907271431	0.017639168297065
830	0.0210961093491927	0.0176391838676023
831	0.0210961279264653	0.0176391994007
832	0.0210961464591223	0.017639214896493
833	0.0210961649473242	0.0176392303551156
834	0.0210961833912307	0.0176392457767013
835	0.0210962017910009	0.0176392611613831
836	0.0210962201467929	0.0176392765092933
837	0.0210962384587644	0.0176392918205635
838	0.0210962567270719	0.0176393070953248
839	0.0210962749518715	0.0176393223337077
840	0.0210962931333185	0.0176393375358419
841	0.0210963112715672	0.0176393527018566
842	0.0210963293667716	0.0176393678318805
843	0.0210963474190847	0.0176393829260414
844	0.0210963654286587	0.0176393979844667
845	0.0210963833956452	0.0176394130072832
846	0.0210964013201953	0.0176394279946171
847	0.0210964192024589	0.0176394429465938
848	0.0210964370425856	0.0176394578633384
849	0.0210964548407242	0.0176394727449753
850	0.0210964725970227	0.0176394875916282
851	0.0210964903116284	0.0176395024034204
852	0.0210965079846881	0.0176395171804745
853	0.0210965256163476	0.0176395319229125
854	0.0210965432067525	0.017639546630856
855	0.0210965607560471	0.017639561304426
856	0.0210965782643756	0.0176395759437426
857	0.0210965957318811	0.0176395905489258
858	0.0210966131587063	0.0176396051200948
859	0.0210966305449932	0.0176396196573683
860	0.0210966478908829	0.0176396341608643
861	0.0210966651965163	0.0176396486307006
862	0.0210966824620331	0.0176396630669941
863	0.0210966996875728	0.0176396774698613
864	0.021096716873274	0.0176396918394182
865	0.0210967340192749	0.0176397061757802
866	0.0210967511257127	0.0176397204790623
867	0.0210967681927243	0.0176397347493787
868	0.0210967852204458	0.0176397489868433
869	0.0210968022090127	0.0176397631915695
870	0.02109681915856	0.0176397773636699
871	0.0210968360692219	0.017639791503257
872	0.0210968529411321	0.0176398056104423
873	0.0210968697744235	0.0176398196853373
874	0.0210968865692288	0.0176398337280526
875	0.0210969033256796	0.0175955265132244
876	0.0210969200439073	0.0175955404567882
877	0.0210969367240424	0.0175955543685816
878	0.0210969533662151	0.017595568248713
879	0.0210969699705547	0.0175955820972904
880	0.0210969865371902	0.0175955959144213
881	0.0210970030662498	0.0175956097002125
882	0.0210970195578612	0.0175956234547708
883	0.0210970360121515	0.017595637178202
884	0.0210970524292473	0.0175956508706117
885	0.0210970688092745	0.017595664532105
886	0.0210970851523586	0.0175956781627865
887	0.0210971014586244	0.0175956917627602
888	0.0210971177281961	0.0175957053321299
889	0.0210971339611975	0.0175957188709988
890	0.0210971501577518	0.0175957323794695
891	0.0210971663179816	0.0175957458576443
892	0.0210971824420089	0.0175957593056251
893	0.0210971985299552	0.0175957727235131
894	0.0210972145819416	0.0175957861114092
895	0.0210972305980884	0.017595799469414
896	0.0210972465785155	0.0175958127976274
897	0.0210972625233424	0.017595826096149
898	0.0210972784326878	0.0175958393650778
899	0.02109729430667	0.0175958526045126
900	0.0210973101454068	0.0175958658145515
901	0.0210973259490156	0.0175958789952924
902	0.0210973417176129	0.0175958921468326
903	0.021097357451315	0.017595905269269
904	0.0210973731502377	0.0175959183626983
905	0.0210973888144961	0.0175959314272163
906	0.0210974044442049	0.0175959444629188
907	0.0210974200394783	0.017595957469901
908	0.0210974356004299	0.0175959704482577
909	0.021097451127173	0.0175959833980834
910	0.0210974666198202	0.0175959963194719
911	0.0210974820784837	0.0175960092125169
912	0.0210974975032752	0.0175960220773115
913	0.0210975128943059	0.0175960349139484
914	0.0210975282516866	0.0175960477225201
915	0.0210975435755274	0.0175960605031184
916	0.0210975588659381	0.0175960732558349
917	0.021097574123028	0.0175960859807607
918	0.0210975893469059	0.0175960986779866
919	0.0210976045376801	0.0175961113476029
920	0.0210976196954585	0.0175961239896996
921	0.0210976348203484	0.0175961366043662
922	0.0210976499124568	0.0175961491916919
923	0.0210976649718902	0.0175961617517656
924	0.0210976799987545	0.0175961742846755
925	0.0210976949931554	0.0175961867905098
926	0.0210977099551977	0.0175961992693561
927	0.0210977248849863	0.0175962117213016
928	0.0210977397826253	0.0175962241464333
929	0.0210977546482184	0.0175962365448376
930	0.0210977694818689	0.0175962489166008
931	0.0210977842836797	0.0175519381855822
932	0.0210977990537531	0.0175519504732904
933	0.0210978137921911	0.01755196273468
934	0.0210978284990953	0.0175519749698356
935	0.0210978431745668	0.0175519871788413
936	0.0210978578187062	0.0175519993617808
937	0.0210978724316137	0.0175520115187374
938	0.0210978870133891	0.0175520236497943
939	0.0210979015641319	0.0175520357550341
940	0.021097916083941	0.0175520478345392
941	0.021097930572915	0.0175520598883914
942	0.0210979450311518	0.0175520719166725
943	0.0210979594587494	0.0175520839194638
944	0.0210979738558049	0.0175520958968461
945	0.0210979882224152	0.0175521078489
946	0.0210980025586768	0.0175521197757059
947	0.0210980168646858	0.0175521316773436
948	0.0210980311405378	0.0175521435538928
949	0.0210980453863281	0.0175521554054326
950	0.0210980596021515	0.017552167232042
951	0.0210980737881025	0.0175521790337996
952	0.0210980879442752	0.0175521908107836
953	0.0210981020707632	0.0175522025630719
954	0.0210981161676598	0.0175522142907422
955	0.0210981302350578	0.0175522259938716
956	0.0210981442730498	0.0175522376725372
957	0.0210981582817279	0.0175522493268156
958	0.0210981722611838	0.0175522609567831
959	0.0210981862115088	0.0175522725625157
960	0.0210982001327939	0.0175522841440891
961	0.0210982140251297	0.0175522957015785
962	0.0210982278886064	0.0175523072350591
963	0.0210982417233138	0.0175523187446056
964	0.0210982555293414	0.0175523302302924
965	0.0210982693067783	0.0175523416921937
966	0.0210982830557131	0.0175523531303832
967	0.0210982967762343	0.0175523645449344
968	0.0210983104684298	0.0175523759359206
969	0.0210983241323873	0.0175523873034146
970	0.021098337768194	0.0175523986474891
971	0.0210983513759368	0.0175524099682163
972	0.0210983649557023	0.0175524212656683
973	0.0210983785075767	0.0175524325399168
974	0.0210983920316458	0.017552443791033
975	0.0210984055279951	0.0175524550190883
976	0.0210984189967097	0.0175524662241534
977	0.0210984324378744	0.0175524774062989
978	0.0210984458515737	0.017552488565595
979	0.0210984592378917	0.0175524997021116
980	0.0210984725969121	0.0175525108159184
981	0.0210984859287183	0.017552521907085
982	0.0210984992333934	0.0175525329756802
983	0.0210985125110202	0.0175525440217731
984	0.021098525761681	0.0175525550454321
985	0.0210985389854579	0.0175525660467255
986	0.0210985521824326	0.0175525770257213
987	0.0210985653526866	0.0175525879824872
988	0.0210985784963009	0.0175525989170907
989	0.0210985916133563	0.0175526098295989
990	0.0210986047039331	0.0175526207200788
991	0.0210986177681115	0.017552631588597
992	0.0210986308059713	0.0175526424352198
993	0.0210986438175919	0.0175526532600134
994	0.0210986568030523	0.0175526640630435
995	0.0210986697624316	0.0175526748443758
996	0.021098682695808	0.0175526856040756
997	0.0210986956032599	0.0175526963422078
998	0.0210987084848651	0.0175527070588373
999	0.0210987213407011	0.0175527177540287
1000	0.0210843584718871	0.0175263729797562
1001	0.0210987469753744	0.0175527390803535
