0.896963599293861	0.528751802304523	0	0
0.896937741518738	0.528700001786757	4.28482477238385e-05	4.28482477238385e-05
0.89691185779986	0.528648149338605	8.5696495447677e-05	8.5696495447677e-05
0.896885948085146	0.528596244855841	0.000128544743171515	0.000128544743171515
0.896860012322359	0.528544288233925	0.000171392990895354	0.000171392990895354
0.896834050459103	0.528492279368003	0.000214241238619192	0.000214241238619192
0.896808062442825	0.528440218152903	0.000257089486343031	0.000257089486343031
0.896782048220814	0.528388104483135	0.000299937734066869	0.000299937734066869
0.896756007740197	0.52833593825289	0.000342785981790708	0.000342785981790708
0.896729940947943	0.52828371935604	0.000385634229514546	0.000385634229514546
0.896703847790859	0.528231447686133	0.000428482477238385	0.000428482477238385
0.896677728215591	0.528179123136395	0.000471330724962223	0.000471330724962223
0.896651582168622	0.528126745599729	0.000514178972686062	0.000514178972686062
0.896625409596274	0.528074314968709	0.0005570272204099	0.0005570272204099
0.896599210444704	0.528021831135584	0.000599875468133739	0.000599875468133739
0.896572984659906	0.527969293992276	0.000642723715857577	0.000642723715857577
0.896546732187708	0.527916703430375	0.000685571963581416	0.000685571963581416
0.896520452973775	0.527864059341141	0.000728420211305254	0.000728420211305254
0.896494146963602	0.527811361615501	0.000771268459029093	0.000771268459029093
0.896467814102521	0.527758610144049	0.000814116706752931	0.000814116706752931
0.896441454335695	0.527705804817044	0.00085696495447677	0.00085696495447677
0.896415067608118	0.527652945524408	0.000899813202200608	0.000899813202200608
0.896388653864617	0.527600032155725	0.000942661449924447	0.000942661449924447
0.896362213049848	0.527547064600241	0.000985509697648285	0.000985509697648285
0.896335745108297	0.527494042746859	0.00102835794537212	0.00102835794537212
0.89630924998428	0.527440966484143	0.00107120619309596	0.00107120619309596
0.89628272762194	0.527387835700312	0.0011140544408198	0.0011140544408198
0.896256177965249	0.527334650283239	0.00115690268854364	0.00115690268854364
0.896229600958005	0.527281410120453	0.00119975093626748	0.00119975093626748
0.896202996543833	0.527228115099135	0.00124259918399132	0.00124259918399132
0.896176364666183	0.527174765106115	0.00128544743171515	0.00128544743171515
0.89614970526833	0.527121360027874	0.00132829567943899	0.00132829567943899
0.896123018293374	0.527067899750541	0.00137114392716283	0.00137114392716283
0.896096303684236	0.527014384159891	0.00141399217488667	0.00141399217488667
0.896069561383662	0.526960813141345	0.00145684042261051	0.00145684042261051
0.896042791334218	0.526907186579967	0.00149968867033435	0.00149968867033435
0.896015993478293	0.526853504360462	0.00154253691805819	0.00154253691805819
0.895989167758096	0.526799766367177	0.00158538516578202	0.00158538516578202
0.895962314115654	0.526745972484098	0.00162823341350586	0.00162823341350586
0.895935432492815	0.526692122594849	0.0016710816612297	0.0016710816612297
0.895908522831243	0.526638216582689	0.00171392990895354	0.00171392990895354
0.895881585072423	0.526584254330513	0.00175677815667738	0.00175677815667738
0.895854619157652	0.526530235720848	0.00179962640440122	0.00179962640440122
0.895827625028047	0.526476160635853	0.00184247465212506	0.00184247465212506
0.895800602624537	0.526422028957316	0.00188532289984889	0.00188532289984889
0.895773551887867	0.526367840566655	0.00192817114757273	0.00192817114757273
0.895746472758595	0.526313595344915	0.00197101939529657	0.00197101939529657
0.895719365177092	0.526259293172765	0.00201386764302041	0.00201386764302041
0.895692229083542	0.526204933930498	0.00205671589074425	0.00205671589074425
0.895665064417937	0.52615051749803	0.00209956413846809	0.00209956413846809
0.895637871120084	0.526096043754897	0.00214241238619193	0.00214241238619193
0.895610649129595	0.526041512580255	0.00218526063391576	0.00218526063391576
0.895583398385893	0.525986923852875	0.0022281088816396	0.0022281088816396
0.89555611882821	0.525932277451146	0.00227095712936344	0.00227095712936344
0.895528810395583	0.52587757325307	0.00231380537708728	0.00231380537708728
0.895501473026856	0.525822811136263	0.00235665362481112	0.00235665362481112
0.89547410666068	0.525767990977949	0.00239950187253496	0.00239950187253496
0.895446711235509	0.525713112654965	0.00244235012025879	0.00244235012025879
0.895419286689602	0.525658176043752	0.00248519836798263	0.00248519836798263
0.89539183296102	0.525603181020359	0.00252804661570647	0.00252804661570647
0.895364349987626	0.525548127460439	0.00257089486343031	0.00257089486343031
0.895336837707086	0.525493015239246	0.00261374311115415	0.00261374311115415
0.895309296056865	0.525437844231637	0.00265659135887799	0.00265659135887799
0.895281724974229	0.525382614312066	0.00269943960660182	0.00269943960660182
0.89525412439624	0.525327325354586	0.00274228785432566	0.00274228785432566
0.895226494259763	0.525271977232845	0.0027851361020495	0.0027851361020495
0.895198834501454	0.525216569820086	0.00282798434977334	0.00282798434977334
0.89517114505777	0.525161102989141	0.00287083259749718	0.00287083259749718
0.895143425864961	0.525105576612437	0.00291368084522102	0.00291368084522102
0.895115676859072	0.525049990561986	0.00295652909294486	0.00295652909294486
0.895087897975942	0.524994344709389	0.00299937734066869	0.00299937734066869
0.895060089151201	0.524938638925831	0.00304222558839253	0.00304222558839253
0.895032250320273	0.524882873082081	0.00308507383611637	0.00308507383611637
0.895004381418371	0.524827047048489	0.00312792208384021	0.00312792208384021
0.894976482380501	0.524771160694985	0.00317077033156405	0.00317077033156405
0.894948553141453	0.524715213891078	0.00321361857928789	0.00321361857928789
0.89492059363581	0.524659206505851	0.00325646682701173	0.00325646682701173
0.894892603797939	0.524603138407962	0.00329931507473556	0.00329931507473556
0.894864583561996	0.524547009465644	0.0033421633224594	0.0033421633224594
0.89483653286192	0.524490819546696	0.00338501157018324	0.00338501157018324
0.894808451631435	0.524434568518488	0.00342785981790708	0.00342785981790708
0.894780339804051	0.524378256247959	0.00347070806563092	0.00347070806563092
0.894752197313056	0.524321882601609	0.00351355631335476	0.00351355631335476
0.894724024091524	0.524265447445502	0.0035564045610786	0.0035564045610786
0.894695820072307	0.524208950645266	0.00359925280880243	0.00359925280880243
0.894667585188037	0.524152392066084	0.00364210105652627	0.00364210105652627
0.894639319371126	0.5240957715727	0.00368494930425011	0.00368494930425011
0.894611022553763	0.52403908902941	0.00372779755197395	0.00372779755197395
0.894582694667914	0.523982344300066	0.00377064579969779	0.00377064579969779
0.894554335645319	0.52392553724807	0.00381349404742163	0.00381349404742163
0.894525945417497	0.523868667736375	0.00385634229514546	0.00385634229514546
0.894497523915736	0.523811735627478	0.0038991905428693	0.0038991905428693
0.8944690710711	0.523754740783425	0.00394203879059314	0.00394203879059314
0.894440586814424	0.523697683065804	0.00398488703831698	0.00398488703831698
0.894412071076314	0.523640562335744	0.00402773528604082	0.00402773528604082
0.894383523787145	0.523583378453915	0.00407058353376466	0.00407058353376466
0.894354944877062	0.523526131280523	0.0041134317814885	0.0041134317814885
0.894326334275976	0.523468820675309	0.00415628002921233	0.00415628002921233
0.894297691913567	0.523411446497549	0.00419912827693617	0.00419912827693617
0.89426901771928	0.523354008606048	0.00424197652466001	0.00424197652466001
0.894240311622322	0.523296506859141	0.00428482477238385	0.00428482477238385
0.894211573551668	0.523238941114692	0.00432767302010769	0.00432767302010769
0.894182803436053	0.523181311230086	0.00437052126783153	0.00437052126783153
0.894154001203974	0.523123617062234	0.00441336951555536	0.00441336951555536
0.894125166783688	0.523065858467566	0.0044562177632792	0.0044562177632792
0.894096300103211	0.523008035302031	0.00449906601100304	0.00449906601100304
0.894067401090319	0.522950147421094	0.00454191425872688	0.00454191425872688
0.894038469672544	0.522892194679735	0.00458476250645072	0.00458476250645072
0.894009505777175	0.522834176932445	0.00462761075417456	0.00462761075417456
0.893980509331254	0.522776094033226	0.0046704590018984	0.0046704590018984
0.893951480261579	0.522717945835585	0.00471330724962223	0.00471330724962223
0.8939224184947	0.522659732192539	0.00475615549734607	0.00475615549734607
0.893893323956918	0.522601452956603	0.00479900374506991	0.00479900374506991
0.893864196574287	0.522543107979796	0.00484185199279375	0.00484185199279375
0.893835036272608	0.522484697113635	0.00488470024051759	0.00488470024051759
0.89380584297743	0.522426220209133	0.00492754848824143	0.00492754848824143
0.893776616614052	0.522367677116798	0.00497039673596527	0.00497039673596527
0.893747357107516	0.522309067686628	0.0050132449836891	0.0050132449836891
0.893718064382611	0.522250391768113	0.00505609323141294	0.00505609323141294
0.893688738363868	0.522191649210229	0.00509894147913678	0.00509894147913678
0.893659378975563	0.522132839861435	0.00514178972686062	0.00514178972686062
0.89362998614171	0.522073963569676	0.00518463797458446	0.00518463797458446
0.893600559786066	0.522015020182375	0.0052274862223083	0.0052274862223083
0.893571099832126	0.521956009546432	0.00527033447003213	0.00527033447003213
0.893541606203123	0.521896931508225	0.00531318271775597	0.00531318271775597
0.893512078822025	0.521837785913604	0.00535603096547981	0.00535603096547981
0.893482517611539	0.521778572607887	0.00539887921320365	0.00539887921320365
0.893452922494103	0.521719291435863	0.00544172746092749	0.00544172746092749
0.89342329339189	0.521659942241788	0.00548457570865133	0.00548457570865133
0.893393630226802	0.521600524869376	0.00552742395637517	0.00552742395637517
0.893363932920475	0.521541039161807	0.005570272204099	0.005570272204099
0.893334201394272	0.521481484961718	0.00561312045182284	0.00561312045182284
0.893304435569285	0.521421862111199	0.00565596869954668	0.00565596869954668
0.893274635366332	0.521362170451797	0.00569881694727052	0.00569881694727052
0.893244800705957	0.521302409824507	0.00574166519499436	0.00574166519499436
0.893214931508429	0.521242580069775	0.0057845134427182	0.0057845134427182
0.893185027693738	0.521182681027489	0.00582736169044204	0.00582736169044204
0.893155089181597	0.521122712536984	0.00587020993816587	0.00587020993816587
0.893125115891441	0.521062674437033	0.00591305818588971	0.00591305818588971
0.89309510774242	0.521002566565847	0.00595590643361355	0.00595590643361355
0.893065064653405	0.520942388761074	0.00599875468133739	0.00599875468133739
0.893034986542983	0.520882140859792	0.00604160292906123	0.00604160292906123
0.893004873329455	0.520821822698512	0.00608445117678507	0.00608445117678507
0.892974724930837	0.520761434113171	0.0061272994245089	0.0061272994245089
0.892944541264857	0.520700974939129	0.00617014767223274	0.00617014767223274
0.892914322248954	0.520640445011171	0.00621299591995658	0.00621299591995658
0.892884067800277	0.520579844163499	0.00625584416768042	0.00625584416768042
0.892853777835683	0.520519172229733	0.00629869241540426	0.00629869241540426
0.892823452271737	0.520458429042905	0.0063415406631281	0.0063415406631281
0.892793091024709	0.520397614435461	0.00638438891085194	0.00638438891085194
0.892762694010573	0.520336728239253	0.00642723715857577	0.00642723715857577
0.892732261145006	0.520275770285538	0.00647008540629961	0.00647008540629961
0.892701792343387	0.520214740404977	0.00651293365402345	0.00651293365402345
0.892671287520795	0.520153638427632	0.00655578190174729	0.00655578190174729
0.892640746592007	0.520092464182959	0.00659863014947113	0.00659863014947113
0.892610169471498	0.52003121749981	0.00664147839719497	0.00664147839719497
0.892579556073438	0.519969898206428	0.0066843266449188	0.0066843266449188
0.892548906311692	0.519908506130445	0.00672717489264264	0.00672717489264264
0.892518220099817	0.519847041098878	0.00677002314036648	0.00677002314036648
0.892487497351064	0.519785502938126	0.00681287138809032	0.00681287138809032
0.89245673797837	0.519723891473968	0.00685571963581416	0.00685571963581416
0.892425941894364	0.51966220653156	0.006898567883538	0.006898567883538
0.892395109011359	0.519600447935432	0.00694141613126184	0.00694141613126184
0.892364239241357	0.519538615509484	0.00698426437898567	0.00698426437898567
0.89233333249604	0.519476709076983	0.00702711262670951	0.00702711262670951
0.892302388686777	0.519414728460562	0.00706996087443335	0.00706996087443335
0.892271407724613	0.519352673482215	0.00711280912215719	0.00711280912215719
0.892240389520276	0.519290543963296	0.00715565736988103	0.00715565736988103
0.89220933398417	0.519228339724511	0.00719850561760487	0.00719850561760487
0.892178241026378	0.519166060585922	0.00724135386532871	0.00724135386532871
0.892147110556654	0.519103706366938	0.00728420211305254	0.00728420211305254
0.892115942484427	0.519041276886315	0.00732705036077638	0.00732705036077638
0.892084736718799	0.518978771962152	0.00736989860850022	0.00736989860850022
0.89205349316854	0.518916191411886	0.00741274685622406	0.00741274685622406
0.892022211742089	0.518853535052294	0.0074555951039479	0.0074555951039479
0.891990892347552	0.518790802699484	0.00749844335167174	0.00749844335167174
0.891959534892701	0.518727994168893	0.00754129159939558	0.00754129159939558
0.891928139284969	0.518665109275286	0.00758413984711941	0.00758413984711941
0.891896705431453	0.518602147832754	0.00762698809484325	0.00762698809484325
0.891865233238911	0.518539109654704	0.00766983634256709	0.00766983634256709
0.891833722613758	0.518475994553863	0.00771268459029093	0.00771268459029093
0.891802173462066	0.51841280234227	0.00775553283801477	0.00775553283801477
0.891770585689564	0.518349532831276	0.00779838108573861	0.00779838108573861
0.891738959201632	0.518286185831535	0.00784122933346245	0.00784122933346245
0.891707293903304	0.51822276115301	0.00788407758118628	0.00788407758118628
0.891675589699263	0.518159258604959	0.00792692582891012	0.00792692582891012
0.891643846493842	0.518095677995939	0.00796977407663396	0.00796977407663396
0.891612064191019	0.518032019133802	0.0080126223243578	0.0080126223243578
0.891580242694417	0.517968281825684	0.00805547057208164	0.00805547057208164
0.891548381907303	0.517904465878014	0.00809831881980548	0.00809831881980548
0.891516481732586	0.517840571096498	0.00814116706752931	0.00814116706752931
0.891484542072814	0.517776597286124	0.00818401531525315	0.00818401531525315
0.891452562830173	0.517712544251156	0.00822686356297699	0.00822686356297699
0.891420543906484	0.517648411795126	0.00826971181070083	0.00826971181070083
0.891388485203205	0.51758419972084	0.00831256005842467	0.00831256005842467
0.891356386621424	0.517519907830364	0.00835540830614851	0.00835540830614851
0.89132424806186	0.517455535925026	0.00839825655387234	0.00839825655387234
0.891292069424862	0.517391083805414	0.00844110480159618	0.00844110480159618
0.891259850610406	0.517326551271365	0.00848395304932002	0.00848395304932002
0.891227591518091	0.517261938121971	0.00852680129704386	0.00852680129704386
0.891195292047142	0.517197244155566	0.0085696495447677	0.0085696495447677
0.891162952096403	0.517132469169728	0.00861249779249154	0.00861249779249154
0.891130571564339	0.517067612961273	0.00865534604021538	0.00865534604021538
0.891098150349033	0.517002675326254	0.00869819428793921	0.00869819428793921
0.89106568834818	0.516937656059951	0.00874104253566305	0.00874104253566305
0.891033185459094	0.516872554956873	0.00878389078338689	0.00878389078338689
0.891000641578696	0.516807371810753	0.00882673903111073	0.00882673903111073
0.89096805660352	0.516742106414542	0.00886958727883457	0.00886958727883457
0.890935430429707	0.516676758560406	0.00891243552655841	0.00891243552655841
0.890902762953001	0.516611328039723	0.00895528377428225	0.00895528377428225
0.890870054068755	0.516545814643078	0.00899813202200608	0.00899813202200608
0.890837303671919	0.51648021816026	0.00904098026972992	0.00904098026972992
0.890804511657046	0.516414538380255	0.00908382851745376	0.00908382851745376
0.890771677918285	0.516348775091246	0.0091266767651776	0.0091266767651776
0.890738802349382	0.516282928080607	0.00916952501290144	0.00916952501290144
0.890705884843674	0.516216997134898	0.00921237326062528	0.00921237326062528
0.890672925294093	0.516150982039863	0.00925522150834912	0.00925522150834912
0.890639923593159	0.516084882580423	0.00929806975607295	0.00929806975607295
0.890606879632978	0.516018698540673	0.00934091800379679	0.00934091800379679
0.890573793305243	0.515952429703882	0.00938376625152063	0.00938376625152063
0.89054066450123	0.51588607585248	0.00942661449924447	0.00942661449924447
0.890507493111796	0.515819636768061	0.00946946274696831	0.00946946274696831
0.890474279027376	0.515753112231377	0.00951231099469215	0.00951231099469215
0.890441022137982	0.515686502022331	0.00955515924241598	0.00955515924241598
0.8904077223332	0.515619805919975	0.00959800749013982	0.00959800749013982
0.89037437950219	0.515553023702507	0.00964085573786366	0.00964085573786366
0.89034099353368	0.515486155147263	0.0096837039855875	0.0096837039855875
0.890307564315968	0.515419200030715	0.00972655223331134	0.00972655223331134
0.890274091736915	0.515352158128464	0.00976940048103518	0.00976940048103518
0.890240575683947	0.51528502921524	0.00981224872875902	0.00981224872875902
0.890207016044052	0.515217813064894	0.00985509697648285	0.00985509697648285
0.890173412703774	0.515150509450392	0.00989794522420669	0.00989794522420669
0.890139765549216	0.515083118143816	0.00994079347193053	0.00994079347193053
0.890106074466033	0.515015638916353	0.00998364171965437	0.00998364171965437
0.890072339339435	0.514948071538295	0.0100264899673782	0.0100264899673782
0.890038560054179	0.514880415779032	0.010069338215102	0.010069338215102
0.890004736494569	0.514812671407048	0.0101121864628259	0.0101121864628259
0.889970868544454	0.514744838189917	0.0101550347105497	0.0101550347105497
0.889936956087228	0.514676915894295	0.0101978829582736	0.0101978829582736
0.889902999005821	0.51460890428592	0.0102407312059974	0.0102407312059974
0.889868997182703	0.514540803129602	0.0102835794537212	0.0102835794537212
0.889834950499878	0.514472612189225	0.0103264277014451	0.0103264277014451
0.889800858838884	0.514404331227733	0.0103692759491689	0.0103692759491689
0.889766722080787	0.514335960007133	0.0104121241968928	0.0104121241968928
0.889732540106184	0.514267498288487	0.0104549724446166	0.0104549724446166
0.889698312795193	0.514198945831904	0.0104978206923404	0.0104978206923404
0.889664040027459	0.514130302396542	0.0105406689400643	0.0105406689400643
0.889629721682143	0.514061567740596	0.0105835171877881	0.0105835171877881
0.889595357637926	0.513992741621297	0.0106263654355119	0.0106263654355119
0.889560947773004	0.513923823794904	0.0106692136832358	0.0106692136832358
0.889526491965085	0.513854814016703	0.0107120619309596	0.0107120619309596
0.889491990091387	0.513785712040996	0.0107549101786835	0.0107549101786835
0.889457442028634	0.513716517621102	0.0107977584264073	0.0107977584264073
0.889422847653057	0.513647230509347	0.0108406066741311	0.0108406066741311
0.889388206840385	0.513577850457061	0.010883454921855	0.010883454921855
0.889353519465851	0.51350837721457	0.0109263031695788	0.0109263031695788
0.889318785404181	0.513438810531195	0.0109691514173027	0.0109691514173027
0.889284004529596	0.513369150155243	0.0110119996650265	0.0110119996650265
0.889249176715807	0.513299395834004	0.0110548479127503	0.0110548479127503
0.889214301836017	0.513229547313742	0.0110976961604742	0.0110976961604742
0.889179379762909	0.513159604339693	0.011140544408198	0.011140544408198
0.889144410368652	0.513089566656058	0.0111833926559218	0.0111833926559218
0.889109393524897	0.513019434005998	0.0112262409036457	0.0112262409036457
0.889074329102767	0.512949206131626	0.0112690891513695	0.0112690891513695
0.889039216972863	0.512878882774005	0.0113119373990934	0.0113119373990934
0.889004057005256	0.512808463673139	0.0113547856468172	0.0113547856468172
0.888968849069487	0.51273794856797	0.011397633894541	0.011397633894541
0.888933593034561	0.51266733719637	0.0114404821422649	0.0114404821422649
0.888898288768946	0.512596629295135	0.0114833303899887	0.0114833303899887
0.888862936140571	0.512525824599983	0.0115261786377126	0.0115261786377126
0.88882753501682	0.512454922845541	0.0115690268854364	0.0115690268854364
0.888792085264533	0.512383923765348	0.0116118751331602	0.0116118751331602
0.888756586749998	0.51231282709184	0.0116547233808841	0.0116547233808841
0.888721039338953	0.51224163255635	0.0116975716286079	0.0116975716286079
0.888685442896581	0.5121703398891	0.0117404198763317	0.0117404198763317
0.888649797287506	0.512098948819195	0.0117832681240556	0.0117832681240556
0.888614102375789	0.512027459074616	0.0118261163717794	0.0118261163717794
0.888578358024929	0.511955870382215	0.0118689646195033	0.0118689646195033
0.888542564097856	0.511884182467709	0.0119118128672271	0.0119118128672271
0.88850672045693	0.511812395055672	0.0119546611149509	0.0119546611149509
0.888470826963936	0.511740507869529	0.0119975093626748	0.0119975093626748
0.888434883480084	0.511668520631551	0.0120403576103986	0.0120403576103986
0.888398889866	0.511596433062849	0.0120832058581225	0.0120832058581225
0.88836284598173	0.511524244883363	0.0121260541058463	0.0121260541058463
0.888326751686731	0.511451955811863	0.0121689023535701	0.0121689023535701
0.888290606839871	0.511379565565934	0.012211750601294	0.012211750601294
0.888254411299425	0.511307073861977	0.0122545988490178	0.0122545988490178
0.888218164923068	0.511234480415197	0.0122974470967416	0.0122974470967416
0.888181867567878	0.511161784939598	0.0123402953444655	0.0123402953444655
0.888145519090329	0.511088987147977	0.0123831435921893	0.0123831435921893
0.888109119346287	0.511016086751917	0.0124259918399132	0.0124259918399132
0.88807266819101	0.510943083461779	0.012468840087637	0.012468840087637
0.888036165479138	0.510869976986697	0.0125116883353608	0.0125116883353608
0.887999611064698	0.510796767034568	0.0125545365830847	0.0125545365830847
0.887963004801093	0.510723453312049	0.0125973848308085	0.0125973848308085
0.887926346541105	0.510650035524547	0.0126402330785324	0.0126402330785324
0.887889636136885	0.510576513376211	0.0126830813262562	0.0126830813262562
0.887852873439954	0.51050288656993	0.01272592957398	0.01272592957398
0.887816058301197	0.510429154807319	0.0127687778217039	0.0127687778217039
0.887779190570863	0.510355317788717	0.0128116260694277	0.0128116260694277
0.887742270098555	0.510281375213178	0.0128544743171515	0.0128544743171515
0.887705296733232	0.510207326778463	0.0128973225648754	0.0128973225648754
0.887668270323205	0.510133172181033	0.0129401708125992	0.0129401708125992
0.887631190716127	0.510058911116041	0.0129830190603231	0.0129830190603231
0.887594057758999	0.509984543277326	0.0130258673080469	0.0130258673080469
0.887556871298157	0.509910068357404	0.0130687155557707	0.0130687155557707
0.887519631179274	0.509835486047462	0.0131115638034946	0.0131115638034946
0.887482337247354	0.509760796037346	0.0131544120512184	0.0131544120512184
0.887444989346729	0.50968599801556	0.0131972602989423	0.0131972602989423
0.887407587321054	0.509611091669253	0.0132401085466661	0.0132401085466661
0.887370131013305	0.509536076684213	0.0132829567943899	0.0132829567943899
0.887332620265771	0.509460952744859	0.0133258050421138	0.0133258050421138
0.887295054920055	0.509385719534233	0.0133686532898376	0.0133686532898376
0.887257434817068	0.509310376733991	0.0134115015375614	0.0134115015375614
0.887219759797023	0.509234924024398	0.0134543497852853	0.0134543497852853
0.887182029699433	0.509159361084315	0.0134971980330091	0.0134971980330091
0.887144244363109	0.509083687591194	0.013540046280733	0.013540046280733
0.887106403626149	0.509007903221071	0.0135828945284568	0.0135828945284568
0.887068507325943	0.508932007648555	0.0136257427761806	0.0136257427761806
0.88703055529916	0.50885600054682	0.0136685910239045	0.0136685910239045
0.886992547381751	0.508779881587597	0.0137114392716283	0.0137114392716283
0.886954483408939	0.508703650441166	0.0137542875193522	0.0137542875193522
0.886916363215218	0.508627306776347	0.013797135767076	0.013797135767076
0.886878186634351	0.508550850260491	0.0138399840147998	0.0138399840147998
0.886839953499358	0.508474280559472	0.0138828322625237	0.0138828322625237
0.886801663642519	0.508397597337678	0.0139256805102475	0.0139256805102475
0.886763316895366	0.508320800258002	0.0139685287579713	0.0139685287579713
0.88672491308868	0.508243888981832	0.0140113770056952	0.0140113770056952
0.886686452052485	0.508166863169045	0.014054225253419	0.014054225253419
0.886647933616045	0.508089722477995	0.0140970735011429	0.0140970735011429
0.88660935760786	0.508012466565507	0.0141399217488667	0.0141399217488667
0.886570723855658	0.507935095086862	0.0141827699965905	0.0141827699965905
0.886532032186394	0.507857607695796	0.0142256182443144	0.0142256182443144
0.886493282426244	0.507780004044484	0.0142684664920382	0.0142684664920382
0.8864544744006	0.507702283783533	0.0143113147397621	0.0143113147397621
0.886415607934067	0.507624446561975	0.0143541629874859	0.0143541629874859
0.886376682850454	0.507546492027251	0.0143970112352097	0.0143970112352097
0.886337698972775	0.50746841982521	0.0144398594829336	0.0144398594829336
0.88629865612324	0.507390229600092	0.0144827077306574	0.0144827077306574
0.886259554123251	0.507311920994521	0.0145255559783813	0.0145255559783813
0.886220392793398	0.507233493649497	0.0145684042261051	0.0145684042261051
0.886181171953455	0.507154947204383	0.0146112524738289	0.0146112524738289
0.88614189142237	0.507076281296898	0.0146541007215528	0.0146541007215528
0.886102551018267	0.506997495563104	0.0146969489692766	0.0146969489692766
0.886063150558437	0.506918589637399	0.0147397972170004	0.0147397972170004
0.886023689859331	0.506839563152503	0.0147826454647243	0.0147826454647243
0.88598416873656	0.506760415739451	0.0148254937124481	0.0148254937124481
0.885944587004887	0.506681147027583	0.014868341960172	0.014868341960172
0.88590494447822	0.50660175664453	0.0149111902078958	0.0149111902078958
0.885865240969611	0.506522244216208	0.0149540384556196	0.0149540384556196
0.885825476291247	0.506442609366802	0.0149968867033435	0.0149968867033435
0.885785650254445	0.506362851718761	0.0150397349510673	0.0150397349510673
0.885745762669651	0.506282970892784	0.0150825831987912	0.0150825831987912
0.885705813346429	0.50620296650781	0.015125431446515	0.015125431446515
0.885665802093458	0.506122838181007	0.0151682796942388	0.0151682796942388
0.885625728718527	0.50604258552776	0.0152111279419627	0.0152111279419627
0.885585593028528	0.505962208161663	0.0152539761896865	0.0152539761896865
0.885545394829452	0.505881705694504	0.0152968244374103	0.0152968244374103
0.885505133926384	0.505801077736256	0.0153396726851342	0.0153396726851342
0.885464810123492	0.505720323895065	0.015382520932858	0.015382520932858
0.885424423224028	0.505639443777239	0.0154253691805819	0.0154253691805819
0.885383973030321	0.505558436987237	0.0154682174283057	0.0154682174283057
0.885343459343766	0.505477303127655	0.0155110656760295	0.0155110656760295
0.885302881964825	0.505396041799218	0.0155539139237534	0.0155539139237534
0.885262240693016	0.505314652600763	0.0155967621714772	0.0155967621714772
0.885221535326909	0.505233135129234	0.0156396104192011	0.0156396104192011
0.885180765664122	0.505151488979663	0.0156824586669249	0.0156824586669249
0.885139931501311	0.505069713745164	0.0157253069146487	0.0157253069146487
0.885099032634166	0.504987809016916	0.0157681551623726	0.0157681551623726
0.885058068857407	0.504905774384153	0.0158110034100964	0.0158110034100964
0.885017039964773	0.504823609434152	0.0158538516578202	0.0158538516578202
0.88497594574902	0.504741313752221	0.0158966999055441	0.0158966999055441
0.884934786001911	0.504658886921684	0.0159395481532679	0.0159395481532679
0.884893560514215	0.504576328523869	0.0159823964009918	0.0159823964009918
0.884852269075695	0.504493638138097	0.0160252446487156	0.0160252446487156
0.884810911475105	0.504410815341669	0.0160680928964394	0.0160680928964394
0.884769487500181	0.504327859709851	0.0161109411441633	0.0161109411441633
0.884727996937639	0.504244770815862	0.0161537893918871	0.0161537893918871
0.884686439573162	0.504161548230862	0.016196637639611	0.016196637639611
0.884644815191399	0.504078191523936	0.0162394858873348	0.0162394858873348
0.884603123575954	0.503994700262084	0.0162823341350586	0.0162823341350586
0.884561364509385	0.503911074010204	0.0163251823827825	0.0163251823827825
0.884519537773189	0.503827312331082	0.0163680306305063	0.0163680306305063
0.884477643147803	0.503743414785375	0.0164108788782301	0.0164108788782301
0.884435680412592	0.503659380931599	0.016453727125954	0.016453727125954
0.884393649345843	0.503575210326114	0.0164965753736778	0.0164965753736778
0.884351549724762	0.503490902523113	0.0165394236214017	0.0165394236214017
0.884309381325461	0.503406457074603	0.0165822718691255	0.0165822718691255
0.884267143922954	0.503321873530394	0.0166251201168493	0.0166251201168493
0.88422483729115	0.503237151438083	0.0166679683645732	0.0166679683645732
0.884182461202844	0.503152290343043	0.016710816612297	0.016710816612297
0.884140015429711	0.503067289788401	0.0167536648600209	0.0167536648600209
0.884097499742299	0.502982149315033	0.0167965131077447	0.0167965131077447
0.884054913910021	0.502896868461539	0.0168393613554685	0.0168393613554685
0.884012257701148	0.502811446764237	0.0168822096031924	0.0168822096031924
0.883969530882798	0.502725883757142	0.0169250578509162	0.0169250578509162
0.883926733220934	0.502640178971952	0.01696790609864	0.01696790609864
0.883883864480353	0.502554331938034	0.0170107543463639	0.0170107543463639
0.883840924424679	0.502468342182409	0.0170536025940877	0.0170536025940877
0.883797912816355	0.502382209229733	0.0170964508418116	0.0170964508418116
0.883754829416633	0.502295932602283	0.0171392990895354	0.0171392990895354
0.883711673985571	0.502209511819944	0.0171821473372592	0.0171821473372592
0.883668446282022	0.502122946400189	0.0172249955849831	0.0172249955849831
0.883625146063624	0.502036235858063	0.0172678438327069	0.0172678438327069
0.883581773086795	0.501949379706169	0.0173106920804308	0.0173106920804308
0.883538327106725	0.50186237745465	0.0173535403281546	0.0173535403281546
0.883494807877364	0.501775228611175	0.0173963885758784	0.0173963885758784
0.883451215151418	0.501687932680917	0.0174392368236023	0.0174392368236023
0.883407548680339	0.501600489166542	0.0174820850713261	0.0174820850713261
0.883363808214313	0.501512897568187	0.0175249333190499	0.0175249333190499
0.883319993502259	0.501425157383447	0.0175677815667738	0.0175677815667738
0.883276104291813	0.501337268107354	0.0176106298144976	0.0176106298144976
0.883232140329322	0.501249229232364	0.0176534780622215	0.0176534780622215
0.883188101359837	0.501161040248335	0.0176963263099453	0.0176963263099453
0.883143987127103	0.501072700642511	0.0177391745576691	0.0177391745576691
0.883099797373548	0.500984209899505	0.017782022805393	0.017782022805393
0.883055531840276	0.500895567501281	0.0178248710531168	0.0178248710531168
0.883011190267058	0.500806772927133	0.0178677193008407	0.0178677193008407
0.882966772392321	0.50071782565367	0.0179105675485645	0.0179105675485645
0.882922277953143	0.500628725154796	0.0179534157962883	0.0179534157962883
0.882877706685238	0.500539470901691	0.0179962640440122	0.0179962640440122
0.882833058322951	0.500450062362792	0.018039112291736	0.018039112291736
0.882788332599246	0.500360499003777	0.0180819605394598	0.0180819605394598
0.882743529245697	0.500270780287541	0.0181248087871837	0.0181248087871837
0.882698647992479	0.500180905674181	0.0181676570349075	0.0181676570349075
0.882653688568359	0.500090874620973	0.0182105052826314	0.0182105052826314
0.882608650700683	0.500000686582355	0.0182533535303552	0.0182533535303552
0.88256353411537	0.499910341009906	0.018296201778079	0.018296201778079
0.882518338536899	0.499819837352326	0.0183390500258029	0.0183390500258029
0.882473063688301	0.499729175055416	0.0183818982735267	0.0183818982735267
0.882427709291146	0.499638353562058	0.0184247465212506	0.0184247465212506
0.882382275065536	0.499547372312193	0.0184675947689744	0.0184675947689744
0.882336760730094	0.499456230742803	0.0185104430166982	0.0185104430166982
0.882291166001952	0.499364928287887	0.0185532912644221	0.0185532912644221
0.88224549059674	0.499273464378441	0.0185961395121459	0.0185961395121459
0.882199734228578	0.49918183844244	0.0186389877598697	0.0186389877598697
0.882153896610064	0.499090049904809	0.0186818360075936	0.0186818360075936
0.882107977452264	0.49899809818741	0.0187246842553174	0.0187246842553174
0.882061976464696	0.498905982709013	0.0187675325030413	0.0187675325030413
0.882015893355328	0.498813702885281	0.0188103807507651	0.0188103807507651
0.88196972783056	0.498721258128739	0.0188532289984889	0.0188532289984889
0.881923479595214	0.49862864784876	0.0188960772462128	0.0188960772462128
0.881877148352525	0.498535871451538	0.0189389254939366	0.0189389254939366
0.881830733804127	0.498442928340063	0.0189817737416605	0.0189817737416605
0.881784235650043	0.498349817914106	0.0190246219893843	0.0190246219893843
0.881737653588672	0.498256539570186	0.0190674702371081	0.0190674702371081
0.88169098731678	0.498163092701554	0.019110318484832	0.019110318484832
0.881644236529485	0.498069476698164	0.0191531667325558	0.0191531667325558
0.881597400920246	0.497975690946653	0.0191960149802796	0.0191960149802796
0.881550480180853	0.497881734830316	0.0192388632280035	0.0192388632280035
0.881503474001412	0.497787607729081	0.0192817114757273	0.0192817114757273
0.881456382070335	0.497693309019482	0.0193245597234512	0.0193245597234512
0.881409204074324	0.49759883807464	0.019367407971175	0.019367407971175
0.881361939698363	0.497504194264232	0.0194102562188988	0.0194102562188988
0.881314588625705	0.497409376954472	0.0194531044666227	0.0194531044666227
0.881267150537854	0.497314385508078	0.0194959527143465	0.0194959527143465
0.881219625114558	0.497219219284253	0.0195388009620704	0.0195388009620704
0.881172012033794	0.497123877638656	0.0195816492097942	0.0195816492097942
0.881124310971754	0.497028359923375	0.019624497457518	0.019624497457518
0.881076521602833	0.496932665486903	0.0196673457052419	0.0196673457052419
0.881028643599616	0.496836793674111	0.0197101939529657	0.0197101939529657
0.880980676632862	0.496740743826219	0.0197530422006895	0.0197530422006895
0.880932620371494	0.496644515280769	0.0197958904484134	0.0197958904484134
0.880884474482583	0.4965481073716	0.0198387386961372	0.0198387386961372
0.880836238631334	0.49645151942882	0.0198815869438611	0.0198815869438611
0.880787912481073	0.496354750778775	0.0199244351915849	0.0199244351915849
0.880739495693233	0.496257800744025	0.0199672834393087	0.0199672834393087
0.88069098792734	0.496160668643311	0.0200101316870326	0.0200101316870326
0.880642388840997	0.496063353791531	0.0200529799347564	0.0200529799347564
0.880593698089871	0.495965855499708	0.0200958281824803	0.0200958281824803
0.880544915327679	0.495868173074959	0.0201386764302041	0.0201386764302041
0.880496040206169	0.495770305820472	0.0201815246779279	0.0201815246779279
0.880447072375113	0.49567225303547	0.0202243729256518	0.0202243729256518
0.880398011482283	0.495574014015183	0.0202672211733756	0.0202672211733756
0.880348857173442	0.495475588050816	0.0203100694210994	0.0203100694210994
0.880299609092327	0.495376974429524	0.0203529176688233	0.0203529176688233
0.880250266880632	0.495278172434373	0.0203957659165471	0.0203957659165471
0.880200830177994	0.495179181344314	0.020438614164271	0.020438614164271
0.880151298621978	0.495080000434151	0.0204814624119948	0.0204814624119948
0.880101671848058	0.494980628974506	0.0205243106597186	0.0205243106597186
0.880051949489605	0.494881066231792	0.0205671589074425	0.0205671589074425
0.880002131177866	0.494781311468175	0.0206100071551663	0.0206100071551663
0.879952216541951	0.494681363941544	0.0206528554028902	0.0206528554028902
0.879902205208818	0.494581222905479	0.020695703650614	0.020695703650614
0.87985209680325	0.494480887609215	0.0207385518983378	0.0207385518983378
0.879801890947844	0.494380357297609	0.0207814001460617	0.0207814001460617
0.879751587262993	0.494279631211108	0.0208242483937855	0.0208242483937855
0.879701185366865	0.49417870858571	0.0208670966415093	0.0208670966415093
0.879650684875392	0.494077588652936	0.0209099448892332	0.0209099448892332
0.879600085402244	0.493976270639787	0.020952793136957	0.020952793136957
0.87954938655882	0.493874753768714	0.0209956413846809	0.0209956413846809
0.879498587954226	0.493773037257582	0.0210384896324047	0.0210384896324047
0.879447689195255	0.493671120319631	0.0210813378801285	0.0210813378801285
0.879396689886371	0.493569002163442	0.0211241861278524	0.0211241861278524
0.879345589629693	0.493466681992897	0.0211670343755762	0.0211670343755762
0.879294388024972	0.493364159007146	0.0212098826233001	0.0212098826233001
0.879243084669574	0.493261432400567	0.0212527308710239	0.0212527308710239
0.87919167915846	0.493158501362728	0.0212955791187477	0.0212955791187477
0.879140171084171	0.493055365078349	0.0213384273664716	0.0213384273664716
0.879088560036803	0.492952022727264	0.0213812756141954	0.0213812756141954
0.87903684560399	0.492848473484378	0.0214241238619192	0.0214241238619192
0.878985027370885	0.492744716519635	0.0214669721096431	0.0214669721096431
0.87893310492014	0.492640750997971	0.0215098203573669	0.0215098203573669
0.878881077831882	0.492536576079276	0.0215526686050908	0.0215526686050908
0.878828945683699	0.492432190918355	0.0215955168528146	0.0215955168528146
0.878776708050615	0.492327594664884	0.0216383651005384	0.0216383651005384
0.878724364505069	0.492222786463371	0.0216812133482623	0.0216812133482623
0.878671914616898	0.492117765453112	0.0217240615959861	0.0217240615959861
0.878619357953312	0.49201253076815	0.02176690984371	0.02176690984371
0.878566694078872	0.491907081537232	0.0218097580914338	0.0218097580914338
0.878513922555472	0.491801416883764	0.0218526063391576	0.0218526063391576
0.878461042942316	0.49169553592577	0.0218954545868815	0.0218954545868815
0.878408054795894	0.491589437775846	0.0219383028346053	0.0219383028346053
0.87835495766996	0.491483121541115	0.0219811510823291	0.0219811510823291
0.878301751115512	0.491376586323185	0.022023999330053	0.022023999330053
0.878248434680768	0.491269831218097	0.0220668475777768	0.0220668475777768
0.87819500791114	0.491162855316288	0.0221096958255007	0.0221096958255007
0.878141470349216	0.491055657702537	0.0221525440732245	0.0221525440732245
0.878087821534733	0.490948237455921	0.0221953923209483	0.0221953923209483
0.878034061004553	0.490840593649767	0.0222382405686722	0.0222382405686722
0.877980188292642	0.490732725351604	0.022281088816396	0.022281088816396
0.877926202930042	0.490624631623117	0.0223239370641199	0.0223239370641199
0.877872104444851	0.490516311520093	0.0223667853118437	0.0223667853118437
0.877817892362193	0.490407764092376	0.0224096335595675	0.0224096335595675
0.877763566204198	0.490298988383815	0.0224524818072914	0.0224524818072914
0.877709125489972	0.490189983432213	0.0224953300550152	0.0224953300550152
0.877654569735577	0.490080748269277	0.022538178302739	0.022538178302739
0.877599898454	0.489971281920568	0.0225810265504629	0.0225810265504629
0.877545111155129	0.489861583405444	0.0226238747981867	0.0226238747981867
0.877490207345728	0.489751651737012	0.0226667230459106	0.0226667230459106
0.877435186529408	0.489641485922072	0.0227095712936344	0.0227095712936344
0.877380048206602	0.489531084961065	0.0227524195413582	0.0227524195413582
0.877324791874536	0.489420447848018	0.0227952677890821	0.0227952677890821
0.877269417027204	0.489309573570488	0.0228381160368059	0.0228381160368059
0.877213923155336	0.489198461109506	0.0228809642845298	0.0228809642845298
0.877158309746377	0.489087109439524	0.0229238125322536	0.0229238125322536
0.87710257628445	0.488975517528355	0.0229666607799774	0.0229666607799774
0.877046722250333	0.488863684337118	0.0230095090277013	0.0230095090277013
0.87699074712143	0.488751608820176	0.0230523572754251	0.0230523572754251
0.876934650371738	0.488639289925083	0.023095205523149	0.023095205523149
0.876878431471821	0.48852672659252	0.0231380537708728	0.0231380537708728
0.876822089888777	0.488413917756236	0.0231809020185966	0.0231809020185966
0.876765625086212	0.488300862342992	0.0232237502663205	0.0232237502663205
0.876709036524204	0.488187559272491	0.0232665985140443	0.0232665985140443
0.876652323659277	0.488074007457325	0.0233094467617681	0.0233094467617681
0.876595485944365	0.487960205802906	0.023352295009492	0.023352295009492
0.876538522828785	0.487846153207405	0.0233951432572158	0.0233951432572158
0.876481433758202	0.48773184856169	0.0234379915049397	0.0234379915049397
0.876424218174597	0.487617290749258	0.0234808397526635	0.0234808397526635
0.876366875516234	0.48750247864617	0.0235236880003873	0.0235236880003873
0.876309405217631	0.487387411120987	0.0235665362481112	0.0235665362481112
0.876251806709519	0.487272087034703	0.023609384495835	0.023609384495835
0.876194079418816	0.487156505240673	0.0236522327435588	0.0236522327435588
0.876136222768586	0.487040664584551	0.0236950809912827	0.0236950809912827
0.87607823617801	0.486924563904215	0.0237379292390065	0.0237379292390065
0.876020119062349	0.486808202029702	0.0237807774867304	0.0237807774867304
0.875961870832905	0.486691577783132	0.0238236257344542	0.0238236257344542
0.875903490896993	0.486574689978643	0.023866473982178	0.023866473982178
0.875844978657897	0.486457537422312	0.0239093222299019	0.0239093222299019
0.875786333514838	0.486340118912086	0.0239521704776257	0.0239521704776257
0.875727554862936	0.486222433237707	0.0239950187253496	0.0239950187253496
0.875668642093173	0.486104479180636	0.0240378669730734	0.0240378669730734
0.875609594592353	0.485986255513981	0.0240807152207972	0.0240807152207972
0.875550411743066	0.485867761002415	0.0241235634685211	0.0241235634685211
0.87549109292365	0.485748994402101	0.0241664117162449	0.0241664117162449
0.875431637508148	0.485629954460616	0.0242092599639687	0.0242092599639687
0.875372044866272	0.485510639916868	0.0242521082116926	0.0242521082116926
0.875312314363363	0.48539104950102	0.0242949564594164	0.0242949564594164
0.875252445360346	0.485271181934403	0.0243378047071403	0.0243378047071403
0.875192437213696	0.485151035929439	0.0243806529548641	0.0243806529548641
0.87513228927539	0.485030610189558	0.0244235012025879	0.0244235012025879
0.875072000892869	0.48490990340911	0.0244663494503118	0.0244663494503118
0.875011571408994	0.484788914273283	0.0245091976980356	0.0245091976980356
0.874951000162003	0.484667641458019	0.0245520459457595	0.0245520459457595
0.874890286485469	0.484546083629921	0.0245948941934833	0.0245948941934833
0.874829429708254	0.484424239446171	0.0246377424412071	0.0246377424412071
0.874768429154466	0.484302107554438	0.024680590688931	0.024680590688931
0.874707284143412	0.48417968659279	0.0247234389366548	0.0247234389366548
0.874645993989555	0.484056975189599	0.0247662871843786	0.0247662871843786
0.874584558002468	0.483933971963453	0.0248091354321025	0.0248091354321025
0.874522975486785	0.483810675523061	0.0248519836798263	0.0248519836798263
0.874461245742153	0.483687084467158	0.0248948319275502	0.0248948319275502
0.87439936806319	0.483563197384409	0.024937680175274	0.024937680175274
0.874337341739431	0.483439012853317	0.0249805284229978	0.0249805284229978
0.874275166055279	0.483314529442116	0.0250233766707217	0.0250233766707217
0.87421284028996	0.483189745708683	0.0250662249184455	0.0250662249184455
0.874150363717471	0.483064660200428	0.0251090731661694	0.0251090731661694
0.874087735606526	0.482939271454199	0.0251519214138932	0.0251519214138932
0.874024955220508	0.482813577996175	0.025194769661617	0.025194769661617
0.873962021817418	0.482687578341766	0.0252376179093409	0.0252376179093409
0.873898934649819	0.482561270995506	0.0252804661570647	0.0252804661570647
0.873835692964785	0.482434654450944	0.0253233144047885	0.0253233144047885
0.873772296003847	0.482307727190541	0.0253661626525124	0.0253661626525124
0.873708743002937	0.482180487685558	0.0254090109002362	0.0254090109002362
0.873645033192335	0.482052934395944	0.0254518591479601	0.0254518591479601
0.873581165796611	0.481925065770228	0.0254947073956839	0.0254947073956839
0.873517140034571	0.481796880245403	0.0255375556434077	0.0255375556434077
0.873452955119195	0.481668376246814	0.0255804038911316	0.0255804038911316
0.873388610257586	0.481539552188037	0.0256232521388554	0.0256232521388554
0.873324104650903	0.481410406470768	0.0256661003865793	0.0256661003865793
0.873259437494309	0.481280937484699	0.0257089486343031	0.0257089486343031
0.873194607976906	0.481151143607398	0.0257517968820269	0.0257517968820269
0.873129615281677	0.481021023204191	0.0257946451297508	0.0257946451297508
0.873064458585422	0.480890574628033	0.0258374933774746	0.0258374933774746
0.872999137058695	0.480759796219388	0.0258803416251985	0.0258803416251985
0.872933649865744	0.480628686306098	0.0259231898729223	0.0259231898729223
0.872867996164445	0.480497243203258	0.0259660381206461	0.0259660381206461
0.872802175106234	0.480365465213084	0.02600888636837	0.02600888636837
0.872736185836049	0.480233350624781	0.0260517346160938	0.0260517346160938
0.872670027492254	0.480100897714414	0.0260945828638176	0.0260945828638176
0.872603699206579	0.479968104744767	0.0261374311115415	0.0261374311115415
0.872537200104046	0.47983496996521	0.0261802793592653	0.0261802793592653
0.872470529302907	0.47970149161156	0.0262231276069892	0.0262231276069892
0.872403685914564	0.479567667905941	0.026265975854713	0.026265975854713
0.872336669043508	0.47943349705664	0.0263088241024368	0.0263088241024368
0.87226947778724	0.479298977257965	0.0263516723501607	0.0263516723501607
0.8722021112362	0.4791641066901	0.0263945205978845	0.0263945205978845
0.872134568473696	0.479028883518953	0.0264373688456083	0.0264373688456083
0.872066848575826	0.478893305896011	0.0264802170933322	0.0264802170933322
0.871998950611402	0.478757371958187	0.026523065341056	0.026523065341056
0.871930873641875	0.478621079827666	0.0265659135887799	0.0265659135887799
0.871862616721258	0.478484427611748	0.0266087618365037	0.0266087618365037
0.871794178896044	0.478347413402692	0.0266516100842275	0.0266516100842275
0.871725559205128	0.478210035277558	0.0266944583319514	0.0266944583319514
0.871656756679727	0.478072291298039	0.0267373065796752	0.0267373065796752
0.871587770343295	0.477934179510305	0.0267801548273991	0.0267801548273991
0.871518599211443	0.477795697944829	0.0268230030751229	0.0268230030751229
0.871449242291854	0.477656844616225	0.0268658513228467	0.0268658513228467
0.871379698584197	0.477517617523072	0.0269086995705706	0.0269086995705706
0.871309967080038	0.477378014647745	0.0269515478182944	0.0269515478182944
0.87124004676276	0.477238033956235	0.0269943960660183	0.0269943960660183
0.871169936607463	0.477097673397976	0.0270372443137421	0.0270372443137421
0.871099635580885	0.476956930905662	0.0270800925614659	0.0270800925614659
0.871029142641304	0.476815804395066	0.0271229408091898	0.0271229408091898
0.870958456738445	0.476674291764853	0.0271657890569136	0.0271657890569136
0.870887576813391	0.476532390896392	0.0272086373046374	0.0272086373046374
0.870816501798484	0.476390099653567	0.0272514855523613	0.0272514855523613
0.870745230617229	0.476247415882586	0.0272943338000851	0.0272943338000851
0.870673762184198	0.47610433741178	0.027337182047809	0.027337182047809
0.870602095404929	0.47596086205141	0.0273800302955328	0.0273800302955328
0.870530229175826	0.475816987593463	0.0274228785432566	0.0274228785432566
0.870458162384059	0.475672711811448	0.0274657267909805	0.0274657267909805
0.870385893907457	0.475528032460193	0.0275085750387043	0.0275085750387043
0.870313422614405	0.475382947275629	0.0275514232864282	0.0275514232864282
0.87024074736374	0.475237453974582	0.027594271534152	0.027594271534152
0.870167867004639	0.475091550254558	0.0276371197818758	0.0276371197818758
0.870094780376513	0.474945233793521	0.0276799680295997	0.0276799680295997
0.870021486308894	0.474798502249673	0.0277228162773235	0.0277228162773235
0.869947983621326	0.474651353261229	0.0277656645250473	0.0277656645250473
0.869874271123245	0.47450378444619	0.0278085127727712	0.0278085127727712
0.869800347613869	0.47435579340211	0.027851361020495	0.027851361020495
0.86972621188208	0.474207377705861	0.0278942092682189	0.0278942092682189
0.8696518627063	0.474058534913398	0.0279370575159427	0.0279370575159427
0.869577298854378	0.473909262559513	0.0279799057636665	0.0279799057636665
0.86950251908346	0.473759558157594	0.0280227540113904	0.0280227540113904
0.86942752213987	0.473609419199374	0.0280656022591142	0.0280656022591142
0.869352306758981	0.473458843154679	0.0281084505068381	0.0281084505068381
0.86927687166509	0.473307827471176	0.0281512987545619	0.0281512987545619
0.869201215571285	0.473156369574106	0.0281941470022857	0.0281941470022857
0.869125337179316	0.473004466866029	0.0282369952500096	0.0282369952500096
0.86904923517946	0.472852116726548	0.0282798434977334	0.0282798434977334
0.868972908250384	0.472699316512047	0.0283226917454572	0.0283226917454572
0.868896355059011	0.472546063555407	0.0283655399931811	0.0283655399931811
0.868819574260377	0.472392355165735	0.0284083882409049	0.0284083882409049
0.868742564497494	0.472238188628071	0.0284512364886288	0.0284512364886288
0.868665324401198	0.472083561203112	0.0284940847363526	0.0284940847363526
0.868587852590012	0.471928470126907	0.0285369329840764	0.0285369329840764
0.868510147669992	0.471772912610571	0.0285797812318003	0.0285797812318003
0.868432208234577	0.47161688583998	0.0286226294795241	0.0286226294795241
0.868354032864441	0.471460386975464	0.028665477727248	0.028665477727248
0.868275620127333	0.4713034131515	0.0287083259749718	0.0287083259749718
0.868196968577919	0.471145961476395	0.0287511742226956	0.0287511742226956
0.868118076757628	0.470988029031967	0.0287940224704195	0.0287940224704195
0.868038943194485	0.470829612873221	0.0288368707181433	0.0288368707181433
0.867959566402947	0.470670710028019	0.0288797189658671	0.0288797189658671
0.867879944883736	0.470511317496746	0.028922567213591	0.028922567213591
0.867800077123671	0.470351432251968	0.0289654154613148	0.0289654154613148
0.867719961595493	0.470191051238092	0.0290082637090387	0.0290082637090387
0.867639596757691	0.470030171371009	0.0290511119567625	0.0290511119567625
0.867558981054324	0.469868789537744	0.0290939602044863	0.0290939602044863
0.86747811291484	0.46970690259609	0.0291368084522102	0.0291368084522102
0.867396990753894	0.469544507374244	0.029179656699934	0.029179656699934
0.867315612971159	0.469381600670434	0.0292225049476579	0.0292225049476579
0.867233977951139	0.469218179252537	0.0292653531953817	0.0292653531953817
0.867152084062975	0.4690542398577	0.0293082014431055	0.0293082014431055
0.867069929660251	0.468889779191942	0.0293510496908294	0.0293510496908294
0.866987513080795	0.468724793929763	0.0293938979385532	0.0293938979385532
0.866904832646476	0.468559280713737	0.029436746186277	0.029436746186277
0.866821886663002	0.468393236154104	0.0294795944340009	0.0294795944340009
0.866738673419708	0.468226656828351	0.0295224426817247	0.0295224426817247
0.866655191189348	0.468059539280792	0.0295652909294486	0.0295652909294486
0.866571438227879	0.467891880022136	0.0296081391771724	0.0296081391771724
0.866487412774238	0.467723675529049	0.0296509874248962	0.0296509874248962
0.86640311305013	0.467554922243712	0.0296938356726201	0.0296938356726201
0.86631853725979	0.467385616573366	0.0297366839203439	0.0297366839203439
0.866233683589764	0.467215754889857	0.0297795321680678	0.0297795321680678
0.866148550208669	0.467045333529168	0.0298223804157916	0.0298223804157916
0.86606313526696	0.466874348790944	0.0298652286635154	0.0298652286635154
0.865977436896685	0.466702796938011	0.0299080769112393	0.0299080769112393
0.865891453211247	0.466530674195883	0.0299509251589631	0.0299509251589631
0.865805182305145	0.466357976752268	0.0299937734066869	0.0299937734066869
0.86571862225373	0.46618470075656	0.0300366216544108	0.0300366216544108
0.865631771112942	0.466010842319321	0.0300794699021346	0.0300794699021346
0.865544626919049	0.465836397511762	0.0301223181498585	0.0301223181498585
0.865457187688384	0.465661362365205	0.0301651663975823	0.0301651663975823
0.865369451417069	0.465485732870545	0.0302080146453061	0.0302080146453061
0.865281416080744	0.465309504977699	0.03025086289303	0.03025086289303
0.865193079634283	0.465132674595044	0.0302937111407538	0.0302937111407538
0.865104440011513	0.464955237588845	0.0303365593884777	0.0303365593884777
0.865015495124922	0.464777189782681	0.0303794076362015	0.0303794076362015
0.864926242865365	0.464598526956851	0.0304222558839253	0.0304222558839253
0.864836681101761	0.464419244847774	0.0304651041316492	0.0304651041316492
0.864746807680793	0.464239339147379	0.030507952379373	0.030507952379373
0.864656620426594	0.464058805502486	0.0305508006270968	0.0305508006270968
0.864566117140431	0.463877639514169	0.0305936488748207	0.0305936488748207
0.864475295600385	0.46369583673712	0.0306364971225445	0.0306364971225445
0.864384153561024	0.463513392678987	0.0306793453702684	0.0306793453702684
0.864292688753068	0.463330302799713	0.0307221936179922	0.0307221936179922
0.864200898883053	0.463146562510857	0.030765041865716	0.030765041865716
0.864108781632983	0.462962167174902	0.0308078901134399	0.0308078901134399
0.86401633465998	0.462777112104555	0.0308507383611637	0.0308507383611637
0.863923555595929	0.462591392562031	0.0308935866088876	0.0308935866088876
0.863830442047111	0.462405003758328	0.0309364348566114	0.0309364348566114
0.863736991593835	0.462217940852479	0.0309792831043352	0.0309792831043352
0.863643201790057	0.462030198950805	0.0310221313520591	0.0310221313520591
0.863549070163002	0.461841773106144	0.0310649795997829	0.0310649795997829
0.863454594212767	0.461652658317068	0.0311078278475067	0.0311078278475067
0.863359771411927	0.461462849527087	0.0311506760952306	0.0311506760952306
0.863264599205129	0.461272341623839	0.0311935243429544	0.0311935243429544
0.863169075008675	0.46108112943826	0.0312363725906783	0.0312363725906783
0.863073196210107	0.460889207743749	0.0312792208384021	0.0312792208384021
0.862976960167775	0.460696571255304	0.0313220690861259	0.0313220690861259
0.862880364210401	0.460503214628653	0.0313649173338498	0.0313649173338498
0.862783405636634	0.460309132459362	0.0314077655815736	0.0314077655815736
0.862686081714599	0.460114319281932	0.0314506138292975	0.0314506138292975
0.862588389681432	0.45991876956887	0.0314934620770213	0.0314934620770213
0.862490326742814	0.459722477729754	0.0315363103247451	0.0315363103247451
0.862391890072486	0.459525438110269	0.031579158572469	0.031579158572469
0.862293076811766	0.459327644991232	0.0316220068201928	0.0316220068201928
0.862193884069047	0.459129092587598	0.0316648550679166	0.0316648550679166
0.862094308919293	0.45892977504744	0.0317077033156405	0.0317077033156405
0.861994348403516	0.458729686450918	0.0317505515633643	0.0317505515633643
0.861893999528257	0.458528820809222	0.0317933998110882	0.0317933998110882
0.86179325926504	0.458327172063497	0.031836248058812	0.031836248058812
0.861692124549831	0.458124734083747	0.0318790963065358	0.0318790963065358
0.861590592282472	0.457921500667716	0.0319219445542597	0.0319219445542597
0.861488659326117	0.457717465539749	0.0319647928019835	0.0319647928019835
0.861386322506648	0.457512622349626	0.0320076410497074	0.0320076410497074
0.861283578612081	0.457306964671382	0.0320504892974312	0.0320504892974312
0.861180424391967	0.457100486002091	0.032093337545155	0.032093337545155
0.861076856556766	0.456893179760637	0.0321361857928789	0.0321361857928789
0.860972871777226	0.456685039286451	0.0321790340406027	0.0321790340406027
0.860868466683738	0.456476057838232	0.0322218822883266	0.0322218822883266
0.860763637865681	0.456266228592634	0.0322647305360504	0.0322647305360504
0.860658381870753	0.456055544642927	0.0323075787837742	0.0323075787837742
0.860552695204291	0.455843998997639	0.0323504270314981	0.0323504270314981
0.860446574328574	0.455631584579158	0.0323932752792219	0.0323932752792219
0.860340015662113	0.455418294222314	0.0324361235269457	0.0324361235269457
0.860233015578925	0.455204120672927	0.0324789717746696	0.0324789717746696
0.860125570407795	0.45498905658633	0.0325218200223934	0.0325218200223934
0.86001767643152	0.454773094525854	0.0325646682701173	0.0325646682701173
0.859909329886135	0.454556226961287	0.0326075165178411	0.0326075165178411
0.859800526960128	0.454338446267297	0.0326503647655649	0.0326503647655649
0.859691263793637	0.454119744721826	0.0326932130132888	0.0326932130132888
0.859581536477625	0.453900114504443	0.0327360612610126	0.0327360612610126
0.859471341053045	0.45367954769467	0.0327789095087364	0.0327789095087364
0.859360673509979	0.453458036270266	0.0328217577564603	0.0328217577564603
0.859249529786768	0.453235572105476	0.0328646060041841	0.0328646060041841
0.859137905769113	0.453012146969243	0.032907454251908	0.032907454251908
0.859025797289165	0.452787752523382	0.0329503024996318	0.0329503024996318
0.858913200124588	0.452562380320709	0.0329931507473556	0.0329931507473556
0.858800109997611	0.452336021803137	0.0330359989950795	0.0330359989950795
0.858686522574047	0.452108668299725	0.0330788472428033	0.0330788472428033
0.8585724334623	0.451880311024683	0.0331216954905272	0.0331216954905272
0.858457838212345	0.451650941075337	0.033164543738251	0.033164543738251
0.85834273231469	0.451420549430043	0.0332073919859748	0.0332073919859748
0.858227111199309	0.451189126946065	0.0332502402336987	0.0332502402336987
0.858110970234552	0.450956664357389	0.0332930884814225	0.0332930884814225
0.857994304726036	0.450723152272504	0.0333359367291464	0.0333359367291464
0.857877109915506	0.45048858117212	0.0333787849768702	0.0333787849768702
0.85775938097967	0.450252941406845	0.033421633224594	0.033421633224594
0.857641113029006	0.450016223194796	0.0334644814723179	0.0334644814723179
0.85752230110655	0.449778416619171	0.0335073297200417	0.0335073297200417
0.857402940186646	0.449539511625749	0.0335501779677655	0.0335501779677655
0.857283025173669	0.449299498020342	0.0335930262154894	0.0335930262154894
0.857162550900724	0.449058365466186	0.0336358744632132	0.0336358744632132
0.85704151212831	0.448816103481268	0.0336787227109371	0.0336787227109371
0.856919903542952	0.448572701435594	0.0337215709586609	0.0337215709586609
0.856797719755801	0.448328148548387	0.0337644192063847	0.0337644192063847
0.856674955301205	0.448082433885224	0.0338072674541086	0.0338072674541086
0.85655160463524	0.447835546355102	0.0338501157018324	0.0338501157018324
0.856427662134208	0.447587474707434	0.0338929639495563	0.0338929639495563
0.8563031220931	0.447338207528974	0.0339358121972801	0.0339358121972801
0.856177978724023	0.447087733240663	0.0339786604450039	0.0339786604450039
0.856052226154583	0.446836040094405	0.0340215086927278	0.0340215086927278
0.855925858426233	0.446583116169756	0.0340643569404516	0.0340643569404516
0.855798869492582	0.446328949370543	0.0341072051881754	0.0341072051881754
0.855671253217655	0.446073527421387	0.0341500534358993	0.0341500534358993
0.855543003374122	0.445816837864146	0.0341929016836231	0.0341929016836231
0.855414113641466	0.445558868054274	0.034235749931347	0.034235749931347
0.855284577604123	0.445299605157078	0.0342785981790708	0.0342785981790708
0.855154388749561	0.445039036143886	0.0343214464267946	0.0343214464267946
0.855023540466319	0.444777147788125	0.0343642946745185	0.0343642946745185
0.854892026041992	0.444513926661284	0.0344071429222423	0.0344071429222423
0.854759838661165	0.444249359128788	0.0344499911699661	0.0344499911699661
0.854626971403296	0.443983431345758	0.03449283941769	0.03449283941769
0.854493417240541	0.443716129252662	0.0345356876654138	0.0345356876654138
0.854359169035526	0.44344743857086	0.0345785359131377	0.0345785359131377
0.854224219539059	0.443177344798021	0.0346213841608615	0.0346213841608615
0.854088561387779	0.442905833203429	0.0346642324085853	0.0346642324085853
0.853952187101749	0.442632888823163	0.0347070806563092	0.0347070806563092
0.853815089081984	0.442358496455147	0.034749928904033	0.034749928904033
0.853677259607904	0.442082640654068	0.0347927771517569	0.0347927771517569
0.853538690834734	0.441805305726162	0.0348356253994807	0.0348356253994807
0.853399374790821	0.441526475723855	0.0348784736472045	0.0348784736472045
0.853259303374886	0.441246134440259	0.0349213218949284	0.0349213218949284
0.853118468353195	0.440964265403524	0.0349641701426522	0.0349641701426522
0.852976861356658	0.440680851871022	0.0350070183903761	0.0350070183903761
0.852834473877847	0.44039587682339	0.0350498666380999	0.0350498666380999
0.852691297267925	0.440109322958388	0.0350927148858237	0.0350927148858237
0.852547322733502	0.4398211726846	0.0351355631335476	0.0351355631335476
0.852402541333391	0.439531408114954	0.0351784113812714	0.0351784113812714
0.852256943975276	0.439240011060057	0.0352212596289952	0.0352212596289952
0.852110521412291	0.438946963021345	0.0352641078767191	0.0352641078767191
0.851963264239495	0.438652245184036	0.0353069561244429	0.0353069561244429
0.851815162890249	0.438355838409881	0.0353498043721668	0.0353498043721668
0.851666207632486	0.438057723229706	0.0353926526198906	0.0353926526198906
0.851516388564877	0.43775787983574	0.0354355008676144	0.0354355008676144
0.851365695612884	0.437456288073716	0.0354783491153383	0.0354783491153383
0.851214118524693	0.437152927434742	0.0355211973630621	0.0355211973630621
0.851061646867033	0.436847777046934	0.035564045610786	0.035564045610786
0.850908270020866	0.436540815666796	0.0356068938585098	0.0356068938585098
0.850753977176954	0.436232021670346	0.0356497421062336	0.0356497421062336
0.850598757331286	0.43592137304398	0.0356925903539575	0.0356925903539575
0.85044259928037	0.435608847375046	0.0357354386016813	0.0357354386016813
0.850285491616388	0.43529442184215	0.0357782868494051	0.0357782868494051
0.850127422722189	0.43497807320515	0.035821135097129	0.035821135097129
0.84996838076614	0.434659777794848	0.0358639833448528	0.0358639833448528
0.849808353696817	0.434339511502368	0.0359068315925767	0.0359068315925767
0.849647329237519	0.434017249768194	0.0359496798403005	0.0359496798403005
0.849485294880625	0.433692967570867	0.0359925280880243	0.0359925280880243
0.849322237881763	0.433366639415334	0.0360353763357482	0.0360353763357482
0.849158145253798	0.433038239320912	0.036078224583472	0.036078224583472
0.848993003760627	0.432707740808881	0.0361210728311959	0.0361210728311959
0.848826799910772	0.432375116889669	0.0361639210789197	0.0361639210789197
0.848659519950773	0.432040340049628	0.0362067693266435	0.0362067693266435
0.848491149858356	0.431703382237377	0.0362496175743674	0.0362496175743674
0.848321675335385	0.431364214849696	0.0362924658220912	0.0362924658220912
0.848151081800576	0.431022808716957	0.036335314069815	0.036335314069815
0.847979354381973	0.430679134088068	0.0363781623175389	0.0363781623175389
0.847806477909168	0.430333160614919	0.0364210105652627	0.0364210105652627
0.847632436905265	0.429984857336295	0.0364638588129866	0.0364638588129866
0.847457215578565	0.429634192661252	0.0365067070607104	0.0365067070607104
0.847280797813972	0.429281134351924	0.0365495553084342	0.0365495553084342
0.847103167164102	0.428925649505735	0.0365924035561581	0.0365924035561581
0.846924306840083	0.428567704537001	0.0366352518038819	0.0366352518038819
0.846744199702036	0.428207265157887	0.0366781000516058	0.0366781000516058
0.846562828249224	0.427844296358695	0.0367209482993296	0.0367209482993296
0.846380174609848	0.427478762387461	0.0367637965470534	0.0367637965470534
0.846196220530483	0.427110626728823	0.0368066447947773	0.0368066447947773
0.846010947365136	0.426739852082127	0.0368494930425011	0.0368494930425011
0.845824336063906	0.426366400338748	0.0368923412902249	0.0368923412902249
0.845636367161234	0.425990232558587	0.0369351895379488	0.0369351895379488
0.845447020763725	0.425611308945703	0.0369780377856726	0.0369780377856726
0.845256276537511	0.42522958882305	0.0370208860333965	0.0370208860333965
0.845064113695159	0.424845030606267	0.0370637342811203	0.0370637342811203
0.844870510982072	0.424457591776499	0.0371065825288441	0.0371065825288441
0.844675446662392	0.424067228852181	0.037149430776568	0.037149430776568
0.844478898504357	0.423673897359753	0.0371922790242918	0.0371922790242918
0.8442808437651	0.423277551803256	0.0372351272720157	0.0372351272720157
0.844081259174863	0.422878145632749	0.0372779755197395	0.0372779755197395
0.843880120920594	0.422475631211502	0.0373208237674633	0.0373208237674633
0.843677404628899	0.422069959781894	0.0373636720151872	0.0373636720151872
0.843473085348328	0.421661081429978	0.037406520262911	0.037406520262911
0.843267137530948	0.421248945048617	0.0374493685106348	0.0374493685106348
0.843059535013173	0.42083349829915	0.0374922167583587	0.0374922167583587
0.842850250995831	0.420414687571507	0.0375350650060825	0.0375350650060825
0.842639258023405	0.419992457942686	0.0375779132538064	0.0375779132538064
0.842426527962421	0.419566753133534	0.0376207615015302	0.0376207615015302
0.842212031978948	0.419137515463724	0.037663609749254	0.037663609749254
0.841995740515147	0.418704685804854	0.0377064579969779	0.0377064579969779
0.841777623264833	0.418268203531566	0.0377493062447017	0.0377493062447017
0.841557649148002	0.417828006470585	0.0377921544924256	0.0377921544924256
0.841335786284257	0.417384030847564	0.0378350027401494	0.0378350027401494
0.841112001965088	0.416936211231643	0.0378778509878732	0.0378778509878732
0.840886262624944	0.416484480477573	0.0379206992355971	0.0379206992355971
0.840658533811022	0.416028769665292	0.0379635474833209	0.0379635474833209
0.840428780151722	0.415569008036826	0.0380063957310447	0.0380063957310447
0.840196965323684	0.415105122930345	0.0380492439787686	0.0380492439787686
0.839963052017331	0.41463703971125	0.0380920922264924	0.0380920922264924
0.839727001900843	0.4141646817001	0.0381349404742163	0.0381349404742163
0.839488775582467	0.413687970097226	0.0381777887219401	0.0381777887219401
0.839248332571077	0.413206823903837	0.0382206369696639	0.0382206369696639
0.839005631234878	0.412721159839418	0.0382634852173878	0.0382634852173878
0.838760628758158	0.412230892255221	0.0383063334651116	0.0383063334651116
0.838513281095967	0.411735933043606	0.0383491817128355	0.0383491817128355
0.838263542926607	0.411236191543009	0.0383920299605593	0.0383920299605593
0.838011367601804	0.410731574438275	0.0384348782082831	0.0384348782082831
0.837756707094428	0.410221985656079	0.038477726456007	0.038477726456007
0.837499511943609	0.40970732625514	0.0385205747037308	0.0385205747037308
0.837239731197094	0.409187494310926	0.0385634229514546	0.0385634229514546
0.836977312350682	0.408662384794497	0.0386062711991785	0.0386062711991785
0.836712201284548	0.408131889445144	0.0386491194469023	0.0386491194469023
0.836444342196272	0.407595896636421	0.0386919676946262	0.0386919676946262
0.836173677530357	0.407054291235163	0.03873481594235	0.03873481594235
0.835900147904021	0.406506954453054	0.0387776641900738	0.0387776641900738
0.835623692029019	0.405953763690243	0.0388205124377977	0.0388205124377977
0.835344246629239	0.405394592370514	0.0388633606855215	0.0388633606855215
0.835061746353795	0.404829309767451	0.0389062089332454	0.0389062089332454
0.834776123685316	0.40425778082099	0.0389490571809692	0.0389490571809692
0.834487308843118	0.40367986594373	0.038991905428693	0.038991905428693
0.834195229680891	0.403095420816294	0.0390347536764169	0.0390347536764169
0.83389981157856	0.402504296171004	0.0390776019241407	0.0390776019241407
0.833600977327872	0.401906337563037	0.0391204501718645	0.0391204501718645
0.833298647011308	0.401301385128213	0.0391632984195884	0.0391632984195884
0.832992737873825	0.400689273326439	0.0392061466673122	0.0392061466673122
0.832683164186911	0.400069830669797	0.0392489949150361	0.0392489949150361
0.832369837104411	0.399442879434141	0.0392918431627599	0.0392918431627599
0.832052664509498	0.398808235353013	0.0393346914104837	0.0393346914104837
0.831731550852144	0.398165707292532	0.0393775396582076	0.0393775396582076
0.831406396976362	0.397515096905846	0.0394203879059314	0.0394203879059314
0.831077099936454	0.396856198265566	0.0394632361536553	0.0394632361536553
0.83074355280139	0.396188797472487	0.0395060844013791	0.0395060844013791
0.830405644446408	0.395512672238728	0.0395489326491029	0.0395489326491029
0.830063259330812	0.394827591443275	0.0395917808968268	0.0395917808968268
0.82971627726085	0.394133314657675	0.0396346291445506	0.0396346291445506
0.829364573136466	0.393429591639477	0.0396774773922744	0.0396774773922744
0.829008016680578	0.392716161790729	0.0397203256399983	0.0397203256399983
0.828646472149427	0.391992753578595	0.0397631738877221	0.0397631738877221
0.828279798022384	0.391259083914898	0.039806022135446	0.039806022135446
0.827907846669428	0.390514857490996	0.0398488703831698	0.0398488703831698
0.827530463994362	0.389759766064125	0.0398917186308936	0.0398917186308936
0.827147489051587	0.388993487690862	0.0399345668786175	0.0399345668786175
0.826758753634066	0.38821568590295	0.0399774151263413	0.0399774151263413
0.826364081829827	0.387426008820199	0.0400202633740652	0.0400202633740652
0.82596328954408	0.386624088194618	0.040063111621789	0.040063111621789
0.825556183983711	0.385809538379268	0.0401059598695128	0.0401059598695128
0.825142563100513	0.384981955214614	0.0401488081172367	0.0401488081172367
0.824722214989162	0.384140914824323	0.0401916563649605	0.0401916563649605
0.824294917235418	0.383285972311534	0.0402345046126843	0.0402345046126843
0.823860436209556	0.382416660345551	0.0402773528604082	0.0402773528604082
0.823418526299391	0.381532487627722	0.040320201108132	0.040320201108132
0.822968929076597	0.380632937223905	0.0403630493558559	0.0403630493558559
0.822511372389244	0.379717464749331	0.0404058976035797	0.0404058976035797
0.822045569372566	0.378785496389929	0.0404487458513035	0.0404487458513035
0.82157121736895	0.377836426742078	0.0404915940990274	0.0404915940990274
0.821087996746985	0.376869616450445	0.0405344423467512	0.0405344423467512
0.820595569608007	0.375884389620806	0.0405772905944751	0.0405772905944751
0.820093578367047	0.374880030981648	0.0406201388421989	0.0406201388421989
0.819581644193253	0.373855782764687	0.0406629870899227	0.0406629870899227
0.819059365292743	0.372810841270218	0.0407058353376466	0.0407058353376466
0.818526315014392	0.371744353078315	0.0407486835853704	0.0407486835853704
0.817982039756194	0.370655410861122	0.0407915318330942	0.0407915318330942
0.817426056646439	0.369543048744756	0.0408343800808181	0.0408343800808181
0.816857850970021	0.368406237161405	0.0408772283285419	0.0408772283285419
0.816276873305487	0.367243877122883	0.0409200765762658	0.0409200765762658
0.815682536332938	0.366054793835799	0.0409629248239896	0.0409629248239896
0.81507421126627	0.364837729565376	0.0410057730717134	0.0410057730717134
0.814451223855458	0.363591335639251	0.0410486213194373	0.0410486213194373
0.813812849895138	0.362314163463815	0.0410914695671611	0.0410914695671611
0.813158310164482	0.361004654403023	0.041134317814885	0.041134317814885
0.812486764709699	0.359661128342359	0.0411771660626088	0.0411771660626088
0.811797306363938	0.358281770727479	0.0412200143103326	0.0412200143103326
0.811088953379189	0.356864617826706	0.0412628625580565	0.0412628625580565
0.810360641020027	0.355407539917049	0.0413057108057803	0.0413057108057803
0.809611211938565	0.35390822203245	0.0413485590535041	0.0413485590535041
0.808839405112233	0.352364141837449	0.041391407301228	0.041391407301228
0.808043843078895	0.35077254409529	0.0414342555489518	0.0414342555489518
0.807223017144845	0.34913041108146	0.0414771037966757	0.0414771037966757
0.806375270166641	0.347434428144554	0.0415199520443995	0.0415199520443995
0.805498776413039	0.345680943426915	0.0415628002921233	0.0415628002921233
0.804591517891888	0.343865920514698	0.0416056485398472	0.0416056485398472
0.80365125637018	0.341984882473619	0.041648496787571	0.041648496787571
0.802675500111362	0.34003284531852	0.0416913450352949	0.0416913450352949
0.801661464085923	0.338004238428575	0.0417341932830187	0.0417341932830187
0.800606022055451	0.335892808708377	0.0417770415307425	0.0417770415307425
0.799505648453354	0.333691504340991	0.0418198897784664	0.0418198897784664
0.798356347338541	0.331392332685292	0.0418627380261902	0.0418627380261902
0.79715356481048	0.328986185093958	0.041905586273914	0.041905586273914
0.79589208003912	0.326462618958571	0.0419484345216379	0.0419484345216379
0.79456586832078	0.323809583803289	0.0419912827693617	0.0419912827693617
0.793167927073866	0.32101307325381	0.0420341310170856	0.0420341310170856
0.791690052047131	0.318056677425727	0.0420769792648094	0.0420769792648094
0.790122545602661	0.314920999454741	0.0421198275125332	0.0421198275125332
0.78845383072563	0.311582883470178	0.0421626757602571	0.0421626757602571
0.786669931660089	0.308014375806496	0.0422055240079809	0.0422055240079809
0.784753761735461	0.304181300576492	0.0422483722557048	0.0422483722557048
0.78268412555118	0.300041263932522	0.0422912205034286	0.0422912205034286
0.780434285956047	0.295540787875611	0.0423340687511524	0.0423340687511524
0.777969846084311	0.290611074115064	0.0423769169988763	0.0423769169988763
0.775245511665296	0.285161528376476	0.0424197652466001	0.0424197652466001
0.772199938330564	0.279069454543581	0.0424626134943239	0.0424626134943239
0.768747120090215	0.272162830861509	0.0425054617420478	0.0425054617420478
0.764761094468756	0.264189718953709	0.0425483099897716	0.0425483099897716
0.760046576271518	0.254759529102425	0.0425911582374955	0.0425911582374955
0.754276404425754	0.243217909497116	0.0426340064852193	0.0426340064852193
0.74683726076793	0.228338173873418	0.0426768547329431	0.0426768547329431
0.736352215058913	0.207366364382996	0.042719702980667	0.042719702980667
0.718427562093488	0.171514819235051	0.0427625512283908	0.0427625512283908
0	0	0.0428053994761147	0.0428053994761147
