1	0	0.000962387757720513
2	0	0.00120635336140355
3	0	0.00132473772923188
4	0	0.00140855939329678
5	0	0.0014419274997643
6	0	0.00150022092257268
7	0	0.00151797042521387
8	0	0.00156727200816569
9	0	0.00157839715816721
10	0	0.00162353079738579
11	0	0.00163121692830967
12	0	0.00163769923933502
13	0	0.00164324064404951
14	0	0.00168465542508368
15	0	0.0016889337078498
16	0	0.00169270285754812
17	0	0.00173291939391611
18	0	0.00173597493115546
19	0	0.00173872235880684
20	0	0.0017412061658387
21	0	0.00174346266125605
22	0	0.00178266045078466
23	0	0.00178458721256574
24	0	0.00178635912409889
25	0	0.00178799419131683
26	0	0.00178950773012282
27	0	0.00179091285093038
28	0	0.00182955870986328
29	0	0.00183080477585898
30	0	0.00183197034423308
31	0	0.00183306300270093
32	0	0.00183408941347261
33	0	0.00183505545025775
34	0	0.00183596631162423
35	0	0.00183682661534014
36	0	0.00187514329181085
37	0	0.00187593013073445
38	0	0.00187667670415972
39	0	0.0018773860421938
40	0	0.0018780608780013
41	0	0.00187870368332716
42	0	0.00187931669903759
43	0	0.00187990196147582
44	0	0.00191807050837886
45	0	0.00191861637050709
46	0	0.0019191391218004
47	0	0.00191964020939046
48	0	0.00192012096189183
49	0	0.00192058260129812
50	0	0.00192102625347296
51	0	0.00192145295742585
52	0	0.00192186367353388
53	0	0.00192225929084667
54	0	0.00192264063359149
55	0	0.0019607144802962
56	0	0.00196107647784925
57	0	0.00196142610166875
58	0	0.00196176398108302
59	0	0.00196209070337996
60	0	0.00196240681726222
61	0	0.00196271283596701
62	0	0.00196300924008796
63	0	0.00196329648013164
64	0	0.00196357497883744
65	0	0.00196384513328605
66	0	0.00196410731681851
67	0	0.00200213804178374
68	0	0.00200239007288982
69	0	0.00200263499323328
70	0	0.00200287310290258
71	0	0.00200310468529793
72	0	0.00200333000827643
73	0	0.00200354932520415
74	0	0.0020037628759239
75	0	0.00200397088764639
76	0	0.00200417357577184
77	0	0.00200437114464821
78	0	0.00200456378827185
79	0	0.00200475169093531
80	0	0.00200493502782725
81	0	0.00204294628039273
82	0	0.0020431242741193
83	0	0.00204329810121012
84	0	0.00204346790832701
85	0	0.00204363383531038
86	0	0.00204379601557171
87	0	0.00204395457645916
88	0	0.00204410963959861
89	0	0.00204426132121181
90	0	0.00204440973241362
91	0	0.00204455497948975
92	0	0.00204469716415666
93	0	0.00204483638380473
94	0	0.00204497273172614
95	0	0.00204510629732847
96	0	0.00204523716633503
97	0	0.00204536542097297
98	0	0.00208337058562741
99	0	0.00208349612789784
100	0	0.00206484790416457
101	0	0.00208373999016887
102	0	0.00208385844981007
103	0	0.0020839746837448
104	0	0.00208408875527904
105	0	0.00208420072533286
106	0	0.00208431065255197
107	0	0.00208441859341303
108	0	0.00208452460232313
109	0	0.00208462873171387
110	0	0.00208473103213039
111	0	0.00208483155231554
112	0	0.00208493033928962
113	0	0.00208502743842596
114	0	0.0020851228935225
115	0	0.00208521674686965
116	0	0.00208530903931476
117	0	0.00208539981032319
118	0	0.00212340706489286
119	0	0.00212349650344965
120	0	0.00212358450558735
121	0	0.0021236711064229
122	0	0.00212375633993376
123	0	0.00212384023900383
124	0	0.00212392283546717
125	0	0.00212400416014963
126	0	0.00212408424290851
127	0	0.0021241631126704
128	0	0.00212424079746721
129	0	0.00212431732447053
130	0	0.0021243927200245
131	0	0.00212446700967707
132	0	0.00212454021820994
133	0	0.00212461236966711
134	0	0.00212468348738219
135	0	0.00212475359400448
136	0	0.00212482271152393
137	0	0.00212489086129499
138	0	0.00212495806405947
139	0	0.00212502433996836
140	0	0.00216303772494708
141	0	0.00216310335688281
142	0	0.00216316810354336
143	0	0.00216323198323842
144	0	0.00216329501377425
145	0	0.00216335721247093
146	0	0.00216341859617885
147	0	0.00216347918129454
148	0	0.0021635389837759
149	0	0.0021635980191568
150	0	0.00216365630256109
151	0	0.00216371384871608
152	0	0.00216377067196545
153	0	0.00216382678628173
154	0	0.00216388220527819
155	0	0.00216393694222042
156	0	0.0021639910100373
157	0	0.00216404442133169
158	0	0.00216409718839063
159	0	0.00216414932319523
160	0	0.00216420083743012
161	0	0.0021642517424926
162	0	0.00216430204950141
163	0	0.00216435176930526
164	0	0.00216440091249095
165	0	0.00216444948939125
166	0	0.00220247113864175
167	0	0.00220251944595264
168	0	0.00220256720710951
169	0	0.00220261443166702
170	0	0.00220266112895735
171	0	0.00220270730809662
172	0	0.00220275297799112
173	0	0.00220279814734334
174	0	0.00220284282465776
175	0	0.00220288701824646
176	0	0.00220293073623459
177	0	0.00220297398656554
178	0	0.00220301677700604
179	0	0.00220305911515108
180	0	0.00220310100842857
181	0	0.002203142464104
182	0	0.00220318348928481
183	0	0.0022032240909247
184	0	0.00220326427582776
185	0	0.0022033040506525
186	0	0.0022033434219157
187	0	0.00220338239599622
188	0	0.00220342097913856
189	0	0.00220345917745648
190	0	0.00220349699693636
191	0	0.00220353444344048
192	0	0.0022035715227103
193	0	0.00220360824036949
194	0	0.00220364460192701
195	0	0.00220368061277997
196	0	0.00224171137629811
197	0	0.00224174731061173
198	0	0.00224178290398992
199	0	0.00224181816149577
200	0	0.00224185308809218
201	0	0.0022418876886443
202	0	0.00224192196792198
203	0	0.00224195593060203
204	0	0.00224198958127055
205	0	0.00224202292442509
206	0	0.00224205596447678
207	0	0.00224208870575242
208	0	0.00224212115249645
209	0	0.00224215330887296
210	0	0.00224218517896755
211	0	0.00224221676678919
212	0	0.00224224807627199
213	0	0.00224227911127699
214	0	0.00224230987559379
215	0	0.00224234037294226
216	0	0.00224237060697411
217	0	0.00224240058127442
218	0	0.00224243029936321
219	0	0.0022424597646969
220	0	0.00224248898066972
221	0	0.00224251795061511
222	0	0.0022425466778071
223	0	0.00224257516546162
224	0	0.00224260341673777
225	0	0.00224263143473909
226	0	0.00224265922251478
227	0	0.00224268678306089
228	0	0.00224271411932145
229	0	0.00224274123418964
230	0	0.00228078114099771
231	0	0.00228080827381683
232	0	0.00228083519001799
233	0	0.00228086189234731
234	0	0.00228088838350449
235	0	0.00228091466614376
236	0	0.00228094074287485
237	0	0.00228096661626391
238	0	0.00228099228883442
239	0	0.00228101776306811
240	0	0.00228104304140575
241	0	0.00228106812624807
242	0	0.00228109301995653
243	0	0.00228111772485415
244	0	0.00228114224322625
245	0	0.00228116657732128
246	0	0.00228119072935149
247	0	0.00228121470149371
248	0	0.00228123849589004
249	0	0.00228126211464853
250	0	0.00228128555984388
251	0	0.00228130883351808
252	0	0.00228133193768105
253	0	0.00228135487431129
254	0	0.00228137764535647
255	0	0.00228140025273405
256	0	0.00228142269833184
257	0	0.00228144498400861
258	0	0.00228146711159461
259	0	0.00228148908289213
260	0	0.00228151089967604
261	0	0.0022815325636943
262	0	0.00228155407666849
263	0	0.00228157544029426
264	0	0.00228159665624187
265	0	0.00228161772615666
266	0	0.00228163865165947
267	0	0.00228165943434714
268	0	0.00231970806960604
269	0	0.00231972891308652
270	0	0.00231974961609967
271	0	0.00231977018017568
272	0	0.00231979060682251
273	0	0.00231981089752624
274	0	0.0023198310537515
275	0	0.00231985107694186
276	0	0.00231987096852019
277	0	0.00231989072988904
278	0	0.002319910362431
279	0	0.00231992986750906
280	0	0.00231994924646694
281	0	0.00231996850062946
282	0	0.00231998763130286
283	0	0.00232000663977509
284	0	0.00232002552731618
285	0	0.00232004429517853
286	0	0.00232006294459723
287	0	0.00232008147679032
288	0	0.00232009989295912
289	0	0.00232011819428851
290	0	0.00232013638194721
291	0	0.00232015445708804
292	0	0.00232017242084822
293	0	0.0023201902743496
294	0	0.00232020801869895
295	0	0.00232022565498818
296	0	0.00232024318429463
297	0	0.00232026060768127
298	0	0.00232027792619697
299	0	0.00232029514087674
300	0	0.00232031225274191
301	0	0.00232032926280041
302	0	0.00232034617204697
303	0	0.00232036298146331
304	0	0.0023203796920184
305	0	0.00232039630466864
306	0	0.00232041282035806
307	0	0.00232042924001853
308	0	0.00232044556456995
309	0	0.00232046179492045
310	0	0.00232047793196655
311	0	0.00232049397659342
312	0	0.00235855106966263
313	0	0.00235856719212367
314	0	0.00235858322328147
315	0	0.00235859916399112
316	0	0.00235861501509701
317	0	0.00235863077743299
318	0	0.00235864645182255
319	0	0.00235866203907897
320	0	0.00235867754000546
321	0	0.00235869295539534
322	0	0.0023587082860322
323	0	0.00235872353269002
324	0	0.00235873869613332
325	0	0.00235875377711735
326	0	0.00235876877638816
327	0	0.00235878369468281
328	0	0.00235879853272944
329	0	0.00235881329124744
330	0	0.00235882797094761
331	0	0.00235884257253223
332	0	0.0023588570966952
333	0	0.00235887154412222
334	0	0.00235888591549083
335	0	0.00235890021147058
336	0	0.00235891443272316
337	0	0.00235892857990247
338	0	0.00235894265365477
339	0	0.00235895665461877
340	0	0.00235897058342576
341	0	0.00235898444069971
342	0	0.00235899822705736
343	0	0.00235901194310835
344	0	0.0023590255894553
345	0	0.00235903916669394
346	0	0.00235905267541318
347	0	0.00235906611619519
348	0	0.00235907948961559
349	0	0.0023590927962434
350	0	0.00235910603664127
351	0	0.00235911921136547
352	0	0.00235913232096603
353	0	0.00235914536598685
354	0	0.00235915834696571
355	0	0.00235917126443441
356	0	0.00235918411891885
357	0	0.00235919691093911
358	0	0.00235920964100951
359	0	0.0023592223096387
360	0	0.00239728708786734
361	0	0.00239729983750992
362	0	0.00239731252623703
363	0	0.00239732515454329
364	0	0.00239733772291794
365	0	0.00239735023184492
366	0	0.00239736268180292
367	0	0.0023973750732655
368	0	0.00239738740670113
369	0	0.00239739968257323
370	0	0.0023974119013403
371	0	0.00239742406345592
372	0	0.00239743616936887
373	0	0.00239744821952318
374	0	0.00239746021435815
375	0	0.00239747215430847
376	0	0.00239748403980427
377	0	0.00239749587127113
378	0	0.00239750764913021
379	0	0.00239751937379828
380	0	0.00239753104568772
381	0	0.00239754266520671
382	0	0.00239755423275913
383	0	0.00239756574874472
384	0	0.00239757721355912
385	0	0.00239758862759387
386	0	0.00239759999123653
387	0	0.00239761130487067
388	0	0.00239762256887598
389	0	0.00239763378362827
390	0	0.00239764494949954
391	0	0.00239765606685804
392	0	0.00239766713606829
393	0	0.00239767815749115
394	0	0.00239768913148386
395	0	0.00239770005840007
396	0	0.00239771093858991
397	0	0.00239772177240002
398	0	0.00239773256017359
399	0	0.00239774330225042
400	0	0.00239775399896694
401	0	0.00239776465065626
402	0	0.00239777525764821
403	0	0.00239778582026941
404	0	0.00239779633884324
405	0	0.00239780681368997
406	0	0.00239781724512671
407	0	0.0023978276334675
408	0	0.00239783797902334
409	0	0.00239784828210224
410	0	0.0023978585430092
411	0	0.00239786876204631
412	0	0.00239787893951276
413	0	0.00239788907570488
414	0	0.00239789917091614
415	0	0.00243597127182389
416	0	0.00243598144490995
417	0	0.00243599157724213
418	0	0.00243600166910743
419	0	0.00243601172079011
420	0	0.00243602173257179
421	0	0.00243603170473141
422	0	0.00243604163754531
423	0	0.00243605153128725
424	0	0.00243606138622842
425	0	0.00243607120263752
426	0	0.00243608098078071
427	0	0.00243609072092173
428	0	0.00243610042332185
429	0	0.00243611008823994
430	0	0.0024361197159325
431	0	0.00243612930665366
432	0	0.00243613886065523
433	0	0.00243614837818673
434	0	0.00243615785949541
435	0	0.00243616730482622
436	0	0.00243617671442197
437	0	0.00243618608852319
438	0	0.00243619542736832
439	0	0.00243620473119358
440	0	0.0024362140002331
441	0	0.00243622323471892
442	0	0.00243623243488098
443	0	0.00243624160094718
444	0	0.00243625073314339
445	0	0.00243625983169347
446	0	0.00243626889681929
447	0	0.00243627792874077
448	0	0.00243628692767587
449	0	0.00243629589384065
450	0	0.00243630482744926
451	0	0.00243631372871396
452	0	0.00243632259784519
453	0	0.00243633143505152
454	0	0.0024363402405397
455	0	0.0024363490145147
456	0	0.00243635775717972
457	0	0.00243636646873617
458	0	0.00243637514938375
459	0	0.00243638379932043
460	0	0.00243639241874247
461	0	0.00243640100784445
462	0	0.0024364095668193
463	0	0.00243641809585827
464	0	0.00243642659515102
465	0	0.00243643506488555
466	0	0.00243644350524831
467	0	0.00243645191642415
468	0	0.00243646029859635
469	0	0.00243646865194665
470	0	0.00243647697665526
471	0	0.0024364852729009
472	0	0.00243649354086075
473	0	0.00243650178071055
474	0	0.00243650999262454
475	0	0.0024745887690863
476	0	0.00247459705310178
477	0	0.00247460530926706
478	0	0.00247461353775333
479	0	0.00247462173873034
480	0	0.00247462991236644
481	0	0.00247463805882864
482	0	0.00247464617828252
483	0	0.00247465427089234
484	0	0.00247466233682101
485	0	0.00247467037623011
486	0	0.0024746783892799
487	0	0.00247468637612935
488	0	0.00247469433693614
489	0	0.00247470227185666
490	0	0.00247471018104605
491	0	0.00247471806465821
492	0	0.00247472592284578
493	0	0.00247473375576018
494	0	0.00247474156355164
495	0	0.00247474934636916
496	0	0.00247475710436058
497	0	0.00247476483767252
498	0	0.0024747725464505
499	0	0.00247478023083883
500	0	0.0024747878909807
501	0	0.00247479552701818
502	0	0.0024748031390922
503	0	0.00247481072734258
504	0	0.00247481829190808
505	0	0.00247482583292633
506	0	0.00247483335053391
507	0	0.00247484084486632
508	0	0.00247484831605801
509	0	0.00247485576424239
510	0	0.00247486318955183
511	0	0.00247487059211767
512	0	0.00247487797207025
513	0	0.0024748853295389
514	0	0.00247489266465195
515	0	0.00247489997753674
516	0	0.00247490726831965
517	0	0.00247491453712607
518	0	0.00247492178408045
519	0	0.0024749290093063
520	0	0.00247493621292616
521	0	0.00247494339506167
522	0	0.00247495055583353
523	0	0.00247495769536154
524	0	0.00247496481376458
525	0	0.00247497191116064
526	0	0.00247497898766685
527	0	0.00247498604339941
528	0	0.00247499307847368
529	0	0.00247500009300417
530	0	0.0024750070871045
531	0	0.00247501406088748
532	0	0.00247502101446505
533	0	0.00247502794794833
534	0	0.00247503486144764
535	0	0.00247504175507245
536	0	0.00247504862893144
537	0	0.00247505548313249
538	0	0.00247506231778267
539	0	0.0024750691329883
540	0	0.00247507592885487
541	0	0.00247508270548715
542	0	0.00247508946298911
543	0	0.00251317460089185
544	0	0.00251318142382739
545	0	0.00251318822765042
546	0	0.00251319501246351
547	0	0.00251320177836845
548	0	0.00251320852546632
549	0	0.00251321525385746
550	0	0.0025132219636415
551	0	0.00251322865491733
552	0	0.00251323532778316
553	0	0.00251324198233648
554	0	0.00251324861867409
555	0	0.00251325523689211
556	0	0.00251326183708595
557	0	0.00251326841935036
558	0	0.00251327498377942
559	0	0.00251328153046654
560	0	0.00251328805950448
561	0	0.00251329457098532
562	0	0.00251330106500051
563	0	0.00251330754164087
564	0	0.00251331400099655
565	0	0.00251332044315711
566	0	0.00251332686821144
567	0	0.00251333327624785
568	0	0.002513339667354
569	0	0.00251334604161698
570	0	0.00251335239912323
571	0	0.00251335873995862
572	0	0.00251336506420843
573	0	0.00251337137195733
574	0	0.00251337766328943
575	0	0.00251338393828823
576	0	0.0025133901970367
577	0	0.00251339643961721
578	0	0.00251340266611156
579	0	0.00251340887660102
580	0	0.00251341507116628
581	0	0.0025134212498875
582	0	0.00251342741284428
583	0	0.00251343356011569
584	0	0.00251343969178026
585	0	0.00251344580791598
586	0	0.00251345190860034
587	0	0.00251345799391028
588	0	0.00251346406392224
589	0	0.00251347011871213
590	0	0.00251347615835537
591	0	0.00251348218292686
592	0	0.00251348819250101
593	0	0.00251349418715173
594	0	0.00251350016695243
595	0	0.00251350613197604
596	0	0.00251351208229502
597	0	0.00251351801798132
598	0	0.00251352393910643
599	0	0.00251352984574137
600	0	0.0025135357379567
601	0	0.00251354161582248
602	0	0.00251354747940835
603	0	0.00251355332878347
604	0	0.00251355916401656
605	0	0.00251356498517589
606	0	0.00251357079232926
607	0	0.00251357658554407
608	0	0.00251358236488724
609	0	0.00251358813042528
610	0	0.00251359388222427
611	0	0.00251359962034984
612	0	0.00251360534486722
613	0	0.00251361105584122
614	0	0.0025136167533362
615	0	0.00251362243741615
616	0	0.00251362810814461
617	0	0.00255171912244117
618	0	0.00255172485218
619	0	0.00255173056855612
620	0	0.00255173627163242
621	0	0.00255174196147139
622	0	0.00255174763813511
623	0	0.00255175330168528
624	0	0.00255175895218319
625	0	0.00255176458968977
626	0	0.00255177021426554
627	0	0.00255177582597065
628	0	0.00255178142486486
629	0	0.00255178701100758
630	0	0.00255179258445781
631	0	0.00255179814527422
632	0	0.00255180369351508
633	0	0.00255180922923831
634	0	0.00255181475250147
635	0	0.00255182026336175
636	0	0.002551825761876
637	0	0.00255183124810071
638	0	0.00255183672209202
639	0	0.00255184218390572
640	0	0.00255184763359726
641	0	0.00255185307122174
642	0	0.00255185849683392
643	0	0.00255186391048825
644	0	0.0025518693122388
645	0	0.00255187470213934
646	0	0.00255188008024331
647	0	0.00255188544660381
648	0	0.00255189080127363
649	0	0.00255189614430522
650	0	0.00255190147575072
651	0	0.00255190679566197
652	0	0.00255191210409046
653	0	0.0025519174010874
654	0	0.00255192268670368
655	0	0.00255192796098988
656	0	0.00255193322399626
657	0	0.00255193847577282
658	0	0.00255194371636921
659	0	0.00255194894583481
660	0	0.00255195416421871
661	0	0.00255195937156968
662	0	0.00255196456793623
663	0	0.00255196975336654
664	0	0.00255197492790855
665	0	0.00255198009160988
666	0	0.00255198524451788
667	0	0.00255199038667961
668	0	0.00255199551814189
669	0	0.00255200063895119
670	0	0.00255200574915378
671	0	0.00255201084879561
672	0	0.00255201593792238
673	0	0.00255202101657952
674	0	0.00255202608481219
675	0	0.00255203114266527
676	0	0.0025520361901834
677	0	0.00255204122741096
678	0	0.00255204625439206
679	0	0.00255205127117055
680	0	0.00255205627779002
681	0	0.00255206127429385
682	0	0.0025520662607251
683	0	0.00255207123712664
684	0	0.00255207620354105
685	0	0.00255208116001071
686	0	0.00255208610657769
687	0	0.00255209104328389
688	0	0.00255209597017091
689	0	0.00255210088728016
690	0	0.00255210579465276
691	0	0.00255211069232965
692	0	0.00255211558035149
693	0	0.00255212045875874
694	0	0.00255212532759162
695	0	0.0025521301868901
696	0	0.00255213503669395
697	0	0.0025521398770427
698	0	0.00255214470797566
699	0	0.00255214952953193
700	0	0.00259024619475593
701	0	0.00259025106936513
702	0	0.00259025593457534
703	0	0.00259026079042535
704	0	0.00259026563695372
705	0	0.00259027047419881
706	0	0.00259027530219875
707	0	0.00259028012099146
708	0	0.00259028493061465
709	0	0.00259028973110582
710	0	0.00259029452250226
711	0	0.00259029930484106
712	0	0.00259030407815909
713	0	0.00259030884249301
714	0	0.00259031359787932
715	0	0.00259031834435426
716	0	0.00259032308195391
717	0	0.00259032781071414
718	0	0.00259033253067061
719	0	0.0025903372418588
720	0	0.00259034194431398
721	0	0.00259034663807126
722	0	0.00259035132316551
723	0	0.00259035599963144
724	0	0.00259036066750357
725	0	0.00259036532681622
726	0	0.00259036997760352
727	0	0.00259037461989943
728	0	0.00259037925373772
729	0	0.00259038387915196
730	0	0.00259038849617557
731	0	0.00259039310484177
732	0	0.00259039770518359
733	0	0.0025904022972339
734	0	0.00259040688102539
735	0	0.00259041145659056
736	0	0.00259041602396175
737	0	0.00259042058317113
738	0	0.00259042513425069
739	0	0.00259042967723224
740	0	0.00259043421214743
741	0	0.00259043873902775
742	0	0.0025904432579045
743	0	0.00259044776880883
744	0	0.00259045227177171
745	0	0.00259045676682398
746	0	0.00259046125399626
747	0	0.00259046573331907
748	0	0.00259047020482272
749	0	0.00259047466853737
750	0	0.00259047912449306
751	0	0.0025904835727196
752	0	0.00259048801324672
753	0	0.00259049244610394
754	0	0.00259049687132064
755	0	0.00259050128892607
756	0	0.00259050569894928
757	0	0.0025905101014192
758	0	0.00259051449636461
759	0	0.00259051888381414
760	0	0.00259052326379625
761	0	0.00259052763633928
762	0	0.00259053200147139
763	0	0.00259053635922063
764	0	0.00259054070961488
765	0	0.00259054505268189
766	0	0.00259054938844925
767	0	0.00259055371694443
768	0	0.00259055803819474
769	0	0.00259056235222736
770	0	0.00259056665906932
771	0	0.00259057095874753
772	0	0.00259057525128873
773	0	0.00259057953671957
774	0	0.00259058381506652
775	0	0.00259058808635593
776	0	0.00259059235061403
777	0	0.00259059660786689
778	0	0.00259060085814047
779	0	0.00259060510146059
780	0	0.00259060933785293
781	0	0.00259061356734307
782	0	0.00259061778995642
783	0	0.00259062200571828
784	0	0.00259062621465384
785	0	0.00259063041678813
786	0	0.00259063461214608
787	0	0.00259063880075249
788	0	0.00259064298263201
789	0	0.00259064715780921
790	0	0.00262874913741626
791	0	0.00262875336046917
792	0	0.00262875757679515
793	0	0.00262876178641862
794	0	0.00262876598936388
795	0	0.00262877018565509
796	0	0.00262877437531631
797	0	0.00262877855837147
798	0	0.00262878273484438
799	0	0.00262878690475874
800	0	0.00262879106813813
801	0	0.002628795225006
802	0	0.00262879937538571
803	0	0.00262880351930049
804	0	0.00262880765677345
805	0	0.0026288117878276
806	0	0.00262881591248583
807	0	0.00262882003077091
808	0	0.00262882414270551
809	0	0.0026288282483122
810	0	0.00262883234761341
811	0	0.00262883644063148
812	0	0.00262884052738865
813	0	0.00262884460790702
814	0	0.00262884868220862
815	0	0.00262885275031534
816	0	0.00262885681224899
817	0	0.00262886086803125
818	0	0.00262886491768373
819	0	0.00262886896122791
820	0	0.00262887299868515
821	0	0.00262887703007675
822	0	0.00262888105542388
823	0	0.00262888507474761
824	0	0.00262888908806891
825	0	0.00262889309540866
826	0	0.00262889709678763
827	0	0.00262890109222649
828	0	0.00262890508174582
829	0	0.00262890906536609
830	0	0.00262891304310768
831	0	0.00262891701499088
832	0	0.00262892098103585
833	0	0.00262892494126271
834	0	0.00262892889569143
835	0	0.00262893284434193
836	0	0.002628936787234
837	0	0.00262894072438736
838	0	0.00262894465582162
839	0	0.00262894858155631
840	0	0.00262895250161087
841	0	0.00262895641600464
842	0	0.00262896032475686
843	0	0.00262896422788671
844	0	0.00262896812541325
845	0	0.00262897201735547
846	0	0.00262897590373226
847	0	0.00262897978456242
848	0	0.00262898365986468
849	0	0.00262898752965766
850	0	0.00262899139395991
851	0	0.00262899525278989
852	0	0.00262899910616597
853	0	0.00262900295410643
854	0	0.00262900679662948
855	0	0.00262901063375324
856	0	0.00262901446549574
857	0	0.00262901829187493
858	0	0.00262902211290869
859	0	0.00262902592861479
860	0	0.00262902973901095
861	0	0.00262903354411478
862	0	0.00262903734394383
863	0	0.00262904113851555
864	0	0.00262904492784735
865	0	0.0026290487119565
866	0	0.00262905249086025
867	0	0.00262905626457573
868	0	0.00262906003312002
869	0	0.00262906379651009
870	0	0.00262906755476287
871	0	0.00262907130789518
872	0	0.00262907505592379
873	0	0.00262907879886539
874	0	0.00262908253673657
875	0	0.00262908626955387
876	0	0.00262908999733375
877	0	0.0026290937200926
878	0	0.00262909743784672
879	0	0.00262910115061235
880	0	0.00262910485840565
881	0	0.00262910856124272
882	0	0.00262911225913957
883	0	0.00262911595211215
884	0	0.00262911964017634
885	0	0.00262912332334795
886	0	0.0026291270016427
887	0	0.00262913067507626
888	0	0.00262913434366423
889	0	0.00262913800742213
890	0	0.00266724516654834
891	0	0.00266724887365385
892	0	0.00266725257590613
893	0	0.00266725627332064
894	0	0.00266725996591277
895	0	0.00266726365369789
896	0	0.00266726733669123
897	0	0.00266727101490803
898	0	0.0026672746883634
899	0	0.00266727835707241
900	0	0.00266728202105006
901	0	0.00266728568031131
902	0	0.002667289334871
903	0	0.00266729298474395
904	0	0.0026672966299449
905	0	0.00266730027048851
906	0	0.00266730390638943
907	0	0.00266730753766217
908	0	0.00266731116432123
909	0	0.00266731478638104
910	0	0.00266731840385595
911	0	0.00266732201676026
912	0	0.00266732562510821
913	0	0.00266732922891397
914	0	0.00266733282819164
915	0	0.00266733642295529
916	0	0.0026673400132189
917	0	0.00266734359899641
918	0	0.00266734718030168
919	0	0.00266735075714853
920	0	0.0026673543295507
921	0	0.00266735789752189
922	0	0.00266736146107574
923	0	0.00266736502022581
924	0	0.00266736857498563
925	0	0.00266737212536866
926	0	0.0026673756713883
927	0	0.00266737921305788
928	0	0.00266738275039071
929	0	0.00266738628340001
930	0	0.00266738981209895
931	0	0.00266739333650067
932	0	0.00266739685661821
933	0	0.0026674003724646
934	0	0.00266740388405277
935	0	0.00266740739139564
936	0	0.00266741089450605
937	0	0.00266741439339678
938	0	0.00266741788808057
939	0	0.00266742137857011
940	0	0.00266742486487802
941	0	0.00266742834701688
942	0	0.00266743182499922
943	0	0.00266743529883749
944	0	0.00266743876854414
945	0	0.0026674422341315
946	0	0.00266744569561192
947	0	0.00266744915299765
948	0	0.00266745260630089
949	0	0.00266745605553382
950	0	0.00266745950070854
951	0	0.00266746294183712
952	0	0.00266746637893156
953	0	0.00266746981200384
954	0	0.00266747324106584
955	0	0.00266747666612945
956	0	0.00266748008720647
957	0	0.00266748350430867
958	0	0.00266748691744776
959	0	0.00266749032663542
960	0	0.00266749373188326
961	0	0.00266749713320284
962	0	0.0026675005306057
963	0	0.00266750392410332
964	0	0.00266750731370712
965	0	0.00266751069942849
966	0	0.00266751408127876
967	0	0.00266751745926922
968	0	0.00266752083341111
969	0	0.00266752420371565
970	0	0.00266752757019397
971	0	0.00266753093285719
972	0	0.00266753429171636
973	0	0.00266753764678251
974	0	0.00266754099806661
975	0	0.00266754434557958
976	0	0.00266754768933231
977	0	0.00266755102933564
978	0	0.00266755436560036
979	0	0.00266755769813723
980	0	0.00266756102695696
981	0	0.00266756435207021
982	0	0.0026675676734876
983	0	0.00266757099121972
984	0	0.0026675743052771
985	0	0.00266757761567024
986	0	0.0026675809224096
987	0	0.00266758422550558
988	0	0.00266758752496855
989	0	0.00266759082080885
990	0	0.00266759411303675
991	0	0.00266759740166251
992	0	0.00266760068669634
993	0	0.00266760396814839
994	0	0.0026676072460288
995	0	0.00266761052034764
996	0	0.00266761379111496
997	0	0.00266761705834077
998	0	0.00266762032203502
999	0	0.00270573248854329
1000	0	0.00268135979486115
1001	0	0.00270573909136513
