1	0.00230665233916606	43.9230248752375
2	0.00383540043679816	124.464505315378
3	0.00492752326333463	237.422063801424
4	0.0062349539815957	377.494035376621
5	0.00750365197384304	567.601827109506
6	0.00873931603545857	757.601481319315
7	0.00994598398314811	1011.31138727988
8	0.0111267226275757	1240.12094259416
9	0.0122839666308689	1551.11610100409
10	0.013419709088535	1896.6976406173
11	0.0145356190337443	2172.18547173392
12	0.015633118827525	2567.8426183611
13	0.0167134377135342	2996.46965538938
14	0.0177776503272564	3302.66278213737
15	0.0188267052462622	3774.98950942189
16	0.0198614466920145	4278.79091200114
17	0.0208826313724444	4814.06379988083
18	0.0218909417854524	5380.80543172124
19	0.0228869968871116	5716.23240050249
20	0.0238713607598706	6318.23020698139
21	0.0248445497375994	6950.30766250656
22	0.0258070383225623	7612.46320363637
23	0.0267592641444012	8304.69543049703
24	0.0258908294933169	8638.79110826354
25	0.0267623845308424	9358.81636326498
26	0.0276254040293806	10107.6215387837
27	0.0284801932570895	10885.205722852
28	0.0293270377005177	11691.5680769619
29	0.0301662049344456	12526.7078269648
30	0.0309979462602659	13390.6242554087
31	0.0318224981480777	14283.3166950464
32	0.0326400835113845	14564.6559494149
33	0.0334509128382721	15474.8929062553
34	0.0342551851989342	16412.692711554
35	0.0350530891461693	17378.0548725014
36	0.035844803522834	18370.9789243051
37	0.0366304981880894	19391.4644276223
38	0.0374103346724877	20439.5109663065
39	0.0381844667704872	21515.1181454252
40	0.0389530410777565	21685.6744757637
41	0.0397161974796033	22769.7789643292
42	0.0404740695960058	23880.3066655276
43	0.0412267851879984	25017.2572670274
44	0.0419744665295455	26180.6304700857
45	0.0427172307485162	27370.4259885921
46	0.0434551901399281	28586.6435482062
47	0.0441884524542333	29829.2828855769
48	0.0449171211631034	31098.3437476356
49	0.0456412957048769	32393.8258909515
50	0.0463610717115883	33715.7290811455
51	0.0470765412192804	33647.4717561736
52	0.0477877928631218	34966.6769257992
53	0.0484949120586781	36311.2351088049
54	0.0491979811705541	37681.146110284
55	0.0498970796694859	39076.4097418285
56	0.0505922842788623	40497.0258211894
57	0.0512836691115502	41942.9941719616
58	0.0519713057978188	43414.3146232927
59	0.0526552636050709	44910.987009611
60	0.0533356095500337	46433.0111703726
61	0.0540124085039886	47980.3869498259
62	0.054685723291581	49553.114196792
63	0.0553556147836835	51151.1927644573
64	0.0560221419847612	50684.7481078464
65	0.0566853621151345	52268.2371816293
66	0.0573453306885124	53876.0732641395
67	0.0580021015851257	55508.2562294096
68	0.0586557271207737	57164.7859548435
69	0.0593062581120613	58845.6623210823
70	0.059953743938085	60550.8852118741
71	0.0605982325988141	62280.4545139523
72	0.0612397707703731	64034.370116922
73	0.0618784038574372	65812.6319131486
74	0.0625141760429237	67615.2397976564
75	0.0631471303351515	69442.1936680289
76	0.0637773086126256	71293.4934243175
77	0.064404751666599	73169.1389689506
78	0.0650294992415393	75069.1302066521
79	0.0656515900736395	76993.4670443582
80	0.0662710619274769	75876.730257373
81	0.0668879516309382	77773.1429584483
82	0.0675022951085057	79692.9556338811
83	0.0681141274130077	81636.1682020312
84	0.0687234827559098	83602.7805830521
85	0.0693303945362388	85592.7926988311
86	0.0699348953682095	87606.2044729328
87	0.0705370171076298	89643.0158305478
88	0.071136790877146	91703.2266984403
89	0.0717342470903978	93786.8370048981
90	0.0723294154751335	95893.8466796874
91	0.0729223250953457	98024.2556540058
92	0.0735130043724784	100178.063860441
93	0.0741014811057483	102355.271232926
94	0.0746877824916329	104555.877706704
95	0.075271935142565	106779.883218285
96	0.0758539651048663	109027.287705409
97	0.0764338978759734	111298.091107017
98	0.0770117584209737	109265.36881379
99	0.077587571188499	111494.688470981
100	0.0788604634936749	115824.03417139
101	0.0787331486944187	116020.850050994
102	0.0793029598823458	118317.69186591
103	0.07987081621958	120637.040960464
104	0.0804367397902299	122978.897283114
105	0.0810007522453083	125343.260783237
106	0.0815628748148685	127730.131411103
107	0.0821231283196952	130139.509117852
108	0.0826815331825778	132571.393855467
109	0.0832381094391758	135025.78557676
110	0.0837928767485005	137502.684235341
111	0.0843458544030263	140002.089785605
112	0.0848970613384533	142524.002182708
113	0.0854465161431237	145068.421382545
114	0.0859942370671231	147635.34734174
115	0.0865402420310687	150224.780017617
116	0.0870845486345981	152836.719368189
117	0.0876271741645793	155471.16535214
118	0.0881681356030418	158128.117928809
119	0.0887074496348517	160807.577058169
120	0.0892451326551305	157397.581365071
121	0.0897812007764395	160020.2131274
122	0.0903156698357242	162664.510038778
123	0.0908485554010451	165330.472062987
124	0.0913798727780908	168018.099164354
125	0.0919096370164857	170727.39130773
126	0.0924378629159022	173458.348458491
127	0.0929645650319836	176210.970582516
128	0.0934897576820832	178985.257646177
129	0.0940134549508275	181781.209616329
130	0.0945356706955132	184598.826460302
131	0.0950564185513406	187438.108145881
132	0.095575711936488	190299.054641307
133	0.0960935640570407	193181.665915257
134	0.0966099879117669	196085.941936839
135	0.0971249962967642	199011.882675584
136	0.0976386018099595	201959.488101432
137	0.0981508168554888	204928.758184724
138	0.0986616536479431	207919.692896197
139	0.0991711242165025	210932.292206973
140	0.0996792404089445	213966.556088546
141	0.100186013895543	217022.484512781
142	0.100691456172861	220100.077451905
143	0.101195578567437	223199.334878494
144	0.101698392239365	226320.25676547
145	0.102199908185784	229462.843086094
146	0.102700137244264	224091.052643025
147	0.103199090096112	227160.063464616
148	0.103696777269577	230249.943687519
149	0.10419320914298	233360.693287212
150	0.10468839594775	236492.31223946
151	0.105182347771392	239644.800520317
152	0.105675074560367	242818.15810612
153	0.106166586122908	246012.384973475
154	0.106656892131747	249227.481099263
155	0.107146002126789	252463.446460626
156	0.107633925517709	255720.281034964
157	0.10812067158648	258997.984799931
158	0.10860624948985	262296.55773343
159	0.109090668261738	265615.999813609
160	0.109573936815589	268956.311018848
161	0.110056063946656	272317.491327768
162	0.110537058334238	275699.540719216
163	0.11101692854385	279102.459172262
164	0.111495683029356	282526.2466662
165	0.11197333013503	285970.903180537
166	0.112449878097588	289436.428694996
167	0.112925335048161	292922.823189501
168	0.113399709014219	296430.086644188
169	0.113873007921451	299958.219039385
170	0.114345239595608	303507.220355622
171	0.114816411764294	307077.090573619
172	0.115286532058717	310667.829674286
173	0.115755608015404	314279.437638715
174	0.11622364707787	317911.914448187
175	0.116690656598253	321565.260084153
176	0.117156643838911	313520.102852645
177	0.117621615973984	317082.040943206
178	0.118085580090918	320664.09583999
179	0.118548543191954	324266.267525778
180	0.119010512195587	327888.555983506
181	0.119471493937996	331530.961196266
182	0.119931495174429	335193.483147301
183	0.120390522580576	338876.121820001
184	0.120848582753893	342578.877197902
185	0.121305682214916	346301.749264682
186	0.121761827408531	350044.738004164
187	0.122217024705221	353807.843400308
188	0.122671280402294	357591.065437202
189	0.12312460072508	361394.404099081
190	0.12357699182809	365217.859370297
191	0.124028459796178	369061.431235342
192	0.124479010645649	372925.119678828
193	0.124928650325367	376808.924685493
194	0.125377384717826	380712.846240196
195	0.125825219640202	384636.884327918
196	0.126272160845389	388581.038933759
197	0.126718214023008	392545.310042931
198	0.127163384800395	396529.697640762
199	0.127607678743572	400534.201712694
200	0.128051101358198	404558.822244275
201	0.1284936580905	408603.559221165
202	0.128935354328185	412668.412629129
203	0.12937619540133	416753.382454038
204	0.129816186583271	420858.468681863
205	0.130255333091447	424983.671298678
206	0.130693640088253	429128.990290659
207	0.131131112681861	433294.425644076
208	0.131567755927034	437479.977345295
209	0.132003574825913	441685.645380785
210	0.132438574328806	445911.429737095
211	0.132872759334939	450157.330400876
212	0.133306134693221	438338.848735906
213	0.133738705202965	442473.272543512
214	0.134170475614616	446627.100595544
215	0.13460145063046	450800.332879465
216	0.135031634905309	454992.969382813
217	0.135461033047195	459205.010093214
218	0.13588964961803	463436.454998369
219	0.136317489134265	467687.304086053
220	0.136744556067533	471957.557344124
221	0.137170854845282	476247.214760514
222	0.137596389851396	480556.276323224
223	0.138021165426801	484884.742020337
224	0.138445185870071	489232.611839999
225	0.138868455438007	493599.88577043
226	0.139290978346217	497986.563799925
227	0.139712758769688	502392.645916837
228	0.140133800843333	506818.132109596
229	0.140554108662541	511263.022366692
230	0.140973686283721	515727.316676686
231	0.141392537724819	520211.015028199
232	0.141810666965843	524714.117409916
233	0.142228077949368	529236.62381059
234	0.14264477458104	533778.534219028
235	0.143060760730066	538339.848624102
236	0.143476040229697	542920.567014743
237	0.143890616877701	547520.68937994
238	0.144304494436834	552140.215708744
239	0.144717676635296	556779.145990255
240	0.145130167167181	561437.480213637
241	0.145541969692922	566115.218368109
242	0.145953087839729	570812.360442938
243	0.14636352520201	575528.90642745
244	0.146773285341803	580264.856311027
245	0.147182371789181	585020.210083095
246	0.147590788042664	589794.967733139
247	0.147998537569619	594589.129250694
248	0.148405623806654	599402.694625338
249	0.148812050160008	604235.663846708
250	0.149217820005926	609088.036904482
251	0.149622936691041	613959.813788389
252	0.150027403532739	597327.400146814
253	0.150431223819523	602067.194859392
254	0.150834400811373	606825.718504866
255	0.151236937740091	611602.971073507
256	0.151638837809656	616398.952555621
257	0.152040104196554	621213.662941559
258	0.152440740050121	626047.10222171
259	0.152840748492872	630899.270386511
260	0.153240132620818	635770.167426435
261	0.153638895503797	640659.793331997
262	0.154037040185777	645568.148093755
263	0.154434569685176	650495.231702295
264	0.154831486995158	655441.044148255
265	0.155227795083935	660405.585422304
266	0.15562349689507	665388.855515147
267	0.156018595347757	670390.854417528
268	0.156413093337113	675411.582120232
269	0.156806993734461	680451.038614075
270	0.157200299387603	685509.223889906
271	0.157593013121102	690586.137938613
272	0.15798513773654	695681.780751121
273	0.158376676012792	700796.152318383
274	0.158767630706285	705929.25263139
275	0.159158004551256	711081.081681166
276	0.159547800260004	716251.639458762
277	0.159937020523142	721440.925955273
278	0.16032566800984	726648.941161813
279	0.160713745368072	731875.685069534
280	0.161101255224853	737121.157669622
281	0.161488200186473	742385.358953283
282	0.161874582838729	747668.288911765
283	0.16226040574716	752969.947536344
284	0.162645671457263	758290.334818314
285	0.163030382494725	763629.450749014
286	0.163414541365632	768987.295319799
287	0.16379815055669	774363.868522062
288	0.164181212535442	779759.170347217
289	0.164563729750468	785173.200786705
290	0.164945704631602	790605.959832005
291	0.165327139590127	796057.447474612
292	0.165708037018982	801527.663706046
293	0.166088399292958	807016.608517862
294	0.166468228768891	812524.281901641
295	0.166847527785862	818050.683848976
296	0.167226298665377	823595.814351503
297	0.167604543711563	829159.673400871
298	0.167982265211345	834742.260988758
299	0.168359465434638	811616.018702592
300	0.168736146634517	817043.939346614
301	0.169112311047399	822489.948260846
302	0.169487960893219	827954.045437341
303	0.1698630983756	833436.230868172
304	0.170237725682022	838936.504545446
305	0.170611844983991	844454.866461274
306	0.170985458437209	849991.316607803
307	0.171358568181729	855545.854977192
308	0.171731176342126	861118.481561629
309	0.172103285027644	866709.196353318
310	0.172474896332364	872317.999344482
311	0.172846012335353	877944.890527369
312	0.173216635100818	883589.869894245
313	0.173586766678255	889252.937437391
314	0.173956409102603	894934.093149114
315	0.174325564394384	900633.33702174
316	0.174694234559854	906350.669047611
317	0.175062421591139	912086.089219088
318	0.175430127466384	917839.597528552
319	0.175797354149888	923611.193968403
320	0.176164103592241	929400.878531056
321	0.17653037773046	935208.651208948
322	0.176896178488127	941034.511994531
323	0.177261507775514	946878.460880276
324	0.177626367489722	952740.497858669
325	0.177990759514802	958620.622922218
326	0.178354685721889	964518.836063438
327	0.178718147969321	970435.137274879
328	0.179081148102772	976369.526549084
329	0.179443687955362	982322.003878631
330	0.179805769347794	988292.569256106
331	0.180167394088456	994281.222674111
332	0.180528563973557	1000287.96412527
333	0.180889280787226	1006312.79360221
334	0.181249546301639	1012355.71109759
335	0.18160936227713	1018416.71660407
336	0.181968730462302	1024495.81011433
337	0.182327652594138	1030592.99162108
338	0.182686130398108	1036708.261117
339	0.183044165588288	1042841.61859485
340	0.183401759867449	1048993.06404734
341	0.183758914927179	1055162.59746724
342	0.184115632447978	1061350.21884731
343	0.184471914099367	1067555.92818034
344	0.184827761539984	1073779.72545912
345	0.185183176417687	1080021.61067646
346	0.185538160369656	1086281.58382518
347	0.185892715022486	1092559.64489812
348	0.18624684199229	1098855.79388812
349	0.186600542884788	1105170.03078805
350	0.186953819295408	1111502.35559079
351	0.18730667280938	1117852.76828921
352	0.187659105001817	1086435.03417296
353	0.188011117437823	1092606.96281943
354	0.188362711672573	1098796.3713882
355	0.188713889251402	1105003.25987246
356	0.1890646517099	1111227.62826539
357	0.189415000573992	1117469.47656019
358	0.189764937360031	1123728.80475008
359	0.190114463574874	1130005.61282825
360	0.190463580715978	1136299.90078797
361	0.190812290271473	1142611.66862246
362	0.191160593720248	1148940.91632497
363	0.191508492532037	1155287.64388878
364	0.191855988167491	1161651.85130715
365	0.192203082078264	1168033.53857338
366	0.192549775707088	1174432.70568075
367	0.192896070487855	1180849.35262258
368	0.193241967845687	1187283.47939219
369	0.193587469197017	1193735.08598289
370	0.193932575949666	1200204.17238803
371	0.194277289502911	1206690.73860096
372	0.194621611247565	1213194.78461503
373	0.194965542566043	1219716.3104236
374	0.195309084832441	1226255.31602005
375	0.195652239412601	1232811.80139777
376	0.195995007664184	1239385.76655017
377	0.196337390936739	1245977.21147062
378	0.196679390571774	1252586.13615256
379	0.197021007902819	1259212.5405894
380	0.197362244255499	1265856.42477458
381	0.197703100947595	1272517.78870153
382	0.198043579289112	1279196.63236371
383	0.198383680582349	1285892.95575458
384	0.198723406121952	1292606.7588676
385	0.19906275719499	1299338.04169625
386	0.199401735081011	1306086.804234
387	0.199740341052102	1312853.04647437
388	0.200078576372961	1319636.76841084
389	0.200416442300944	1326437.97003692
390	0.200753940086136	1333256.65134614
391	0.20109107097141	1340092.81233201
392	0.201427836192477	1346946.45298808
393	0.201764236977957	1353817.57330788
394	0.202100274549425	1360706.17328496
395	0.189972748302441	1367612.25291287
396	0.190287426933066	1374535.81218519
397	0.190601768212097	1381476.85109549
398	0.190915773259695	1388435.36963734
399	0.191229443189674	1395411.36780434
400	0.19154277910956	1402404.84559007
401	0.19185578212064	1409415.80298815
402	0.192168453318002	1416444.23999216
403	0.192480793790603	1423490.15659576
404	0.1927928046213	1430553.55279253
405	0.193104486886909	1437634.42857613
406	0.193415841658249	1444732.78394018
407	0.193726870000188	1451848.61887833
408	0.194037572971697	1458981.93338425
409	0.194347951625883	1466132.72745156
410	0.194658007010049	1473301.00107396
411	0.194967740165733	1480486.7542451
412	0.195277152128751	1487689.98695867
413	0.195586243929243	1445495.59722329
414	0.195895016591723	1452494.52655493
415	0.196203471135111	1459510.35761471
416	0.196511608572789	1466543.09039655
417	0.196819429912634	1473592.72489434
418	0.197126936157064	1480659.26110202
419	0.19743412830308	1487742.69901353
420	0.19774100734231	1494843.03862279
421	0.198047574261041	1501960.27992374
422	0.198353830040272	1509094.42291035
423	0.198659775655746	1516245.46757654
424	0.198965412077992	1523413.4139163
425	0.199270740272364	1530598.26192358
426	0.199575761199084	1537800.01159234
427	0.199880475813273	1545018.66291658
428	0.200184885064996	1552254.21589026
429	0.200488989899297	1559506.67050737
430	0.200792791256239	1566776.02676192
431	0.201096290070937	1574062.28464788
432	0.2013994872736	1581365.44415927
433	0.201702383789562	1588685.50529009
434	0.202004980539324	1596022.46803437
435	0.202307278438586	1603376.3323861
436	0.20260927839828	1610747.09833932
437	0.202910981324615	1618134.76588806
438	0.203212388119099	1625539.33502635
439	0.203513499678585	1632960.80574822
440	0.203814316895294	1640399.17804772
441	0.20411484065686	1647854.4519189
442	0.204415071846357	1655326.62735582
443	0.204715011342329	1662815.70435251
444	0.205014660018834	1670321.68290306
445	0.205314018745467	1677844.56300151
446	0.205613088387391	1685384.34464197
447	0.205911869805377	1692941.02781848
448	0.206210363855833	1700514.61252514
449	0.206508571390831	1708105.09875603
450	0.206806493258143	1715712.48650524
451	0.207104130301267	1723336.77576686
452	0.207401483359463	1730977.96653499
453	0.207698553267777	1738636.05880374
454	0.207995340857081	1746311.05256721
455	0.20829184695409	1754002.94781951
456	0.208588072381398	1761711.74455477
457	0.20888401795751	1769437.4427671
458	0.209179684496863	1777180.0424506
459	0.209475072809864	1784939.54359945
460	0.209770183702908	1792715.94620774
461	0.210065017978415	1800509.25026962
462	0.210359576434853	1808319.45577923
463	0.210653859866766	1816146.56273072
464	0.210947869064805	1823990.57111823
465	0.211241604815747	1831851.48093592
466	0.211535067902531	1839729.29217793
467	0.211828259104277	1847624.00483845
468	0.212121179196321	1855535.61891162
469	0.212413828950233	1863464.13439162
470	0.212706209133843	1871409.5512726
471	0.212998320511273	1879371.86954876
472	0.213290163842958	1887351.08921428
473	0.213581739885674	1895347.21026333
474	0.213873049392556	1903360.23269009
475	0.214164093113132	1911390.15648877
476	0.214454871793341	1919436.98165355
477	0.214745386175563	1927500.70817862
478	0.215035636998633	1935581.3360582
479	0.21532562499788	1943678.86528649
480	0.215615350905134	1951793.29585768
481	0.215904815448764	1959924.627766
482	0.216194019353693	1904074.79342046
483	0.216482963341421	1911974.41299684
484	0.216771648130051	1919890.3842935
485	0.217060074434314	1927822.70730487
486	0.217348242965584	1935771.38202535
487	0.217636154431902	1943736.40844936
488	0.217923809538008	1951717.78657133
489	0.21821120898535	1959715.51638568
490	0.218498353472112	1967729.59788684
491	0.218785243693232	1975760.03106924
492	0.219071880340433	1983806.81592731
493	0.219358264102228	1991869.9524555
494	0.219644395663958	1999949.44064823
495	0.219930275707799	2008045.28049996
496	0.220215904912791	2016157.47200513
497	0.220501283954857	2024286.01515818
498	0.220786413506819	2032430.90995359
499	0.221071294238423	2040592.15638577
500	0.221355926816357	2048769.75444922
501	0.221640311904275	2056963.70413839
502	0.221924450162801	2065174.00544772
503	0.222208342249574	2073400.6583717
504	0.222491988819243	2081643.66290479
505	0.222775390523503	2089903.01904147
506	0.2230585480111	2098178.7267762
507	0.223341461927869	2106470.78610347
508	0.223624132916728	2114779.19701774
509	0.223906561617715	2123103.95951352
510	0.224188748668004	2131445.07358528
511	0.224470694701912	2139802.5392275
512	0.22475240035093	2148176.35643468
513	0.225033866243737	2156566.52520131
514	0.225315093006213	2164973.04552189
515	0.225596081261461	2173395.91739091
516	0.225876831629823	2181835.14080288
517	0.226157344728903	2190290.71575229
518	0.226437621173572	2198762.64223366
519	0.226717661575993	2207250.92024149
520	0.226997466545643	2215755.54977029
521	0.227277036689315	2224276.53081456
522	0.227556372611152	2232813.86336883
523	0.22783547491265	2241367.54742762
524	0.228114344192677	2249937.58298545
525	0.228392981047498	2258523.97003683
526	0.228671386070781	2267126.70857628
527	0.228949559853614	2275745.79859835
528	0.229227502984527	2284381.24009756
529	0.229505216049503	2293033.03306842
530	0.229782699631993	2301701.17750549
531	0.230059954312938	2310385.6734033
532	0.230336980670774	2319086.52075638
533	0.230613779281456	2327803.71955928
534	0.230890350718467	2336537.26980653
535	0.231166695552837	2345287.17149268
536	0.231442814353159	2354053.42461229
537	0.2317187076856	2362836.02915989
538	0.231994376113914	2371634.98513003
539	0.232269820199462	2380450.29251728
540	0.232545040501228	2389281.95131618
541	0.23282003757582	2398129.9615213
542	0.233094811977502	2406994.32312719
543	0.233369364258195	2415875.03612842
544	0.233643694967498	2424772.10051953
545	0.233917804652696	2433685.51629511
546	0.234191693858782	2442615.28344973
547	0.23446536312846	2451561.40197794
548	0.234738813002169	2460523.87187433
549	0.235012044018089	2469502.69313346
550	0.235285056712157	2478497.8657499
551	0.235557851618084	2487509.38971826
552	0.23583042926736	2496537.26503307
553	0.236102790189274	2505581.49168895
554	0.236374934910921	2514642.06968047
555	0.236646863957224	2523718.99900221
556	0.236918577850934	2532812.27964876
557	0.237190077112656	2541921.91161472
558	0.23746136226085	2551047.89489468
559	0.237732433811855	2560190.2294832
560	0.238003292279887	2487135.09924074
561	0.238273938177063	2496016.5543371
562	0.238544372013411	2504913.8375185
563	0.238814594296877	2513826.94877972
564	0.239084605533346	2522755.88811554
565	0.239354406226638	2531700.6555207
566	0.239623996878544	2540661.25099002
567	0.239893377988811	2549637.67451826
568	0.240162550055174	2558629.92610019
569	0.240431513573358	2567638.00573062
570	0.240700269037091	2576661.91340431
571	0.24096881693812	2585701.64911605
572	0.241237157766209	2594757.21286064
573	0.241505292009169	2603828.60463285
574	0.241773220152854	2612915.82442748
575	0.242040942681178	2622018.87223933
576	0.242308460076129	2631137.74806318
577	0.242575772817773	2640272.45189383
578	0.242842881384269	2649422.98372607
579	0.243109786251881	2658589.34355472
580	0.243376487894983	2667771.53137456
581	0.243642986786075	2676969.5471804
582	0.243909283395794	2686183.39096703
583	0.244175378192917	2695413.06272927
584	0.244441271644379	2704658.56246192
585	0.244706964215285	2713919.89015978
586	0.244972456368908	2723197.04581767
587	0.245237748566712	2732490.02943039
588	0.245502841268359	2741798.84099276
589	0.245767734931709	2751123.4804996
590	0.246032430012846	2760463.9479457
591	0.246296926966079	2769820.2433259
592	0.246561226243946	2779192.366635
593	0.246825328297236	2788580.31786783
594	0.247089233574992	2797984.0970192
595	0.247352942524523	2807403.70408395
596	0.247616455591408	2816839.13905689
597	0.247879773219512	2826290.40193284
598	0.248142895850991	2835757.49270663
599	0.248405823926305	2845240.41137309
600	0.248668557884225	2854739.15792705
601	0.248931098161839	2864253.73236332
602	0.249193445194571	2873784.13467677
603	0.249455599416178	2883330.36486219
604	0.249717561258766	2892892.42291443
605	0.249979331152797	2902470.30882834
606	0.250240909527103	2912064.02259874
607	0.250502296808881	2921673.56422047
608	0.250763493423718	2931298.93368838
609	0.25102449979559	2940940.13099728
610	0.251285316346873	2950597.15614204
611	0.251545943498352	2960270.00911749
612	0.251806381669231	2969958.68991849
613	0.252066631277132	2979663.19853987
614	0.25232669273812	2989383.53497645
615	0.252586566466698	2999119.69922313
616	0.252846252875818	3008871.69127473
617	0.253105752376895	3018639.5111261
618	0.253365065379805	3028423.1587721
619	0.253624192292903	3038222.63420758
620	0.253883133523028	3048037.93742738
621	0.254141889475505	3057869.06842637
622	0.254400460554158	3067716.02719941
623	0.254658847161325	3077578.81374133
624	0.254917049697851	3087457.42804702
625	0.255175068563103	3097351.87011131
626	0.255432904154985	3107262.13992909
627	0.255690556869929	3117188.23749519
628	0.255948027102921	3127130.1628045
629	0.256205315247494	3137087.91585188
630	0.256462421695742	3147061.49663217
631	0.256719346838329	3157050.90514025
632	0.256976091064493	3167056.141371
633	0.257232654762053	3177077.20531929
634	0.257489038317418	3187114.09697996
635	0.257745242115595	3197166.8163479
636	0.258001266540196	3207235.36341798
637	0.258257111973444	3217319.73818507
638	0.258512778796178	3227419.94064406
639	0.258768267387863	3237535.97078979
640	0.259023578126599	3247667.82861716
641	0.259278711389123	3257815.51412103
642	0.259533667550823	3267979.0272963
643	0.259788446985734	3278158.36813784
644	0.260043050066552	3288353.53664051
645	0.260297477164647	3298564.53279923
646	0.260551728650053	3308791.35660884
647	0.26080580489149	3214504.09046979
648	0.261059706256366	3224439.48821562
649	0.261313433110777	3234390.21512019
650	0.261566985819526	3244356.27117856
651	0.261820364746116	3254337.65638579
652	0.262073570252771	3264334.3707369
653	0.262326602700427	3274346.41422697
654	0.262579462448749	3284373.78685102
655	0.262832149856136	3294416.48860412
656	0.263084665279725	3304474.51948131
657	0.263337009075396	3314547.87947766
658	0.263589181597782	3324636.56858821
659	0.263841183200272	3334740.58680802
660	0.264093014235024	3344859.93413215
661	0.264344675052957	3354994.61055567
662	0.264596166003772	3365144.61607359
663	0.26484748743595	3375309.95068101
664	0.265098639696759	3385490.61437298
665	0.265349623132261	3395686.60714455
666	0.265600438087323	3405897.9289908
667	0.265851084905608	3416124.57990678
668	0.266101563929599	3426366.55988754
669	0.266351875500589	3436623.86892818
670	0.266602019958701	3446896.50702374
671	0.266851997642879	3457184.47416928
672	0.267101808890912	3467487.77035989
673	0.267351454039422	3477806.3955906
674	0.267600933423874	3488140.34985651
675	0.267850247378592	3498489.63315268
676	0.268099396236751	3508854.24547417
677	0.268348380330392	3519234.18681607
678	0.268597199990425	3529629.45717344
679	0.268845855546628	3540040.05654134
680	0.269094347327662	3550465.98491486
681	0.269342675661069	3560907.24228908
682	0.269590840873285	3571363.82865905
683	0.269838843289641	3581835.74401986
684	0.270086683234364	3592322.98836658
685	0.270334361030587	3602825.5616943
686	0.270581877000358	3613343.46399808
687	0.270829231464633	3623876.69527302
688	0.271076424743299	3634425.25551417
689	0.271323457155163	3644989.14471664
690	0.271570329017964	3655568.36287548
691	0.271817040648378	3666162.90998579
692	0.272063592362021	3676772.78604265
693	0.272309984473458	3687397.99104115
694	0.272556217296203	3698038.52497637
695	0.272802291142727	3708694.38784339
696	0.273048206324463	3719365.57963729
697	0.27329396315181	3730052.10035316
698	0.273539561934136	3740753.94998609
699	0.273785002979786	3751471.12853116
700	0.274030286596087	3762203.63598347
701	0.274275413089349	3772951.4723381
702	0.274520382764872	3783714.63759014
703	0.274765195926957	3794493.13173469
704	0.27500985287889	3805286.95476682
705	0.27525435392298	3816096.10668165
706	0.275498699360528	3826920.58747424
707	0.27574288949186	3837760.39713971
708	0.275986924616313	3848615.53567314
709	0.276230805032248	3859486.00306963
710	0.276474531037055	3870371.79932426
711	0.276718102927154	3881272.92443216
712	0.276961520998001	3892189.37838838
713	0.277204785544091	3903121.16118805
714	0.277447896858964	3914068.27282627
715	0.277690855235212	3925030.71329812
716	0.27793366096448	3936008.48259871
717	0.278176314337466	3947001.58072314
718	0.278418815643935	3958010.0076665
719	0.278661165172716	3969033.76342389
720	0.27890336321171	3980072.84799042
721	0.279145410047889	3991127.26136121
722	0.279387305967315	4002197.00353134
723	0.279629051255118	4013282.07449591
724	0.279870646195525	4024382.47425004
725	0.280112091071853	4035498.20278882
726	0.280353386166514	4046629.26010737
727	0.280594531761019	4057775.64620079
728	0.280835528135982	4068937.36106418
729	0.281076375571132	4080114.40469265
730	0.281317074345296	4091306.77708133
731	0.28155762473643	4102514.47822529
732	0.281798027021604	4113737.50811967
733	0.28203828147701	4124975.86675956
734	0.282278388377971	4136229.5541401
735	0.282518347998941	4147498.57025637
736	0.282758160613508	4158782.91510348
737	0.282997826494401	4170082.58867657
738	0.283237345913489	4181397.59097073
739	0.283476719141791	4192727.92198108
740	0.283715946449474	4204073.58170274
741	0.283955028105864	4215434.57013082
742	0.284193964379439	4226810.88726044
743	0.284432755537844	4238202.53308669
744	0.284671401847886	4249609.50760473
745	0.284909903575541	4128914.8598445
746	0.285148260985964	4139997.85812734
747	0.285386474343479	4151095.70980849
748	0.285624543911593	4162208.41488323
749	0.285862469952999	4173335.97334682
750	0.286100252729575	4184478.38519454
751	0.286337892502387	4195635.65042164
752	0.286575389531701	4206807.76902341
753	0.286812744076981	4217994.74099513
754	0.287049956396884	4229196.56633206
755	0.287287026749283	4240413.24502947
756	0.287523955391251	4251644.77708265
757	0.287760742579078	4262891.16248687
758	0.287997388568267	4274152.40123739
759	0.288233893613537	4285428.4933295
760	0.288470257968833	4296719.43875848
761	0.288706481887325	4308025.23751959
762	0.288942565621411	4319345.88960814
763	0.289178509422717	4330681.39501936
764	0.289414313542111	4342031.75374856
765	0.289649978229695	4353396.96579102
766	0.289885503734816	4364777.03114202
767	0.290120890306065	4376171.94979682
768	0.290356138191275	4387581.72175072
769	0.290591247637543	4399006.346999
770	0.290826218891209	4410445.82553693
771	0.29106105219788	4421900.15735979
772	0.291295747802416	4433369.34246289
773	0.291530305948948	4444853.38084147
774	0.29176472688087	4456352.27249087
775	0.291999010840848	4467866.01740633
776	0.292233158070821	4479394.61558313
777	0.292467168812003	4490938.06701658
778	0.292701043304893	4502496.37170195
779	0.292934781789269	4514069.52963454
780	0.293168384504194	4525657.54080964
781	0.293401851688019	4537260.4052225
782	0.293635183578392	4548878.12286845
783	0.293868380412251	4560510.69374275
784	0.294101442425831	4572158.1178407
785	0.294334369854669	4583820.3951576
786	0.294567162933609	4595497.52568871
787	0.294799821896796	4607189.50942933
788	0.295032346977687	4618896.34637479
789	0.29526473840905	4630618.03652032
790	0.29549699642297	4642354.57986125
791	0.29572912125085	4654105.97639284
792	0.295961113123408	4665872.22611042
793	0.296192972270695	4677653.32900926
794	0.296424698922082	4689449.28508464
795	0.296656293306267	4701260.0943319
796	0.29688775565129	4713085.75674629
797	0.297119086184513	4724926.27232311
798	0.297350285132648	4736781.64105767
799	0.297581352721732	4748651.86294524
800	0.297812289177161	4760536.93798116
801	0.298043094723668	4772436.86616069
802	0.298273769585332	4784351.64747913
803	0.298504313985589	4796281.28193178
804	0.298734728147226	4808225.76951394
805	0.298965012292385	4820185.1102209
806	0.299195166642569	4832159.30404797
807	0.299425191418639	4844148.35099045
808	0.299655086840826	4856152.25104363
809	0.299884853128723	4868171.00420281
810	0.300114490501293	4880204.61046329
811	0.300343999176871	4892253.06982037
812	0.300573379373164	4904316.38226937
813	0.300802631307262	4916394.54780553
814	0.30103175519563	4928487.56642422
815	0.301260751254116	4940595.43812072
816	0.301489619697949	4952718.16289034
817	0.301718360741753	4964855.74072835
818	0.301946974599531	4977008.17163006
819	0.302175461484685	4989175.45559083
820	0.302403821610011	5001357.59260588
821	0.302632055187696	5013554.58267058
822	0.302860162429333	5025766.42578022
823	0.303088143545912	5037993.12193007
824	0.303315998747828	5050234.67111547
825	0.303543728244885	5062491.07333172
826	0.303771332246291	5074762.32857412
827	0.303998810960667	5087048.43683797
828	0.304226164596049	5099349.3981186
829	0.304453393359886	5111665.21241129
830	0.304680497459046	5123995.87971138
831	0.304907477099814	5136341.40001416
832	0.305134332487909	5148701.77331492
833	0.305361063828461	5161076.99960901
834	0.305587671326033	5173467.07889169
835	0.305814155184617	5185872.01115832
836	0.30604051560764	5198291.79640417
837	0.306266752797957	5210726.43462458
838	0.306492866957861	5223175.92581484
839	0.306718858289089	5235640.26997028
840	0.306944726992807	5248119.46708618
841	0.307170473269636	5260613.5171579
842	0.307396097319632	5273122.42018069
843	0.307621599342306	5285646.17614994
844	0.307846979536612	5298184.78506089
845	0.30807223810096	5310738.2469089
846	0.308297375233208	5323306.56168925
847	0.308522391130677	5335889.72939729
848	0.308747285990137	5348487.75002833
849	0.308972060007827	5361100.62357763
850	0.309196713379442	5373728.35004058
851	0.309421246300142	5386370.92941246
852	0.309645658964554	5399028.36168858
853	0.309869951566776	5411700.64686427
854	0.310094124300367	5258767.4264353
855	0.310318177358368	5271081.59329499
856	0.31054211093329	5283410.15954382
857	0.310765925217119	5295753.12517722
858	0.310989620401324	5308110.4901907
859	0.311213196676851	5320482.25457966
860	0.311436654234127	5332868.41833963
861	0.311659993263068	5345268.981466
862	0.31188321395307	5357683.9439543
863	0.312106316493022	5370113.30579994
864	0.312329301071304	5382557.0669984
865	0.312552167875786	5395015.22754517
866	0.312774917093827	5407487.78743568
867	0.312997548912293	5419974.74666541
868	0.31322006351754	5432476.10522981
869	0.313442461095424	5444991.86312436
870	0.313664741831306	5457522.02034451
871	0.313886905910048	5470066.57688575
872	0.31410895351602	5482625.53274353
873	0.314330884833098	5495198.88791331
874	0.314552700044666	5507786.64239055
875	0.31477439933362	5520388.79617075
876	0.314995982882371	5533005.34924934
877	0.31521745087284	5545636.30162182
878	0.315438803486468	5558281.65328363
879	0.315660040904216	5570941.40423025
880	0.315881163306561	5583615.55445717
881	0.316102170873502	5596304.10395981
882	0.316323063784569	5609007.05273366
883	0.316543842218807	5621724.40077422
884	0.316764506354793	5634456.14807691
885	0.316985056370638	5647202.29463722
886	0.317205492443976	5659962.84045064
887	0.317425814751978	5672737.78551262
888	0.317646023471349	5685527.12981864
889	0.317866118778328	5698330.87336416
890	0.318086100848691	5711149.01614464
891	0.318305969857758	5723981.55815558
892	0.31852572598039	5736828.49939246
893	0.318745369390984	5749689.8398507
894	0.318964900263486	5762565.57952582
895	0.319184318771391	5775455.71841328
896	0.319403625087739	5788360.25650855
897	0.319622819385116	5801279.19380711
898	0.319841901835669	5814212.53030442
899	0.320060872611086	5827160.26599595
900	0.320279731882618	5840122.40087719
901	0.32049847982107	5853098.93494362
902	0.320717116596805	5866089.86819072
903	0.320935642379742	5879095.20061393
904	0.321154057339364	5892114.93220874
905	0.321372361644718	5905149.06297065
906	0.321590555464412	5918197.59289511
907	0.321808638966621	5931260.5219776
908	0.32202661231909	5944337.85021361
909	0.322244475689128	5957429.5775986
910	0.322462229243618	5970535.70412806
911	0.322679873149012	5983656.22979745
912	0.322897407571341	5996791.15460228
913	0.323114832676206	6009940.478538
914	0.323332148628788	6023104.20160009
915	0.323549355593842	6036282.32378403
916	0.323766453735706	6049474.84508533
917	0.323983443218299	6062681.76549941
918	0.324200324205124	6075903.0850218
919	0.324417096859264	6089138.80364798
920	0.324633761343394	6102388.92137338
921	0.324850317819768	6115653.43819352
922	0.325066766450237	6128932.35410389
923	0.325283107396236	6142225.66909993
924	0.325499340818799	6155533.38317717
925	0.325715466878539	6168855.49633105
926	0.325931485735682	6182192.00855705
927	0.326147397550036	6195542.9198507
928	0.326363202481011	6208908.23020745
929	0.326578900687618	6222287.93962276
930	0.326794492328467	6235682.04809216
931	0.327009977561767	6249090.55561112
932	0.327225356545332	6262513.4621751
933	0.327440629436584	6275950.76777957
934	0.327655796392544	6289402.47242007
935	0.327870857569847	6302868.57609204
936	0.328085813124729	6316349.07879099
937	0.328300663213046	6329843.98051239
938	0.328515407990259	6343353.28125173
939	0.328730047611439	6356876.98100449
940	0.328944582231284	6370415.07976616
941	0.329159012004091	6383967.57753222
942	0.329373337083784	6397534.47429816
943	0.329587557623905	6411115.77005947
944	0.329801673777609	6424711.46481162
945	0.33001568569768	6438321.55855014
946	0.330229593536521	6451946.05127046
947	0.330443397446157	6465584.9429681
948	0.330657097578239	6479238.23363853
949	0.330870694084045	6492905.92327727
950	0.331084187114479	6506588.01187978
951	0.331297576820074	6520284.49944155
952	0.331510863350996	6533995.38595806
953	0.331724046857039	6547720.67142482
954	0.331937127487629	6561460.35583732
955	0.33215010539183	6575214.43919105
956	0.332362980718336	6588982.92148145
957	0.332575753615481	6602765.80270409
958	0.332788424231237	6616563.08285439
959	0.33300099271321	6630374.76192786
960	0.333213459208652	6644200.83992004
961	0.333425823864458	6658041.31682636
962	0.333638086827156	6671896.19264231
963	0.333850248242927	6685765.46736343
964	0.33406230825759	6699649.14098517
965	0.334274267016619	6713547.21350304
966	0.334486124665129	6727459.6849125
967	0.334697881347881	6741386.5552091
968	0.334909537209297	6755327.8243883
969	0.33512109239344	6769283.49244556
970	0.335332547044028	6783253.55937646
971	0.335543901304433	6797238.0251764
972	0.335755155317686	6811236.88984093
973	0.335966309226466	6825250.15336551
974	0.336177363173111	6839277.81574568
975	0.336388317299624	6647216.82521428
976	0.336599171747656	6660850.55887703
977	0.33680992665853	6674498.2583588
978	0.337020582173223	6688159.92365524
979	0.337231138432379	6701835.55476196
980	0.3374415955763	6715525.15167457
981	0.337651953744959	6729228.71438869
982	0.337862213077996	6742946.24290002
983	0.338072373714714	6756677.73720411
984	0.338282435794083	6770423.19729667
985	0.338492399454749	6784182.62317326
986	0.338702264835023	6797956.01482957
987	0.338912032072895	6811743.3722612
988	0.339121701306015	6825544.6954638
989	0.339331272671719	6839359.98443299
990	0.339540746307015	6853189.23916439
991	0.339750122348584	6867032.45965365
992	0.339959400932788	6880889.64589641
993	0.340168582195662	6894760.79788829
994	0.340377666272926	6908645.91562493
995	0.340586653299979	6922544.99910197
996	0.340795543411896	6936458.04831504
997	0.341004336743447	6950385.06325978
998	0.341213033429071	6964326.04393179
999	0.341421633602903	6978280.99032675
1000	0.344684768622384	7013295.03673505
1001	0.341838544950132	7006232.78026801
