1	0.0314583041638248	0.021454128100279
2	0.0358617689706885	0.0237350657804033
3	0.0375946721729857	0.0243877074714379
4	0.0384920855396854	0.0245901482945206
5	0.0390243728065413	0.0246207195284658
6	0.0393665484167811	0.0245750143016028
7	0.0395982335745705	0.0244924777239632
8	0.0397606641776759	0.0243922480970631
9	0.0398772277150376	0.0242837473426119
10	0.0399621140561632	0.0241719960973578
11	0.0400243930605575	0.024060326931858
12	0.0400701075192647	0.0239499936703302
13	0.0401034218555955	0.0238418837114682
14	0.0401272876799747	0.0237366242104907
15	0.0401438470637152	0.0236345725222763
16	0.0401546862620963	0.0235355837092667
17	0.040161000553379	0.0234396623539174
18	0.0401637043404509	0.0233467551011443
19	0.0401635064903281	0.0232569869537104
20	0.0401609629947917	0.0231700823471441
21	0.0401565144795477	0.0230858684722824
22	0.0401505133747259	0.0230042257948109
23	0.040143243896081	0.022925034867278
24	0.0401349998964106	0.0228481956172362
25	0.0401259458065479	0.0227737676766311
26	0.0401161940071721	0.0227014460339444
27	0.0401058732943816	0.0226311285358559
28	0.0400950907082291	0.0225627184421531
29	0.0400839355856397	0.0224961244114644
30	0.0400724827695189	0.0224312603718956
31	0.0400607951687279	0.0223680453207905
32	0.0400489258143941	0.0223065593976254
33	0.0400369195223023	0.0222465752945269
34	0.040024814244902	0.0221880205961345
35	0.0400126421770477	0.0221308322671668
36	0.0400004306650698	0.0220749510204947
37	0.0399882029578238	0.0220203210693326
38	0.0399759788300421	0.0219668898919807
39	0.039963775101933	0.0219146080101788
40	0.0399516060740537	0.0218634541507714
41	0.039939483892662	0.0218134601729894
42	0.0399274188577614	0.021764480364273
43	0.0399154196837078	0.0217164756133142
44	0.0399034937203835	0.0216694089391379
45	0.0398916471414707	0.0216232453481562
46	0.0398798851051689	0.0215779517018497
47	0.0398682118917571	0.0215334965943296
48	0.0398566310216308	0.0214898502390566
49	0.0398451453568253	0.0214469843640245
50	0.0398337571885283	0.0214048721147555
51	0.0398224683126747	0.0213635370122323
52	0.0398112800953723	0.0213229567428969
53	0.0398001935296322	0.021283055322793
54	0.0397892092846419	0.0212438108002668
55	0.0397783277486319	0.0212052022497931
56	0.0397675490662218	0.0211672097106693
57	0.039756873171003	0.0211298141300572
58	0.0397462998140009	0.0210929973100282
59	0.0397358285885658	0.0210567418582943
60	0.0397254589521639	0.0210210311423351
61	0.0397151902454723	0.0209858492466548
62	0.0397050217091242	0.0209511809329273
63	0.039694952498405	0.0209170116028043
64	0.0396849816961571	0.0208833682283835
65	0.0396751083241173	0.020850235657651
66	0.0396653313528804	0.0208175605826408
67	0.0396556497106574	0.0207853306745694
68	0.0396460622909751	0.020753534090557
69	0.0396365679594444	0.0207221594487749
70	0.039627165559708	0.0206911958051356
71	0.039617853918667	0.0206606326314141
72	0.039608631851068	0.020630459794698
73	0.0395994981635291	0.0206006675380729
74	0.0395904516580678	0.0205712464624569
75	0.0395814911351893	0.0205421875095041
76	0.0395726153965855	0.0205134819455042
77	0.0395638232474904	0.0204851213462098
78	0.0395551134987294	0.0204570975825295
79	0.0395464849684989	0.0204294028070294
80	0.0395379364839063	0.0204020887715509
81	0.0395294668822968	0.0203750939491457
82	0.039521075012393	0.0203484053623554
83	0.0395127597352664	0.0203220161881806
84	0.0395045199251611	0.0202959198275206
85	0.0394963544701862	0.0202701098955598
86	0.0394882622728915	0.0202445802126596
87	0.0394802422507401	0.0202193247957256
88	0.0394722933364894	0.0201943378500195
89	0.0394644144784914	0.0201696137613907
90	0.039456604640921	0.0201451470888998
91	0.0394488628039414	0.0201209325578131
92	0.0394411879638133	0.0200969650529446
93	0.039433579132955	0.0200732396123259
94	0.0394260353399592	0.0200497514211849
95	0.0394185556295717	0.020026495806215
96	0.0394111390626361	0.0200034682301188
97	0.0394037847160105	0.0199806642864111
98	0.0393964916824575	0.0199580962107732
99	0.039389259070513	0.0199357796049559
100	0.0393819974899121	0.0199137507405862
101	0.0393749716235374	0.0198917743539493
102	0.0393679150830071	0.0198700779760842
103	0.0393609155527121	0.0198485807841802
104	0.0393539722174976	0.0198272791701928
105	0.0393470842768741	0.0198061696228059
106	0.0393402509447988	0.0197852487240212
107	0.0393334714494515	0.0197645131458952
108	0.0393267450330057	0.0197439596474168
109	0.0393200709513964	0.0197235850715188
110	0.0393134484740864	0.019703386342216
111	0.0393068768838294	0.0196833604618636
112	0.0393003554764341	0.0196635045085301
113	0.0392938835605265	0.0196438156334788
114	0.0392874604573139	0.0196242910587527
115	0.0392810855003487	0.0196049280748584
116	0.0392747580352943	0.0195857240385422
117	0.0392684774196925	0.019566676370657
118	0.0392622430227329	0.019547782554113
119	0.0392560542250243	0.0195290401319096
120	0.0392499104183697	0.0195104591478166
121	0.039243811005543	0.0194920556104208
122	0.0392377554000693	0.0194737960870311
123	0.0392317430260082	0.0194556783484662
124	0.0392257733177405	0.0194377002167465
125	0.0392198457197582	0.0194198595635427
126	0.0392139596864578	0.0194021543086831
127	0.0392081146819376	0.0193845824187156
128	0.0392023101797978	0.0193671419055236
129	0.0391965456629456	0.0193498308249918
130	0.0391908206234019	0.0193326472757215
131	0.0391851345621139	0.0193155893977916
132	0.0391794869887698	0.0192986553715644
133	0.0391738774216177	0.0192818434165334
134	0.0391683053872882	0.019265151790213
135	0.0391627704206204	0.019248578787066
136	0.0391572720644919	0.0192321227374691
137	0.0391518098696516	0.0192157820067145
138	0.039146383394557	0.0191995549940452
139	0.0391409922052141	0.019183440131724
140	0.0391356358750214	0.0191674358841336
141	0.0391303139846168	0.0191515407469071
142	0.0391250261217281	0.0191357532460883
143	0.0391197718810267	0.0191200719373187
144	0.0391145508639845	0.019104495405053
145	0.0391093626787341	0.0190890222617988
146	0.039104206939932	0.0190736647069994
147	0.0390990832686246	0.0190584299044856
148	0.039093991292118	0.0190432942506865
149	0.03908893064385	0.0190282564663883
150	0.0390839009632647	0.0190133152969229
151	0.0390789018956912	0.0189984695115457
152	0.0390739330922239	0.0189837179028323
153	0.0390689942096058	0.0189690592860942
154	0.0390640849101146	0.0189544924988126
155	0.0390592048614516	0.0189400164000901
156	0.0390543537366323	0.0189256298701185
157	0.0390495312138806	0.0189113318096635
158	0.0390447369765243	0.0188971211395647
159	0.039039970712894	0.0188829968002505
160	0.0390352321162234	0.018868957751268
161	0.0390305208845529	0.0188550029708263
162	0.0390258367206338	0.0188411314553541
163	0.0390211793318365	0.0188273422190695
164	0.0390165484300596	0.018813634293563
165	0.0390119437316414	0.0188000067273921
166	0.0390073649572735	0.0187864585856884
167	0.0390028118319158	0.018772988949775
168	0.0389982840847147	0.0187595969167957
169	0.0389937814489214	0.0187462815993544
170	0.0389893036618137	0.0187330421251645
171	0.0389848504646183	0.0187198776367085
172	0.0389804216024355	0.0187067872909072
173	0.0389760168241657	0.0186937702587974
174	0.0389716358824368	0.0186808257252195
175	0.038967278533534	0.0186679528885128
176	0.038962944537331	0.0186551538027412
177	0.0389586336572221	0.0186424516055144
178	0.0389543456600568	0.0186298186129849
179	0.0389500803160752	0.018617254076441
180	0.0389458373988448	0.0186047572592381
181	0.0389416166851989	0.0185923274365407
182	0.0389374179551764	0.0185799638950723
183	0.0389332409919631	0.0185676659328706
184	0.0389290855818333	0.0185554328590504
185	0.0389249515140942	0.0185432639935716
186	0.0389208385810301	0.0185311586670142
187	0.0389167465778486	0.0185191162203581
188	0.038912675302628	0.0185071360047694
189	0.038908624556265	0.0184952173813916
190	0.038904594142425	0.0184833597211428
191	0.0389005838674919	0.018471562404517
192	0.0388965935405197	0.0184598248213911
193	0.0388926229731856	0.0184481463708371
194	0.0388886719797432	0.0184365264609379
195	0.038884740376977	0.0184249645086084
196	0.0388808279841583	0.0184134599394213
197	0.0388769346230015	0.0184020121874359
198	0.0388730601176216	0.0183906206950331
199	0.0388692042944921	0.0183792849127519
200	0.0388653669824048	0.0183680042991326
201	0.0388615480124293	0.0183567783205611
202	0.0388577472178741	0.0183456064511193
203	0.0388539644342484	0.0183344881724372
204	0.0388501994992239	0.0183234229735499
205	0.0388464522525988	0.0183124103507569
206	0.0388427225362614	0.0183014498074854
207	0.0388390101941549	0.0182905408541567
208	0.0388353150722425	0.0182796830080557
209	0.0388316370184742	0.0182688757932027
210	0.038827975882753	0.0182581187402296
211	0.0388243315169029	0.0182474113862577
212	0.0388207037746364	0.0182367757094149
213	0.038817092511524	0.0182261909990528
214	0.0388134975849633	0.0182156545224123
215	0.0388099188541487	0.0182051658424675
216	0.0388063561800427	0.0181947245280992
217	0.0388028094253465	0.0181843301539887
218	0.038799278454472	0.0181739823005145
219	0.0387957631335144	0.0181636805536513
220	0.0387922633302244	0.0181534245048704
221	0.0387887789139823	0.0181432137510436
222	0.0387853097557714	0.0181330478943482
223	0.0387818557281529	0.0181229265421744
224	0.0387784167052404	0.0181128493070348
225	0.0387749925626754	0.0181028158064757
226	0.0387715831776035	0.0180928256629902
227	0.0387681884286502	0.0180828785039338
228	0.0387648081958983	0.0180729739614409
229	0.0387614423608648	0.0180631116723435
230	0.0387580908064783	0.0180532912780921
231	0.0387547534170579	0.0180435124246772
232	0.0387514300782907	0.0180337747625534
233	0.0387481206772118	0.0180240779465646
234	0.0387448251021826	0.018014421635871
235	0.0387415432428712	0.0180048054938771
236	0.0387382749902321	0.0179952291881623
237	0.038735020236487	0.0179856923904116
238	0.038731778875105	0.0179761947763483
239	0.0387285508007846	0.0179667360256686
240	0.0387253359094345	0.0179573158219767
241	0.0387221340981559	0.0179479338527213
242	0.0387189452652243	0.0179385898091342
243	0.0387157693100724	0.0179292833861689
244	0.0387126061332728	0.0179200142824417
245	0.0387094556365209	0.0179107822001728
246	0.0387063177226187	0.0179015868451295
247	0.0387031922954583	0.0178924279265698
248	0.0387000792600061	0.0178833051571878
249	0.0386969785222869	0.0178742182530595
250	0.0386938899893689	0.0178651669335902
251	0.0386908135693482	0.0178561509214625
252	0.0386877491713339	0.017847175123939
253	0.0386846967054339	0.0178382496339884
254	0.0386816560827403	0.0178293585573451
255	0.0386786272153154	0.0178205016299368
256	0.0386756100161775	0.0178116785907168
257	0.0386726043992882	0.0178028891816178
258	0.038669610279538	0.017794133147507
259	0.0386666275727338	0.0177854102361419
260	0.0386636561955859	0.0177767201981263
261	0.0386606960656952	0.0177680627868683
262	0.0386577471015409	0.0177594377585381
263	0.038654809222468	0.0177508448720269
264	0.0386518823486758	0.0177422838889069
265	0.0386489664012052	0.0177337545733913
266	0.038646061301928	0.0177252566922959
267	0.0386431669735349	0.0177167900150005
268	0.0386402833395244	0.017708354313412
269	0.0386374103241917	0.017699949361927
270	0.0386345478526181	0.0176915749373965
271	0.0386316958506599	0.0176832308190897
272	0.0386288542449383	0.0176749167886597
273	0.0386260229628288	0.0176666326301091
274	0.0386232019324511	0.0176583781297565
275	0.0386203910826591	0.0176501530762034
276	0.0386175903430314	0.0176419572603022
277	0.0386147996438609	0.0176337904751238
278	0.0386120189161462	0.0176256525159269
279	0.0386092480915816	0.017617543180127
280	0.0386064871025479	0.017609462267266
281	0.0386037358821041	0.0176014095789834
282	0.0386009943639774	0.0175933849189861
283	0.0385982624825552	0.0175853880930204
284	0.0385955401728765	0.017577418908844
285	0.038592827370623	0.0175694771761977
286	0.0385901240121108	0.017561562706779
287	0.0385874300342828	0.0175536753142147
288	0.0385847453746998	0.0175458148140351
289	0.0385820699715331	0.017537981023648
290	0.0385794037635564	0.0175301737623134
291	0.0385767466901384	0.0175223928511185
292	0.0385740986912348	0.017514638112953
293	0.0385714597073812	0.0175069093724853
294	0.0385688296796857	0.0174992064561386
295	0.0385662085498213	0.0174915291920677
296	0.0385635962600194	0.0174838774101357
297	0.0385609927530622	0.017476250941892
298	0.0385583979722763	0.0174686496205496
299	0.0385558118615256	0.0174610823992341
300	0.0385532343652046	0.0174535483634819
301	0.0385506654282321	0.0174460389261619
302	0.0385481049960442	0.0174385539273091
303	0.0385455530145886	0.0174310932085131
304	0.0385430094303178	0.0174236566128976
305	0.0385404741901829	0.0174162439851012
306	0.038537947241628	0.0174088551712574
307	0.0385354285325835	0.0174014900189759
308	0.0385329180114607	0.0173941483773237
309	0.0385304156271459	0.0173868300968064
310	0.0385279213289943	0.0173795350293503
311	0.0385254350668249	0.017372263028284
312	0.0385229567909143	0.0173650139483214
313	0.038520486451992	0.0173577876455438
314	0.038518024001234	0.0173505839773829
315	0.0385155693902585	0.017343402802604
316	0.0385131225711198	0.0173362439812897
317	0.0385106834963037	0.0173291073748232
318	0.0385082521187221	0.0173219928458723
319	0.0385058283917081	0.0173149002583738
320	0.0385034122690109	0.0173078294775176
321	0.0385010037047912	0.0173007803697318
322	0.0384986026536162	0.017293752802667
323	0.0384962090704548	0.0172867466451822
324	0.038493822910673	0.0172797617673293
325	0.0384914441300296	0.0172727980403393
326	0.038489072684671	0.017265855336608
327	0.0384867085311273	0.0172589335296815
328	0.0384843516263077	0.0172520324942433
329	0.0384820019274962	0.0172451521060997
330	0.0384796593923471	0.0172382922421673
331	0.038477323978881	0.0172314527804594
332	0.0384749956454807	0.0172246336000728
333	0.0384726743508868	0.0172178345811757
334	0.038470360054194	0.0172110556049944
335	0.0384680527148468	0.0172042965538011
336	0.0384657522926357	0.0171975573109018
337	0.0384634587476934	0.0171908377606243
338	0.0384611720404908	0.0171841377883059
339	0.0384588921318333	0.0171774572802821
340	0.0384566189828571	0.0171707961238748
341	0.0384543525550255	0.0171641542073811
342	0.0384520928101254	0.017157531420062
343	0.0384498397102635	0.0171509276521314
344	0.0384475932178628	0.017144342794745
345	0.0384453532956595	0.0171377767399899
346	0.038443119906699	0.0171312293808738
347	0.038440893014333	0.0171247006113145
348	0.0384386725822159	0.0171181903261297
349	0.0384364585743016	0.0171116984210269
350	0.0384342509548402	0.0171052247925935
351	0.0384320496883748	0.0170987693382866
352	0.0384298547397385	0.0170923331998889
353	0.038427666074051	0.0170859286541699
354	0.0384254836567156	0.0170795419382162
355	0.0384233074534166	0.0170731729531037
356	0.0384211374301156	0.0170668216007287
357	0.038418973553049	0.017060487783799
358	0.0384168157887249	0.0170541714058252
359	0.0384146641039203	0.0170478723711118
360	0.0384125184656784	0.0170415905847483
361	0.0384103788413055	0.017035325952601
362	0.0384082451983683	0.0170290783813042
363	0.0384061175046914	0.0170228477782521
364	0.0384039957283543	0.0170166340515904
365	0.0384018798376889	0.0170104371102086
366	0.0383997698012771	0.0170042568637314
367	0.0383976655879475	0.0169980932225113
368	0.0383955671667737	0.0169919460976205
369	0.0383934745070712	0.0169858154008433
370	0.038391387578395	0.0169797010446688
371	0.0383893063505375	0.0169736029422829
372	0.0383872307935254	0.0169675210075614
373	0.0383851608776179	0.0169614551550624
374	0.0383830965733042	0.0169554053000194
375	0.0383810378513009	0.0169493713583337
376	0.0383789846825498	0.0169433532465681
377	0.0383769370382159	0.0169373508819394
378	0.0383748948896846	0.0169313641823118
379	0.0383728582085602	0.0169253930661904
380	0.038370826966663	0.016919437452714
381	0.0383688011360275	0.0169134972616492
382	0.0383667806889001	0.0169075724133833
383	0.0383647655977373	0.0169016628289184
384	0.0383627558352032	0.0168957684298649
385	0.0383607513741676	0.0168898891384352
386	0.038358752187704	0.0168840248774376
387	0.0383567582490876	0.0168781755702704
388	0.0383547695317932	0.0168723411409157
389	0.0383527860094934	0.0168665215139334
390	0.0383508076560564	0.0168607166144558
391	0.0383488344455444	0.0168549263681812
392	0.0383468663522114	0.0168491507013689
393	0.0383449033505016	0.0168433895408328
394	0.0383429454150475	0.0168376428139367
395	0.0383409957988989	0.0168319104485881
396	0.0383390522120311	0.0168261923732332
397	0.0383371136041419	0.0168204885168512
398	0.0383351799506644	0.0168147988089496
399	0.0383332512272106	0.0168091231795582
400	0.0383313274095695	0.0168034615592246
401	0.0383294084737054	0.0167978138790089
402	0.0383274943957564	0.0167921800704786
403	0.0383255851520328	0.0167865600657035
404	0.0383236807190149	0.0167809537972512
405	0.0383217810733523	0.0167753611981819
406	0.0383198861918613	0.0167697822020439
407	0.0383179960515243	0.0167642167428684
408	0.0383161106294874	0.0167586647551653
409	0.0383142299030594	0.0167531261739186
410	0.03831235384971	0.0167476009345814
411	0.0383104824470685	0.0167420889730718
412	0.038308615672922	0.0167365902257681
413	0.0383067535052146	0.0167311080334436
414	0.0383048959220448	0.0167256482029496
415	0.0383030429016653	0.0167202013680522
416	0.0383011944224808	0.0167147674670739
417	0.0382993504630467	0.0167093464387751
418	0.0382975110020681	0.01670393822235
419	0.0382956760183979	0.0166985427574226
420	0.0382938454910358	0.0166931599840422
421	0.0382920193991269	0.01668778984268
422	0.0382901977219603	0.0166824322742248
423	0.0382883804389677	0.0166770872199791
424	0.0382865675297223	0.0166717546216555
425	0.0382847589739375	0.0166664344213726
426	0.0382829547514655	0.0166611265616516
427	0.0382811548422961	0.016655830985412
428	0.0382793592265556	0.0166505476359685
429	0.0382775678845051	0.0166452764570272
430	0.0382757807965401	0.0166400173926817
431	0.0382739979431885	0.01663477038741
432	0.0382722193051099	0.0166295353860708
433	0.0382704448630942	0.0166243123338998
434	0.0382686745980607	0.0166191011765066
435	0.0382669084910565	0.0166139018598713
436	0.0382651465232558	0.0166087143303409
437	0.0382633886759586	0.0166035385346262
438	0.0382616349305896	0.0165983744197982
439	0.0382598852686972	0.0165932219332854
440	0.0382581396719521	0.0165880810228702
441	0.0382563981221467	0.0165829516366857
442	0.0382546606011936	0.0165778337232129
443	0.0382529270911249	0.0165727272312771
444	0.0382511975740909	0.0165676321100453
445	0.0382494720323592	0.0165625483090231
446	0.0382477504483137	0.0165574757780512
447	0.0382460328044534	0.0165524144673034
448	0.0382443190833918	0.0165473643272824
449	0.0382426092678554	0.0165423253088183
450	0.0382409033406833	0.0165372973630645
451	0.0382392012848256	0.0165322804414956
452	0.0382375030833432	0.0165272744959043
453	0.038235808719406	0.0165222794783989
454	0.0382341181762926	0.0165172953414002
455	0.0382324314373894	0.016512322037639
456	0.038230748486189	0.0165073595201532
457	0.0382290693062902	0.0165024077422856
458	0.0382273938813965	0.0164974666576808
459	0.0382257221953153	0.0164925362202828
460	0.0382240542319572	0.0164876163843324
461	0.0382223899753352	0.0164827071043647
462	0.0382207294095633	0.0164778083352065
463	0.0382190725188565	0.0164729200319739
464	0.0382174192875291	0.0164680421500697
465	0.0382157696999945	0.0164631746451813
466	0.0382141237407642	0.0164583174732777
467	0.0382124813944466	0.0164534705906077
468	0.0382108426457469	0.0164486339536973
469	0.0382092074794657	0.0164438075193472
470	0.0382075758804986	0.0164389912446307
471	0.0382059478338351	0.0164341850868914
472	0.038204323324558	0.016429389003741
473	0.0382027023378428	0.0164246029530567
474	0.0382010848589566	0.0164198268929795
475	0.0381994708732575	0.0164150607819116
476	0.038197860366194	0.0164103045785144
477	0.0381962533233041	0.0164055582417064
478	0.0381946497302144	0.0164008217306609
479	0.0381930495726399	0.016396095004804
480	0.0381914528363828	0.0163913780238127
481	0.038189859507332	0.0163866707476124
482	0.0381882695714624	0.0163819771437149
483	0.0381866830148341	0.0163773000264508
484	0.0381850998235919	0.0163726324728241
485	0.0381835199839645	0.0163679744438269
486	0.0381819434822638	0.0163633259006892
487	0.0381803703048843	0.0163586868048774
488	0.0381788004383024	0.0163540571180921
489	0.0381772338690758	0.0163494368022662
490	0.0381756705838429	0.0163448258195632
491	0.038174110569322	0.0163402241323751
492	0.0381725538123108	0.0163356317033207
493	0.0381710002996857	0.0163310484952439
494	0.0381694500184012	0.0163264744712115
495	0.0381679029554893	0.0163219095945119
496	0.0381663590980591	0.0163173538286531
497	0.0381648184332955	0.016312807137361
498	0.0381632809484597	0.0163082694845773
499	0.0381617466308875	0.0163037408344587
500	0.0381602154679896	0.0162992211513742
501	0.0381586874472502	0.0162947103999039
502	0.0381571625562274	0.0162902085448374
503	0.0381556407825516	0.016285715551172
504	0.0381541221139258	0.0162812313841112
505	0.0381526065381245	0.0162767560090628
506	0.0381510940429933	0.0162722893916376
507	0.0381495846164484	0.0162678314976477
508	0.0381480782464762	0.0162633822931049
509	0.0381465749211325	0.0162589417442194
510	0.0381450746285419	0.0162545098173978
511	0.0381435773568976	0.0162500864792419
512	0.0381420830944609	0.0162456716965472
513	0.0381405918295602	0.0162412654363013
514	0.0381391035505909	0.0162368676656824
515	0.0381376182460149	0.0162324783520579
516	0.0381361359043599	0.0162280974629829
517	0.0381346565142189	0.016223724966199
518	0.0381331800642499	0.0162193608296324
519	0.0381317065431754	0.0162150050213929
520	0.0381302359397817	0.0162106575097724
521	0.0381287682429186	0.0162063182632435
522	0.0381273034414988	0.0162019872504579
523	0.0381258415244976	0.0161976644402455
524	0.0381243824809524	0.0161933498016128
525	0.0381229262999619	0.0161890433037415
526	0.0381214729706863	0.0161847449159872
527	0.0381200224823462	0.0161804546078783
528	0.0381185748242225	0.0161761723491144
529	0.0381171299856559	0.0161718981095654
530	0.0381156879560464	0.0161676318592699
531	0.0381142487248529	0.016163373568434
532	0.0381128122815929	0.0161591232074302
533	0.0381113786158416	0.0161548807467959
534	0.0381099477172323	0.0161506461572325
535	0.0381085195754551	0.0161464194096042
536	0.0381070941802569	0.0161422004749362
537	0.0381056715214413	0.0161379893244143
538	0.0381042515888676	0.0161337859293832
539	0.0381028343724506	0.0161295902613455
540	0.0381014198621603	0.0161254022919607
541	0.0381000080480216	0.0161212219930437
542	0.0380985989201135	0.0161170493365639
543	0.0380971924685692	0.016112884294644
544	0.0380957886835754	0.0161087268395591
545	0.0380943875553718	0.0161045769437352
546	0.0380929890742513	0.0161004345797484
547	0.0380915932305588	0.0160962997203236
548	0.0380902000146916	0.0160921723383338
549	0.0380888094170985	0.0160880524067985
550	0.0380874214282797	0.0160839398988831
551	0.0380860360387863	0.0160798347878976
552	0.0380846532392201	0.0160757370472958
553	0.038083273020233	0.0160716466506739
554	0.0380818953725268	0.0160675635717698
555	0.038080520286853	0.0160634877844619
556	0.038079147754012	0.0160594192627682
557	0.0380777777648533	0.0160553579808455
558	0.0380764103102747	0.0160513039129878
559	0.0380750453812224	0.0160472570336262
560	0.0380736829686901	0.0160432233595062
561	0.0380723230637192	0.0160392001400314
562	0.0380709656573982	0.0160351840165369
563	0.0380696107408624	0.0160311749640493
564	0.0380682583052936	0.0160271729577269
565	0.0380669083419198	0.0160231779728587
566	0.0380655608420149	0.0160191899848632
567	0.0380642157968983	0.0160152089692879
568	0.0380628731979345	0.0160112349018081
569	0.0380615330365332	0.0160072677582264
570	0.0380601953041485	0.0160033075144711
571	0.0380588599922788	0.0159993541465963
572	0.0380575270924665	0.0159954076307802
573	0.0380561965962979	0.0159914679433245
574	0.0380548684954024	0.0159875350606539
575	0.0380535427814526	0.0159836089593145
576	0.0380522194461642	0.0159796896159739
577	0.0380508984812949	0.0159757770074195
578	0.038049579878645	0.0159718711105583
579	0.0380482636300566	0.0159679719024158
580	0.0380469497274136	0.0159640793601351
581	0.0380456381626411	0.0159601934609764
582	0.0380443289277054	0.0159563141823159
583	0.0380430220146137	0.0159524415016452
584	0.0380417174154135	0.0159485753965705
585	0.0380404151221928	0.0159447158448117
586	0.0380391151270795	0.0159408628242019
587	0.0380378174222414	0.0159370163126861
588	0.0380365219998856	0.0159331762883212
589	0.0380352288522584	0.0159293427292746
590	0.0380339379716452	0.0159255156138238
591	0.03803264935037	0.0159216949203555
592	0.0380313629807953	0.015917880627365
593	0.0380300788553217	0.0159140727134553
594	0.0380287969663877	0.0159102711573366
595	0.0380275173064697	0.0159064759378255
596	0.0380262398680812	0.0159026870338441
597	0.0380249646437732	0.0158989044244197
598	0.0380236916261334	0.0158951280886838
599	0.0380224208077864	0.0158913580058712
600	0.0380211521813931	0.01588759415532
601	0.0380198857396508	0.0158838365164703
602	0.0380186214752925	0.0158800850688638
603	0.0380173593810873	0.0158763397921431
604	0.0380160994498395	0.015872600666051
605	0.0380148416743888	0.0158688676704297
606	0.0380135860476101	0.0158651407852206
607	0.038012332562413	0.0158614199904633
608	0.0380110812117417	0.0158577052662947
609	0.0380098319885748	0.0158539965929491
610	0.0380085848859251	0.0158502939507569
611	0.0380073398968392	0.0158465973201444
612	0.0380060970143977	0.0158429066816329
613	0.0380048562317144	0.0158392220158382
614	0.0380036175419366	0.01583554330347
615	0.0380023809382446	0.0158318705253312
616	0.0380011464138517	0.0158282036623177
617	0.0379999139620035	0.015824542695417
618	0.0379986835759785	0.0158208876057085
619	0.0379974552490872	0.0158172383743624
620	0.0379962289746722	0.015813594982639
621	0.0379950047461078	0.0158099574118886
622	0.0379937825568003	0.0158063256435507
623	0.037992562400187	0.0158026996591532
624	0.0379913442697366	0.0157990794403123
625	0.0379901281589491	0.0157954649687314
626	0.037988914061355	0.015791856226201
627	0.0379877019705156	0.0157882531945981
628	0.0379864918800226	0.0157846558558853
629	0.0379852837834982	0.0157810641921107
630	0.0379840776745943	0.015777478185407
631	0.0379828735469929	0.0157738978179912
632	0.0379816713944059	0.015770323072164
633	0.0379804712105743	0.0157667539303093
634	0.0379792729892689	0.0157631903748936
635	0.0379780767242893	0.0157596323884656
636	0.0379768824094642	0.0157560799536556
637	0.0379756900386511	0.015752533053175
638	0.0379744996057362	0.0157489916698157
639	0.037973311104634	0.0157454557864501
640	0.0379721245292875	0.0157419253860298
641	0.0379709398736676	0.0157384004515856
642	0.037969757131773	0.0157348809662272
643	0.0379685762976305	0.0157313669131422
644	0.0379673973652942	0.015727858275596
645	0.0379662203288459	0.015724355036931
646	0.0379650451823943	0.0157208571805666
647	0.0379638719200754	0.0157173673328789
648	0.0379627005360521	0.0157138882953587
649	0.037961531024514	0.0157104145783887
650	0.0379603633796773	0.0157069461657288
651	0.0379591975957848	0.0157034830412129
652	0.0379580336671053	0.0157000251887486
653	0.0379568715879338	0.0156965725923172
654	0.0379557113525914	0.0156931252359724
655	0.0379545529554248	0.0156896831038407
656	0.0379533963908065	0.0156862461801204
657	0.0379522416531345	0.0156828144490816
658	0.0379510887368319	0.0156793878950652
659	0.0379499376363473	0.0156759665024831
660	0.0379487883461541	0.0156725502558174
661	0.0379476408607508	0.0156691391396199
662	0.0379464951746603	0.0156657331385121
663	0.0379453512824306	0.0156623322371844
664	0.0379442091786336	0.0156589364203957
665	0.0379430688578659	0.0156555456729734
666	0.0379419303147481	0.0156521599798124
667	0.0379407935439247	0.0156487793258752
668	0.0379396585400644	0.0156454036961911
669	0.0379385252978593	0.0156420330758563
670	0.0379373938120253	0.0156386674500328
671	0.0379362640773017	0.0156353068039488
672	0.0379351360884509	0.0156319511228977
673	0.0379340098402589	0.015628600392238
674	0.0379328853275344	0.0156252545973929
675	0.0379317625451092	0.0156219137238496
676	0.0379306414878377	0.0156185777571597
677	0.0379295221505971	0.0156152466829379
678	0.0379284045282871	0.0156119204868623
679	0.0379272886158297	0.0156085991546735
680	0.0379261744081691	0.0156052826721748
681	0.0379250619002718	0.0156019710252315
682	0.0379239510871262	0.0155986641997705
683	0.0379228419637425	0.01559536218178
684	0.0379217345251527	0.0155920649573093
685	0.0379206287664105	0.0155887725124683
686	0.0379195246825909	0.0155854848334271
687	0.0379184222687905	0.0155822019064159
688	0.037917321520127	0.0155789237177242
689	0.0379162224317391	0.0155756502537009
690	0.0379151249987868	0.0155723815007538
691	0.0379140292164508	0.0155691174453493
692	0.0379129350799325	0.015565858074012
693	0.037911842584454	0.0155626033733242
694	0.0379107517252581	0.0155593533299259
695	0.0379096624976078	0.0155561079305145
696	0.0379085748967865	0.0155528671618441
697	0.0379074889180976	0.0155496310107253
698	0.0379064045568649	0.0155463994640252
699	0.0379053218084318	0.0155431725086666
700	0.0379042406681618	0.015539950131628
701	0.037903161131438	0.0155367323199434
702	0.0379020831936631	0.0155335190607016
703	0.0379010068502594	0.0155303103410459
704	0.0378999320966684	0.0155271061481744
705	0.0378988589283512	0.015523906469339
706	0.0378977873407879	0.0155207112918453
707	0.0378967173294776	0.0155175206030526
708	0.0378956488899384	0.0155143343903732
709	0.0378945820177074	0.0155111526412722
710	0.0378935167083404	0.0155079753432675
711	0.0378924529574118	0.0155048024839291
712	0.0378913907605144	0.015501634050879
713	0.0378903301132599	0.0154984700317909
714	0.0378892710112777	0.01549531041439
715	0.0378882134502161	0.0154921551864525
716	0.0378871574257411	0.0154890043358055
717	0.0378861029335368	0.0154858578503265
718	0.0378850499693055	0.0154827157179437
719	0.0378839985287671	0.0154795779266347
720	0.0378829486076591	0.0154764444644274
721	0.0378819002017371	0.0154733153193988
722	0.0378808533067739	0.0154701904796751
723	0.0378798079185599	0.0154670699334315
724	0.0378787640329028	0.0154639536688919
725	0.0378777216456275	0.0154608416743283
726	0.0378766807525762	0.0154577339380613
727	0.0378756413496082	0.0154546304484587
728	0.0378746034325997	0.0154515311939365
729	0.0378735669974437	0.0154484361629576
730	0.0378725320400501	0.0154453453440322
731	0.0378714985563457	0.0154422587257172
732	0.0378704665422735	0.015439176296616
733	0.0378694359937935	0.0154360980453786
734	0.0378684069068817	0.0154330239607007
735	0.0378673792775307	0.015429954031324
736	0.0378663531017495	0.0154268882460357
737	0.0378653283755629	0.0154238265936684
738	0.0378643050950121	0.0154207690630997
739	0.0378632832561541	0.015417715643252
740	0.037862262855062	0.0154146663230923
741	0.0378612438878246	0.0154116210916321
742	0.0378602263505466	0.0154085799379267
743	0.0378592102393481	0.0154055428510757
744	0.037858195550365	0.0154025098202219
745	0.0378571822797487	0.0153994851227954
746	0.0378561704236659	0.0153964672115277
747	0.0378551599782986	0.0153934533145365
748	0.0378541509398444	0.0153904434211624
749	0.0378531433045157	0.0153874375207879
750	0.03785213706854	0.0153844356028381
751	0.0378511322281601	0.0153814376567799
752	0.0378501287796334	0.0153784436721218
753	0.0378491267192325	0.015375453638414
754	0.0378481260432445	0.0153724675452478
755	0.0378471267479713	0.0153694853822558
756	0.0378461288297295	0.0153665071391112
757	0.03784513228485	0.0153635328055281
758	0.0378441371096785	0.0153605623712607
759	0.0378431433005748	0.0153575958261038
760	0.0378421508539133	0.0153546331598918
761	0.0378411597660824	0.0153516743624993
762	0.0378401700334849	0.0153487194238402
763	0.0378391816525374	0.0153457683338678
764	0.0378381946196709	0.0153428210825748
765	0.0378372089313299	0.0153398776599926
766	0.0378362245839733	0.0153369380561915
767	0.0378352415740733	0.0153340022612804
768	0.0378342598981163	0.0153310702654065
769	0.037833279552602	0.0153281420587553
770	0.0378323005340438	0.0153252176315501
771	0.0378313228389689	0.0153222969740522
772	0.0378303464639175	0.0153193800765601
773	0.0378293714054435	0.0153164669294102
774	0.037828397660114	0.0153135575229757
775	0.0378274252245094	0.015310651847667
776	0.0378264540952234	0.0153077498939313
777	0.0378254842688624	0.0153048516522523
778	0.0378245157420464	0.0153019571131505
779	0.0378235485114081	0.0152990662671822
780	0.037822582573593	0.0152961791049401
781	0.0378216179252596	0.0152932956170526
782	0.0378206545630792	0.015290415794184
783	0.0378196924837359	0.015287539627034
784	0.0378187316839263	0.0152846671063376
785	0.0378177721603596	0.0152817982228651
786	0.0378168139097576	0.0152789329674218
787	0.0378158569288546	0.0152760713308476
788	0.0378149012143972	0.0152732133040173
789	0.0378139467631444	0.01527035887784
790	0.0378129935718675	0.0152675080432592
791	0.0378120416373499	0.0152646607912524
792	0.0378110909563874	0.0152618171128312
793	0.0378101415257876	0.0152589769990408
794	0.0378091933423703	0.0152561404409601
795	0.0378082464029674	0.0152533074297016
796	0.0378073007044224	0.0152504779564108
797	0.037806356243591	0.0152476520122664
798	0.0378054130173403	0.0152448295884801
799	0.0378044710225496	0.0152420106762964
800	0.0378035302561096	0.0152391952669923
801	0.0378025907149226	0.0152363833518773
802	0.0378016523959025	0.0152335749222934
803	0.0378007152959749	0.0152307699696143
804	0.0377997794120766	0.0152279684852461
805	0.0377988447411559	0.0152251704606265
806	0.0377979112801725	0.015222375887225
807	0.0377969790260973	0.0152195847565423
808	0.0377960479759124	0.0152167970601109
809	0.0377951181266111	0.0152140127894941
810	0.0377941894751979	0.0152112319362864
811	0.0377932620186883	0.0152084544921134
812	0.0377923357541089	0.015205680448631
813	0.037791410678497	0.015202909797526
814	0.037790486788901	0.0152001425305157
815	0.0377895640823803	0.0151973786393473
816	0.0377886425560047	0.0151946181157987
817	0.0377877222068551	0.0151918609516773
818	0.0377868030320229	0.0151891071388206
819	0.0377858850286103	0.0151863566690957
820	0.0377849681937299	0.0151836095343995
821	0.0377840525245049	0.0151808657266581
822	0.037783138018069	0.0151781252378268
823	0.0377822246715665	0.0151753880598902
824	0.0377813124821518	0.0151726541848619
825	0.0377804014469898	0.0151699236047844
826	0.0377794915632557	0.0151671963117287
827	0.0377785828281348	0.0151644722977945
828	0.0377776752388228	0.0151617515551101
829	0.0377767687925254	0.0151590340758319
830	0.0377758634864583	0.0151563198521444
831	0.0377749593178475	0.0151536088762604
832	0.0377740562839288	0.0151509011404205
833	0.037773154381948	0.015148196636893
834	0.0377722536091607	0.0151454953579738
835	0.0377713539628327	0.0151427972959865
836	0.037770455440239	0.0151401024432819
837	0.0377695580386651	0.0151374107922381
838	0.0377686617554055	0.0151347223352603
839	0.0377677665877649	0.0151320370647807
840	0.0377668725330573	0.0151293549732584
841	0.0377659795886065	0.0151266760531792
842	0.0377650877517456	0.0151240002970555
843	0.0377641970198174	0.0151213276974262
844	0.037763307390174	0.0151186582468564
845	0.037762418860177	0.0151159919379377
846	0.0377615314271972	0.0151133287632876
847	0.0377606450886149	0.0151106687155498
848	0.0377597598418196	0.0151080117873936
849	0.0377588756842098	0.0151053579715142
850	0.0377579926131936	0.0151027072606323
851	0.0377571106261879	0.0151000596474944
852	0.0377562297206188	0.015097415124872
853	0.0377553498939215	0.0150947736855622
854	0.0377544711435401	0.0150921393758797
855	0.0377535934669277	0.0150895102248203
856	0.0377527168615464	0.0150868841284482
857	0.0377518413248672	0.0150842610796771
858	0.0377509668543698	0.0150816410714451
859	0.0377500934475428	0.0150790240967148
860	0.0377492211018835	0.0150764101484733
861	0.037748349814898	0.0150737992197321
862	0.037747479584101	0.0150711913035266
863	0.037746610407016	0.0150685863929165
864	0.0377457422811749	0.0150659844809852
865	0.0377448752041182	0.0150633855608403
866	0.037744009173395	0.0150607896256127
867	0.0377431441865628	0.0150581966684573
868	0.0377422802411877	0.0150556066825523
869	0.0377414173348441	0.0150530196610994
870	0.0377405554651146	0.0150504355973236
871	0.0377396946295904	0.015047854484473
872	0.037738834825871	0.0150452763158189
873	0.0377379760515638	0.0150427010846556
874	0.0377371183042848	0.0150401287843002
875	0.037736261581658	0.0150375594080925
876	0.0377354058813155	0.0150349929493952
877	0.0377345512008977	0.0150324294015933
878	0.0377336975380528	0.0150298687580946
879	0.0377328448904373	0.0150273110123289
880	0.0377319932557155	0.0150247561577485
881	0.0377311426315597	0.0150222041878278
882	0.0377302930156502	0.0150196550960633
883	0.0377294444056751	0.0150171088759734
884	0.0377285967993304	0.0150145655210984
885	0.0377277501943198	0.0150120250250004
886	0.0377269045883551	0.0150094873812631
887	0.0377260599791554	0.0150069525834917
888	0.0377252163644479	0.0150044206253132
889	0.0377243737419672	0.0150018915003756
890	0.0377235321094558	0.0149993652023484
891	0.0377226914646635	0.0149968417249223
892	0.0377218518053479	0.014994321061809
893	0.0377210131292741	0.0149918032067412
894	0.0377201754342147	0.0149892881534725
895	0.0377193387179497	0.0149867758957775
896	0.0377185029782667	0.0149842664274512
897	0.0377176682129605	0.0149817597423096
898	0.0377168344198334	0.014979255834189
899	0.0377160015966951	0.0149767546969461
900	0.0377151697413625	0.0149742563244582
901	0.0377143388516597	0.0149717607106226
902	0.0377135089254184	0.014969267849357
903	0.0377126799604771	0.0149667777345991
904	0.0377118519546816	0.0149642903603065
905	0.0377110249058851	0.0149618057204569
906	0.0377101988119475	0.0149593238090478
907	0.0377093736707362	0.0149568446200962
908	0.0377085494801253	0.0149543681476391
909	0.0377077262379962	0.0149518943857328
910	0.0377069039422371	0.0149494233284533
911	0.0377060825907434	0.0149469549698958
912	0.0377052621814171	0.0149444893041748
913	0.0377044427121674	0.0149420263254243
914	0.0377036241809102	0.0149395660277971
915	0.0377028065855683	0.0149371084054654
916	0.0377019899240714	0.0149346534526201
917	0.0377011741943558	0.014932201163471
918	0.0377003593943647	0.0149297515322471
919	0.0376995455220479	0.0149273045531955
920	0.0376987325753621	0.0149248602205826
921	0.0376979205522705	0.0149224185286929
922	0.0376971094507429	0.0149199794718296
923	0.0376962992687559	0.0149175430443143
924	0.0376954900042925	0.0149151092404869
925	0.0376946816553424	0.0149126780547056
926	0.0376938742199017	0.0149102494813466
927	0.037693067695973	0.0149078235148045
928	0.0376922620815655	0.0149054001494916
929	0.0376914573746947	0.0149029793798384
930	0.0376906535733827	0.0149005612002931
931	0.0376898506756576	0.0148981456053217
932	0.0376890486795543	0.0148957325894082
933	0.0376882475831139	0.0148933221470537
934	0.0376874473843836	0.0148909142727774
935	0.0376866480814171	0.0148885089611156
936	0.0376858496722743	0.0148861062066222
937	0.0376850521550212	0.0148837060038685
938	0.0376842555277303	0.0148813083474429
939	0.0376834597884799	0.014878913231951
940	0.0376826649353547	0.0148765206520157
941	0.0376818709664454	0.0148741306022768
942	0.0376810778798489	0.014871743077391
943	0.0376802856736681	0.0148693580720322
944	0.0376794943460118	0.0148669755808909
945	0.0376787038949952	0.0148645955986743
946	0.0376779143187391	0.0148622181201065
947	0.0376771256153704	0.0148598431399281
948	0.037676337783022	0.0148574706528963
949	0.0376755508198327	0.0148551006537847
950	0.0376747647239472	0.0148527331373834
951	0.037673979493516	0.0148503680984989
952	0.0376731951266954	0.0148480055319538
953	0.0376724116216478	0.014845645432587
954	0.0376716289765409	0.0148432877952536
955	0.0376708471895488	0.0148409326148247
956	0.0376700662588507	0.0148385798861875
957	0.037669286182632	0.0148362296042449
958	0.0376685069590836	0.014833881763916
959	0.0376677285864021	0.0148315363601355
960	0.0376669510627897	0.0148291933878538
961	0.0376661743864543	0.0148268528420372
962	0.0376653985556094	0.0148245147176675
963	0.037664623568474	0.0148221790097419
964	0.0376638494232729	0.0148198457132734
965	0.037663076118236	0.0148175148232901
966	0.0376623036515991	0.0148151863348356
967	0.0376615320216034	0.0148128602429688
968	0.0376607612264954	0.0148105365427639
969	0.0376599912645272	0.0148082152293101
970	0.0376592221339564	0.0148058962977119
971	0.0376584538330457	0.0148035797430886
972	0.0376576863600634	0.0148012655605748
973	0.0376569197132833	0.0147989537453196
974	0.0376561538909841	0.0147966442924875
975	0.0376553888914502	0.0147943405125899
976	0.0376546247129711	0.0147920411521709
977	0.0376538613538417	0.0147897441342543
978	0.0376530988123619	0.0147874494540743
979	0.0376523370868371	0.0147851571068797
980	0.0376515761755779	0.0147828670879339
981	0.0376508160768997	0.0147805793925145
982	0.0376500567891236	0.0147782940159135
983	0.0376492983105755	0.0147760109534372
984	0.0376485406395864	0.0147737302004063
985	0.0376477837744926	0.0147714517521554
986	0.0376470277136353	0.0147691756040334
987	0.0376462724553609	0.0147669017514033
988	0.0376455179980207	0.0147646301896419
989	0.0376447643399712	0.0147623609141401
990	0.0376440114795737	0.0147600939203028
991	0.0376432594151945	0.0147578292035484
992	0.0376425081452051	0.0147555667593095
993	0.0376417576679816	0.014753306583032
994	0.0376410079819052	0.0147510486701759
995	0.0376402590853621	0.0147487930162144
996	0.0376395109767431	0.0147465396166347
997	0.037638763654444	0.0147442884669371
998	0.0376380171168656	0.0147420395626356
999	0.0376372713624132	0.0147397928992575
1000	0.0376366486934404	0.0147375654927035
1001	0.0376357821965325	0.0147353062774476
