1	0.000944612025108023	1.15924304070281e-07
2	0.0013763562924365	1.30236082542403e-07
3	0.00166958471056972	1.35130391605199e-07
4	0.00189387580808431	1.30009018242286e-07
5	0.00207605156761137	1.24639600771425e-07
6	0.00222951320864966	1.19491731904183e-07
7	0.00236201388824327	1.21536599064386e-07
8	0.00247848470392989	1.16835410751713e-07
9	0.00258227603623052	1.12500438719157e-07
10	0.00267577758883525	1.08500296978859e-07
11	0.00276075844194641	1.04801877415965e-07
12	0.00283856728993704	1.07249411894787e-07
13	0.00291025711863699	1.03879123743078e-07
14	0.00297666640402493	1.00738725162773e-07
15	0.0030384739842082	9.78049967419158e-08
16	0.00309623730293694	9.50575950079852e-08
17	0.00315041977058639	9.24786933179248e-08
18	0.00320141078416894	9.00526436462131e-08
19	0.00324954066444945	8.77656751736362e-08
20	0.00329509199274857	8.56056327648625e-08
21	0.00333830834613861	8.35617530762821e-08
22	0.0033794011191595	8.62221073377156e-08
23	0.00341855491579977	8.42793121213336e-08
24	0.00345593185796241	8.24320706292684e-08
25	0.00349167506223713	8.06731642099907e-08
26	0.00379658660619859	7.8996099656577e-08
27	0.00383195737854262	7.73950196893884e-08
28	0.00386593618551719	7.5864626286618e-08
29	0.0038986208481972	7.44001148100949e-08
30	0.00393009951319521	7.29971172227792e-08
31	0.00396045187186357	7.16516529841585e-08
32	0.00398975019430918	7.03600864489165e-08
33	0.0040180602109265	6.91190897910862e-08
34	0.00404544186760684	6.79256106378153e-08
35	0.00407194997569127	6.6776843730104e-08
36	0.00409763477374722	6.92678937514155e-08
37	0.00412254241510255	6.81425543046976e-08
38	0.00414671539256974	6.70568164319939e-08
39	0.00417019290979278	6.60085305837844e-08
40	0.00419301120703856	6.4995703992076e-08
41	0.00421520384795217	6.40164864067523e-08
42	0.00423680197273355	6.30691573766748e-08
43	0.00425783452232503	6.21521148827175e-08
44	0.00427832843748554	6.12638651570149e-08
45	0.00429830883603683	6.04030135455568e-08
46	0.00431779917107837	5.95682562906738e-08
47	0.00433682137255816	5.87583731264198e-08
48	0.00435539597424697	5.79722205939063e-08
49	0.00437354222787516	5.720872599565e-08
50	0.00439127820595035	5.6466881918256e-08
51	0.00440862089456892	5.57457412616234e-08
52	0.0044255862773611	5.50444127204327e-08
53	0.00444218941156071	5.43620566702679e-08
54	0.00445844449706459	5.3697881416397e-08
55	0.00447436493923881	5.30511397681636e-08
56	0.00448996340613346	5.24211259062355e-08
57	0.00450525188069084	5.45697312164756e-08
58	0.00452024170845925	5.39392913925546e-08
59	0.00453494364126607	5.33244734418409e-08
60	0.00454936787725166	5.27246803886484e-08
61	0.00456352409761914	5.21393460042103e-08
62	0.00457742150041634	5.15679328220035e-08
63	0.00459106883163076	5.10099303064953e-08
64	0.00460447441384866	5.04648531615497e-08
65	0.00461764617270153	4.99322397661211e-08
66	0.00463059166130125	4.94116507261114e-08
67	0.00464331808284288	4.8902667532373e-08
68	0.00465583231153658	4.84048913158161e-08
69	0.00466814091201379	4.7917941691457e-08
70	0.00468025015733819	4.74414556840237e-08
71	0.00469216604573902	4.69750867284303e-08
72	0.0047038943161741	4.65185037390551e-08
73	0.00471544046281743	4.60713902423174e-08
74	0.00472680974855989	4.56334435675462e-08
75	0.00473800721760109	4.52043740915886e-08
76	0.00474903770720548	4.4783904533002e-08
77	0.00475990585868633	4.43717692920503e-08
78	0.00477061612767883	4.39677138330426e-08
79	0.00478117279375533	4.35714941058545e-08
80	0.00479157996943276	4.31828760037428e-08
81	0.0048018416086171	4.28016348548008e-08
82	0.00481196151452686	4.24275549446281e-08
83	0.00482194334713281	4.20604290679826e-08
84	0.00483179063014879	4.17000581073691e-08
85	0.00484150675760611	4.13462506366774e-08
86	0.0048510950000398	4.09988225481435e-08
87	0.00486055851031431	4.27693259244388e-08
88	0.00486990032911345	4.24167221151112e-08
89	0.00487912339011689	4.20702906160096e-08
90	0.00488823052488466	4.17298650611299e-08
91	0.00489722446746913	4.13952851343206e-08
92	0.00490610785877182	4.10663962929704e-08
93	0.0049148832506626	4.07430495068472e-08
94	0.0049235531098755	4.04251010111313e-08
95	0.00493211982169624	4.01124120727336e-08
96	0.00494058569345429	3.98048487690738e-08
97	0.00494895295783147	3.95022817785418e-08
98	0.00495722377599885	3.92045861819211e-08
99	0.00496540024059223	3.89116412741126e-08
100	0.0049287349231402	3.79305511317494e-08
101	0.00498147815372378	3.83395407125802e-08
102	0.00498938346956762	3.80601631567311e-08
103	0.00499720217141726	3.77850921715847e-08
104	0.00500493604886378	3.75142256175707e-08
105	0.00501258683792993	3.7247464623765e-08
106	0.00502015622315532	3.69847134564512e-08
107	0.00502764583958234	3.67258793940306e-08
108	0.00503505727464772	3.6470872607927e-08
109	0.00504239206998604	3.62196060491515e-08
110	0.00504965172314909	3.59719953402145e-08
111	0.00505683768924618	3.57279586720873e-08
112	0.0050639513825098	3.54874167059427e-08
113	0.00507099417779033	3.52502924794132e-08
114	0.00507796741198352	3.50165113171263e-08
115	0.00508487238539489	3.47860007452879e-08
116	0.00509171036304373	3.45586904101018e-08
117	0.00509848257591014	3.43345119998228e-08
118	0.00510519022212802	3.41133991702561e-08
119	0.00511183446812669	3.38952874735236e-08
120	0.00511841644972393	3.36801142899327e-08
121	0.0051249372731727	3.34678187627866e-08
122	0.00513139801616406	3.32583417359903e-08
123	0.00513779972878787	3.30516256943131e-08
124	0.00514414343445474	3.28476147061721e-08
125	0.00515043013077897	3.26462543688163e-08
126	0.00515666079042683	3.24474917557934e-08
127	0.00516283636192957	3.22512753665851e-08
128	0.00516895777046467	3.20575550783098e-08
129	0.00517502591860545	3.34795090313752e-08
130	0.00518104168704152	3.32810741992989e-08
131	0.00518700593527076	3.30851120585707e-08
132	0.00519291950226471	3.28915752708593e-08
133	0.00519878320710804	3.27004177206194e-08
134	0.00520459784961357	3.25115944753807e-08
135	0.00521036421091405	3.23250617475857e-08
136	0.00521608305403162	3.21407768579112e-08
137	0.00522175512442553	3.19586982000003e-08
138	0.0052273811505204	3.17787852065474e-08
139	0.00523296184421373	3.16009983166698e-08
140	0.00523849790136601	3.14252989445143e-08
141	0.00524399000227209	3.12516494490409e-08
142	0.005249438812116	3.10800131049328e-08
143	0.00525484498140929	3.09103540745838e-08
144	0.00526020914641361	3.07426373811178e-08
145	0.00526553192954861	3.05768288823934e-08
146	0.00527081393978513	3.04128952459542e-08
147	0.00527605577302514	3.02508039248826e-08
148	0.00528125801246785	3.0090523134521e-08
149	0.00528642122896361	2.99320218300218e-08
150	0.00529154598135581	2.97752696846942e-08
151	0.0052966328168106	2.96202370691127e-08
152	0.00530168227113625	2.94668950309573e-08
153	0.00530669486909085	2.93152152755549e-08
154	0.00531167112468038	2.91651701470928e-08
155	0.00531661154144694	2.90167326104802e-08
156	0.00532151661274695	2.88698762338266e-08
157	0.00532638682202068	2.87245751715178e-08
158	0.005331222643053	2.85808041478612e-08
159	0.00533602454022535	2.84385384412819e-08
160	0.00534079296875985	2.82977538690451e-08
161	0.0053455283749558	2.81584267724856e-08
162	0.00535023119641828	2.80205340027251e-08
163	0.0053549018622798	2.78840529068575e-08
164	0.00535954079341474	2.77489613145837e-08
165	0.00536414840264751	2.76152375252829e-08
166	0.0053687250949538	2.74828602954967e-08
167	0.00537327126765613	2.7351808826818e-08
168	0.00537778731061268	2.72220627541643e-08
169	0.00538227360640132	2.70936021344231e-08
170	0.00538673053049709	2.69664074354558e-08
171	0.00539115845144512	2.68404595254463e-08
172	0.00539555773102806	2.67157396625815e-08
173	0.00539992872442817	2.65922294850527e-08
174	0.00540427178038545	2.64699110013649e-08
175	0.00540858724135033	2.63487665809442e-08
176	0.00541287544363228	2.62287789450309e-08
177	0.005417136717544	2.61099311578502e-08
178	0.00542137138754155	2.59922066180493e-08
179	0.00542557977236005	2.5875589050392e-08
180	0.00542976218514626	2.57600624977003e-08
181	0.00543391893358652	2.56456113130383e-08
182	0.00543805032003169	2.55322201521248e-08
183	0.00544215664161824	2.54198739659702e-08
184	0.00544623819038619	2.53085579937294e-08
185	0.00545029525339342	2.51982577557626e-08
186	0.00545432811282728	2.50889590468972e-08
187	0.00545833704611283	2.49806479298838e-08
188	0.00546232232601793	2.61014377186101e-08
189	0.00546628422075596	2.59898086425665e-08
190	0.00547022299408551	2.58791736657789e-08
191	0.00547413890540698	2.57695192226318e-08
192	0.00547803220985735	2.56608319971557e-08
193	0.00548190315840205	2.55530989172483e-08
194	0.00548575199792406	2.54463071490584e-08
195	0.00548957897131118	2.53404440915221e-08
196	0.00549338431754077	2.52354973710538e-08
197	0.00549716827176231	2.51314548363803e-08
198	0.00550093106537769	2.50283045535165e-08
199	0.00550467292611968	2.49260348008787e-08
200	0.00550839407812809	2.48246340645301e-08
201	0.00551209474202425	2.47240910335529e-08
202	0.00551577513498329	2.46243945955469e-08
203	0.00551943547080478	2.45255338322463e-08
204	0.00552307595998169	2.44274980152547e-08
205	0.00552669680976731	2.43302766018904e-08
206	0.00553029822424074	2.42338592311449e-08
207	0.00553388040437045	2.41382357197435e-08
208	0.00553744354807708	2.40433960583112e-08
209	0.00554098785029329	2.39493304076373e-08
210	0.00554451350302349	2.38560290950364e-08
211	0.00554802069540136	2.3763482610804e-08
212	0.00555150961374629	2.36716816047617e-08
213	0.00555498044161816	2.35806168828916e-08
214	0.00555843335987113	2.34902794040558e-08
215	0.00556186854670588	2.3400660276799e-08
216	0.00556528617772079	2.33117507562309e-08
217	0.0055686864259617	2.3223542240988e-08
218	0.00557206946197083	2.31360262702708e-08
219	0.00557543545383404	2.30491945209534e-08
220	0.00557878456722756	2.29630388047673e-08
221	0.00558211696546313	2.28775510655513e-08
222	0.00558543280953237	2.27927233765721e-08
223	0.00558873225815003	2.27085479379079e-08
224	0.00559201546779641	2.26250170738972e-08
225	0.00559528259275841	2.25421232306484e-08
226	0.00559853378517024	2.24598589736104e-08
227	0.00560176919505253	2.23782169852007e-08
228	0.00560498897035105	2.22971900624911e-08
229	0.00560819325697431	2.22167711149477e-08
230	0.00561138219883071	2.21369531622251e-08
231	0.00561455593786403	2.20577293320127e-08
232	0.00561771461408915	2.19790928579317e-08
233	0.00562085836562609	2.19010370774808e-08
234	0.00562398732873403	2.18235554300307e-08
235	0.00562710163784405	2.17466414548652e-08
236	0.00563020142559135	2.16702887892659e-08
237	0.00563328682284683	2.15944911666446e-08
238	0.00563635795874791	2.1519242414715e-08
239	0.00563941496072871	2.14445364537083e-08
240	0.00564245795454953	2.13703672946287e-08
241	0.00564548706432571	2.12967290375492e-08
242	0.005648502412556	2.12236158699449e-08
243	0.00565150412015024	2.11510220650648e-08
244	0.00565449230645624	2.10789419803398e-08
245	0.0056574670892866	2.10073700558259e-08
246	0.00566042858494442	2.09363008126827e-08
247	0.00566337690824881	2.08657288516852e-08
248	0.00566631217255981	2.07956488517689e-08
249	0.00566923448980264	2.07260555686058e-08
250	0.00567214397049185	2.06569438332142e-08
251	0.00567504072375431	2.05883085505952e-08
252	0.00567792485735239	2.05201446984018e-08
253	0.00568079647770628	2.04524473256362e-08
254	0.00568365568991603	2.0385211551374e-08
255	0.00568650259778302	2.03184325635176e-08
256	0.00568933730383107	2.02521056175748e-08
257	0.00569215990932716	2.01862260354647e-08
258	0.00569497051430163	2.01207892043484e-08
259	0.00569776921756808	2.0055790575484e-08
260	0.00570055611674277	1.99912256631073e-08
261	0.00570333130826379	1.99270900433346e-08
262	0.00570609488740973	1.98633793530889e-08
263	0.00570884694831793	1.98000892890487e-08
264	0.00571158758400257	1.97372156066195e-08
265	0.00571431688637233	1.96747541189243e-08
266	0.00571703494624738	2.05577560178937e-08
267	0.00571974185337677	2.04931359565923e-08
268	0.00572243769645467	2.042893513882e-08
269	0.00572512256313691	2.03651494078141e-08
270	0.00572779654005691	2.03017746623462e-08
271	0.00573045971284133	2.02388068557879e-08
272	0.00573311216612546	2.01762419951982e-08
273	0.00573575398356837	2.01140761404263e-08
274	0.00573838524786763	2.00523054032346e-08
275	0.00574100604077407	1.9990925946438e-08
276	0.00574361644310578	1.99299339830606e-08
277	0.00574621653476222	1.98693257755108e-08
278	0.00574880639473797	1.98090976347688e-08
279	0.00575138610113618	1.97492459195957e-08
280	0.00575395573118197	1.96897670357526e-08
281	0.00575651536123508	1.96306574352391e-08
282	0.00575906506680298	1.95719136155446e-08
283	0.0057616049225532	1.95135321189148e-08
284	0.00576413500232558	1.94555095316327e-08
285	0.00576665537914467	1.93978424833128e-08
286	0.00576916612523106	1.93405276462094e-08
287	0.00577166731201349	1.92835617345388e-08
288	0.00577415901014002	1.92269415038127e-08
289	0.00577664128948949	1.91706637501862e-08
290	0.00577911421918208	1.91147253098177e-08
291	0.00578157786759082	1.90591230582398e-08
292	0.0057840323023517	1.9003853909744e-08
293	0.00578647759037422	1.89489148167753e-08
294	0.00578891379785196	1.88943027693391e-08
295	0.00579134099027225	1.88400147944194e-08
296	0.00579375923242639	1.87860479554068e-08
297	0.00579616858841928	1.87323993515383e-08
298	0.00579856912167896	1.86790661173465e-08
299	0.00580096089496603	1.86260454221201e-08
300	0.00580334397038314	1.85733344693732e-08
301	0.00580571840938356	1.85209304963252e-08
302	0.00580808427278062	1.84688307733896e-08
303	0.00581044162075625	1.84170326036729e-08
304	0.00581279051286965	1.83655333224814e-08
305	0.00581513100806584	1.83143302968386e-08
306	0.00581746316468373	1.82634209250095e-08
307	0.00581978704046483	1.82128026360353e-08
308	0.00582210269256079	1.81624728892745e-08
309	0.00582441017754163	1.81124291739545e-08
310	0.00582670955140343	1.80626690087294e-08
311	0.00582900086957625	1.80131899412456e-08
312	0.00583128418693109	1.79639895477171e-08
313	0.00583355955778803	1.7915065432506e-08
314	0.00583582703592291	1.7866415227712e-08
315	0.00583808667457489	1.78180365927676e-08
316	0.00584033852645346	1.77699272140429e-08
317	0.00584258264374511	1.7722084804454e-08
318	0.00584481907812052	1.76745071030811e-08
319	0.00584704788074099	1.76271918747918e-08
320	0.00584926910226541	1.75801369098708e-08
321	0.00585148279285627	1.7533340023657e-08
322	0.0058536890021865	1.7486799056186e-08
323	0.00585588777944555	1.7440511871839e-08
324	0.00585807917334566	1.73944763589978e-08
325	0.00586026323212795	1.73486904297054e-08
326	0.00586244000356837	1.73031520193328e-08
327	0.00586460953498366	1.72578590862512e-08
328	0.00586677187323725	1.72128096115099e-08
329	0.00586892706474478	1.71680015985188e-08
330	0.00587107515547988	1.71234330727383e-08
331	0.00587321619097979	1.70791020813719e-08
332	0.00587535021635057	1.70350066930652e-08
333	0.00587747727627272	1.69911449976107e-08
334	0.00587959741500646	1.69475151056557e-08
335	0.0058817106763966	1.69041151484164e-08
336	0.00588381710387824	1.68609432773964e-08
337	0.00588591674048133	1.68179976641094e-08
338	0.00588800962883599	1.6775276499807e-08
339	0.00589009581117701	1.67327779952108e-08
340	0.00589217532934917	1.6690500380249e-08
341	0.00589424822481161	1.66484419037967e-08
342	0.00589631453864277	1.66066008334211e-08
343	0.00589837431154475	1.6564975455131e-08
344	0.00590042758384805	1.65235640731291e-08
345	0.00590247439551597	1.64823650095699e-08
346	0.00590451478614898	1.64413766043205e-08
347	0.00590654879498916	1.64005972147252e-08
348	0.0059085764609245	1.63600252153743e-08
349	0.00591059782249284	1.63196589978768e-08
350	0.00591261291788635	1.62794969706358e-08
351	0.0059146217849555	1.6239537558628e-08
352	0.00591662446121298	1.61997792031872e-08
353	0.00591862098383793	1.61602203617901e-08
354	0.00592061138967955	1.61208595078465e-08
355	0.00592259571526122	1.60816951304922e-08
356	0.00592457399678408	1.60427257343851e-08
357	0.00592654627013099	1.60039498395049e-08
358	0.00592851257087001	1.59653659809559e-08
359	0.00593047293425827	1.5926972708772e-08
360	0.00593242739524527	1.58887685877262e-08
361	0.00593437598847679	1.58507521971413e-08
362	0.00593631874829798	1.58129221307054e-08
363	0.00593825570875707	1.57752769962883e-08
364	0.00594018690360857	1.57378154157627e-08
365	0.00594211236631696	1.57005360248258e-08
366	0.00594403213005943	1.56634374728263e-08
367	0.00594594622772959	1.56265184225918e-08
368	0.00594785469194048	1.55897775502595e-08
369	0.00594975755502772	1.55532135451107e-08
370	0.00595165484905272	1.62469292740914e-08
371	0.00595354660580565	1.62090111611661e-08
372	0.0059554328568085	1.61712742011272e-08
373	0.00595731363331802	1.61337170749383e-08
374	0.0059591889663288	1.60963384764911e-08
375	0.00596105888657598	1.6059137112446e-08
376	0.00596292342453835	1.60221117020756e-08
377	0.00596478261044089	1.59852609771096e-08
378	0.00596663647425779	1.59485836815829e-08
379	0.00596848504571508	1.59120785716848e-08
380	0.00597032835429336	1.5875744415612e-08
381	0.00597216642923053	1.58395799934221e-08
382	0.00597399929952432	1.58035840968903e-08
383	0.00597582699393503	1.57677555293681e-08
384	0.00597764954098789	1.57320931056434e-08
385	0.00597946696897587	1.56965956518033e-08
386	0.00598127930596187	1.5661262005099e-08
387	0.00598308657978155	1.56260910138116e-08
388	0.00598488881804532	1.5591081537121e-08
389	0.00598668604814119	1.55562324449763e-08
390	0.00598847829723683	1.55215426179676e-08
391	0.00599026559228193	1.54870109472006e-08
392	0.00599204796001069	1.54526363341717e-08
393	0.00599382542694394	1.5418417690646e-08
394	0.00599559801939147	1.53843539385365e-08
395	0.00599736576345418	1.53504440097857e-08
396	0.00599912868502624	1.5316686846247e-08
397	0.00600088680979739	1.52830813995702e-08
398	0.00600264016325495	1.52496266310871e-08
399	0.00600438877068597	1.52163215116992e-08
400	0.00600613265717931	1.51831650217665e-08
401	0.00600787184762772	1.51501561509984e-08
402	0.00600960636672965	1.51172938983463e-08
403	0.00601133623899164	1.50845772718964e-08
404	0.00601306148872994	1.50520052887661e-08
405	0.00601478214007269	1.50195769749995e-08
406	0.00601649821696163	1.49872913654661e-08
407	0.0060182097431542	1.49551475037602e-08
408	0.00601991674222525	1.49231444421015e-08
409	0.00602161923756911	1.48912812412374e-08
410	0.00602331725240112	1.48595569703469e-08
411	0.00602501080975965	1.48279707069449e-08
412	0.00602669993250789	1.47965215367884e-08
413	0.00602838464333535	1.47652085537845e-08
414	0.00603006496476014	1.47340308598981e-08
415	0.0060317409191299	1.47029875650631e-08
416	0.00603341252862431	1.46720777870921e-08
417	0.00603507981525612	1.46413006515897e-08
418	0.00603674280087325	1.46106552918656e-08
419	0.00603840150716013	1.45801408488493e-08
420	0.00604005595563952	1.45497564710058e-08
421	0.00604170616767383	1.45195013142527e-08
422	0.00604335216446715	1.44893745418781e-08
423	0.00604499396706631	1.44593753244596e-08
424	0.00604663159636263	1.44295028397843e-08
425	0.00604826507309368	1.4399756272771e-08
426	0.00604989441784419	1.43701348153906e-08
427	0.00605151965104816	1.43406376665915e-08
428	0.00605314079298991	1.43112640322222e-08
429	0.00605475786380574	1.42820131249575e-08
430	0.0060563708834851	1.42528841642242e-08
431	0.00605797987187245	1.4223876376129e-08
432	0.00605958484866812	1.41949889933858e-08
433	0.00606118583343016	1.41662212552452e-08
434	0.00606278284557523	1.41375724074248e-08
435	0.0060643759043805	1.41090417020395e-08
436	0.00606596502898451	1.40806283975335e-08
437	0.00606755023838868	1.40523317586132e-08
438	0.00606913155145856	1.40241510561805e-08
439	0.00607070898692529	1.39960855672673e-08
440	0.00607228256338646	1.39681345749704e-08
441	0.00607385229930781	1.3940297368388e-08
442	0.00607541821302423	1.39125732425562e-08
443	0.00607698032274103	1.38849614983868e-08
444	0.00607853864653508	1.38574614426056e-08
445	0.00608009320235618	1.38300723876922e-08
446	0.00608164400802809	1.38027936518187e-08
447	0.00608319108124971	1.3775624558792e-08
448	0.00608473443959631	1.37485644379941e-08
449	0.00608627410052062	1.37216126243248e-08
450	0.00608781008135404	1.36947684581446e-08
451	0.00608934239930753	1.36680312852185e-08
452	0.00609087107147292	1.36414004566596e-08
453	0.00609239611482408	1.36148753288752e-08
454	0.00609391754621769	1.35884552635119e-08
455	0.00609543538239463	1.35621396274018e-08
456	0.00609694963998075	1.35359277925101e-08
457	0.0060984603354881	1.35098191358824e-08
458	0.00609996748531596	1.34838130395932e-08
459	0.00610147110575175	1.34579088906948e-08
460	0.00610297121297206	1.34321060811668e-08
461	0.00610446782304372	1.34064040078666e-08
462	0.00610596095192473	1.33808020724801e-08
463	0.00610745061546532	1.33552996814728e-08
464	0.00610893682940875	1.33298962460423e-08
465	0.00611041960939233	1.33045911820704e-08
466	0.00611189897094844	1.32793839100767e-08
467	0.00611337492950541	1.3254273855172e-08
468	0.0061148475003884	1.32292604470128e-08
469	0.00611631669882043	1.32043431197557e-08
470	0.00611778253992305	1.31795213120135e-08
471	0.00611924503871742	1.31547944668104e-08
472	0.00612070421012524	1.31301620315387e-08
473	0.00612216006896951	1.31056234579157e-08
474	0.00612361262997532	1.30811782019414e-08
475	0.00612506190777091	1.3056825723856e-08
476	0.00612650791688834	1.30325654880987e-08
477	0.00612795067176431	1.30083969632664e-08
478	0.00612939018674127	1.29843196220735e-08
479	0.00613082647606782	1.29603329413116e-08
480	0.0061322595538998	1.29364364018092e-08
481	0.00613368943430106	1.2912629488394e-08
482	0.00613511613124411	1.28889116898531e-08
483	0.00613653965861113	1.28652824988947e-08
484	0.0061379600301944	1.28417414121109e-08
485	0.00613937725969757	1.28182879299401e-08
486	0.00614079136073587	1.27949215566299e-08
487	0.00614220234683724	1.27716418002005e-08
488	0.0061436102314429	1.27484481724093e-08
489	0.00614501502790815	1.27253401887142e-08
490	0.00614641674950311	1.27023173682393e-08
491	0.0061478154094133	1.26793792337392e-08
492	0.00614921102074055	1.26565253115654e-08
493	0.00615060359650361	1.26337551316315e-08
494	0.00615199314963883	1.26110682273799e-08
495	0.00615337969300078	1.25884641357484e-08
496	0.00615476323936321	1.25659423971375e-08
497	0.00615614380141927	1.25435025553773e-08
498	0.00615752139178273	1.25211441576961e-08
499	0.0061588960229881	1.24988667546879e-08
500	0.00616026770749173	1.24766699002814e-08
501	0.00616163645767207	1.24545531517087e-08
502	0.00616300228583063	1.24325160694745e-08
503	0.0061643652041926	1.2410558217326e-08
504	0.00616572522490701	1.23886791622224e-08
505	0.00616708236004809	1.23668784743056e-08
506	0.00616843662161533	1.23451557268705e-08
507	0.00616978802153415	1.2890035142199e-08
508	0.00617113657165686	1.28674754991625e-08
509	0.00617248228376282	1.28449960601303e-08
510	0.00617382516955927	1.28225963916727e-08
511	0.00617516524068195	1.28002760635097e-08
512	0.0061765025086954	1.27780346484816e-08
513	0.00617783698509392	1.27558717225209e-08
514	0.00617916868130192	1.27337868646244e-08
515	0.00618049760867432	1.27117796568249e-08
516	0.00618182377849758	1.26898496841637e-08
517	0.00618314720198968	1.2667996534664e-08
518	0.00618446789030109	1.26462197993034e-08
519	0.00618578585451523	1.26245190719871e-08
520	0.00618710110564881	1.26028939495224e-08
521	0.00618841365465244	1.25813440315917e-08
522	0.00618972351241149	1.25598689207273e-08
523	0.00619103068974593	1.2538468222286e-08
524	0.00619233519741158	1.25171415444231e-08
525	0.00619363704610004	1.24958884980685e-08
526	0.00619493624643953	1.24747086969012e-08
527	0.00619623280899527	1.24536017573253e-08
528	0.00619752674426998	1.24325672984458e-08
529	0.00619881806270436	1.24116049420444e-08
530	0.00620010677467762	1.23907143125565e-08
531	0.00620139289050787	1.23698950370469e-08
532	0.00620267642045276	1.23491467451874e-08
533	0.00620395737470978	1.23284690692339e-08
534	0.00620523576341673	1.2307861644003e-08
535	0.00620651159665239	1.22873241068505e-08
536	0.00620778488443664	1.22668560976486e-08
537	0.00620905563673136	1.22464572587642e-08
538	0.0062103238634403	1.22261272350371e-08
539	0.00621158957441003	1.22058656737588e-08
540	0.00621285277943025	1.21856722246506e-08
541	0.00621411348823397	1.21655465398432e-08
542	0.00621537171049832	1.21454882738557e-08
543	0.00621662745584477	1.21254970835745e-08
544	0.0062178807338394	1.21055726282338e-08
545	0.00621913155399372	1.20857145693947e-08
546	0.00622037992576468	1.20659225709256e-08
547	0.00622162585855541	1.20461962989822e-08
548	0.00622286936171545	1.2026535421988e-08
549	0.00622411044454112	1.20069396106152e-08
550	0.00622534911627595	1.19874085377651e-08
551	0.00622658538611129	1.19679418785496e-08
552	0.00622781926318631	1.1948539310272e-08
553	0.0062290507565888	1.19292005124087e-08
554	0.00623027987535521	1.19099251665907e-08
555	0.0062315066284712	1.18907129565855e-08
556	0.00623273102487199	1.18715635682788e-08
557	0.00623395307344284	1.18524766896573e-08
558	0.00623517278301917	1.18334520107902e-08
559	0.00623639016238721	1.18144892238122e-08
560	0.00623760522028414	1.17955880229067e-08
561	0.00623881796539861	1.17767481042873e-08
562	0.00624002840637097	1.17579691661823e-08
563	0.00624123655179366	1.17392509088171e-08
564	0.00624244241021177	1.17205930343979e-08
565	0.00624364599012295	1.17019952470949e-08
566	0.00624484729997819	1.16834572530265e-08
567	0.00624604634818193	1.16649787602431e-08
568	0.00624724314309237	1.16465594787104e-08
569	0.00624843769302202	1.16281991202949e-08
570	0.00624963000623779	1.16098973987471e-08
571	0.00625082009096148	1.15916540296867e-08
572	0.00625200795536998	1.15734687305869e-08
573	0.00625319360759579	1.15553412207594e-08
574	0.00625437705572711	1.15372712213393e-08
575	0.00625555830780833	1.15192584552703e-08
576	0.00625673737184024	1.15013026472898e-08
577	0.00625791425578032	1.14834035239147e-08
578	0.00625908896754328	1.14655608134261e-08
579	0.00626026151500098	1.1447774245856e-08
580	0.00626143190598316	1.14300435529726e-08
581	0.00626260014827741	1.14123684682662e-08
582	0.00626376624962965	1.13947487269358e-08
583	0.00626493021774424	1.13771840658744e-08
584	0.00626609206028451	1.13596742236565e-08
585	0.00626725178487303	1.13422189405239e-08
586	0.00626840939909155	1.13248179583724e-08
587	0.0062695649104818	1.13074710207388e-08
588	0.00627071832654535	1.12901778727876e-08
589	0.00627186965474413	1.12729382612981e-08
590	0.00627301890250069	1.12557519346518e-08
591	0.00627416607719821	1.12386186428187e-08
592	0.00627531118618122	1.12215381373463e-08
593	0.00627645423675552	1.12045101713453e-08
594	0.00627759523618857	1.11875344994788e-08
595	0.00627873419170977	1.1170610877949e-08
596	0.00627987111051076	1.11537390644857e-08
597	0.00628100599974548	1.11369188183336e-08
598	0.00628213886653066	1.11201499002412e-08
599	0.00628326971794605	1.11034320724484e-08
600	0.00628439856103459	1.10867650986751e-08
601	0.00628552540280254	1.10701487441095e-08
602	0.00628665025022013	1.10535827753967e-08
603	0.00628777311022136	1.10370669606275e-08
604	0.00628889398970454	1.10206010693265e-08
605	0.00629001289553242	1.10041848724419e-08
606	0.00629112983453245	1.09878181423338e-08
607	0.00629224481349704	1.09715006527636e-08
608	0.00629335783918375	1.09552321788827e-08
609	0.00629446891831561	1.09390124972223e-08
610	0.00629557805758119	1.09228413856825e-08
611	0.00629668526363511	1.09067186235219e-08
612	0.00629779054309803	1.0890643991347e-08
613	0.00629889390255685	1.0874617271102e-08
614	0.00629999534856521	1.08586382460582e-08
615	0.00630109488764342	1.08427067008044e-08
616	0.00630219252627884	1.08268224212366e-08
617	0.00630328827092612	1.08109851945479e-08
618	0.00630438212800731	1.07951948092188e-08
619	0.0063054741039121	1.07794510550072e-08
620	0.00630656420499826	1.0763753722939e-08
621	0.00630765243759134	1.07481026052983e-08
622	0.00630873880798547	1.0732497495618e-08
623	0.00630982332244324	1.07169381886702e-08
624	0.00631090598719592	1.07014244804569e-08
625	0.00631198680844372	1.0685956168201e-08
626	0.00631306579235609	1.06705330503367e-08
627	0.00631414294507165	1.06551549265008e-08
628	0.00631521827269884	1.06398215975235e-08
629	0.00631629178131556	1.06245328654193e-08
630	0.0063173634769698	1.06092885333785e-08
631	0.00631843336567982	1.05940884057581e-08
632	0.0063195014534339	1.05789322880735e-08
633	0.00632056774619107	1.05638199869895e-08
634	0.00632163224988118	1.0548751310312e-08
635	0.00632269497040466	1.05337260669793e-08
636	0.00632375591363336	1.0518744067054e-08
637	0.00632481508541032	1.05038051217146e-08
638	0.00632587249154998	1.04889090432471e-08
639	0.00632692813783859	1.04740556450371e-08
640	0.00632798203003408	1.04592447415616e-08
641	0.00632903417386652	1.04444761483807e-08
642	0.00633008457503816	1.04297496821303e-08
643	0.00633113323922356	1.04150651605134e-08
644	0.00633218017206994	1.04004224022932e-08
645	0.00633322537919723	1.03858212272844e-08
646	0.00633426886619825	1.03712614563464e-08
647	0.00633531063863892	1.03567429113751e-08
648	0.00633635070205838	1.03422654152957e-08
649	0.00633738906196929	1.0327828792055e-08
650	0.00633842572385776	1.03134328666141e-08
651	0.00633946069318378	1.02990774649412e-08
652	0.0063404939753812	1.0284762414004e-08
653	0.00634152557585801	1.02704875417628e-08
654	0.00634255549999646	1.02562526771631e-08
655	0.00634358375315315	1.02420576501288e-08
656	0.00634461034065933	1.02279022915547e-08
657	0.00634563526782092	1.02137864333001e-08
658	0.00634665853991881	1.01997099081817e-08
659	0.0063476801622089	1.01856725499663e-08
660	0.0063487001399223	1.01716741933646e-08
661	0.00634971847826553	1.01577146740245e-08
662	0.00635073518242056	1.01437938285238e-08
663	0.00635175025754511	1.0129911494364e-08
664	0.00635276370877263	1.01160675099641e-08
665	0.00635377554121266	1.01022617146534e-08
666	0.00635478575995074	1.00884939486652e-08
667	0.00635579437004875	1.00747640531311e-08
668	0.00635680137654492	1.00610718700736e-08
669	0.00635780678445421	1.00474172424007e-08
670	0.006358810598768	1.00338000138992e-08
671	0.00635981282445488	1.00202200292287e-08
672	0.00636081346646007	1.00066771339153e-08
673	0.00636181252970618	9.99317117434574e-09
674	0.00636281001909295	9.97970199776132e-09
675	0.00636380593949763	9.96626945225181e-09
676	0.00636480029577494	9.95287338674963e-09
677	0.00636579309275729	9.93951365102405e-09
678	0.00636678433525499	9.92619009567524e-09
679	0.00636777402805622	9.91290257212839e-09
680	0.00636876217592736	9.89965093262831e-09
681	0.00636974878361282	9.88643503023356e-09
682	0.00637073385583553	9.87325471881081e-09
683	0.00637171739729693	1.03032059275142e-08
684	0.00637269941267689	1.02895072422808e-08
685	0.00637367990663422	1.02758452943212e-08
686	0.00637465888380652	1.0262219934255e-08
687	0.00637563634881026	1.02486310135177e-08
688	0.0063766123062413	1.02350783843548e-08
689	0.00637758676067464	1.02215618998166e-08
690	0.00637855971666451	1.02080814137524e-08
691	0.00637953117874486	1.0194636780805e-08
692	0.00638050115142904	1.01812278564058e-08
693	0.00638146963921029	1.01678544967688e-08
694	0.00638243664656174	1.01545165588856e-08
695	0.00638340217793636	1.01412139005201e-08
696	0.00638436623776733	1.01279463802033e-08
697	0.00638532883046803	1.01147138572279e-08
698	0.00638628996043214	1.01015161916435e-08
699	0.00638724963203376	1.00883532442509e-08
700	0.00638820784962766	1.00752248765976e-08
701	0.00638916461754918	1.00621309509728e-08
702	0.00639011994011451	1.00490713304018e-08
703	0.0063910738216208	1.00360458786415e-08
704	0.00684825793771578	1.00230544601758e-08
705	0.00684927695785946	1.00100969402099e-08
706	0.00685029444755806	9.99717318466614e-09
707	0.00685131041133542	9.98428306017896e-09
708	0.0068523248536955	9.97142643409028e-09
709	0.00685333777912256	9.95860317444464e-09
710	0.00685434919208108	9.94581314998454e-09
711	0.00685535909701624	9.93305623014586e-09
712	0.00685636749835353	9.92033228505335e-09
713	0.00685737440049942	9.90764118551578e-09
714	0.00685837980784092	9.89498280302183e-09
715	0.00685938372474617	9.88235700973514e-09
716	0.00686038615556429	9.86976367849022e-09
717	0.00686138710462545	9.85720268278782e-09
718	0.00686238657624121	9.84467389679062e-09
719	0.00686338457470436	9.83217719531895e-09
720	0.00686438110428927	9.81971245384622e-09
721	0.00686537616925178	9.8072795484951e-09
722	0.00686636977382947	9.7948783560327e-09
723	0.00686736192224163	9.78250875386678e-09
724	0.00686835261868951	9.7701706200415e-09
725	0.00686934186735629	9.75786383323299e-09
726	0.00687032967240732	9.74558827274567e-09
727	0.00687131603799002	9.73334381850785e-09
728	0.00687230096823421	9.72113035106773e-09
729	0.00687328446725202	9.70894775158949e-09
730	0.00687426653913808	9.69679590184922e-09
731	0.00687524718796974	9.68467468423099e-09
732	0.00687622641780687	9.67258398172284e-09
733	0.00687720423269216	9.66052367791298e-09
734	0.00687818063665128	9.64849365698604e-09
735	0.00687915563369275	9.63649380371887e-09
736	0.00688012922780818	9.6245240034771e-09
737	0.00688110142297253	9.61258414221116e-09
738	0.00688207222314374	9.60067410645257e-09
739	0.00688304163226335	9.58879378331032e-09
740	0.0068840096542562	9.57694306046709e-09
741	0.00688497629303066	9.56512182617556e-09
742	0.0068859415524789	9.5533299692548e-09
743	0.00688690543647653	9.54156737908674e-09
744	0.0068878679488833	9.52983394561248e-09
745	0.00688882909354259	9.51812955932887e-09
746	0.00688978887428198	9.50645411128478e-09
747	0.0068907472949129	9.49480749307788e-09
748	0.0068917043592312	9.48318959685093e-09
749	0.0068926600710168	9.47160031528851e-09
750	0.00689361443403409	9.46003954161338e-09
751	0.00689456745203173	9.44850716958335e-09
752	0.00689551912874298	9.43700309348783e-09
753	0.00689646946788575	9.42552720814432e-09
754	0.00689741847316258	9.41407940889533e-09
755	0.00689836614826071	9.40265959160495e-09
756	0.00689931249685232	9.39126765265564e-09
757	0.00690025752259457	9.37990348894499e-09
758	0.00690120122912937	9.36856699788244e-09
759	0.00690214362008406	9.35725807738624e-09
760	0.00690308469907097	9.34597662588004e-09
761	0.00690402446968766	9.33472254228995e-09
762	0.0069049629355172	9.32349572604139e-09
763	0.00690590010012771	9.312296077056e-09
764	0.00690683596707331	9.3011234957483e-09
765	0.0069077705398933	9.28997788302317e-09
766	0.00690870382211272	9.27885914027226e-09
767	0.0069096358172424	9.26776716937139e-09
768	0.00691056652877893	9.25670187267729e-09
769	0.00691149596020481	9.24566315302488e-09
770	0.00691242411498844	9.23465091372417e-09
771	0.0069133509965843	9.22366505855743e-09
772	0.00691427660843295	9.21270549177614e-09
773	0.00691520095396111	9.20177211809828e-09
774	0.00691612403658173	9.19086484270545e-09
775	0.0069170458596942	9.17998357123999e-09
776	0.00691796642668415	9.16912820980221e-09
777	0.0069188857409238	9.15829866494754e-09
778	0.00691980380577186	9.14749484368374e-09
779	0.00692072062457363	9.1367166534683e-09
780	0.00692163620066116	9.12596400220572e-09
781	0.0069225505373532	9.11523679824436e-09
782	0.00692346363795527	9.10453495037441e-09
783	0.00692437550575991	9.09385836782472e-09
784	0.00692528614404649	9.08320696026038e-09
785	0.00692619555608159	9.07258063778005e-09
786	0.00692710374511861	9.0619793109132e-09
787	0.00692801071439842	9.0514028906179e-09
788	0.00692891646714888	9.04085128827768e-09
789	0.00692982100658529	9.03032441569949e-09
790	0.00693072433591016	9.0198221851109e-09
791	0.00693162645831368	9.00934450915763e-09
792	0.00693252737697331	8.998891300901e-09
793	0.00693342709505419	8.9884624738156e-09
794	0.00693432561570901	8.97805794178661e-09
795	0.00693522294207819	8.96767761910756e-09
796	0.00693611907728994	8.95732142047783e-09
797	0.00693701402446015	8.94698926100002e-09
798	0.00693790778669276	8.93668105617799e-09
799	0.00693880036707958	8.92639672191401e-09
800	0.00693969176870036	8.91613617450677e-09
801	0.00694058199462302	8.90589933064896e-09
802	0.00694147104790348	8.89568610742464e-09
803	0.00694235893158604	8.88549642230734e-09
804	0.00694324564870308	8.87533019315752e-09
805	0.00694413120227524	8.86518733822041e-09
806	0.00694501559531181	8.8550677761236e-09
807	0.00694589883081022	8.84497142587504e-09
808	0.0069467809117565	8.83489820686041e-09
809	0.00694766184112528	8.82484803884142e-09
810	0.00694854162187955	8.81482084195322e-09
811	0.00694942025697136	8.80481653670229e-09
812	0.0069502977493411	8.79483504396438e-09
813	0.00695117410191817	8.78487628498237e-09
814	0.00695204931762072	8.77494018136391e-09
815	0.00695292339935574	8.76502665507951e-09
816	0.00695379635001927	8.75513562846045e-09
817	0.00695466817249629	8.74526702419638e-09
818	0.00695553886966079	8.73542076533377e-09
819	0.00695640844437599	8.7255967752733e-09
820	0.00695727689949422	8.71579497776815e-09
821	0.00695814423785697	8.70601529692191e-09
822	0.00695901046229504	8.69625765718634e-09
823	0.00695987557562863	8.68652198335974e-09
824	0.00696073958066725	8.67680820058464e-09
825	0.0069616024802098	8.66711623434591e-09
826	0.00696246427704473	8.65744601046888e-09
827	0.00696332497395014	8.64779745511735e-09
828	0.00696418457369345	8.63817049479155e-09
829	0.00696504307903194	8.62856505632629e-09
830	0.00696590049271244	8.61898106688913e-09
831	0.00696675681747178	8.60941845397829e-09
832	0.00696761205603621	8.59987714542099e-09
833	0.00696846621112217	8.59035706937132e-09
834	0.00696931928543577	8.58085815430864e-09
835	0.00697017128167309	8.57138032903556e-09
836	0.00697102220252049	8.56192352267612e-09
837	0.00697187205065388	8.55248766467405e-09
838	0.0069727208287397	8.54307268479098e-09
839	0.00697356853943422	8.53367851310441e-09
840	0.00697441518538415	8.52430508000617e-09
841	0.00697526076922639	8.51495231620064e-09
842	0.00697610529358787	8.50562015270284e-09
843	0.00697694876108622	8.49630852083675e-09
844	0.00697779117432922	8.4870173522336e-09
845	0.00697863253591515	8.47774657883008e-09
846	0.00697947284843268	8.4684961328668e-09
847	0.00698031211446124	8.45926594688622e-09
848	0.00698115033657044	8.45005595373151e-09
849	0.00698198751732094	8.44086608654425e-09
850	0.00698282365926372	8.4316962787633e-09
851	0.00698365876494058	8.42254646412273e-09
852	0.0069844928368841	8.41341657665043e-09
853	0.00698532587761761	8.4043065506665e-09
854	0.00698615788965532	8.39521632078141e-09
855	0.00698698887550228	8.38614582189447e-09
856	0.00698781883765443	8.37709498919237e-09
857	0.00698864777859879	8.36806375814739e-09
858	0.00698947570081325	8.35905206451598e-09
859	0.0069903026067669	8.35005984433703e-09
860	0.00699112849891982	8.34108703393054e-09
861	0.00699195337972338	8.33213356989576e-09
862	0.00699277725161982	8.32319938910991e-09
863	0.00699360011704295	8.31428442872659e-09
864	0.00699442197841764	8.30538862617412e-09
865	0.00699524283816016	8.29651191915425e-09
866	0.0069960626986781	8.2876542456405e-09
867	0.00699688156237043	8.27881554387678e-09
868	0.00699769943162757	8.26999575237579e-09
869	0.00699851630883131	8.26119480991758e-09
870	0.00699933219635517	8.25241265554823e-09
871	0.0070001470965641	8.24364922857822e-09
872	0.00700096101181451	8.23490446858113e-09
873	0.00700177394445463	8.22617831539203e-09
874	0.00700258589682432	8.21747070910635e-09
875	0.00700339687125516	8.20878159007808e-09
876	0.00700420687007038	8.2001108989188e-09
877	0.00700501589558512	8.19145857649577e-09
878	0.00700582395010627	8.18282456393112e-09
879	0.00700663103593255	8.17420880260005e-09
880	0.00700743715535471	8.16561123412963e-09
881	0.00700824231065533	8.15703180039737e-09
882	0.00700904650410905	8.14847044353003e-09
883	0.00700984973798248	8.13992710590202e-09
884	0.00701065201453425	8.13140173013432e-09
885	0.0070114533360151	8.12289425909296e-09
886	0.00701225370466797	8.1144046358879e-09
887	0.00701305312272789	8.10593280387155e-09
888	0.007013851592422	8.09747870663756e-09
889	0.00701464911596992	8.08904228801948e-09
890	0.00701544569558335	8.08062349208949e-09
891	0.00701624133346627	8.07222226315725e-09
892	0.00701703603181517	8.0638385457685e-09
893	0.00701782979281878	8.05547228470371e-09
894	0.00701862261865833	8.04712342497705e-09
895	0.00701941451150739	8.03879191183512e-09
896	0.00702020547353211	8.03047769075557e-09
897	0.00702099550689112	8.02218070744595e-09
898	0.00702178461373554	8.01390090784251e-09
899	0.00702257279620932	8.00563823810902e-09
900	0.00702336005644858	7.99739264463548e-09
901	0.00702414639658258	7.98916407403701e-09
902	0.00702493181873297	7.98095247315262e-09
903	0.00702571632501415	7.97275778904403e-09
904	0.00702649991753338	7.96457996899449e-09
905	0.00702728259839058	7.95641896050771e-09
906	0.00702806436967861	7.94827471130655e-09
907	0.00702884523348309	7.94014716933195e-09
908	0.00702962519188252	8.28065589255774e-09
909	0.00703040424694842	8.27220585939432e-09
910	0.00703118240074511	8.26377310606628e-09
911	0.00703195965533	8.25535757912534e-09
912	0.00703273601275351	8.24695922534506e-09
913	0.007033511475059	8.23857799171952e-09
914	0.00703428604428305	8.23021382546234e-09
915	0.00703505972245513	8.22186667400552e-09
916	0.00703583251159808	8.21353648499812e-09
917	0.00703660441372786	8.2052232063054e-09
918	0.00703737543085346	8.19692678600754e-09
919	0.00703814556497726	8.1886471723985e-09
920	0.00703891481809488	8.18038431398503e-09
921	0.00703968319219506	8.17213815948557e-09
922	0.00704045068926021	8.16390865782895e-09
923	0.00704121731126571	8.15569575815364e-09
924	0.00704198306018047	8.14749940980633e-09
925	0.00704274793796692	8.1393195623411e-09
926	0.00704351194658078	8.1311561655183e-09
927	0.00704427508797125	8.12300916930341e-09
928	0.00704503736408111	8.11487852386606e-09
929	0.00704579877684647	8.10676417957899e-09
930	0.00704655932819731	8.09866608701692e-09
931	0.00704731902005684	8.0905841969557e-09
932	0.00704807785434214	8.08251846037104e-09
933	0.00704883583296375	8.07446882843775e-09
934	0.00704959295782611	8.06643525252849e-09
935	0.00705034923082697	8.05841768421293e-09
936	0.00705110465385817	8.05041607525665e-09
937	0.0070518592288051	8.04243037762018e-09
938	0.00705261295754703	8.03446054345808e-09
939	0.00705336584195688	8.02650652511785e-09
940	0.0070541178839016	8.01856827513894e-09
941	0.00705486908524186	8.01064574625189e-09
942	0.00705561944783223	8.00273889137732e-09
943	0.0070563689735212	7.99484766362488e-09
944	0.00705711766415126	7.98697201629249e-09
945	0.00705786552155875	7.97911190286519e-09
946	0.00705861254757402	7.97126727701429e-09
947	0.00705935874402158	7.96343809259649e-09
948	0.00706010411271975	7.95562430365279e-09
949	0.00706084865548114	7.94782586440769e-09
950	0.00706159237411228	7.94004272926831e-09
951	0.00706233527041386	7.93227485282342e-09
952	0.00706307734618086	7.92452218984234e-09
953	0.00706381860320215	7.91678469527447e-09
954	0.00706455904326109	7.90906232424792e-09
955	0.00706529866813505	7.90135503206897e-09
956	0.00706603747959574	7.89366277422103e-09
957	0.00706677547940909	7.88598550636374e-09
958	0.00706751266933534	7.8783231843322e-09
959	0.00706824905112904	7.87067576413593e-09
960	0.00706898462653917	7.8630432019582e-09
961	0.00706971939730892	7.85542545415505e-09
962	0.00707045336517596	7.84782247725445e-09
963	0.00707118653187241	7.84023422795548e-09
964	0.00707191889912472	7.83266066312745e-09
965	0.00707265046865388	7.82510173980911e-09
966	0.00707338124217533	7.81755741520767e-09
967	0.00707411122139914	7.81002764669825e-09
968	0.00707484040802969	7.80251239182274e-09
969	0.00707556880376603	7.79501160828924e-09
970	0.00707629641030188	7.78752525397105e-09
971	0.00707702322932535	7.78005328690597e-09
972	0.00707774926251938	7.77259566529541e-09
973	0.0070784745115615	7.76515234750371e-09
974	0.00707919897812378	7.75772329205726e-09
975	0.00707992266387309	7.75030845764373e-09
976	0.00708064557047112	7.74290780311123e-09
977	0.00708136769957404	7.73552128746759e-09
978	0.00708208905283297	7.72814886987963e-09
979	0.00708280963189379	7.72079050967222e-09
980	0.00708352943839713	7.71344616632769e-09
981	0.00708424847397842	7.70611579948497e-09
982	0.00708496674026808	7.69879936893881e-09
983	0.00708568423889117	7.69149683463907e-09
984	0.00708640097146789	7.68420815669009e-09
985	0.00708711693961309	7.67693329534963e-09
986	0.0070878321449368	7.66967221102843e-09
987	0.00708854658904382	7.66242486428927e-09
988	0.00708926027353402	7.65519121584643e-09
989	0.00708997320000221	7.64797122656479e-09
990	0.00709068537003826	7.64076485745916e-09
991	0.00709139678522711	7.63357206969358e-09
992	0.00709210744714859	7.6263928245806e-09
993	0.00709281735737777	7.61922708358054e-09
994	0.00709352651748477	7.61207480830081e-09
995	0.00709423492903482	7.60493596049515e-09
996	0.00709494259358831	7.59781050206307e-09
997	0.0070956495127007	7.59069839504894e-09
998	0.00709635568792273	7.58359960164154e-09
999	0.0070970611208003	7.57651408417309e-09
1000	0.0067995552447842	7.59267429244369e-09
1001	0.00709846976568167	7.56238272709632e-09
