1	0.0142887546094237	116.432266176869
2	0.0195716459274849	206.836365926949
3	0.0241522148236958	298.409322410981
4	0.0283335122446721	412.741778406815
5	0.03224781172104	537.133620945052
6	0.035967657531073	671.095533321223
7	0.0395378463774422	768.401806317395
8	0.0429882341925478	911.929698450809
9	0.0463398343078234	1063.66024006988
10	0.0496080619758436	1223.40808418595
11	0.0528046024737813	1391.01279144555
12	0.0559385531274455	1480.52417583177
13	0.059017155385744	1653.41302847207
14	0.0620462826338782	1833.36730450457
15	0.0650307759268094	2020.28860905633
16	0.0679746814931437	2214.08657011203
17	0.0708814227776385	2414.67766978799
18	0.0737539276670336	2621.98431770288
19	0.076594724302057	2835.93410304664
20	0.0794060144082245	3056.45918150393
21	0.0821897302381674	3283.49576594549
22	0.0849475793677573	3329.44709482549
23	0.0876810803549028	3556.53814352875
24	0.0903915914310019	3789.6316098046
25	0.0930803338138486	4028.67897330193
26	0.0889220910904179	4273.63403379048
27	0.0913815245123104	4524.45271701938
28	0.0938235420798482	4781.09290368784
29	0.0962489187685479	5043.51427797241
30	0.0986583658713851	5311.67819272143
31	0.101052538359824	5585.5475489479
32	0.103432041174639	5865.08668766233
33	0.105797434631042	6150.26129241516
34	0.108149239086224	6441.03830118034
35	0.110487938989051	6737.3858264257
36	0.112813986409367	6673.6620480339
37	0.115127804126676	6965.09340620827
38	0.117429788343965	7261.7212802813
39	0.11972031108107	7563.51926051074
40	0.121999722292945	7870.46175993844
41	0.124268351750751	8182.52396968774
42	0.126526510717664	8499.68181769218
43	0.128774493446341	8821.91193051763
44	0.131012578520888	9149.19159797806
45	0.133241030062788	9481.49874028358
46	0.135460098817417	9818.81187748663
47	0.137670023135446	10161.1101010202
48	0.139871029861397	10508.3730471443
49	0.142063335139992	10860.5808721344
50	0.144247145149498	11217.7142290685
51	0.14642265677009	11579.7542460755
52	0.148590058194189	11946.6825059319
53	0.150749529484927	12318.4810268953
54	0.152901243088064	12695.1322446802
55	0.155045364302074	13076.618995489
56	0.157182051710593	13462.9245000171
57	0.159311457580848	13152.680577342
58	0.161433728231359	13528.5327757233
59	0.163549004371806	13908.9140415094
60	0.165657421417598	14293.8097693584
61	0.167759109781484	14683.2056547298
62	0.169854195144214	15077.0876830123
63	0.171942798706119	15475.4421192084
64	0.17402503742123	15878.2554981381
65	0.176101024215443	16285.5146151284
66	0.178170868190035	16697.2065171583
67	0.180234674811745	17113.3184944292
68	0.18229254609052	17533.8380723354
69	0.184344580745885	17958.753003811
70	0.186390874362835	18388.0512620281
71	0.188431519538084	18821.7210334281
72	0.190466606017345	19259.7507110653
73	0.192496220824387	19702.1288882447
74	0.194520448382417	20148.844352438
75	0.196539370628382	20599.8860794607
76	0.198553067120666	21055.2432278985
77	0.2005616151407	21514.9051337659
78	0.20256508978885	21978.8613053872
79	0.204563564075023	22447.101418487
80	0.206557109004327	22919.6153114788
81	0.208545793658137	23396.3929809423
82	0.210529685270832	23877.4245772785
83	0.212508849302536	24362.700400535
84	0.214483349508086	24852.2108963911
85	0.216453248002473	25345.9466522979
86	0.218418605322993	25843.8983937605
87	0.220379480488298	25045.224263728
88	0.222335931054538	25526.5793730558
89	0.224288013168774	26011.9166079202
90	0.226235781619836	26501.2276439237
91	0.228179289886748	26994.5042720975
92	0.230118590184905	27491.7383960694
93	0.232053733510082	27992.922029333
94	0.233984769680452	28498.0472926084
95	0.235911747376678	29007.1064112953
96	0.237834714180217	29520.0917130105
97	0.23975371660993	30036.9956252082
98	0.241668800157078	30557.8106728808
99	0.243580009318802	31082.5294763313
100	0.247716240890546	32188.5037542806
101	0.247390977694886	32143.6492954927
102	0.249290821214623	32680.0360093361
103	0.251186959017264	33220.2978712523
104	0.253079431083877	33764.427947151
105	0.254968276574639	34312.4193863192
106	0.256853533853708	34864.2654196422
107	0.258735240513086	35419.9593578797
108	0.260613433395566	35979.4945899939
109	0.262488148616754	36542.8645815281
110	0.264359421586249	37110.0628730298
111	0.266227287028019	37681.0830785255
112	0.268091778999983	38255.9188840346
113	0.269952930912861	38834.5640461291
114	0.271810775548338	39417.0123905337
115	0.27366534507653	40003.2578107649
116	0.275516671072825	40593.294266809
117	0.27736478453411	41187.1157838365
118	0.27920971589441	41784.7164509518
119	0.28105149503998	42386.0904199777
120	0.28289015132385	42991.2319042721
121	0.284725713579865	43600.135177577
122	0.286558210136236	44212.7945728988
123	0.288387668828644	44829.2044814158
124	0.29021411701285	45449.3593514178
125	0.292037581576937	46073.2536872717
126	0.293858088953084	46700.882048412
127	0.295675665128999	47332.2390483606
128	0.29749033565893	47967.3193537702
129	0.299302125674346	46264.0075279151
130	0.30111105989426	46875.5588957005
131	0.302917162635222	47490.6392247581
132	0.30472045782098	48109.2436323516
133	0.306520968991853	48731.3672820919
134	0.308318719313801	49357.005383152
135	0.310113731587209	49986.1531895042
136	0.311906028255397	50618.805999172
137	0.313695631412891	51254.9591535036
138	0.315482562813391	51894.6080364587
139	0.317266843877567	52537.7480739155
140	0.319048495700552	53184.3747329912
141	0.320827539059263	53834.4835213798
142	0.322603994419478	54488.0699867041
143	0.32437788194271	55145.1297158839
144	0.326149221492892	55805.6583345164
145	0.327918032642848	56469.6515062723
146	0.329684334680597	57137.1049323048
147	0.331448146615457	57808.0143506715
148	0.333209487184002	58482.3755357694
149	0.334968374855834	59160.184297782
150	0.336724827839186	59841.4364821384
151	0.338478864086398	60526.1279689851
152	0.340230501299195	61214.2546726661
153	0.341979756933881	61905.8125412185
154	0.34372664820635	62600.7975558761
155	0.345471192096954	63299.2057305829
156	0.347213405355281	64001.0331115184
157	0.348953304504776	64706.2757766313
158	0.350690905847231	65414.9298351857
159	0.352426225467194	66126.9914273122
160	0.354159279236234	66842.4567235719
161	0.355890082817093	67561.3219245277
162	0.357618651667746	68283.5832603238
163	0.359345001045348	69009.2369902741
164	0.361069146010094	69738.2794024611
165	0.362791101428957	70470.7068133368
166	0.364510881979351	71206.5155673387
167	0.366228502152688	71945.7020365082
168	0.36794397625788	72688.262620117
169	0.369657318424694	73434.1937443039
170	0.371368542607094	74183.4918617157
171	0.37307766258645	74936.153451154
172	0.374784691974681	75692.1750172333
173	0.376489644217356	76451.5530900404
174	0.378192532596658	77214.2842248029
175	0.379893370234339	77980.3650015632
176	0.381592170094563	78749.7920248601
177	0.38328894498671	79522.5619234134
178	0.384983707568084	80298.6713498169
179	0.386676470346608	81078.1169802339
180	0.388367245683382	81860.8955141039
181	0.390056045795258	82647.0036738475
182	0.391742882757309	83436.4382045809
183	0.393427768505258	84229.1958738362
184	0.395110714837849	85025.2734712834
185	0.396791733419172	85824.6678084593
186	0.39847083578092	86627.3757185013
187	0.400148033324601	87433.3940558852
188	0.40182333732373	84090.716007322
189	0.40349675892592	84865.1098889016
190	0.405168309154963	85642.649562069
191	0.406837998912879	86423.3321082295
192	0.408505838981873	87207.1546279382
193	0.410171840026277	87994.1142406754
194	0.411836012594474	88784.2080846223
195	0.413498367120736	89577.4333164484
196	0.415158913927055	90373.7871110923
197	0.416817663224914	91173.2666615541
198	0.418474625117045	91975.8691786899
199	0.420129809599123	92781.5918910049
200	0.421783226561452	93590.4320444548
201	0.423434885790584	94402.3869022504
202	0.425084796970947	95217.4537446613
203	0.426732969686404	96035.6298688268
204	0.428379413421786	96856.9125885674
205	0.430024137564413	97681.2992342028
206	0.431667151405563	98508.7871523658
207	0.433308464141941	99339.3737058273
208	0.43494808487705	100173.056273319
209	0.436586022622641	101009.83224936
210	0.438222286300043	101849.699044086
211	0.439856884741508	102692.654083083
212	0.441489826691515	103538.694807221
213	0.443121120808072	104387.81867249
214	0.44475077566396	105240.023149843
215	0.446378799747981	106095.305725033
216	0.448005201466164	106953.663898463
217	0.44962998914296	107815.095185031
218	0.451253171022396	108679.597113976
219	0.452874755269243	109547.167228736
220	0.454494749970114	110417.803086795
221	0.456113163134584	111291.502259543
222	0.457730002696267	112168.262332133
223	0.459345276513879	113048.080903339
224	0.460958992372269	113930.955585421
225	0.462571157983464	114816.884003989
226	0.464181780987645	115705.863797865
227	0.465790868954157	116597.892618957
228	0.46739842938247	117492.968132123
229	0.46900446970313	118391.088015046
230	0.470608997278673	119292.24995811
231	0.472212019404584	120196.451664268
232	0.473813543310151	121103.690848926
233	0.47541357615939	122013.965239819
234	0.47701212505188	122927.272576891
235	0.478609197023638	123843.610612176
236	0.480204799047949	124762.977109691
237	0.481798938036197	125685.369845305
238	0.483391620838665	126610.786606641
239	0.484982854245336	127539.225192956
240	0.486572644986677	128470.683415036
241	0.488160999734407	129405.159095082
242	0.489747925102249	130342.650066609
243	0.491333427646672	131283.154174337
244	0.492917513867628	132226.669274086
245	0.494500190209263	133173.193232678
246	0.496081463060625	134122.723927828
247	0.497661338756361	135075.259248053
248	0.499239823577396	136030.797092565
249	0.500816923751607	136989.335371181
250	0.502392645454472	137950.872004217
251	0.503966994809739	138915.404922405
252	0.505539977890049	139882.932066792
253	0.507111600717569	140853.451388647
254	0.508681869264608	141826.960849373
255	0.510250789454232	142803.458420417
256	0.511818367160853	143782.942083177
257	0.513384608210821	144765.40982892
258	0.514949518383005	145750.859658689
259	0.516513103409362	146739.289583223
260	0.518075368975499	147730.697622869
261	0.519636320721221	148725.081807499
262	0.521195964241077	149722.44017643
263	0.522754305084896	150722.770778341
264	0.524311348758313	151726.071671187
265	0.525867100723277	152732.340922132
266	0.52742156639859	146673.962074496
267	0.528974751160372	147639.630654881
268	0.530526660342586	148608.125655539
269	0.532077299237505	149579.445266862
270	0.533626673096203	150553.587687653
271	0.53517478712902	151530.551125065
272	0.536721646506038	152510.333794518
273	0.538267256357527	153492.933919642
274	0.53981162177441	154478.3497322
275	0.541354747808682	155466.57947203
276	0.542896639473881	156457.621386972
277	0.544437301745496	157451.473732801
278	0.545976739561406	158448.134773173
279	0.547514957822288	159447.602779546
280	0.549051961392025	160449.87603113
281	0.550587755098139	161454.952814818
282	0.552122343732159	162462.831425122
283	0.553655732050038	163473.51016412
284	0.555187924772538	164486.987341386
285	0.556718926585593	165503.261273941
286	0.558248742140727	166522.330286182
287	0.559777376055389	167544.192709835
288	0.561304832913341	168568.84688389
289	0.562831117265001	169596.291154547
290	0.564356233627838	170626.523875157
291	0.565880186486671	171659.543406173
292	0.567402980294055	172695.348115084
293	0.568924619470618	173733.936376371
294	0.570445108405374	174775.306571449
295	0.571964451456089	175819.457088612
296	0.573482652949579	176866.386322979
297	0.574999717182055	177916.092676452
298	0.576515648419431	178968.574557652
299	0.578030450897647	180023.830381874
300	0.57954412882295	181081.858571038
301	0.581056686372256	182142.657553634
302	0.582568127693397	183206.225764679
303	0.584078456905443	184272.561645661
304	0.585587678098996	185341.6636445
305	0.587095795336467	186413.530215489
306	0.588602812652395	187488.159819257
307	0.590108734053672	188565.550922715
308	0.591613563519882	189645.701999018
309	0.593117305003535	190728.611527507
310	0.594619962430357	191814.277993673
311	0.596121539699532	192902.699889113
312	0.597622040684013	193993.875711481
313	0.599121469230726	195087.803964443
314	0.600619829160877	196184.483157639
315	0.602117124270172	197283.911806639
316	0.603613358329069	198386.088432896
317	0.605108535083056	199491.011563705
318	0.606602658252855	200598.679732168
319	0.608095731534695	201709.091477146
320	0.609587758600512	202822.245343219
321	0.611078743098232	203938.139880649
322	0.612568688651963	205056.773645336
323	0.614057598862242	206178.14519878
324	0.61554547730625	207302.253108045
325	0.617032327538048	208429.095945713
326	0.618518153088786	209558.672289856
327	0.62000295746693	210690.980723986
328	0.621486744158459	211826.019837026
329	0.622969516627099	212963.788223271
330	0.624451278314522	214104.28448235
331	0.625932032640541	215247.507219187
332	0.627411783003338	216393.455043972
333	0.628890532779648	217542.126572118
334	0.630368285324951	218693.520424229
335	0.63184504397371	219847.635226065
336	0.633320812039503	221004.469608505
337	0.634795592815269	222164.022207517
338	0.636269389573458	223326.291664117
339	0.637742205566262	224491.276624345
340	0.639214044025752	225658.97573922
341	0.640684908164093	226829.387664716
342	0.642154801173703	228002.511061725
343	0.643623726227456	229178.344596027
344	0.64509168647884	230356.886938255
345	0.646558685062136	231538.136763864
346	0.648024725092593	232722.092753101
347	0.649489809666589	233908.753590972
348	0.650953941861803	235098.117967214
349	0.652417124737396	236290.184576257
350	0.653879361334153	237484.952117203
351	0.655340654674655	238682.419293791
352	0.656801007763445	239882.584814365
353	0.658260423587169	241085.447391851
354	0.659718905114754	242291.00574372
355	0.661176455297546	243499.258591964
356	0.662633077069477	244710.204663068
357	0.664088773347201	245923.842687979
358	0.665543547030257	247140.171402075
359	0.666997401001205	248359.189545144
360	0.668450338125791	249580.895861352
361	0.669902361253056	250805.289099215
362	0.671353473215526	252032.368011574
363	0.672803676829316	253262.131355567
364	0.674252974894289	254494.5778926
365	0.675701370194167	255729.706388329
366	0.677148865496718	256967.51561262
367	0.678595463553841	258208.004339534
368	0.680041167101726	259451.1713473
369	0.681485978860979	260697.015418282
370	0.682929901536748	250174.232402547
371	0.684372937818859	251369.200782486
372	0.685815090381944	252566.722458459
373	0.687256361885567	253766.796283124
374	0.68869675497434	254969.421112981
375	0.690136272278059	256174.595808339
376	0.691574916411808	257382.319233294
377	0.693012689976107	258592.590255713
378	0.69444959555701	259805.407747203
379	0.695885635726229	261020.770583096
380	0.697320813041254	262238.677642418
381	0.698755130045461	263459.127807879
382	0.70018858926824	264682.119965842
383	0.701621193225087	265907.653006301
384	0.703052944417748	267135.725822866
385	0.70448384533429	268366.337312737
386	0.705913898449254	269599.486376685
387	0.707343106223709	270835.17191903
388	0.708771471105427	272073.39284762
389	0.710198995528925	273314.148073814
390	0.711625681915609	274557.436512453
391	0.713051532673875	275803.257081851
392	0.714476550199193	277051.608703768
393	0.715900736874224	278302.490303391
394	0.717324095068914	279555.900809318
395	0.718746627140596	280811.839153528
396	0.720168335434099	282070.304271378
397	0.721589222281827	283331.295101572
398	0.723009290003863	284594.810586143
399	0.724428540908071	285860.849670434
400	0.725846977290182	287129.411303089
401	0.727264601433887	288400.49443602
402	0.728681415610953	289674.098024396
403	0.730097422081272	290950.221026629
404	0.731512623092992	292228.862404344
405	0.732927020882579	293510.021122374
406	0.734340617674928	294793.696148731
407	0.735753415683436	296079.886454595
408	0.737165417110099	297368.591014297
409	0.738576624145578	298659.808805296
410	0.739987038969321	299953.538808167
411	0.741396663749616	301249.780006581
412	0.742805500643681	302548.531387292
413	0.744213551797771	303849.79194011
414	0.745620819347202	305153.560657901
415	0.747027305416521	306459.836536551
416	0.748433012119493	307768.618574966
417	0.749837941559256	309079.905775045
418	0.751242095828345	310393.697141672
419	0.75264547700881	311709.99168269
420	0.754048087172263	313028.788408894
421	0.755449928379992	314350.086334013
422	0.756851002682979	315673.884474687
423	0.758251312122036	317000.181850465
424	0.759650858727854	318328.97748378
425	0.761049644521048	319660.270399927
426	0.7624476715123	320994.059627072
427	0.763844941702354	322330.344196208
428	0.765241457082142	323669.123141157
429	0.766637219632821	325010.395498556
430	0.768032231325886	326354.160307832
431	0.769426494123176	327700.416611194
432	0.770820009977009	329049.163453618
433	0.772212780830199	330400.399882832
434	0.77360480861617	331754.124949302
435	0.774996095258968	333110.337706216
436	0.776386642673375	334469.037209473
437	0.777776452764956	335830.222517664
438	0.779165527430128	337193.892692065
439	0.780553868556203	338560.046796614
440	0.781941478021501	339928.683897911
441	0.78332835769536	341299.803065188
442	0.784714509438231	342673.403370307
443	0.786099935101726	344049.483887746
444	0.787484636528697	345428.043694579
445	0.788868615553269	346809.081870463
446	0.790251874000924	348192.59749764
447	0.791634413688559	349578.589660901
448	0.793016236424531	350967.057447592
449	0.794397344008728	352357.999947591
450	0.795777738232614	353751.416253296
451	0.797157420879318	355147.305459616
452	0.79853639372366	356545.666663962
453	0.799914658532205	357946.498966219
454	0.801292217063351	359349.801468753
455	0.802669071067346	360755.573276387
456	0.804045222286382	362163.813496387
457	0.805420672454625	363574.521238465
458	0.806795423298264	364987.695614743
459	0.808169476535584	366403.335739764
460	0.809542833877017	367821.440730469
461	0.810915497025181	369242.009706185
462	0.812287467674941	370665.041788614
463	0.813658747513451	372090.536101826
464	0.815029338220227	373518.491772242
465	0.816399241467186	374948.907928625
466	0.817768458918688	376381.783702068
467	0.819136992231595	377817.118225984
468	0.820504843055322	379254.910636092
469	0.821872013031873	380695.160070409
470	0.823238503795922	382137.865669237
471	0.824604316974828	383583.026575151
472	0.825969454188689	385030.641932994
473	0.827333917050396	386480.71088986
474	0.82869770716569	387933.232595079
475	0.830060826133184	389388.206200223
476	0.83142327554443	390845.630859079
477	0.832785056983972	392305.505727646
478	0.834146172029341	393767.82996412
479	0.835506622251176	395232.602728887
480	0.836866409213209	396699.823184522
481	0.83822553447233	398169.490495753
482	0.839583999578639	399641.603829475
483	0.840941806075467	401116.162354736
484	0.842298955499461	402593.165242714
485	0.843655449380557	404072.611666722
486	0.845011289242105	405554.50080219
487	0.846366476600848	407038.831826654
488	0.847721012966999	408525.603919753
489	0.849074899844261	410014.816263216
490	0.850428138729878	411506.468040849
491	0.851780731114685	413000.55843853
492	0.853132678483131	414497.086644195
493	0.854483982313322	415996.051847838
494	0.85583464407707	417497.453241484
495	0.857184665239937	419001.290019206
496	0.85853404726124	420507.561377084
497	0.859882791594151	422016.266513225
498	0.861230899685658	423527.404627731
499	0.862578372976676	425040.974922709
500	0.863925212902034	426556.976602249
501	0.865271420890548	428075.408872415
502	0.866616998365032	429596.270941247
503	0.867961946742325	431119.562018738
504	0.869306267433395	432645.281316844
505	0.870649961843279	434173.428049451
506	0.871993031371188	435704.001432384
507	0.873335477410538	418020.176660985
508	0.874677301348935	419488.118170798
509	0.876018504568272	420958.377440032
510	0.877359088444727	422430.953726293
511	0.878699054348799	423905.846288992
512	0.880038403645377	425383.054389344
513	0.881377137693716	426862.577290357
514	0.882715257847512	428344.414256817
515	0.884052765454944	429828.564555292
516	0.885389661858655	431315.027454122
517	0.886725948395856	432803.802223404
518	0.888061626398301	434294.888134981
519	0.889396697192332	435788.28446246
520	0.890731162098935	437283.990481172
521	0.892065022433764	438782.005468183
522	0.893398279507128	440282.328702282
523	0.894730934624109	441784.959463973
524	0.896062989084498	443289.897035473
525	0.897394444182901	444797.140700696
526	0.89872530120873	446306.68974525
527	0.900055561446241	447818.543456429
528	0.90138522617457	449332.70112321
529	0.902714296667763	450849.16203624
530	0.904042774194795	452367.925487828
531	0.905370660019622	453888.990771946
532	0.906697955401173	455412.357184216
533	0.908024661593413	456938.024021898
534	0.909350779845373	458465.990583898
535	0.91067631140114	459996.256170748
536	0.912001257499942	461528.820084602
537	0.913325619376101	463063.681629229
538	0.914649398259163	464600.840110015
539	0.915972595373832	466140.294833939
540	0.917295211940026	467682.045109583
541	0.918617249172948	469226.090247118
542	0.919938708283043	470772.429558293
543	0.921259590476067	472321.062356439
544	0.92257989695313	473871.987956456
545	0.92389962891067	475425.205674803
546	0.925218787540529	476980.714829495
547	0.926537374029942	478538.514740109
548	0.92785538956158	480098.604727751
549	0.929172835313587	481660.984115075
550	0.930489712459594	483225.65222626
551	0.931806022168721	484792.608387014
552	0.933121765605658	486361.851924565
553	0.934436943930622	487933.382167644
554	0.935751558299443	489507.198446501
555	0.937065609863556	491083.30009288
556	0.938379099770034	492661.686440019
557	0.939692029161597	494242.356822644
558	0.941004399176667	495825.310576967
559	0.942316210949359	497410.547040674
560	0.943627465609533	498998.065552912
561	0.944938164282791	500587.865454311
562	0.946248308090528	502179.946086944
563	0.94755789814994	503774.306794341
564	0.948866935574024	505370.946921482
565	0.950175421471661	506969.865814783
566	0.951483356947579	508571.062822101
567	0.952790743102401	510174.537292711
568	0.954097581032683	511780.288577331
569	0.955403871830897	513388.316028074
570	0.956709616585488	514998.61899849
571	0.958014816380877	516611.196843513
572	0.959319472297503	518226.048919489
573	0.960623585411806	519843.174584168
574	0.961927156796293	521462.573196677
575	0.963230187519525	523084.244117532
576	0.964532678646161	524708.18670863
577	0.965834631236981	526334.400333239
578	0.967136046348865	527962.884356005
579	0.968436925034882	529593.638142924
580	0.969737268344241	531226.661061361
581	0.971037077322363	532861.952480031
582	0.972336353010869	534499.511768988
583	0.973635096447636	536139.33829964
584	0.974933308666776	537781.43144473
585	0.976230990698661	539425.790578326
586	0.977528143569994	541072.415075829
587	0.978824768303751	542721.304313961
588	0.980120865919266	544372.457670763
589	0.981416437432213	546025.87452558
590	0.982711483854626	547681.554259066
591	0.984006006194964	549339.496253188
592	0.985300005458055	550999.69989119
593	0.986593482645172	552662.164557629
594	0.987886438754033	554326.889638331
595	0.989178874778819	555993.874520414
596	0.990470791710179	557663.118592267
597	0.991762190535291	559334.621243561
598	0.99305307223784	561008.381865222
599	0.99434343779803	562684.399849448
600	0.995633288192631	564362.67458969
601	0.996922624395011	566043.205480656
602	0.998211447375084	567725.991918302
603	0.999499758099404	569411.033299819
604	1.00078755753114	571098.329023652
605	1.00207484663009	572787.878489471
606	1.00336162635274	574479.681098179
607	1.00464789765223	576173.736251898
608	1.0059336614784	577870.043353985
609	1.0072189187778	579568.601809
610	1.00850367049371	581269.411022721
611	1.00978791756615	582972.470402134
612	1.01107166093189	584677.779355422
613	1.0123549015245	586385.337291972
614	1.01363764027433	588095.143622365
615	1.01491987810853	589807.19775837
616	1.0162016159511	591521.499112942
617	1.01748285472285	593238.047100215
618	1.01876359534146	594956.841135502
619	1.02004383872151	596677.880635292
620	1.02132358577439	598401.165017231
621	1.0226028374085	600126.693700143
622	1.02388159452908	601854.466104
623	1.02515985803833	603584.481649933
624	1.0264376288354	605316.739760232
625	1.0277149078164	607051.239858324
626	1.02899169587443	608787.981368783
627	1.03026799389959	610526.96371732
628	1.03154380277894	612268.186330782
629	1.03281912339664	614011.648637154
630	1.03409395663384	615757.350065532
631	1.03536830336872	617505.290046152
632	1.03664216447661	619255.468010353
633	1.03791554082986	621007.8833906
634	1.03918843329791	622762.53562046
635	1.04046084274736	624519.424134619
636	1.04173277004189	626278.548368858
637	1.04300421604234	628039.907760048
638	1.04427518160669	629803.501746177
639	1.0455456675901	631569.329766301
640	1.0468156748449	633337.391260577
641	1.04808520422062	635107.685670244
642	1.04935425656399	636880.212437619
643	1.05062283271897	638654.971006095
644	1.05189093352676	640431.960820138
645	1.05315855982579	642211.18132528
646	1.05442571245175	643992.631968119
647	1.05569239223762	645776.312196315
648	1.05695860001366	647562.221458588
649	1.05822433660742	649350.359204705
650	1.05948960284379	651140.724885482
651	1.06075439954494	652933.317952794
652	1.06201872753043	654728.137859547
653	1.06328258761713	656525.184059686
654	1.0645459806193	658324.456008199
655	1.06580890734855	660125.953161097
656	1.0670713686139	661929.674975429
657	1.06833336522178	663735.620909267
658	1.06959489797599	665543.790421693
659	1.0708559676778	667354.18297282
660	1.0721165751259	669166.798023769
661	1.07337672111642	670981.635036674
662	1.07463640644295	672798.693474676
663	1.07589563189658	674617.972801923
664	1.07715439826586	676439.472483555
665	1.07841270633683	678263.19198572
666	1.07967055689307	680089.130775554
667	1.08092795071565	681917.288321184
668	1.0821848885832	683747.664091722
669	1.08344137127184	685580.257557272
670	1.08469739955531	687415.068188907
671	1.08595297420486	689252.095458685
672	1.08720809598936	691091.338839638
673	1.08846276567524	692932.79780577
674	1.08971698402653	694776.471832041
675	1.09097075180489	696622.360394389
676	1.09222406976958	698470.462969708
677	1.0934769386775	700320.779035847
678	1.09472935928319	702173.308071609
679	1.09598133233884	704028.049556761
680	1.09723285859432	705885.002972004
681	1.09848393879715	707744.167798987
682	1.09973457369257	709605.543520302
683	1.10098476402347	680871.93679722
684	1.10223451053049	682657.492967841
685	1.10348381395194	684445.163471704
686	1.10473267502391	686234.94781724
687	1.1059810944802	688026.845513747
688	1.10722907305235	689820.856071422
689	1.10847661146964	691616.979001333
690	1.10972371045919	693415.213815434
691	1.11097037074581	695215.560026554
692	1.11221659305217	697018.017148386
693	1.11346237809869	698822.584695498
694	1.11470772660361	700629.26218333
695	1.11595263928299	702438.049128177
696	1.11719711685072	704248.945047196
697	1.11844116001852	706061.94945841
698	1.11968476949595	707877.061880685
699	1.12092794599045	709694.281833758
700	1.1221706902073	711513.608838201
701	1.12341300284967	713335.042415429
702	1.1246548846186	715158.582087725
703	1.12589633621303	716984.227378189
704	1.05204734777078	718811.977810774
705	1.0532052727587	720641.832910264
706	1.05436279817189	722473.792202282
707	1.05551992465496	724307.855213279
708	1.05667665285059	726144.021470533
709	1.05783298339956	727982.290502147
710	1.05898891694076	729822.661837053
711	1.06014445411112	731665.135005004
712	1.06129959554575	733509.709536558
713	1.06245434187783	735356.38496311
714	1.06360869373871	737205.160816844
715	1.06476265175783	739056.036630775
716	1.06591621656278	740909.011938712
717	1.06706938877934	742764.086275278
718	1.06822216903139	744621.259175895
719	1.06937455794103	746480.530176781
720	1.07052655612849	748341.898814966
721	1.07167816421221	750205.364628254
722	1.0728293828088	752070.927155259
723	1.0739802125331	753938.585935381
724	1.07513065399813	755808.340508799
725	1.07628070781511	757680.190416495
726	1.07743037459351	759554.135200217
727	1.07857965494101	761430.1744025
728	1.07972854946354	763308.30756666
729	1.08087705876526	765188.534236785
730	1.08202518344859	767070.853957736
731	1.08317292411418	768955.266275145
732	1.084320281361	770841.770735419
733	1.08546725578625	772730.366885724
734	1.08661384798541	774621.054273986
735	1.08776005855228	776513.832448902
736	1.08890588807892	778408.700959925
737	1.09005133715571	780305.659357264
738	1.09119640637134	782204.707191885
739	1.09234109631279	784105.844015501
740	1.0934854075654	786009.069380576
741	1.09462934071283	787914.382840325
742	1.09577289633706	789821.783948709
743	1.09691607501843	791731.272260427
744	1.09805887733562	793642.847330925
745	1.09920130386568	795556.50871638
746	1.10034335518401	797472.255973716
747	1.1014850318644	799390.088660582
748	1.102626334479	801310.006335362
749	1.10376726359836	803232.008557165
750	1.10490781979139	805156.094885842
751	1.10604800362545	807082.264881955
752	1.10718781566628	809010.51810679
753	1.10832725647801	810940.854122365
754	1.1094663266232	812873.272491406
755	1.11060502666287	814807.77277736
756	1.11174335715642	816744.354544391
757	1.11288131866171	818683.017357369
758	1.11401891173506	820623.760781883
759	1.1151561369312	822566.584384219
760	1.11629299480334	824511.487731381
761	1.11742948590317	826458.470391073
762	1.11856561078081	828407.531931697
763	1.11970136998491	830358.671922352
764	1.12083676406253	832311.889932853
765	1.12197179355926	834267.185533686
766	1.1231064590192	836224.558296051
767	1.12424076098492	838184.007791827
768	1.12537469999749	840145.533593595
769	1.12650827659652	842109.135274611
770	1.12764149132011	844074.812408822
771	1.12877434470492	846042.564570856
772	1.12990683728609	848012.39133603
773	1.13103896959734	849984.292280335
774	1.13217074217091	851958.266980441
775	1.13330215553759	853934.315013692
776	1.13443321022672	855912.435958106
777	1.13556390676622	857892.629392375
778	1.13669424568254	859874.894895864
779	1.13782422750073	861859.232048601
780	1.1389538527444	863845.640431269
781	1.14008312193573	865834.119625244
782	1.14121203559554	867824.669212536
783	1.14234059424318	869817.288775831
784	1.14346879839664	871811.977898467
785	1.14459664857248	873808.736164441
786	1.1457241452859	875807.563158407
787	1.1468512890507	877808.458465658
788	1.14797808037931	879811.421672162
789	1.14910451978278	881816.452364516
790	1.15023060777079	883823.550129969
791	1.15135634485166	885832.714556419
792	1.15248173153234	887843.945232408
793	1.15360676831844	889857.241747113
794	1.15473145571423	891872.60369036
795	1.15585579422262	893890.030652605
796	1.15697978434519	895909.522224936
797	1.1581034265822	897931.077999097
798	1.15922672143257	899954.697567438
799	1.16034966939388	901980.380522964
800	1.16147227096244	904008.126459292
801	1.16259452663322	906037.934970663
802	1.16371643689989	908069.805651963
803	1.1648380022548	910103.738098689
804	1.16595922318903	912139.731906962
805	1.16708010019238	914177.786673519
806	1.16820063375332	916217.901995725
807	1.16932082435906	918260.077471549
808	1.17044067249556	920304.312699597
809	1.17156017864745	922350.607279063
810	1.17267934329818	924398.960809763
811	1.17379816692984	926449.372892132
812	1.17491665002335	928501.843127203
813	1.1760347930583	930556.371116612
814	1.1771525965131	932612.956462611
815	1.17827006086488	934671.598768052
816	1.17938718658955	936732.297636381
817	1.18050397416176	938795.052671661
818	1.18162042405498	940859.863478529
819	1.18273653674139	942926.729662241
820	1.18385231269202	944995.650828636
821	1.18496775237663	947066.626584143
822	1.18608285626381	949139.656535801
823	1.18719762482093	951214.740291219
824	1.18831205851414	953291.877458604
825	1.18942615780843	955371.067646754
826	1.19053992316757	957452.310465044
827	1.19165335505415	959535.605523432
828	1.19276645392959	961620.952432466
829	1.19387922025411	963708.350803271
830	1.19499165448679	965797.800247548
831	1.19610375708548	967889.300377583
832	1.19721552850694	969982.850806225
833	1.19832696920671	972078.451146914
834	1.19943807963921	974176.101013649
835	1.20054886025769	976275.800021006
836	1.20165931151422	978377.547784132
837	1.20276943385982	980481.343918742
838	1.20387922774427	982587.188041106
839	1.20498869361629	984695.07976808
840	1.20609783192341	986805.018717072
841	1.20720664311205	988917.004506045
842	1.20831512762755	991031.036753533
843	1.20942328591407	993147.115078628
844	1.21053111841469	995265.239100977
845	1.21163862557138	997385.40844079
846	1.212745807825	999507.622718812
847	1.21385266561528	1001631.88155637
848	1.21495919938091	1003758.18457532
849	1.21606540955942	1005886.53139808
850	1.2171712965873	1008016.9216476
851	1.21827686089993	1010149.3549474
852	1.21938210293162	1012283.83092155
853	1.22048702311558	1014420.34919462
854	1.22159162188397	1016558.90939177
855	1.22269589966787	1018699.51113869
856	1.2237998568973	1020842.15406159
857	1.22490349400119	1022986.83778725
858	1.22600681140746	1025133.56194296
859	1.22710980954292	1027282.32615657
860	1.22821248883337	1029433.13005643
861	1.22931484970353	1031585.97327146
862	1.23041689257712	1033740.85543109
863	1.23151861787678	1035897.7761653
864	1.23262002602413	1038056.73510457
865	1.23372111743975	1040217.73187992
866	1.23482189254321	1042380.76612292
867	1.23592235175302	1044545.83746563
868	1.23702249548671	1046712.94554064
869	1.23812232416077	1048882.08998109
870	1.23922183819067	1051053.27042061
871	1.24032103799086	1053226.48649336
872	1.24141992397484	1055401.73783401
873	1.24251849655505	1057579.02407778
874	1.24361675614295	1059758.34486036
875	1.24471470314898	1061939.69981797
876	1.24581233798263	1064123.08858736
877	1.24690966105236	1066308.51080578
878	1.24800667276569	1068495.96611099
879	1.24910337352912	1070685.45414124
880	1.25019976374817	1072876.97453532
881	1.25129584382742	1075070.52693251
882	1.25239161417043	1077266.1109726
883	1.25348707517983	1079463.72629587
884	1.25458222725726	1081663.37254312
885	1.25567707080344	1083865.04935564
886	1.25677160621807	1086068.75637523
887	1.25786583389994	1088274.49324418
888	1.25895975424688	1090482.25960527
889	1.26005336765575	1092692.05510179
890	1.26114667452249	1094903.87937754
891	1.2622396752421	1097117.73207677
892	1.26333237020862	1099333.61284425
893	1.26442475981518	1101551.52132524
894	1.26551684445394	1103771.45716549
895	1.26660862451617	1105993.42001124
896	1.26770010039221	1108217.4095092
897	1.26879127247145	1110443.42530659
898	1.2698821411424	1112671.4670511
899	1.2709727067926	1114901.53439091
900	1.27206296980876	1117133.62697468
901	1.27315293057659	1119367.74445154
902	1.27424258948095	1121603.88647114
903	1.27533194690578	1123842.05268355
904	1.27642100323411	1126082.24273937
905	1.27750975884811	1128324.45628964
906	1.278598214129	1130568.6929859
907	1.27968636945716	1132814.95248016
908	1.28077422521206	1087276.52440627
909	1.28186178177227	1089432.08954818
910	1.28294903951551	1091589.59132994
911	1.2840359988186	1093749.02942004
912	1.28512266005748	1095910.40348737
913	1.28620902360724	1098073.7132013
914	1.28729508984208	1100238.95823162
915	1.28838085913535	1102406.13824859
916	1.28946633185951	1104575.2529229
917	1.29055150838617	1106746.30192568
918	1.29163638908611	1108919.28492852
919	1.29272097432922	1111094.20160343
920	1.29380526448454	1113271.05162287
921	1.29488925992028	1115449.83465974
922	1.29597296100378	1117630.55038738
923	1.29705636810156	1119813.19847955
924	1.29813948157929	1121997.77861047
925	1.29922230180179	1124184.29045479
926	1.30030482913305	1126372.73368756
927	1.30138706393624	1128563.10798431
928	1.30246900657368	1130755.41302097
929	1.3035506574069	1132949.64847392
930	1.30463201679655	1135145.81401995
931	1.30571308510251	1137343.90933629
932	1.30679386268381	1139543.9341006
933	1.30787434989868	1141745.88799096
934	1.3089545471045	1143949.77068587
935	1.31003445465793	1146155.58186427
936	1.31111407291471	1148363.3212055
937	1.31219340222986	1150572.98838936
938	1.31327244295754	1152784.58309603
939	1.31435119545116	1154998.10500612
940	1.31542966006327	1157213.55380068
941	1.31650783714569	1159430.92916117
942	1.31758572704942	1161650.23076945
943	1.31866333012467	1163871.45830781
944	1.31974064672085	1166094.61145895
945	1.32081767718661	1168319.68990599
946	1.32189442186982	1170546.69333247
947	1.32297088111753	1172775.62142231
948	1.32404705527607	1175006.47385989
949	1.32512294469095	1177239.25032995
950	1.32619854970695	1179473.95051769
951	1.32727387066804	1181710.57410866
952	1.32834890791744	1183949.12078887
953	1.32942366179762	1186189.59024471
954	1.33049813265027	1188431.98216298
955	1.33157232081633	1190676.29623088
956	1.33264622663597	1192922.53213602
957	1.33371985044864	1195170.68956642
958	1.33479319259299	1197420.76821048
959	1.33586625340697	1199672.76775703
960	1.33693903322774	1201926.68789527
961	1.33801153239174	1204182.52831481
962	1.33908375123468	1206440.28870566
963	1.34015569009148	1208699.96875824
964	1.34122734929639	1210961.56816334
965	1.34229872918288	1213225.08661215
966	1.3433698300837	1215490.52379629
967	1.34444065233086	1217757.87940771
968	1.34551119625565	1220027.15313882
969	1.34658146218866	1222298.34468237
970	1.34765145045971	1224571.45373151
971	1.34872116139795	1226846.47997981
972	1.34979059533175	1229123.4231212
973	1.35085975258881	1231402.28285001
974	1.35192863349611	1233683.05886094
975	1.35299723837992	1235965.75084909
976	1.35406556756577	1238250.35850995
977	1.35513362137852	1240536.8815394
978	1.35620140014232	1242825.31963366
979	1.35726890418059	1245115.67248939
980	1.35833613381609	1247407.9398036
981	1.35940308937084	1249702.12127367
982	1.36046977116619	1251998.2165974
983	1.3615361795228	1254296.22547293
984	1.36260231476061	1256596.14759879
985	1.36366817719892	1258897.9826739
986	1.36473376715628	1261201.73039754
987	1.36579908495061	1263507.39046938
988	1.36686413089912	1265814.96258945
989	1.36792890531834	1268124.44645816
990	1.36899340852414	1270435.8417763
991	1.37005764083166	1272749.14824502
992	1.37112160255545	1275064.36556585
993	1.37218529400932	1277381.49344068
994	1.37324871550643	1279700.53157179
995	1.37431186735928	1282021.47966181
996	1.3753747498797	1284344.33741374
997	1.37643736337885	1286669.10453096
998	1.37749970816724	1288995.78071719
999	1.37856178455471	1291324.36567656
1000	1.4401302466776	1289696.46198499
1001	1.38068513336299	1295987.2607329
