0.789054094894537	0.457537829293914	0	0
0.789032168312385	0.457486028831901	5.8249644797675e-05	5.8249644797675e-05
0.78901021883812	0.457434176439501	0.00011649928959535	0.00011649928959535
0.788988246424875	0.457382272012489	0.000174748934393025	0.000174748934393025
0.788966251025641	0.457330315446326	0.0002329985791907	0.0002329985791907
0.788944232593265	0.457278306636156	0.000291248223988375	0.000291248223988375
0.78892219108045	0.457226245476807	0.00034949786878605	0.00034949786878605
0.788900126439754	0.457174131862791	0.000407747513583725	0.000407747513583725
0.78887803862359	0.457121965688298	0.0004659971583814	0.0004659971583814
0.788855927584225	0.457069746847199	0.000524246803179075	0.000524246803179075
0.788833793273779	0.457017475233043	0.00058249644797675	0.00058249644797675
0.788811635644225	0.456965150739057	0.000640746092774425	0.000640746092774425
0.788789454647389	0.456912773258141	0.0006989957375721	0.0006989957375721
0.788767250234949	0.456860342682872	0.000757245382369775	0.000757245382369775
0.788745022358431	0.456807858905498	0.000815495027167449	0.000815495027167449
0.788722770969215	0.45675532181794	0.000873744671965124	0.000873744671965124
0.78870049601853	0.456702731311789	0.000931994316762799	0.000931994316762799
0.788678197457453	0.456650087278305	0.000990243961560474	0.000990243961560474
0.78865587523691	0.456597389608415	0.00104849360635815	0.00104849360635815
0.788633529307675	0.456544638192713	0.00110674325115582	0.00110674325115582
0.788611159620371	0.456491832921457	0.0011649928959535	0.0011649928959535
0.788588766125465	0.456438973684571	0.00122324254075117	0.00122324254075117
0.788566348773271	0.456386060371637	0.00128149218554885	0.00128149218554885
0.788543907513951	0.456333092871901	0.00133974183034652	0.00133974183034652
0.788521442297507	0.456280071074269	0.0013979914751442	0.0013979914751442
0.78849895307379	0.456226994867301	0.00145624111994187	0.00145624111994187
0.788476439792491	0.456173864139218	0.00151449076473955	0.00151449076473955
0.788453902403146	0.456120678777894	0.00157274040953722	0.00157274040953722
0.788431340855131	0.456067438670856	0.0016309900543349	0.0016309900543349
0.788408755097667	0.456014143705286	0.00168923969913257	0.00168923969913257
0.788386145079812	0.455960793768014	0.00174748934393025	0.00174748934393025
0.788363510750467	0.455907388745521	0.00180573898872792	0.00180573898872792
0.788340852058372	0.455853928523935	0.0018639886335256	0.0018639886335256
0.788318168952104	0.455800412989033	0.00192223827832327	0.00192223827832327
0.788295461380082	0.455746842026234	0.00198048792312095	0.00198048792312095
0.788272729290558	0.455693215520602	0.00203873756791862	0.00203873756791862
0.788249972631625	0.455639533356844	0.0020969872127163	0.0020969872127163
0.78822719135121	0.455585795419306	0.00215523685751397	0.00215523685751397
0.788204385397075	0.455532001591974	0.00221348650231165	0.00221348650231165
0.788181554716819	0.455478151758471	0.00227173614710932	0.00227173614710932
0.788158699257873	0.455424245802058	0.002329985791907	0.002329985791907
0.788135818967503	0.455370283605628	0.00238823543670467	0.00238823543670467
0.788112913792805	0.455316265051708	0.00244648508150235	0.00244648508150235
0.788089983680711	0.455262190022458	0.00250473472630002	0.00250473472630002
0.788067028577982	0.455208058399667	0.0025629843710977	0.0025629843710977
0.788044048431209	0.455153870064752	0.00262123401589537	0.00262123401589537
0.788021043186814	0.455099624898757	0.00267948366069305	0.00267948366069305
0.787998012791047	0.455045322782352	0.00273773330549072	0.00273773330549072
0.787974957189989	0.45499096359583	0.0027959829502884	0.0027959829502884
0.787951876329546	0.454936547219107	0.00285423259508607	0.00285423259508607
0.787928770155452	0.454882073531718	0.00291248223988375	0.00291248223988375
0.787905638613268	0.45482754241282	0.00297073188468142	0.00297073188468142
0.787882481648378	0.454772953741184	0.0030289815294791	0.0030289815294791
0.787859299205993	0.454718307395199	0.00308723117427677	0.00308723117427677
0.787836091231147	0.454663603252867	0.00314548081907445	0.00314548081907445
0.787812857668699	0.454608841191804	0.00320373046387212	0.00320373046387212
0.787789598463328	0.454554021089234	0.0032619801086698	0.0032619801086698
0.787766313559535	0.454499142821993	0.00332022975346747	0.00332022975346747
0.787743002901645	0.454444206266523	0.00337847939826515	0.00337847939826515
0.787719666433799	0.454389211298873	0.00343672904306282	0.00343672904306282
0.78769630409996	0.454334157794696	0.0034949786878605	0.0034949786878605
0.78767291584391	0.454279045629246	0.00355322833265817	0.00355322833265817
0.787649501609246	0.454223874677379	0.00361147797745585	0.00361147797745585
0.787626061339386	0.45416864481355	0.00366972762225352	0.00366972762225352
0.78760259497756	0.454113355911813	0.0037279772670512	0.0037279772670512
0.787579102466818	0.454058007845814	0.00378622691184887	0.00378622691184887
0.787555583750021	0.454002600488796	0.00384447655664655	0.00384447655664655
0.787532038769845	0.453947133713594	0.00390272620144422	0.00390272620144422
0.787508467468781	0.453891607392631	0.0039609758462419	0.0039609758462419
0.78748486978913	0.453836021397921	0.00401922549103957	0.00401922549103957
0.787461245673005	0.453780375601065	0.00407747513583725	0.00407747513583725
0.78743759506233	0.453724669873248	0.00413572478063492	0.00413572478063492
0.787413917898838	0.453668904085239	0.0041939744254326	0.0041939744254326
0.787390214124073	0.453613078107387	0.00425222407023027	0.00425222407023027
0.787366483679385	0.453557191809624	0.00431047371502795	0.00431047371502795
0.787342726505932	0.453501245061457	0.00436872335982562	0.00436872335982562
0.787318942544678	0.45344523773197	0.0044269730046233	0.0044269730046233
0.787295131736395	0.453389169689822	0.00448522264942097	0.00448522264942097
0.787271294021657	0.453333040803243	0.00454347229421865	0.00454347229421865
0.787247429340843	0.453276850940035	0.00460172193901632	0.00460172193901632
0.787223537634135	0.453220599967567	0.004659971583814	0.004659971583814
0.787199618841518	0.453164287752777	0.00471822122861167	0.00471822122861167
0.787175672902776	0.453107914162166	0.00477647087340935	0.00477647087340935
0.787151699757497	0.453051479061798	0.00483472051820702	0.00483472051820702
0.787127699345065	0.452994982317301	0.0048929701630047	0.0048929701630047
0.787103671604664	0.452938423793858	0.00495121980780237	0.00495121980780237
0.787079616475278	0.452881803356212	0.00500946945260005	0.00500946945260005
0.787055533895685	0.452825120868661	0.00506771909739772	0.00506771909739772
0.78703142380446	0.452768376195055	0.0051259687421954	0.0051259687421954
0.787007286139974	0.452711569198797	0.00518421838699307	0.00518421838699307
0.786983120840389	0.452654699742839	0.00524246803179075	0.00524246803179075
0.786958927843666	0.45259776768968	0.00530071767658842	0.00530071767658842
0.786934707087552	0.452540772901364	0.0053589673213861	0.0053589673213861
0.78691045850959	0.452483715239481	0.00541721696618377	0.00541721696618377
0.786886182047112	0.452426594565158	0.00547546661098145	0.00547546661098145
0.786861877637239	0.452369410739066	0.00553371625577912	0.00553371625577912
0.786837545216881	0.452312163621411	0.0055919659005768	0.0055919659005768
0.786813184722737	0.452254853071934	0.00565021554537447	0.00565021554537447
0.78678879609129	0.45219747894991	0.00570846519017215	0.00570846519017215
0.786764379258812	0.452140041114145	0.00576671483496982	0.00576671483496982
0.786739934161357	0.452082539422975	0.0058249644797675	0.0058249644797675
0.786715460734766	0.452024973734261	0.00588321412456517	0.00588321412456517
0.786690958914658	0.451967343905391	0.00594146376936285	0.00594146376936285
0.78666642863644	0.451909649793275	0.00599971341416052	0.00599971341416052
0.786641869835294	0.451851891254342	0.0060579630589582	0.0060579630589582
0.786617282446188	0.451794068144543	0.00611621270375587	0.00611621270375587
0.786592666403862	0.451736180319341	0.00617446234855355	0.00617446234855355
0.786568021642841	0.451678227633717	0.00623271199335122	0.00623271199335122
0.786543348097422	0.451620209942162	0.0062909616381489	0.0062909616381489
0.78651864570168	0.451562127098677	0.00634921128294657	0.00634921128294657
0.786493914389464	0.451503978956771	0.00640746092774425	0.00640746092774425
0.786469154094398	0.451445765369459	0.00646571057254192	0.00646571057254192
0.786444364749878	0.451387486189257	0.0065239602173396	0.0065239602173396
0.786419546289071	0.451329141268184	0.00658220986213727	0.00658220986213727
0.786394698644918	0.451270730457757	0.00664045950693495	0.00664045950693495
0.786369821750126	0.451212253608989	0.00669870915173262	0.00669870915173262
0.786344915537173	0.451153710572387	0.0067569587965303	0.0067569587965303
0.786319979938304	0.451095101197951	0.00681520844132797	0.00681520844132797
0.786295014885531	0.451036425335169	0.00687345808612565	0.00687345808612565
0.78627002031063	0.450977682833018	0.00693170773092332	0.00693170773092332
0.786244996145142	0.450918873539957	0.006989957375721	0.006989957375721
0.786219942320374	0.450859997303931	0.00704820702051867	0.00704820702051867
0.786194858767391	0.450801053972362	0.00710645666531635	0.00710645666531635
0.786169745417023	0.450742043392152	0.00716470631011402	0.00716470631011402
0.786144602199856	0.450682965409677	0.0072229559549117	0.0072229559549117
0.78611942904624	0.450623819870787	0.00728120559970937	0.00728120559970937
0.786094225886279	0.450564606620802	0.00733945524450704	0.00733945524450704
0.786068992649834	0.45050532550451	0.00739770488930472	0.00739770488930472
0.786043729266523	0.450445976366166	0.0074559545341024	0.0074559545341024
0.786018435665719	0.450386559049486	0.00751420417890007	0.00751420417890007
0.785993111776546	0.450327073397648	0.00757245382369775	0.00757245382369775
0.785967757527882	0.45026751925329	0.00763070346849542	0.00763070346849542
0.785942372848355	0.450207896458502	0.00768895311329309	0.00768895311329309
0.785916957666343	0.45014820485483	0.00774720275809077	0.00774720275809077
0.785891511909975	0.450088444283271	0.00780545240288844	0.00780545240288844
0.785866035507124	0.450028614584269	0.00786370204768612	0.00786370204768612
0.785840528385411	0.449968715597714	0.0079219516924838	0.0079219516924838
0.785814990472202	0.449908747162938	0.00798020133728147	0.00798020133728147
0.785789421694608	0.449848709118717	0.00803845098207914	0.00803845098207914
0.785763821979481	0.449788601303261	0.00809670062687682	0.00809670062687682
0.785738191253416	0.449728423554217	0.00815495027167449	0.00815495027167449
0.785712529442747	0.449668175708665	0.00821319991647217	0.00821319991647217
0.785686836473549	0.449607857603114	0.00827144956126984	0.00827144956126984
0.785661112271633	0.449547469073501	0.00832969920606752	0.00832969920606752
0.785635356762548	0.449487009955189	0.0083879488508652	0.0083879488508652
0.785609569871577	0.449426480082959	0.00844619849566287	0.00844619849566287
0.785583751523738	0.449365879291016	0.00850444814046055	0.00850444814046055
0.785557901643784	0.449305207412978	0.00856269778525822	0.00856269778525822
0.785532020156195	0.449244464281879	0.00862094743005589	0.00862094743005589
0.785506106985186	0.449183649730162	0.00867919707485357	0.00867919707485357
0.785480162054697	0.449122763589682	0.00873744671965124	0.00873744671965124
0.7854541852884	0.449061805691694	0.00879569636444892	0.00879569636444892
0.785428176609691	0.449000775866861	0.00885394600924659	0.00885394600924659
0.785402135941691	0.448939673945243	0.00891219565404427	0.00891219565404427
0.785376063207245	0.448878499756297	0.00897044529884194	0.00897044529884194
0.785349958328923	0.448817253128875	0.00902869494363962	0.00902869494363962
0.785323821229012	0.448755933891221	0.00908694458843729	0.00908694458843729
0.785297651829523	0.448694541870964	0.00914519423323497	0.00914519423323497
0.785271450052183	0.448633076895124	0.00920344387803264	0.00920344387803264
0.785245215818437	0.448571538790098	0.00926169352283032	0.00926169352283032
0.785218949049446	0.448509927381666	0.00931994316762799	0.00931994316762799
0.785192649666086	0.448448242494984	0.00937819281242567	0.00937819281242567
0.785166317588945	0.448386483954582	0.00943644245722334	0.00943644245722334
0.785139952738324	0.448324651584359	0.00949469210202102	0.00949469210202102
0.785113555034232	0.448262745207583	0.00955294174681869	0.00955294174681869
0.78508712439639	0.448200764646888	0.00961119139161637	0.00961119139161637
0.785060660744224	0.448138709724266	0.00966944103641404	0.00966944103641404
0.785034163996869	0.448076580261072	0.00972769068121172	0.00972769068121172
0.785007634073161	0.448014376078012	0.00978594032600939	0.00978594032600939
0.784981070891641	0.447952096995147	0.00984418997080707	0.00984418997080707
0.784954474370554	0.447889742831888	0.00990243961560474	0.00990243961560474
0.784927844427842	0.447827313406989	0.00996068926040242	0.00996068926040242
0.784901180981148	0.44776480853855	0.0100189389052001	0.0100189389052001
0.784874483947811	0.447702228044009	0.0100771885499978	0.0100771885499978
0.784847753244866	0.447639571740141	0.0101354381947954	0.0101354381947954
0.784820988789045	0.447576839443054	0.0101936878395931	0.0101936878395931
0.784794190496769	0.447514030968186	0.0102519374843908	0.0102519374843908
0.784767358284154	0.447451146130303	0.0103101871291885	0.0103101871291885
0.784740492067004	0.447388184743494	0.0103684367739861	0.0103684367739861
0.784713591760812	0.447325146621167	0.0104266864187838	0.0104266864187838
0.784686657280758	0.447262031576049	0.0104849360635815	0.0104849360635815
0.784659688541707	0.447198839420179	0.0105431857083792	0.0105431857083792
0.784632685458207	0.447135569964906	0.0106014353531768	0.0106014353531768
0.784605647944491	0.447072223020888	0.0106596849979745	0.0106596849979745
0.78457857591447	0.447008798398085	0.0107179346427722	0.0107179346427722
0.784551469281734	0.446945295905756	0.0107761842875699	0.0107761842875699
0.784524327959553	0.446881715352459	0.0108344339323675	0.0108344339323675
0.78449715186087	0.446818056546042	0.0108926835771652	0.0108926835771652
0.784469940898305	0.446754319293647	0.0109509332219629	0.0109509332219629
0.784442694984148	0.446690503401697	0.0110091828667606	0.0110091828667606
0.784415414030362	0.446626608675903	0.0110674325115582	0.0110674325115582
0.784388097948578	0.44656263492125	0.0111256821563559	0.0111256821563559
0.784360746650096	0.446498581942002	0.0111839318011536	0.0111839318011536
0.784333360045881	0.446434449541693	0.0112421814459513	0.0112421814459513
0.784305938046563	0.446370237523127	0.0113004310907489	0.0113004310907489
0.784278480562435	0.446305945688371	0.0113586807355466	0.0113586807355466
0.784250987503451	0.446241573838754	0.0114169303803443	0.0114169303803443
0.784223458779222	0.446177121774861	0.011475180025142	0.011475180025142
0.78419589429902	0.446112589296533	0.0115334296699396	0.0115334296699396
0.784168293971771	0.446047976202858	0.0115916793147373	0.0115916793147373
0.784140657706056	0.445983282292173	0.011649928959535	0.011649928959535
0.784112985410107	0.445918507362054	0.0117081786043327	0.0117081786043327
0.784085276991808	0.445853651209319	0.0117664282491303	0.0117664282491303
0.784057532358692	0.445788713630018	0.011824677893928	0.011824677893928
0.784029751417938	0.445723694419433	0.0118829275387257	0.0118829275387257
0.78400193407637	0.445658593372075	0.0119411771835234	0.0119411771835234
0.783974080240458	0.445593410281673	0.011999426828321	0.011999426828321
0.783946189816311	0.44552814494118	0.0120576764731187	0.0120576764731187
0.783918262709679	0.445462797142763	0.0121159261179164	0.0121159261179164
0.78389029882595	0.445397366677798	0.0121741757627141	0.0121741757627141
0.783862298070148	0.445331853336871	0.0122324254075117	0.0122324254075117
0.78383426034693	0.44526625690977	0.0122906750523094	0.0122906750523094
0.783806185560589	0.445200577185482	0.0123489246971071	0.0123489246971071
0.783778073615045	0.445134813952191	0.0124071743419048	0.0124071743419048
0.783749924413848	0.445068966997269	0.0124654239867024	0.0124654239867024
0.783721737860175	0.445003036107277	0.0125236736315001	0.0125236736315001
0.783693513856827	0.444937021067958	0.0125819232762978	0.0125819232762978
0.783665252306229	0.444870921664235	0.0126401729210955	0.0126401729210955
0.783636953110425	0.444804737680202	0.0126984225658931	0.0126984225658931
0.783608616171081	0.444738468899127	0.0127566722106908	0.0127566722106908
0.783580241389478	0.444672115103441	0.0128149218554885	0.0128149218554885
0.783551828666511	0.444605676074738	0.0128731715002862	0.0128731715002862
0.78352337790269	0.444539151593769	0.0129314211450838	0.0129314211450838
0.783494888998137	0.444472541440439	0.0129896707898815	0.0129896707898815
0.783466361852578	0.444405845393799	0.0130479204346792	0.0130479204346792
0.783437796365353	0.444339063232047	0.0131061700794769	0.0131061700794769
0.7834091924354	0.444272194732518	0.0131644197242745	0.0131644197242745
0.783380549961265	0.444205239671684	0.0132226693690722	0.0132226693690722
0.783351868841092	0.444138197825148	0.0132809190138699	0.0132809190138699
0.783323148972625	0.444071068967639	0.0133391686586676	0.0133391686586676
0.783294390253203	0.444003852873007	0.0133974183034652	0.0133974183034652
0.783265592579762	0.443936549314219	0.0134556679482629	0.0134556679482629
0.783236755848828	0.443869158063357	0.0135139175930606	0.0135139175930606
0.783207879956518	0.443801678891608	0.0135721672378583	0.0135721672378583
0.783178964798537	0.443734111569264	0.0136304168826559	0.0136304168826559
0.783150010270176	0.443666455865715	0.0136886665274536	0.0136886665274536
0.78312101626631	0.443598711549445	0.0137469161722513	0.0137469161722513
0.783091982681394	0.443530878388027	0.013805165817049	0.013805165817049
0.783062909409464	0.443462956148118	0.0138634154618466	0.0138634154618466
0.783033796344132	0.443394944595455	0.0139216651066443	0.0139216651066443
0.783004643378585	0.443326843494851	0.013979914751442	0.013979914751442
0.782975450405582	0.443258652610186	0.0140381643962397	0.0140381643962397
0.782946217317454	0.443190371704407	0.0140964140410373	0.0140964140410373
0.782916944006097	0.443122000539519	0.014154663685835	0.014154663685835
0.782887630362975	0.443053538876584	0.0142129133306327	0.0142129133306327
0.782858276279115	0.442984986475714	0.0142711629754304	0.0142711629754304
0.782828881645104	0.442916343096064	0.014329412620228	0.014329412620228
0.782799446351089	0.442847608495829	0.0143876622650257	0.0143876622650257
0.782769970286771	0.442778782432241	0.0144459119098234	0.0144459119098234
0.782740453341407	0.44270986466156	0.0145041615546211	0.0145041615546211
0.782710895403805	0.44264085493907	0.0145624111994187	0.0145624111994187
0.782681296362321	0.442571753019074	0.0146206608442164	0.0146206608442164
0.782651656104859	0.442502558654891	0.0146789104890141	0.0146789104890141
0.782621974518866	0.442433271598847	0.0147371601338118	0.0147371601338118
0.782592251491332	0.442363891602271	0.0147954097786094	0.0147954097786094
0.782562486908785	0.44229441841549	0.0148536594234071	0.0148536594234071
0.782532680657289	0.442224851787825	0.0149119090682048	0.0149119090682048
0.782502832622445	0.442155191467584	0.0149701587130025	0.0149701587130025
0.782472942689384	0.442085437202054	0.0150284083578001	0.0150284083578001
0.782443010742764	0.442015588737502	0.0150866580025978	0.0150866580025978
0.782413036666774	0.441945645819162	0.0151449076473955	0.0151449076473955
0.782383020345123	0.441875608191237	0.0152031572921932	0.0152031572921932
0.782352961661044	0.441805475596886	0.0152614069369908	0.0152614069369908
0.782322860497287	0.441735247778223	0.0153196565817885	0.0153196565817885
0.782292716736119	0.44166492447631	0.0153779062265862	0.0153779062265862
0.78226253025932	0.441594505431153	0.0154361558713839	0.0154361558713839
0.782232300948182	0.441523990381692	0.0154944055161815	0.0154944055161815
0.782202028683502	0.4414533790658	0.0155526551609792	0.0155526551609792
0.782171713345585	0.441382671220274	0.0156109048057769	0.0156109048057769
0.78214135481424	0.441311866580829	0.0156691544505746	0.0156691544505746
0.782110952968771	0.441240964882096	0.0157274040953722	0.0157274040953722
0.782080507687984	0.44116996585761	0.0157856537401699	0.0157856537401699
0.782050018850176	0.441098869239809	0.0158439033849676	0.0158439033849676
0.782019486333137	0.441027674760027	0.0159021530297653	0.0159021530297653
0.781988910014146	0.440956382148484	0.0159604026745629	0.0159604026745629
0.781958289769968	0.440884991134286	0.0160186523193606	0.0160186523193606
0.781927625476848	0.440813501445414	0.0160769019641583	0.0160769019641583
0.781896917010515	0.44074191280872	0.016135151608956	0.016135151608956
0.781866164246174	0.44067022494992	0.0161934012537536	0.0161934012537536
0.781835367058502	0.440598437593589	0.0162516508985513	0.0162516508985513
0.781804525321651	0.440526550463152	0.016309900543349	0.016309900543349
0.781773638909238	0.44045456328088	0.0163681501881467	0.0163681501881467
0.781742707694348	0.440382475767884	0.0164263998329443	0.0164263998329443
0.781711731549525	0.440310287644104	0.016484649477742	0.016484649477742
0.781680710346777	0.440237998628309	0.0165428991225397	0.0165428991225397
0.781649643957564	0.440165608438086	0.0166011487673374	0.0166011487673374
0.781618532252802	0.440093116789834	0.016659398412135	0.016659398412135
0.781587375102855	0.440020523398758	0.0167176480569327	0.0167176480569327
0.781556172377535	0.439947827978864	0.0167758977017304	0.0167758977017304
0.781524923946098	0.439875030242947	0.0168341473465281	0.0168341473465281
0.78149362967724	0.439802129902592	0.0168923969913257	0.0168923969913257
0.781462289439096	0.439729126668159	0.0169506466361234	0.0169506466361234
0.781430903099234	0.439656020248781	0.0170088962809211	0.0170088962809211
0.781399470524652	0.439582810352356	0.0170671459257188	0.0170671459257188
0.781367991581778	0.439509496685541	0.0171253955705164	0.0171253955705164
0.781336466136463	0.439436078953742	0.0171836452153141	0.0171836452153141
0.78130489405398	0.439362556861109	0.0172418948601118	0.0172418948601118
0.781273275199021	0.439288930110531	0.0173001445049095	0.0173001445049095
0.781241609435689	0.439215198403623	0.0173583941497071	0.0173583941497071
0.781209896627502	0.439141361440725	0.0174166437945048	0.0174166437945048
0.781178136637384	0.439067418920889	0.0174748934393025	0.0174748934393025
0.781146329327663	0.438993370541876	0.0175331430841002	0.0175331430841002
0.781114474560069	0.438919216000149	0.0175913927288978	0.0175913927288978
0.781082572195729	0.438844954990859	0.0176496423736955	0.0176496423736955
0.781050622095164	0.438770587207846	0.0177078920184932	0.0177078920184932
0.781018624118286	0.438696112343626	0.0177661416632909	0.0177661416632909
0.780986578124392	0.438621530089385	0.0178243913080885	0.0178243913080885
0.780954483972164	0.438546840134971	0.0178826409528862	0.0178826409528862
0.780922341519664	0.438472042168886	0.0179408905976839	0.0179408905976839
0.780890150624329	0.438397135878281	0.0179991402424816	0.0179991402424816
0.780857911142969	0.438322120948942	0.0180573898872792	0.0180573898872792
0.780825622931763	0.438246997065289	0.0181156395320769	0.0181156395320769
0.780793285846255	0.438171763910364	0.0181738891768746	0.0181738891768746
0.78076089974135	0.438096421165823	0.0182321388216723	0.0182321388216723
0.780728464471311	0.43802096851193	0.0182903884664699	0.0182903884664699
0.780695979889754	0.437945405627546	0.0183486381112676	0.0183486381112676
0.780663445849646	0.437869732190126	0.0184068877560653	0.0184068877560653
0.7806308622033	0.437793947875703	0.018465137400863	0.018465137400863
0.780598228802371	0.437718052358887	0.0185233870456606	0.0185233870456606
0.780565545497853	0.437642045312852	0.0185816366904583	0.0185816366904583
0.780532812140073	0.437565926409328	0.018639886335256	0.018639886335256
0.780500028578689	0.437489695318596	0.0186981359800537	0.0186981359800537
0.780467194662688	0.437413351709476	0.0187563856248513	0.0187563856248513
0.780434310240376	0.437336895249319	0.018814635269649	0.018814635269649
0.78040137515938	0.437260325603999	0.0188728849144467	0.0188728849144467
0.780368389266639	0.437183642437904	0.0189311345592444	0.0189311345592444
0.780335352408406	0.437106845413926	0.018989384204042	0.018989384204042
0.780302264430235	0.437029934193454	0.0190476338488397	0.0190476338488397
0.780269125176987	0.436952908436365	0.0191058834936374	0.0191058834936374
0.780235934492818	0.436875767801014	0.0191641331384351	0.0191641331384351
0.780202692221179	0.436798511944222	0.0192223827832327	0.0192223827832327
0.780169398204808	0.436721140521275	0.0192806324280304	0.0192806324280304
0.78013605228573	0.436643653185907	0.0193388820728281	0.0193388820728281
0.780102654305251	0.436566049590292	0.0193971317176258	0.0193971317176258
0.780069204103952	0.436488329385039	0.0194553813624234	0.0194553813624234
0.780035701521687	0.436410492219177	0.0195136310072211	0.0195136310072211
0.780002146397576	0.43633253774015	0.0195718806520188	0.0195718806520188
0.779968538570004	0.436254465593806	0.0196301302968165	0.0196301302968165
0.779934877876613	0.436176275424384	0.0196883799416141	0.0196883799416141
0.779901164154301	0.436097966874509	0.0197466295864118	0.0197466295864118
0.779867397239212	0.436019539585181	0.0198048792312095	0.0198048792312095
0.779833576966738	0.435940993195763	0.0198631288760072	0.0198631288760072
0.779799703171511	0.435862327343974	0.0199213785208048	0.0199213785208048
0.779765775687397	0.435783541665876	0.0199796281656025	0.0199796281656025
0.779731794347494	0.435704635795866	0.0200378778104002	0.0200378778104002
0.779697758984126	0.435625609366665	0.0200961274551979	0.0200961274551979
0.779663669428838	0.435546462009308	0.0201543770999955	0.0201543770999955
0.779629525512392	0.435467193353135	0.0202126267447932	0.0202126267447932
0.779595327064761	0.435387803025777	0.0202708763895909	0.0202708763895909
0.779561073915126	0.435308290653149	0.0203291260343886	0.0203291260343886
0.779526765891869	0.435228655859438	0.0203873756791862	0.0203873756791862
0.779492402822569	0.435148898267091	0.0204456253239839	0.0204456253239839
0.779457984533997	0.435069017496808	0.0205038749687816	0.0205038749687816
0.779423510852111	0.434989013167528	0.0205621246135793	0.0205621246135793
0.779388981602051	0.434908884896419	0.0206203742583769	0.0206203742583769
0.779354396608134	0.434828632298866	0.0206786239031746	0.0206786239031746
0.779319755693847	0.434748254988462	0.0207368735479723	0.0207368735479723
0.779285058681845	0.434667752576996	0.02079512319277	0.02079512319277
0.779250305393944	0.434587124674441	0.0208533728375676	0.0208533728375676
0.779215495651114	0.434506370888943	0.0209116224823653	0.0209116224823653
0.779180629273477	0.43442549082681	0.020969872127163	0.020969872127163
0.779145706080301	0.434344484092501	0.0210281217719607	0.0210281217719607
0.779110725889992	0.434263350288612	0.0210863714167583	0.0210863714167583
0.77907568852009	0.434182089015866	0.021144621061556	0.021144621061556
0.779040593787267	0.434100699873104	0.0212028707063537	0.0212028707063537
0.779005441507314	0.434019182457266	0.0212611203511514	0.0212611203511514
0.778970231495142	0.433937536363387	0.021319369995949	0.021319369995949
0.778934963564775	0.43385576118458	0.0213776196407467	0.0213776196407467
0.77889963752934	0.433773856512023	0.0214358692855444	0.0214358692855444
0.778864253201068	0.433691821934951	0.0214941189303421	0.0214941189303421
0.778828810391283	0.433609657040642	0.0215523685751397	0.0215523685751397
0.778793308910399	0.433527361414402	0.0216106182199374	0.0216106182199374
0.778757748567913	0.433444934639555	0.0216688678647351	0.0216688678647351
0.7787221291724	0.433362376297431	0.0217271175095328	0.0217271175095328
0.778686450531504	0.433279685967349	0.0217853671543304	0.0217853671543304
0.778650712451938	0.433196863226612	0.0218436167991281	0.0218436167991281
0.77861491473947	0.433113907650484	0.0219018664439258	0.0219018664439258
0.778579057198927	0.433030818812185	0.0219601160887235	0.0219601160887235
0.778543139634176	0.432947596282874	0.0220183657335211	0.0220183657335211
0.778507161848132	0.432864239631638	0.0220766153783188	0.0220766153783188
0.77847112364274	0.432780748425475	0.0221348650231165	0.0221348650231165
0.778435024818975	0.432697122229285	0.0221931146679142	0.0221931146679142
0.778398865176834	0.432613360605852	0.0222513643127118	0.0222513643127118
0.778362644515329	0.432529463115833	0.0223096139575095	0.0223096139575095
0.778326362632483	0.432445429317746	0.0223678636023072	0.0223678636023072
0.77829001932532	0.43236125876795	0.0224261132471049	0.0224261132471049
0.77825361438986	0.432276951020637	0.0224843628919025	0.0224843628919025
0.778217147621113	0.432192505627815	0.0225426125367002	0.0225426125367002
0.778180618813073	0.432107922139294	0.0226008621814979	0.0226008621814979
0.77814402775871	0.432023200102672	0.0226591118262956	0.0226591118262956
0.77810737424996	0.431938339063319	0.0227173614710932	0.0227173614710932
0.778070658077727	0.431853338564365	0.0227756111158909	0.0227756111158909
0.778033879031866	0.431768198146684	0.0228338607606886	0.0228338607606886
0.777997036901184	0.431682917348877	0.0228921104054863	0.0228921104054863
0.777960131473428	0.431597495707262	0.0229503600502839	0.0229503600502839
0.77792316253528	0.431511932755854	0.0230086096950816	0.0230086096950816
0.777886129872349	0.431426228026351	0.0230668593398793	0.0230668593398793
0.777849033269166	0.43134038104812	0.023125108984677	0.023125108984677
0.777811872509173	0.431254391348181	0.0231833586294746	0.0231833586294746
0.777774647374721	0.431168258451191	0.0232416082742723	0.0232416082742723
0.777737357647056	0.431081981879428	0.02329985791907	0.02329985791907
0.777700003106318	0.430995561152775	0.0233581075638677	0.0233581075638677
0.777662583531528	0.430908995788705	0.0234163572086653	0.0234163572086653
0.777625098700585	0.430822285302264	0.023474606853463	0.023474606853463
0.777587548390256	0.430735429206056	0.0235328564982607	0.0235328564982607
0.777549932376168	0.430648427010223	0.0235911061430584	0.0235911061430584
0.777512250432802	0.430561278222433	0.023649355787856	0.023649355787856
0.777474502333484	0.43047398234786	0.0237076054326537	0.0237076054326537
0.777436687850377	0.430386538889169	0.0237658550774514	0.0237658550774514
0.777398806754474	0.430298947346499	0.0238241047222491	0.0238241047222491
0.777360858815589	0.430211207217443	0.0238823543670467	0.0238823543670467
0.777322843802349	0.430123317997034	0.0239406040118444	0.0239406040118444
0.777284761482187	0.430035279177728	0.0239988536566421	0.0239988536566421
0.777246611621332	0.429947090249383	0.0240571033014398	0.0240571033014398
0.777208393984804	0.429858750699243	0.0241153529462374	0.0241153529462374
0.7771701083364	0.429770260011921	0.0241736025910351	0.0241736025910351
0.777131754438692	0.42968161766938	0.0242318522358328	0.0242318522358328
0.777093332053013	0.429592823150915	0.0242901018806305	0.0242901018806305
0.777054840939453	0.429503875933135	0.0243483515254281	0.0243483515254281
0.777016280856846	0.429414775489944	0.0244066011702258	0.0244066011702258
0.776977651562766	0.429325521292522	0.0244648508150235	0.0244648508150235
0.776938952813513	0.429236112809306	0.0245231004598212	0.0245231004598212
0.77690018436411	0.429146549505973	0.0245813501046188	0.0245813501046188
0.776861345968287	0.42905683084542	0.0246395997494165	0.0246395997494165
0.77682243737848	0.428966956287741	0.0246978493942142	0.0246978493942142
0.776783458345814	0.428876925290215	0.0247560990390119	0.0247560990390119
0.7767444086201	0.428786737307279	0.0248143486838095	0.0248143486838095
0.776705287949823	0.428696391790512	0.0248725983286072	0.0248725983286072
0.776666096082132	0.428605888188613	0.0249308479734049	0.0249308479734049
0.776626832762831	0.428515225947384	0.0249890976182026	0.0249890976182026
0.776587497736372	0.428424404509707	0.0250473472630002	0.0250473472630002
0.776548090745842	0.428333423315523	0.0251055969077979	0.0251055969077979
0.776508611532955	0.428242281801814	0.0251638465525956	0.0251638465525956
0.776469059838042	0.428150979402578	0.0252220961973933	0.0252220961973933
0.776429435400041	0.428059515548813	0.0252803458421909	0.0252803458421909
0.776389737956487	0.427967889668491	0.0253385954869886	0.0253385954869886
0.776349967243502	0.427876101186541	0.0253968451317863	0.0253968451317863
0.776310122995786	0.427784149524821	0.025455094776584	0.025455094776584
0.776270204946603	0.427692034102105	0.0255133444213816	0.0255133444213816
0.776230212827777	0.427599754334052	0.0255715940661793	0.0255715940661793
0.776190146369675	0.42750730963319	0.025629843710977	0.025629843710977
0.776150005301203	0.42741469940889	0.0256880933557747	0.0256880933557747
0.776109789349787	0.427321923067346	0.0257463430005723	0.0257463430005723
0.776069498241373	0.427228980011551	0.02580459264537	0.02580459264537
0.776029131700405	0.427135869641273	0.0258628422901677	0.0258628422901677
0.775988689449824	0.427042591353031	0.0259210919349654	0.0259210919349654
0.77594817121105	0.426949144540077	0.025979341579763	0.025979341579763
0.775907576703975	0.426855528592365	0.0260375912245607	0.0260375912245607
0.775866905646948	0.426761742896533	0.0260958408693584	0.0260958408693584
0.775826157756771	0.426667786835874	0.0261540905141561	0.0261540905141561
0.775785332748677	0.426573659790316	0.0262123401589537	0.0262123401589537
0.775744430336327	0.426479361136395	0.0262705898037514	0.0262705898037514
0.775703450231797	0.42638489024723	0.0263288394485491	0.0263288394485491
0.775662392145562	0.4262902464925	0.0263870890933468	0.0263870890933468
0.775621255786489	0.426195429238416	0.0264453387381444	0.0264453387381444
0.775580040861822	0.426100437847699	0.0265035883829421	0.0265035883829421
0.775538747077173	0.426005271679551	0.0265618380277398	0.0265618380277398
0.775497374136507	0.42590993008963	0.0266200876725375	0.0266200876725375
0.77545592174213	0.425814412430026	0.0266783373173351	0.0266783373173351
0.775414389594678	0.425718718049231	0.0267365869621328	0.0267365869621328
0.775372777393105	0.425622846292115	0.0267948366069305	0.0267948366069305
0.775331084834668	0.425526796499898	0.0268530862517282	0.0268530862517282
0.775289311614915	0.425430568010124	0.0269113358965258	0.0269113358965258
0.775247457427676	0.425334160156631	0.0269695855413235	0.0269695855413235
0.775205521965044	0.425237572269526	0.0270278351861212	0.0270278351861212
0.775163504917365	0.425140803675157	0.0270860848309189	0.0270860848309189
0.775121405973225	0.425043853696081	0.0271443344757165	0.0271443344757165
0.775079224819437	0.424946721651043	0.0272025841205142	0.0272025841205142
0.775036961141026	0.424849406854937	0.0272608337653119	0.0272608337653119
0.774994614621216	0.424751908618788	0.0273190834101096	0.0273190834101096
0.774952184941417	0.424654226249714	0.0273773330549072	0.0273773330549072
0.774909671781211	0.424556359050902	0.0274355826997049	0.0274355826997049
0.774867074818337	0.424458306321573	0.0274938323445026	0.0274938323445026
0.774824393728677	0.42436006735696	0.0275520819893003	0.0275520819893003
0.774781628186245	0.424261641448267	0.0276103316340979	0.0276103316340979
0.774738777863167	0.424163027882648	0.0276685812788956	0.0276685812788956
0.774695842429671	0.42406422594317	0.0277268309236933	0.0277268309236933
0.77465282155407	0.423965234908785	0.027785080568491	0.027785080568491
0.77460971490275	0.423866054054295	0.0278433302132886	0.0278433302132886
0.77456652214015	0.423766682650323	0.0279015798580863	0.0279015798580863
0.774523242928753	0.423667119963282	0.027959829502884	0.027959829502884
0.774479876929066	0.423567365255337	0.0280180791476817	0.0280180791476817
0.774436423799606	0.423467417784379	0.0280763287924793	0.0280763287924793
0.774392883196888	0.423367276803986	0.028134578437277	0.028134578437277
0.774349254775402	0.423266941563394	0.0281928280820747	0.0281928280820747
0.774305538187605	0.42316641130746	0.0282510777268724	0.0282510777268724
0.774261733083898	0.42306568527663	0.02830932737167	0.02830932737167
0.774217839112617	0.422964762706904	0.0283675770164677	0.0283675770164677
0.774173855920011	0.422863642829801	0.0284258266612654	0.0284258266612654
0.774129783150226	0.422762324872324	0.0284840763060631	0.0284840763060631
0.774085620445292	0.422660808056922	0.0285423259508607	0.0285423259508607
0.774041367445104	0.422559091601461	0.0286005755956584	0.0286005755956584
0.773997023787406	0.422457174719181	0.0286588252404561	0.0286588252404561
0.773952589107769	0.422355056618661	0.0287170748852538	0.0287170748852538
0.773908063039583	0.422252736503787	0.0287753245300514	0.0287753245300514
0.77386344521403	0.422150213573706	0.0288335741748491	0.0288335741748491
0.773818735260074	0.422047487022797	0.0288918238196468	0.0288918238196468
0.773773932804437	0.421944556040628	0.0289500734644445	0.0289500734644445
0.773729037471585	0.421841419811919	0.0290083231092421	0.0290083231092421
0.77368404888371	0.421738077516503	0.0290665727540398	0.0290665727540398
0.773638966660708	0.421634528329287	0.0291248223988375	0.0291248223988375
0.773593790420163	0.421530771420214	0.0291830720436352	0.0291830720436352
0.773548519777331	0.421426805954218	0.0292413216884328	0.0292413216884328
0.773503154345114	0.421322631091192	0.0292995713332305	0.0292995713332305
0.773457693734048	0.42121824598594	0.0293578209780282	0.0293578209780282
0.773412137552279	0.421113649788137	0.0294160706228259	0.0294160706228259
0.773366485405546	0.421008841642293	0.0294743202676235	0.0294743202676235
0.773320736897161	0.420903820687702	0.0295325699124212	0.0295325699124212
0.773274891627986	0.420798586058408	0.0295908195572189	0.0295908195572189
0.773228949196419	0.420693136883158	0.0296490692020166	0.0296490692020166
0.773182909198368	0.420587472285358	0.0297073188468142	0.0297073188468142
0.773136771227233	0.420481591383032	0.0297655684916119	0.0297655684916119
0.773090534873886	0.420375493288775	0.0298238181364096	0.0298238181364096
0.773044199726646	0.420269177109711	0.0298820677812073	0.0298820677812073
0.772997765371265	0.420162641947448	0.0299403174260049	0.0299403174260049
0.772951231390899	0.420055886898027	0.0299985670708026	0.0299985670708026
0.772904597366091	0.419948911051885	0.0300568167156003	0.0300568167156003
0.772857862874749	0.4198417134938	0.030115066360398	0.030115066360398
0.772811027492121	0.41973429330285	0.0301733160051956	0.0301733160051956
0.772764090790776	0.419626649552362	0.0302315656499933	0.0302315656499933
0.77271705234058	0.419518781309866	0.030289815294791	0.030289815294791
0.772669911708673	0.419410687637044	0.0303480649395887	0.0303480649395887
0.772622668459445	0.419302367589686	0.0304063145843863	0.0304063145843863
0.772575322154517	0.419193820217635	0.030464564229184	0.030464564229184
0.772527872352713	0.419085044564739	0.0305228138739817	0.0305228138739817
0.772480318610037	0.418976039668802	0.0305810635187794	0.0305810635187794
0.772432660479651	0.418866804561532	0.030639313163577	0.030639313163577
0.77238489751185	0.418757338268487	0.0306975628083747	0.0306975628083747
0.772337029254036	0.418647639809028	0.0307558124531724	0.0307558124531724
0.772289055250696	0.41853770819626	0.0308140620979701	0.0308140620979701
0.772240975043373	0.418427542436985	0.0308723117427677	0.0308723117427677
0.772192788170645	0.418317141531642	0.0309305613875654	0.0309305613875654
0.772144494168097	0.418206504474259	0.0309888110323631	0.0309888110323631
0.772096092568294	0.418095630252393	0.0310470606771608	0.0310470606771608
0.77204758290076	0.417984517847075	0.0311053103219584	0.0311053103219584
0.771998964691945	0.417873166232756	0.0311635599667561	0.0311635599667561
0.771950237465202	0.417761574377251	0.0312218096115538	0.0312218096115538
0.77190140074076	0.417649741241677	0.0312800592563515	0.0312800592563515
0.771852454035696	0.417537665780398	0.0313383089011491	0.0313383089011491
0.771803396863908	0.417425346940967	0.0313965585459468	0.0313965585459468
0.771754228736085	0.417312783664067	0.0314548081907445	0.0314548081907445
0.771704949159682	0.417199974883446	0.0315130578355422	0.0315130578355422
0.77165555763889	0.417086919525864	0.0315713074803398	0.0315713074803398
0.771606053674607	0.416973616511026	0.0316295571251375	0.0316295571251375
0.771556436764408	0.416860064751522	0.0316878067699352	0.0316878067699352
0.771506706402517	0.416746263152764	0.0317460564147329	0.0317460564147329
0.771456862079779	0.416632210612925	0.0318043060595305	0.0318043060595305
0.771406903283625	0.416517906022872	0.0318625557043282	0.0318625557043282
0.771356829498045	0.416403348266101	0.0319208053491259	0.0319208053491259
0.771306640203557	0.416288536218674	0.0319790549939236	0.0319790549939236
0.771256334877175	0.416173468749153	0.0320373046387212	0.0320373046387212
0.771205912992379	0.416058144718529	0.0320955542835189	0.0320955542835189
0.771155374019081	0.41594256298016	0.0321538039283166	0.0321538039283166
0.771104717423593	0.415826722379698	0.0322120535731143	0.0322120535731143
0.771053942668597	0.415710621755023	0.0322703032179119	0.0322703032179119
0.77100304921311	0.41559425993617	0.0323285528627096	0.0323285528627096
0.770952036512452	0.41547763574526	0.0323868025075073	0.0323868025075073
0.770900904018208	0.415360747996431	0.032445052152305	0.032445052152305
0.770849651178203	0.415243595495759	0.0325033017971026	0.0325033017971026
0.770798277436456	0.415126177041193	0.0325615514419003	0.0325615514419003
0.770746782233157	0.415008491422473	0.032619801086698	0.032619801086698
0.77069516500462	0.414890537421062	0.0326780507314957	0.0326780507314957
0.770643425183259	0.414772313810066	0.0327363003762933	0.0327363003762933
0.770591562197542	0.414653819354158	0.032794550021091	0.032794550021091
0.77053957547196	0.414535052809503	0.0328527996658887	0.0328527996658887
0.770487464426991	0.414416012923676	0.0329110493106864	0.0329110493106864
0.770435228479057	0.414296698435587	0.032969298955484	0.032969298955484
0.770382867040493	0.414177108075397	0.0330275486002817	0.0330275486002817
0.770330379519503	0.414057240564438	0.0330857982450794	0.0330857982450794
0.770277765320126	0.413937094615132	0.0331440478898771	0.0331440478898771
0.770225023842195	0.413816668930909	0.0332022975346747	0.0332022975346747
0.770172154481295	0.413695962206118	0.0332605471794724	0.0332605471794724
0.770119156628728	0.413574973125949	0.0333187968242701	0.0333187968242701
0.770066029671469	0.413453700366342	0.0333770464690678	0.0333770464690678
0.770012772992126	0.413332142593901	0.0334352961138654	0.0334352961138654
0.769959385968898	0.413210298465808	0.0334935457586631	0.0334935457586631
0.769905867975534	0.413088166629732	0.0335517954034608	0.0335517954034608
0.769852218381289	0.41296574572374	0.0336100450482585	0.0336100450482585
0.769798436550885	0.412843034376205	0.0336682946930561	0.0336682946930561
0.769744521844463	0.412720031205716	0.0337265443378538	0.0337265443378538
0.769690473617539	0.41259673482098	0.0337847939826515	0.0337847939826515
0.769636291220965	0.412473143820732	0.0338430436274492	0.0338430436274492
0.769581974000877	0.412349256793639	0.0339012932722468	0.0339012932722468
0.769527521298655	0.412225072318202	0.0339595429170445	0.0339595429170445
0.769472932450873	0.412100588962657	0.0340177925618422	0.0340177925618422
0.769418206789254	0.411975805284879	0.0340760422066399	0.0340760422066399
0.769363343640623	0.411850719832279	0.0341342918514375	0.0341342918514375
0.769308342326859	0.411725331141705	0.0341925414962352	0.0341925414962352
0.769253202164846	0.411599637739336	0.0342507911410329	0.0342507911410329
0.769197922466424	0.411473638140582	0.0343090407858306	0.0343090407858306
0.769142502538339	0.411347330849976	0.0343672904306282	0.0343672904306282
0.769086941682197	0.411220714361068	0.0344255400754259	0.0344255400754259
0.769031239194405	0.411093787156319	0.0344837897202236	0.0344837897202236
0.768975394366127	0.410966547706989	0.0345420393650212	0.0345420393650212
0.768919406483228	0.410838994473029	0.0346002890098189	0.0346002890098189
0.768863274826222	0.410711125902967	0.0346585386546166	0.0346585386546166
0.768806998670221	0.410582940433795	0.0347167882994143	0.0347167882994143
0.768750577284877	0.410454436490859	0.034775037944212	0.034775037944212
0.768694009934328	0.410325612487736	0.0348332875890096	0.0348332875890096
0.768637295877146	0.41019646682612	0.0348915372338073	0.0348915372338073
0.768580434366278	0.410066997895703	0.034949786878605	0.034949786878605
0.768523424648987	0.409937204074055	0.0350080365234027	0.0350080365234027
0.768466265966801	0.4098070837265	0.0350662861682003	0.0350662861682003
0.768408957555449	0.409676635205994	0.035124535812998	0.035124535812998
0.768351498644801	0.409545856853001	0.0351827854577957	0.0351827854577957
0.768293888458816	0.409414746995363	0.0352410351025934	0.0352410351025934
0.768236126215473	0.409283303948175	0.035299284747391	0.035299284747391
0.768178211126713	0.409151526013652	0.0353575343921887	0.0353575343921887
0.768120142398379	0.409019411481001	0.0354157840369864	0.0354157840369864
0.768061919230148	0.408886958626285	0.0354740336817841	0.0354740336817841
0.768003540815474	0.408754165712289	0.0355322833265817	0.0355322833265817
0.767945006341517	0.408621030988383	0.0355905329713794	0.0355905329713794
0.76788631498908	0.408487552690384	0.0356487826161771	0.0356487826161771
0.767827465932544	0.408353729040415	0.0357070322609748	0.0357070322609748
0.767768458339802	0.408219558246764	0.0357652819057724	0.0357652819057724
0.767709291372186	0.40808503850374	0.0358235315505701	0.0358235315505701
0.767649964184401	0.407950167991524	0.0358817811953678	0.0358817811953678
0.767590475924458	0.407814944876027	0.0359400308401654	0.0359400308401654
0.767530825733599	0.407679367308735	0.0359982804849631	0.0359982804849631
0.767471012746227	0.407543433426561	0.0360565301297608	0.0360565301297608
0.767411036089833	0.407407141351689	0.0361147797745585	0.0361147797745585
0.767350894884924	0.40727048919142	0.0361730294193561	0.0361730294193561
0.767290588244947	0.407133475038013	0.0362312790641538	0.0362312790641538
0.767230115276214	0.406996096968527	0.0362895287089515	0.0362895287089515
0.767169475077825	0.406858353044658	0.0363477783537492	0.0363477783537492
0.76710866674159	0.406720241312572	0.0364060279985468	0.0364060279985468
0.767047689351953	0.406581759802745	0.0364642776433445	0.0364642776433445
0.766986541985909	0.406442906529789	0.0365225272881422	0.0365225272881422
0.766925223712926	0.406303679492284	0.0365807769329399	0.0365807769329399
0.766863733594861	0.406164076672604	0.0366390265777376	0.0366390265777376
0.766802070685879	0.406024096036742	0.0366972762225352	0.0366972762225352
0.766740234032366	0.40588373553413	0.0367555258673329	0.0367555258673329
0.766678222672848	0.405742993097464	0.0368137755121306	0.0368137755121306
0.766616035637901	0.405601866642516	0.0368720251569283	0.0368720251569283
0.766553671950066	0.405460354067949	0.0369302748017259	0.0369302748017259
0.766491130623758	0.405318453255135	0.0369885244465236	0.0369885244465236
0.766428410665176	0.405176162067957	0.0370467740913213	0.0370467740913213
0.766365511072214	0.405033478352622	0.037105023736119	0.037105023736119
0.766302430834368	0.404890399937462	0.0371632733809166	0.0371632733809166
0.766239168932639	0.404746924632738	0.0372215230257143	0.0372215230257143
0.766175724339443	0.404603050230437	0.037279772670512	0.037279772670512
0.76611209601851	0.404458774504069	0.0373380223153097	0.0373380223153097
0.766048282924787	0.404314095208459	0.0373962719601073	0.0373962719601073
0.765984284004342	0.40416901007954	0.037454521604905	0.037454521604905
0.76592009819426	0.404023516834139	0.0375127712497027	0.0375127712497027
0.765855724422542	0.403877613169761	0.0375710208945004	0.0375710208945004
0.765791161608002	0.403731296764368	0.037629270539298	0.037629270539298
0.765726408660161	0.403584565276165	0.0376875201840957	0.0376875201840957
0.765661464479143	0.403437416343366	0.0377457698288934	0.0377457698288934
0.765596327955563	0.403289847583971	0.0378040194736911	0.0378040194736911
0.765530997970421	0.403141856595536	0.0378622691184887	0.0378622691184887
0.765465473394989	0.402993440954931	0.0379205187632864	0.0379205187632864
0.7653997530907	0.402844598218112	0.0379787684080841	0.0379787684080841
0.765333835909031	0.402695325919871	0.0380370180528818	0.0380370180528818
0.76526772069139	0.402545621573595	0.0380952676976794	0.0380952676976794
0.765201406268995	0.402395482671018	0.0381535173424771	0.0381535173424771
0.765134891462759	0.402244906681967	0.0382117669872748	0.0382117669872748
0.765068175083163	0.402093891054107	0.0382700166320725	0.0382700166320725
0.76500125593014	0.401942433212681	0.0383282662768701	0.0383282662768701
0.764934132792944	0.401790530560246	0.0383865159216678	0.0383865159216678
0.764866804450025	0.401638180476408	0.0384447655664655	0.0384447655664655
0.764799269668903	0.401485380317549	0.0385030152112631	0.0385030152112631
0.764731527206037	0.401332127416552	0.0385612648560608	0.0385612648560608
0.764663575806689	0.401178419082521	0.0386195145008585	0.0386195145008585
0.764595414204794	0.4010242526005	0.0386777641456562	0.0386777641456562
0.764527041122821	0.400869625231182	0.0387360137904538	0.0387360137904538
0.764458455271636	0.400714534210619	0.0387942634352515	0.0387942634352515
0.76438965535036	0.400558976749925	0.0388525130800492	0.0388525130800492
0.764320640046229	0.400402950034975	0.0389107627248469	0.0389107627248469
0.764251408034446	0.400246451226101	0.0389690123696445	0.0389690123696445
0.764181957978035	0.400089477457778	0.0390272620144422	0.0390272620144422
0.764112288527695	0.399932025838313	0.0390855116592399	0.0390855116592399
0.764042398321642	0.399774093449526	0.0391437613040376	0.0391437613040376
0.763972285985462	0.39961567734642	0.0392020109488352	0.0392020109488352
0.76390195013195	0.399456774556859	0.0392602605936329	0.0392602605936329
0.763831389360952	0.399297382081225	0.0393185102384306	0.0393185102384306
0.763760602259207	0.399137496892088	0.0393767598832283	0.0393767598832283
0.763689587400179	0.398977115933852	0.0394350095280259	0.0394350095280259
0.763618343343893	0.398816236122409	0.0394932591728236	0.0394932591728236
0.763546868636767	0.398654854344783	0.0395515088176213	0.0395515088176213
0.76347516181144	0.398492967458768	0.039609758462419	0.039609758462419
0.763403221386595	0.398330572292561	0.0396680081072166	0.0396680081072166
0.763331045866788	0.39816766564439	0.0397262577520143	0.0397262577520143
0.76325863374226	0.398004244282132	0.039784507396812	0.039784507396812
0.763185983488764	0.397840304942933	0.0398427570416097	0.0398427570416097
0.76311309356737	0.397675844332814	0.0399010066864074	0.0399010066864074
0.763039962424286	0.397510859126273	0.039959256331205	0.039959256331205
0.762966588490657	0.397345345965885	0.0400175059760027	0.0400175059760027
0.762892970182378	0.39717930146189	0.0400757556208004	0.0400757556208004
0.762819105899891	0.397012722191776	0.0401340052655981	0.0401340052655981
0.762744994027989	0.396845604699855	0.0401922549103957	0.0401922549103957
0.762670632935605	0.396677945496836	0.0402505045551934	0.0402505045551934
0.762596020975613	0.396509741059386	0.0403087541999911	0.0403087541999911
0.762521156484609	0.396340987829686	0.0403670038447888	0.0403670038447888
0.762446037782701	0.396171682214977	0.0404252534895864	0.0404252534895864
0.762370663173291	0.396001820587105	0.0404835031343841	0.0404835031343841
0.762295030942851	0.395831399282053	0.0405417527791818	0.0405417527791818
0.762219139360699	0.395660414599466	0.0406000024239795	0.0406000024239795
0.762142986678772	0.395488862802168	0.0406582520687771	0.0406582520687771
0.762066571131389	0.395316740115676	0.0407165017135748	0.0407165017135748
0.761989890935017	0.395144042727698	0.0407747513583725	0.0407747513583725
0.761912944288032	0.394970766787625	0.0408330010031701	0.0408330010031701
0.761835729370469	0.394796908406022	0.0408912506479678	0.0408912506479678
0.761758244343776	0.394622463654098	0.0409495002927655	0.0409495002927655
0.761680487350564	0.394447428563177	0.0410077499375632	0.0410077499375632
0.761602456514343	0.394271799124152	0.0410659995823608	0.0410659995823608
0.761524149939264	0.394095571286941	0.0411242492271585	0.0411242492271585
0.761445565709852	0.393918740959921	0.0411824988719562	0.0411824988719562
0.761366701890737	0.393741304009357	0.0412407485167539	0.0412407485167539
0.761287556526373	0.393563256258827	0.0412989981615515	0.0412989981615515
0.761208127640763	0.393384593488632	0.0413572478063492	0.0413572478063492
0.761128413237171	0.393205311435189	0.0414154974511469	0.0414154974511469
0.76104841129783	0.393025405790428	0.0414737470959446	0.0414737470959446
0.760968119783651	0.392844872201168	0.0415319967407422	0.0415319967407422
0.760887536633921	0.392663706268485	0.0415902463855399	0.0415902463855399
0.760806659765992	0.39248190354707	0.0416484960303376	0.0416484960303376
0.760725487074977	0.39229945954457	0.0417067456751353	0.0417067456751353
0.760644016433429	0.392116369720929	0.0417649953199329	0.0417649953199329
0.760562245691019	0.391932629487706	0.0418232449647306	0.0418232449647306
0.760480172674208	0.391748234207383	0.0418814946095283	0.0418814946095283
0.760397795185912	0.391563179192669	0.041939744254326	0.041939744254326
0.760315111005164	0.391377459705778	0.0419979938991236	0.0419979938991236
0.760232117886765	0.391191070957707	0.0420562435439213	0.0420562435439213
0.760148813560932	0.39100400810749	0.042114493188719	0.042114493188719
0.76006519573294	0.390816266261448	0.0421727428335167	0.0421727428335167
0.759981262082755	0.390627840472419	0.0422309924783143	0.0422309924783143
0.759897010264662	0.390438725738975	0.042289242123112	0.042289242123112
0.759812437906887	0.390248917004625	0.0423474917679097	0.0423474917679097
0.759727542611207	0.390058409157008	0.0424057414127074	0.0424057414127074
0.759642321952561	0.389867197027061	0.042463991057505	0.042463991057505
0.759556773478647	0.38967527538818	0.0425222407023027	0.0425222407023027
0.759470894709513	0.389482638955366	0.0425804903471004	0.0425804903471004
0.759384683137143	0.389289282384346	0.0426387399918981	0.0426387399918981
0.759298136225031	0.389095200270686	0.0426969896366957	0.0426969896366957
0.759211251407752	0.388900387148886	0.0427552392814934	0.0427552392814934
0.759124026090517	0.388704837491454	0.0428134889262911	0.0428134889262911
0.759036457648731	0.388508545707968	0.0428717385710888	0.0428717385710888
0.758948543427533	0.388311506144113	0.0429299882158864	0.0429299882158864
0.758860280741327	0.388113713080706	0.0429882378606841	0.0429882378606841
0.758771666873313	0.387915160732701	0.0430464875054818	0.0430464875054818
0.758682699074999	0.387715843248173	0.0431047371502795	0.0431047371502795
0.758593374565711	0.38751575470728	0.0431629867950772	0.0431629867950772
0.758503690532085	0.387314889121212	0.0432212364398748	0.0432212364398748
0.758413644127561	0.387113240431116	0.0432794860846725	0.0432794860846725
0.758323232471853	0.386910802506995	0.0433377357294702	0.0433377357294702
0.758232452650421	0.386707569146592	0.0433959853742678	0.0433959853742678
0.758141301713926	0.386503534074253	0.0434542350190655	0.0434542350190655
0.758049776677673	0.386298690939759	0.0435124846638632	0.0435124846638632
0.757957874521048	0.386093033317143	0.0435707343086609	0.0435707343086609
0.757865592186941	0.38588655470348	0.0436289839534585	0.0436289839534585
0.757772926581156	0.385679248517653	0.0436872335982562	0.0436872335982562
0.757679874571811	0.385471108099095	0.0437454832430539	0.0437454832430539
0.757586432988726	0.385262126706503	0.0438037328878516	0.0438037328878516
0.757492598622795	0.385052297516532	0.0438619825326492	0.0438619825326492
0.757398368225354	0.384841613622453	0.0439202321774469	0.0439202321774469
0.757303738507523	0.384630068032791	0.0439784818222446	0.0439784818222446
0.757208706139547	0.384417653669937	0.0440367314670423	0.0440367314670423
0.757113267750113	0.384204363368719	0.0440949811118399	0.0440949811118399
0.757017419925664	0.383990189874958	0.0441532307566376	0.0441532307566376
0.756921159209683	0.383775125843987	0.0442114804014353	0.0442114804014353
0.756824482101982	0.383559163839137	0.044269730046233	0.044269730046233
0.756727385057957	0.383342296330196	0.0443279796910306	0.0443279796910306
0.756629864487838	0.383124515691832	0.0443862293358283	0.0443862293358283
0.756531916755924	0.382905814201986	0.044444478980626	0.044444478980626
0.756433538179793	0.382686184040229	0.0445027286254237	0.0445027286254237
0.756334725029503	0.382465617286081	0.0445609782702213	0.0445609782702213
0.756235473526774	0.382244105917302	0.044619227915019	0.044619227915019
0.756135779844149	0.382021641808137	0.0446774775598167	0.0446774775598167
0.756035640104143	0.381798216727529	0.0447357272046144	0.0447357272046144
0.755935050378367	0.381573822337292	0.044793976849412	0.044793976849412
0.755834006686636	0.381348450190243	0.0448522264942097	0.0448522264942097
0.755732504996056	0.381122091728296	0.0449104761390074	0.0449104761390074
0.755630541220097	0.380894738280508	0.0449687257838051	0.0449687257838051
0.755528111217632	0.380666381061089	0.0450269754286027	0.0450269754286027
0.755425210791972	0.380437011167366	0.0450852250734004	0.0450852250734004
0.755321835689863	0.380206619577696	0.0451434747181981	0.0451434747181981
0.755217981600472	0.379975197149341	0.0452017243629958	0.0452017243629958
0.755113644154345	0.379742734616289	0.0452599740077934	0.0452599740077934
0.75500881892234	0.379509222587027	0.0453182236525911	0.0453182236525911
0.754903501414543	0.379274651542266	0.0453764732973888	0.0453764732973888
0.75479768707915	0.379039011832613	0.0454347229421865	0.0454347229421865
0.754691371301328	0.378802293676187	0.0454929725869841	0.0454929725869841
0.754584549402051	0.378564487156184	0.0455512222317818	0.0455512222317818
0.754477216636907	0.378325582218384	0.0456094718765795	0.0456094718765795
0.754369368194876	0.378085568668599	0.0456677215213772	0.0456677215213772
0.754260999197082	0.377844436170065	0.0457259711661748	0.0457259711661748
0.754152104695514	0.377602174240769	0.0457842208109725	0.0457842208109725
0.754042679671717	0.377358772250716	0.0458424704557702	0.0458424704557702
0.753932719035454	0.37711421941913	0.0459007201005679	0.0459007201005679
0.753822217623334	0.376868504811588	0.0459589697453655	0.0459589697453655
0.753711170197403	0.376621617337087	0.0460172193901632	0.0460172193901632
0.753599571443712	0.37637354574504	0.0460754690349609	0.0460754690349609
0.75348741597084	0.376124278622201	0.0461337186797586	0.0461337186797586
0.753374698308387	0.37587380438951	0.0461919683245562	0.0461919683245562
0.753261412905424	0.375622111298872	0.0462502179693539	0.0462502179693539
0.753147554128916	0.375369187429844	0.0463084676141516	0.0463084676141516
0.753033116262092	0.375115020686251	0.0463667172589493	0.0463667172589493
0.752918093502787	0.374859598792714	0.0464249669037469	0.0464249669037469
0.752802479961734	0.374602909291093	0.0464832165485446	0.0464832165485446
0.752686269660821	0.374344939536841	0.0465414661933423	0.0465414661933423
0.752569456531293	0.374085676695263	0.04659971583814	0.04659971583814
0.752452034411924	0.373825107737691	0.0466579654829376	0.0466579654829376
0.752333997047126	0.373563219437549	0.0467162151277353	0.0467162151277353
0.752215338085023	0.373299998366327	0.046774464772533	0.046774464772533
0.752096051075466	0.373035430889449	0.0468327144173307	0.0468327144173307
0.751976129468004	0.372769503162037	0.0468909640621283	0.0468909640621283
0.751855566609801	0.37250220112456	0.046949213706926	0.046949213706926
0.75173435574349	0.372233510498376	0.0470074633517237	0.0470074633517237
0.751612490004985	0.371963416781155	0.0470657129965214	0.0470657129965214
0.751489962421224	0.371691905242181	0.047123962641319	0.047123962641319
0.751366765907857	0.371418960917533	0.0471822122861167	0.0471822122861167
0.751242893266873	0.371144568605134	0.0472404619309144	0.0472404619309144
0.75111833718416	0.370868712859672	0.0472987115757121	0.0472987115757121
0.750993090227005	0.370591377987383	0.0473569612205097	0.0473569612205097
0.750867144841518	0.370312548040693	0.0474152108653074	0.0474152108653074
0.750740493349994	0.370032206812714	0.0474734605101051	0.0474734605101051
0.750613127948201	0.369750337831595	0.0475317101549028	0.0475317101549028
0.750485040702588	0.36946692435471	0.0475899597997004	0.0475899597997004
0.750356223547422	0.369181949362694	0.0476482094444981	0.0476482094444981
0.750226668281844	0.368895395553308	0.0477064590892958	0.0477064590892958
0.750096366566839	0.368607245335136	0.0477647087340935	0.0477647087340935
0.749965309922129	0.368317480821106	0.0478229583788911	0.0478229583788911
0.749833489722966	0.368026083821825	0.0478812080236888	0.0478812080236888
0.749700897196847	0.367733035838728	0.0479394576684865	0.0479394576684865
0.749567523420122	0.367438318057035	0.0479977073132842	0.0479977073132842
0.749433359314519	0.367141911338495	0.0480559569580818	0.0480559569580818
0.749298395643553	0.366843796213935	0.0481142066028795	0.0481142066028795
0.749162623008845	0.366543952875584	0.0481724562476772	0.0481724562476772
0.749026031846319	0.366242361169174	0.0482307058924749	0.0482307058924749
0.748888612422301	0.365939000585815	0.0482889555372725	0.0482889555372725
0.748750354829494	0.365633850253621	0.0483472051820702	0.0483472051820702
0.748611248982832	0.365326888929097	0.0484054548268679	0.0484054548268679
0.748471284615217	0.365018094988261	0.0484637044716656	0.0484637044716656
0.74833045127312	0.364707446417508	0.0485219541164632	0.0485219541164632
0.748188738312055	0.364394920804189	0.0485802037612609	0.0485802037612609
0.748046134891909	0.364080495326906	0.0486384534060586	0.0486384534060586
0.747902629972134	0.363764146745519	0.0486967030508563	0.0486967030508563
0.747758212306785	0.36344585139083	0.0487549526956539	0.0487549526956539
0.747612870439411	0.363125585153963	0.0488132023404516	0.0488132023404516
0.747466592697779	0.362803323475402	0.0488714519852493	0.0488714519852493
0.747319367188434	0.362479041333688	0.048929701630047	0.048929701630047
0.747171181791091	0.362152713233767	0.0489879512748446	0.0489879512748446
0.747022024152845	0.361824313194958	0.0490462009196423	0.0490462009196423
0.746871881682192	0.361493814738538	0.04910445056444	0.04910445056444
0.746720741542865	0.361161190874938	0.0491627002092377	0.0491627002092377
0.746568590647461	0.360826414090509	0.0492209498540353	0.0492209498540353
0.746415415650867	0.360489456333869	0.049279199498833	0.049279199498833
0.746261202943466	0.3601502890018	0.0493374491436307	0.0493374491436307
0.74610593864412	0.359808882924672	0.0493956987884284	0.0493956987884284
0.745949608592914	0.359465208351395	0.049453948433226	0.049453948433226
0.745792198343662	0.359119234933857	0.0495121980780237	0.0495121980780237
0.74563369315616	0.358770931710843	0.0495704477228214	0.0495704477228214
0.74547407798817	0.358420267091411	0.0496286973676191	0.0496286973676191
0.745313337487136	0.358067208837693	0.0496869470124167	0.0496869470124167
0.745151455981607	0.357711724047115	0.0497451966572144	0.0497451966572144
0.744988417472372	0.357353779133991	0.0498034463020121	0.0498034463020121
0.744824205623272	0.356993339810486	0.0498616959468098	0.0498616959468098
0.744658803751703	0.356630371066904	0.0499199455916074	0.0499199455916074
0.74449219481877	0.356264837151281	0.0499781952364051	0.0499781952364051
0.744324361419098	0.355896701548252	0.0500364448812028	0.0500364448812028
0.744155285770269	0.355525926957165	0.0500946945260005	0.0500946945260005
0.743984949701883	0.355152475269395	0.0501529441707981	0.0501529441707981
0.743813334644218	0.354776307544843	0.0502111938155958	0.0502111938155958
0.743640421616468	0.354397383987568	0.0502694434603935	0.0502694434603935
0.743466191214555	0.354015663920523	0.0503276931051912	0.0503276931051912
0.743290623598477	0.353631105759349	0.0503859427499888	0.0503859427499888
0.743113698479186	0.353243666985189	0.0504441923947865	0.0504441923947865
0.742935395104969	0.352853304116479	0.0505024420395842	0.0505024420395842
0.742755692247306	0.352459972679659	0.0505606916843819	0.0505606916843819
0.742574568186188	0.35206362717877	0.0506189413291795	0.0506189413291795
0.742392000694864	0.351664221063871	0.0506771909739772	0.0506771909739772
0.742207967023992	0.351261706698231	0.0507354406187749	0.0507354406187749
0.74202244388517	0.350856035324231	0.0507936902635726	0.0507936902635726
0.741835407433811	0.350447157027922	0.0508519399083702	0.0508519399083702
0.741646833251331	0.350035020702167	0.0509101895531679	0.0509101895531679
0.741456696326624	0.349619574008307	0.0509684391979656	0.0509684391979656
0.741264971036784	0.34920076333627	0.0510266888427633	0.0510266888427633
0.741071631127033	0.348778533763056	0.0510849384875609	0.0510849384875609
0.740876649689825	0.34835282900951	0.0511431881323586	0.0511431881323586
0.74067999914308	0.347923591395306	0.0512014377771563	0.0512014377771563
0.740481651207499	0.347490761792042	0.051259687421954	0.051259687421954
0.740281576882924	0.347054279574361	0.0513179370667516	0.0513179370667516
0.740079746423691	0.346614082568984	0.0513761867115493	0.0513761867115493
0.739876129312911	0.346170107001569	0.051434436356347	0.051434436356347
0.739670694235644	0.345722287441254	0.0514926860011447	0.0514926860011447
0.739463409050897	0.345270556742788	0.0515509356459423	0.0515509356459423
0.739254240762379	0.344814845986113	0.05160918529074	0.05160918529074
0.739043155487956	0.344355084413251	0.0516674349355377	0.0516674349355377
0.738830118427729	0.343891199362375	0.0517256845803354	0.0517256845803354
0.738615093830671	0.343423116198884	0.051783934225133	0.051783934225133
0.738398044959722	0.342950758243338	0.0518421838699307	0.0518421838699307
0.738178934055283	0.342474046696068	0.0519004335147284	0.0519004335147284
0.737957722296998	0.341992900558283	0.0519586831595261	0.0519586831595261
0.737734369763746	0.341507236549469	0.0520169328043237	0.0520169328043237
0.737508835391716	0.341016969020875	0.0520751824491214	0.0520751824491214
0.737281076930486	0.340522009864863	0.0521334320939191	0.0521334320939191
0.73705105089696	0.340022268419869	0.0521916817387168	0.0521916817387168
0.736818712527063	0.339517651370739	0.0522499313835144	0.0522499313835144
0.736584015725038	0.339008062644146	0.0523081810283121	0.0523081810283121
0.73634691301022	0.33849340329881	0.0523664306731098	0.0523664306731098
0.736107355461122	0.337973571410198	0.0524246803179075	0.0524246803179075
0.735865292656684	0.337448461949372	0.0524829299627051	0.0524829299627051
0.735620672614484	0.336917966655621	0.0525411796075028	0.0525411796075028
0.735373441725752	0.3363819739025	0.0525994292523005	0.0525994292523005
0.735123544686964	0.335840368556844	0.0526576788970982	0.0526576788970982
0.734870924427808	0.335293031830337	0.0527159285418958	0.0527159285418958
0.734615522035286	0.334739841123127	0.0527741781866935	0.0527741781866935
0.7343572766737	0.334180669859	0.0528324278314912	0.0528324278314912
0.734096125500254	0.333615387311538	0.0528906774762889	0.0528906774762889
0.73383200357598	0.333043858420678	0.0529489271210865	0.0529489271210865
0.73356484377167	0.332465943599018	0.0530071767658842	0.0530071767658842
0.73329457666848	0.331881498527184	0.0530654264106819	0.0530654264106819
0.733021130452838	0.331290373937494	0.0531236760554796	0.0531236760554796
0.732744430805259	0.330692415385127	0.0531819257002772	0.0531819257002772
0.732464400782637	0.330087463005904	0.0532401753450749	0.0532401753450749
0.732180960693556	0.32947535125973	0.0532984249898726	0.0532984249898726
0.731894027966108	0.328855908658688	0.0533566746346703	0.0533566746346703
0.73160351700768	0.328228957478632	0.0534149242794679	0.0534149242794679
0.731309339056118	0.327594313453103	0.0534731739242656	0.0534731739242656
0.731011402021609	0.326951785448222	0.0535314235690633	0.0535314235690633
0.730709610318603	0.326301175117135	0.053589673213861	0.053589673213861
0.730403864686989	0.325642276532455	0.0536479228586586	0.0536479228586586
0.730094062001712	0.324974875794974	0.0537061725034563	0.0537061725034563
0.729780095069897	0.324298750616814	0.053764422148254	0.053764422148254
0.729461852414518	0.323613669876959	0.0538226717930517	0.0538226717930517
0.729139218043492	0.322919393146957	0.0538809214378493	0.0538809214378493
0.728812071203029	0.322215670184358	0.053939171082647	0.053939171082647
0.728480286113927	0.321502240391208	0.0539974207274447	0.0539974207274447
0.72814373168937	0.320778832234673	0.0540556703722424	0.0540556703722424
0.727802271232662	0.320045162626573	0.05411392001704	0.05411392001704
0.72745576211315	0.319300936258268	0.0541721696618377	0.0541721696618377
0.727104055418435	0.318545844886995	0.0542304193066354	0.0542304193066354
0.726746995580749	0.317779566569329	0.0542886689514331	0.0542886689514331
0.72638441997516	0.317001764837014	0.0543469185962307	0.0543469185962307
0.726016158487031	0.31621208780986	0.0544051682410284	0.0544051682410284
0.725642033045857	0.315410167239876	0.0544634178858261	0.0544634178858261
0.725261857122298	0.314595617480123	0.0545216675306238	0.0545216675306238
0.72487543518487	0.313768034371065	0.0545799171754214	0.0545799171754214
0.72448256211235	0.31292699403637	0.0546381668202191	0.0546381668202191
0.724083022557491	0.312072051579178	0.0546964164650168	0.0546964164650168
0.72367659025713	0.31120273966879	0.0547546661098145	0.0547546661098145
0.723263027283183	0.310318567006557	0.0548129157546121	0.0548129157546121
0.722842083228332	0.309419016658335	0.0548711653994098	0.0548711653994098
0.722413494319475	0.308503544239357	0.0549294150442075	0.0549294150442075
0.721976982451102	0.30757157593555	0.0549876646890052	0.0549876646890052
0.721532254129756	0.306622506343295	0.0550459143338028	0.0550459143338028
0.721078999319613	0.305655696107256	0.0551041639786005	0.0551041639786005
0.720616890177825	0.304670469333212	0.0551624136233982	0.0551624136233982
0.720145579666788	0.303666110749649	0.0552206632681959	0.0552206632681959
0.719664700028663	0.302641862588282	0.0552789129129935	0.0552789129129935
0.719173861105424	0.301596921149407	0.0553371625577912	0.0553371625577912
0.7186726484853	0.300530433013098	0.0553954122025889	0.0553954122025889
0.718160621453611	0.2994414908515	0.0554536618473866	0.0554536618473866
0.717637310722741	0.298329128790727	0.0555119114921842	0.0555119114921842
0.717102215912042	0.29719231726297	0.0555701611369819	0.0555701611369819
0.716554802743896	0.296029957280041	0.0556284107817796	0.0556284107817796
0.715994499916711	0.294840874048551	0.0556866604265773	0.0556866604265773
0.71542069560914	0.29362380983372	0.0557449100713749	0.0557449100713749
0.714832733562126	0.292377415963188	0.0558031597161726	0.0558031597161726
0.714229908676073	0.291100243843345	0.0558614093609703	0.0558614093609703
0.713611462049385	0.289790734838146	0.055919659005768	0.055919659005768
0.712976575371116	0.288447208833074	0.0559779086505656	0.0559779086505656
0.712324364564194	0.287067851273786	0.0560361582953633	0.0560361582953633
0.711653872555797	0.285650698428606	0.056094407940161	0.056094407940161
0.710964061027051	0.284193620574541	0.0561526575849587	0.0561526575849587
0.7102538009642	0.282694302745533	0.0562109072297563	0.0562109072297563
0.709521861796159	0.281150222606123	0.056269156874554	0.056269156874554
0.708766898856949	0.279558624919556	0.0563274065193517	0.0563274065193517
0.707987438853323	0.277916491961317	0.0563856561641494	0.0563856561641494
0.707181862944331	0.276220509080002	0.056443905808947	0.056443905808947
0.706348386946162	0.274467024417955	0.0565021554537447	0.0565021554537447
0.705485038055774	0.272652001561328	0.0565604050985424	0.0565604050985424
0.704589627332206	0.270770963575839	0.0566186547433401	0.0566186547433401
0.703659716972975	0.268818926476331	0.0566769043881377	0.0566769043881377
0.702692581158229	0.266790319641977	0.0567351540329354	0.0567351540329354
0.701685158883925	0.264678889977368	0.0567934036777331	0.0567934036777331
0.700633996734012	0.262477585665572	0.0568516533225308	0.0568516533225308
0.699535178902459	0.260178414065463	0.0569099029673284	0.0569099029673284
0.698384240898364	0.257772266529718	0.0569681526121261	0.0569681526121261
0.697176062146583	0.255248700449921	0.0570264022569238	0.0570264022569238
0.695904730973364	0.252595665350228	0.0570846519017215	0.0570846519017215
0.694563372996477	0.249799154856338	0.0571429015465191	0.0571429015465191
0.69314393033703	0.246842759083844	0.0572011511913168	0.0572011511913168
0.691636873715848	0.243707081168447	0.0572594008361145	0.0572594008361145
0.690030821370335	0.240368965239473	0.0573176504809122	0.0573176504809122
0.688312026100563	0.236800457631379	0.0573759001257098	0.0573759001257098
0.686463671613255	0.232967382456963	0.0574341497705075	0.0574341497705075
0.684464886244602	0.228827345868581	0.0574923994153052	0.0574923994153052
0.682289325920407	0.224326869867258	0.0575506490601029	0.0575506490601029
0.679903078903231	0.219397156162299	0.0576088987049005	0.0576088987049005
0.677261461368546	0.213947610479299	0.0576671483496982	0.0576671483496982
0.674303915228505	0.207855536701991	0.0577253979944959	0.0577253979944959
0.670945476751727	0.200948913075506	0.0577836476392936	0.0577836476392936
0.667061615945814	0.192975801223293	0.0578418972840912	0.0578418972840912
0.662459111371419	0.183545611427596	0.0579001469288889	0.0579001469288889
0.656813971640803	0.172003991877874	0.0579583965736866	0.0579583965736866
0.649518218217164	0.157124256309762	0.0580166462184843	0.0580166462184843
0.639205340069196	0.136152446874927	0.0580748958632819	0.0580748958632819
0.621508552430697	0.100300901782568	0.0581331455080796	0.0581331455080796
0	0	0.0581913951528773	0.0581913951528773
