0.847540720583891	0.453725474710375	0	0
0.847515614398814	0.453673674170596	6.26035143946272e-06	6.26035143946272e-06
0.847490482694168	0.45362182170043	1.25207028789254e-05	1.25207028789254e-05
0.847465325418518	0.453569917195653	1.87810543183882e-05	1.87810543183882e-05
0.847440142520272	0.453517960551724	2.50414057578509e-05	2.50414057578509e-05
0.847414933947683	0.453465951663788	3.13017571973136e-05	3.13017571973136e-05
0.847389699648847	0.453413890426674	3.75621086367763e-05	3.75621086367763e-05
0.847364439571703	0.453361776734893	4.38224600762391e-05	4.38224600762391e-05
0.847339153664031	0.453309610482635	5.00828115157018e-05	5.00828115157018e-05
0.847313841873455	0.453257391563772	5.63431629551645e-05	5.63431629551645e-05
0.847288504147439	0.453205119871851	6.26035143946272e-05	6.26035143946272e-05
0.847263140433284	0.4531527953001	6.88638658340899e-05	6.88638658340899e-05
0.847237750678135	0.45310041774142	7.51242172735527e-05	7.51242172735527e-05
0.847212334828975	0.453047987088387	8.13845687130154e-05	8.13845687130154e-05
0.847186892832622	0.452995503233249	8.76449201524781e-05	8.76449201524781e-05
0.847161424635735	0.452942966067928	9.39052715919408e-05	9.39052715919408e-05
0.84713593018481	0.452890375484014	0.000100165623031404	0.000100165623031404
0.847110409426176	0.452837731372766	0.000106425974470866	0.000106425974470866
0.847084862306002	0.452785033625113	0.000112686325910329	0.000112686325910329
0.847059288770288	0.452732282131648	0.000118946677349792	0.000118946677349792
0.847033688764871	0.452679476782629	0.000125207028789254	0.000125207028789254
0.84700806223542	0.45262661746798	0.000131467380228717	0.000131467380228717
0.846982409127438	0.452573704077283	0.00013772773166818	0.00013772773166818
0.846956729386259	0.452520736499786	0.000143988083107643	0.000143988083107643
0.846931022957049	0.452467714624391	0.000150248434547105	0.000150248434547105
0.846905289784807	0.452414638339661	0.000156508785986568	0.000156508785986568
0.846879529814357	0.452361507533816	0.000162769137426031	0.000162769137426031
0.846853742990358	0.45230832209473	0.000169029488865494	0.000169029488865494
0.846827929257294	0.452255081909931	0.000175289840304956	0.000175289840304956
0.84680208855948	0.452201786866599	0.000181550191744419	0.000181550191744419
0.846776220841055	0.452148436851566	0.000187810543183882	0.000187810543183882
0.846750326045986	0.452095031751312	0.000194070894623344	0.000194070894623344
0.846724404118068	0.452041571451966	0.000200331246062807	0.000200331246062807
0.846698455000918	0.451988055839303	0.00020659159750227	0.00020659159750227
0.846672478637979	0.451934484798743	0.000212851948941733	0.000212851948941733
0.846646474972517	0.451880858215351	0.000219112300381195	0.000219112300381195
0.846620443947622	0.451827175973833	0.000225372651820658	0.000225372651820658
0.846594385506206	0.451773437958534	0.000231633003260121	0.000231633003260121
0.846568299591002	0.451719644053442	0.000237893354699583	0.000237893354699583
0.846542186144563	0.45166579414218	0.000244153706139046	0.000244153706139046
0.846516045109264	0.451611888108007	0.000250414057578509	0.000250414057578509
0.846489876427298	0.451557925833817	0.000256674409017972	0.000256674409017972
0.846463680040676	0.451503907202139	0.000262934760457434	0.000262934760457434
0.846437455891228	0.45144983209513	0.000269195111896897	0.000269195111896897
0.8464112039206	0.45139570039458	0.00027545546333636	0.00027545546333636
0.846384924070254	0.451341511981906	0.000281715814775822	0.000281715814775822
0.84635861628147	0.451287266738152	0.000287976166215285	0.000287976166215285
0.846332280495339	0.451232964543989	0.000294236517654748	0.000294236517654748
0.846305916652769	0.451178605279708	0.000300496869094211	0.000300496869094211
0.846279524694477	0.451124188825227	0.000306757220533673	0.000306757220533673
0.846253104560998	0.451069715060081	0.000313017571973136	0.000313017571973136
0.846226656192674	0.451015183863425	0.000319277923412599	0.000319277923412599
0.846200179529658	0.450960595114032	0.000325538274852062	0.000325538274852062
0.846173674511917	0.450905948690289	0.000331798626291524	0.000331798626291524
0.846147141079221	0.4508512444702	0.000338058977730987	0.000338058977730987
0.846120579171154	0.450796482331379	0.00034431932917045	0.00034431932917045
0.846093988727104	0.450741662151053	0.000350579680609912	0.000350579680609912
0.846067369686266	0.450686783806055	0.000356840032049375	0.000356840032049375
0.846040721987643	0.450631847172829	0.000363100383488838	0.000363100383488838
0.84601404557004	0.450576852127423	0.000369360734928301	0.000369360734928301
0.845987340372068	0.450521798545489	0.000375621086367763	0.000375621086367763
0.845960606332142	0.450466686302283	0.000381881437807226	0.000381881437807226
0.845933843388478	0.45041151527266	0.000388141789246689	0.000388141789246689
0.845907051479094	0.450356285331076	0.000394402140686151	0.000394402140686151
0.845880230541809	0.450300996351583	0.000400662492125614	0.000400662492125614
0.845853380514242	0.450245648207828	0.000406922843565077	0.000406922843565077
0.845826501333811	0.450190240773055	0.00041318319500454	0.00041318319500454
0.845799592937733	0.450134773920098	0.000419443546444002	0.000419443546444002
0.845772655263021	0.45007924752138	0.000425703897883465	0.000425703897883465
0.845745688246486	0.450023661448916	0.000431964249322928	0.000431964249322928
0.845718691824733	0.449968015574305	0.000438224600762391	0.000438224600762391
0.845691665934163	0.449912309768733	0.000444484952201853	0.000444484952201853
0.84566461051097	0.44985654390297	0.000450745303641316	0.000450745303641316
0.845637525491142	0.449800717847364	0.000457005655080779	0.000457005655080779
0.845610410810459	0.449744831471847	0.000463266006520241	0.000463266006520241
0.84558326640449	0.449688884645927	0.000469526357959704	0.000469526357959704
0.845556092208597	0.449632877238686	0.000475786709399167	0.000475786709399167
0.84552888815793	0.449576809118785	0.00048204706083863	0.00048204706083863
0.845501654187427	0.449520680154452	0.000488307412278092	0.000488307412278092
0.845474390231816	0.449464490213491	0.000494567763717555	0.000494567763717555
0.845447096225608	0.44940823916327	0.000500828115157018	0.000500828115157018
0.845419772103103	0.449351926870727	0.000507088466596481	0.000507088466596481
0.845392417798383	0.449295553202364	0.000513348818035943	0.000513348818035943
0.845365033245315	0.449239118024244	0.000519609169475406	0.000519609169475406
0.845337618377549	0.449182621201994	0.000525869520914869	0.000525869520914869
0.845310173128518	0.449126062600799	0.000532129872354331	0.000532129872354331
0.845282697431432	0.449069442085402	0.000538390223793794	0.000538390223793794
0.845255191219286	0.449012759520098	0.000544650575233257	0.000544650575233257
0.84522765442485	0.448956014768741	0.00055091092667272	0.00055091092667272
0.845200086980675	0.448899207694732	0.000557171278112182	0.000557171278112182
0.845172488819087	0.448842338161022	0.000563431629551645	0.000563431629551645
0.845144859872188	0.448785406030112	0.000569691980991108	0.000569691980991108
0.845117200071857	0.448728411164046	0.000575952332430571	0.000575952332430571
0.845089509349745	0.448671353424411	0.000582212683870033	0.000582212683870033
0.845061787637278	0.448614232672338	0.000588473035309496	0.000588473035309496
0.845034034865652	0.448557048768496	0.000594733386748959	0.000594733386748959
0.845006250965836	0.44849980157309	0.000600993738188421	0.000600993738188421
0.844978435868568	0.448442490945863	0.000607254089627884	0.000607254089627884
0.844950589504355	0.448385116746089	0.000613514441067347	0.000613514441067347
0.844922711803473	0.448327678832575	0.00061977479250681	0.00061977479250681
0.844894802695963	0.448270177063655	0.000626035143946272	0.000626035143946272
0.844866862111634	0.448212611297192	0.000632295495385735	0.000632295495385735
0.844838889980058	0.448154981390573	0.000638555846825198	0.000638555846825198
0.844810886230574	0.448097287200707	0.00064481619826466	0.00064481619826466
0.84478285079228	0.448039528584026	0.000651076549704123	0.000651076549704123
0.844754783594038	0.447981705396477	0.000657336901143586	0.000657336901143586
0.84472668456447	0.447923817493527	0.000663597252583048	0.000663597252583048
0.844698553631957	0.447865864730155	0.000669857604022511	0.000669857604022511
0.84467039072464	0.447807846960852	0.000676117955461974	0.000676117955461974
0.844642195770417	0.447749764039619	0.000682378306901437	0.000682378306901437
0.84461396869694	0.447691615819965	0.000688638658340899	0.000688638658340899
0.84458570943162	0.447633402154905	0.000694899009780362	0.000694899009780362
0.84455741790162	0.447575122896956	0.000701159361219825	0.000701159361219825
0.844529094033855	0.447516777898135	0.000707419712659288	0.000707419712659288
0.844500737754994	0.447458367009961	0.00071368006409875	0.00071368006409875
0.844472348991456	0.447399890083445	0.000719940415538213	0.000719940415538213
0.844443927669409	0.447341346969097	0.000726200766977676	0.000726200766977676
0.844415473714771	0.447282737516914	0.000732461118417139	0.000732461118417139
0.844386987053205	0.447224061576386	0.000738721469856601	0.000738721469856601
0.844358467610123	0.447165318996488	0.000744981821296064	0.000744981821296064
0.844329915310679	0.447106509625681	0.000751242172735527	0.000751242172735527
0.844301330079775	0.447047633311908	0.000757502524174989	0.000757502524174989
0.844272711842051	0.446988689902593	0.000763762875614452	0.000763762875614452
0.844244060521891	0.446929679244638	0.000770023227053915	0.000770023227053915
0.844215376043421	0.446870601184417	0.000776283578493378	0.000776283578493378
0.844186658330503	0.446811455567782	0.00078254392993284	0.00078254392993284
0.844157907306738	0.446752242240052	0.000788804281372303	0.000788804281372303
0.844129122895465	0.446692961046015	0.000795064632811766	0.000795064632811766
0.844100305019758	0.446633611829926	0.000801324984251228	0.000801324984251228
0.844071453602423	0.446574194435501	0.000807585335690691	0.000807585335690691
0.844042568566003	0.446514708705919	0.000813845687130154	0.000813845687130154
0.844013649832771	0.446455154483815	0.000820106038569616	0.000820106038569616
0.843984697324731	0.446395531611283	0.000826366390009079	0.000826366390009079
0.843955710963614	0.446335839929868	0.000832626741448542	0.000832626741448542
0.843926690670884	0.446276079280565	0.000838887092888005	0.000838887092888005
0.843897636367727	0.446216249503819	0.000845147444327468	0.000845147444327468
0.843868547975058	0.44615635043952	0.00085140779576693	0.00085140779576693
0.843839425413515	0.446096381927001	0.000857668147206393	0.000857668147206393
0.843810268603459	0.446036343805037	0.000863928498645856	0.000863928498645856
0.843781077464974	0.445976235911837	0.000870188850085318	0.000870188850085318
0.843751851917862	0.445916058085051	0.000876449201524781	0.000876449201524781
0.843722591881647	0.445855810161756	0.000882709552964244	0.000882709552964244
0.84369329727557	0.445795491978462	0.000888969904403707	0.000888969904403707
0.843663968018586	0.445735103371107	0.000895230255843169	0.000895230255843169
0.84363460402937	0.445674644175052	0.000901490607282632	0.000901490607282632
0.843605205226307	0.44561411422508	0.000907750958722095	0.000907750958722095
0.843575771527495	0.445553513355395	0.000914011310161558	0.000914011310161558
0.843546302850746	0.445492841399615	0.00092027166160102	0.00092027166160102
0.843516799113579	0.445432098190775	0.000926532013040483	0.000926532013040483
0.843487260233223	0.445371283561317	0.000932792364479946	0.000932792364479946
0.843457686126612	0.445310397343095	0.000939052715919408	0.000939052715919408
0.843428076710389	0.445249439367367	0.000945313067358871	0.000945313067358871
0.843398431900898	0.445188409464793	0.000951573418798334	0.000951573418798334
0.843368751614189	0.445127307465434	0.000957833770237796	0.000957833770237796
0.843339035766011	0.445066133198747	0.000964094121677259	0.000964094121677259
0.843309284271814	0.445004886493585	0.000970354473116722	0.000970354473116722
0.843279497046748	0.44494356717819	0.000976614824556185	0.000976614824556185
0.843249674005658	0.444882175080194	0.000982875175995648	0.000982875175995648
0.843219815063087	0.444820710026613	0.00098913552743511	0.00098913552743511
0.84318992013327	0.444759171843847	0.000995395878874573	0.000995395878874573
0.843159989130136	0.444697560357676	0.00100165623031404	0.00100165623031404
0.843130021967307	0.444635875393255	0.0010079165817535	0.0010079165817535
0.843100018558094	0.444574116775113	0.00101417693319296	0.00101417693319296
0.843069978815494	0.444512284327151	0.00102043728463242	0.00102043728463242
0.843039902652194	0.444450377872637	0.00102669763607189	0.00102669763607189
0.843009789980566	0.444388397234202	0.00103295798751135	0.00103295798751135
0.842979640712664	0.444326342233842	0.00103921833895081	0.00103921833895081
0.842949454760228	0.444264212692909	0.00104547869039027	0.00104547869039027
0.842919232034676	0.444202008432111	0.00105173904182974	0.00105173904182974
0.842888972447106	0.444139729271509	0.0010579993932692	0.0010579993932692
0.842858675908294	0.444077375030511	0.00106425974470866	0.00106425974470866
0.842828342328693	0.444014945527875	0.00107052009614813	0.00107052009614813
0.84279797161843	0.443952440581698	0.00107678044758759	0.00107678044758759
0.842767563687304	0.443889860009419	0.00108304079902705	0.00108304079902705
0.842737118444789	0.443827203627814	0.00108930115046651	0.00108930115046651
0.842706635800025	0.44376447125299	0.00109556150190598	0.00109556150190598
0.842676115661822	0.443701662700385	0.00110182185334544	0.00110182185334544
0.842645557938658	0.443638777784765	0.0011080822047849	0.0011080822047849
0.842614962538675	0.44357581632022	0.00111434255622436	0.00111434255622436
0.842584329369677	0.443512778120156	0.00112060290766383	0.00112060290766383
0.842553658339132	0.443449662997302	0.00112686325910329	0.00112686325910329
0.842522949354168	0.443386470763696	0.00113312361054275	0.00113312361054275
0.84249220232157	0.443323201230687	0.00113938396198222	0.00113938396198222
0.842461417147781	0.443259854208933	0.00114564431342168	0.00114564431342168
0.842430593738899	0.443196429508394	0.00115190466486114	0.00115190466486114
0.842399732000676	0.44313292693833	0.0011581650163006	0.0011581650163006
0.842368831838514	0.443069346307297	0.00116442536774007	0.00116442536774007
0.842337893157467	0.443005687423146	0.00117068571917953	0.00117068571917953
0.842306915862236	0.442941950093015	0.00117694607061899	0.00117694607061899
0.842275899857169	0.442878134123331	0.00118320642205845	0.00118320642205845
0.84224484504626	0.442814239319802	0.00118946677349792	0.00118946677349792
0.842213751333143	0.442750265487415	0.00119572712493738	0.00119572712493738
0.842182618621096	0.442686212430433	0.00120198747637684	0.00120198747637684
0.842151446813037	0.44262207995239	0.00120824782781631	0.00120824782781631
0.842120235811518	0.44255786785609	0.00121450817925577	0.00121450817925577
0.842088985518732	0.4424935759436	0.00122076853069523	0.00122076853069523
0.842057695836501	0.442429204016249	0.00122702888213469	0.00122702888213469
0.842026366666283	0.442364751874623	0.00123328923357416	0.00123328923357416
0.841994997909165	0.442300219318562	0.00123954958501362	0.00123954958501362
0.841963589465863	0.442235606147154	0.00124580993645308	0.00124580993645308
0.841932141236719	0.442170912158735	0.00125207028789254	0.00125207028789254
0.8419006531217	0.442106137150884	0.00125833063933201	0.00125833063933201
0.841869125020397	0.442041280920416	0.00126459099077147	0.00126459099077147
0.841837556832021	0.441976343263382	0.00127085134221093	0.00127085134221093
0.841805948455403	0.441911323975066	0.0012771116936504	0.0012771116936504
0.84177429978899	0.441846222849975	0.00128337204508986	0.00128337204508986
0.841742610730845	0.441781039681841	0.00128963239652932	0.00128963239652932
0.841710881178646	0.441715774263617	0.00129589274796878	0.00129589274796878
0.841679111029679	0.441650426387467	0.00130215309940825	0.00130215309940825
0.841647300180842	0.441584995844771	0.00130841345084771	0.00130841345084771
0.84161544852864	0.441519482426113	0.00131467380228717	0.00131467380228717
0.841583555969182	0.441453885921281	0.00132093415372663	0.00132093415372663
0.841551622398184	0.441388206119262	0.0013271945051661	0.0013271945051661
0.841519647710959	0.44132244280824	0.00133345485660556	0.00133345485660556
0.841487631802423	0.441256595775588	0.00133971520804502	0.00133971520804502
0.841455574567088	0.441190664807865	0.00134597555948449	0.00134597555948449
0.84142347589906	0.441124649690816	0.00135223591092395	0.00135223591092395
0.841391335692039	0.441058550209362	0.00135849626236341	0.00135849626236341
0.841359153839319	0.4409923661476	0.00136475661380287	0.00136475661380287
0.841326930233779	0.440926097288795	0.00137101696524234	0.00137101696524234
0.841294664767888	0.440859743415379	0.0013772773166818	0.0013772773166818
0.841262357333696	0.440793304308947	0.00138353766812126	0.00138353766812126
0.841230007822841	0.440726779750249	0.00138979801956072	0.00138979801956072
0.841197616126536	0.44066016951919	0.00139605837100019	0.00139605837100019
0.841165182135577	0.440593473394821	0.00140231872243965	0.00140231872243965
0.841132705740333	0.440526691155339	0.00140857907387911	0.00140857907387911
0.84110018683075	0.440459822578082	0.00141483942531858	0.00141483942531858
0.841067625296342	0.44039286743952	0.00142109977675804	0.00142109977675804
0.841035021026195	0.440325825515255	0.0014273601281975	0.0014273601281975
0.841002373908962	0.440258696580018	0.00143362047963696	0.00143362047963696
0.840969683832861	0.440191480407658	0.00143988083107643	0.00143988083107643
0.840936950685673	0.440124176771143	0.00144614118251589	0.00144614118251589
0.840904174354739	0.440056785442553	0.00145240153395535	0.00145240153395535
0.840871354726958	0.439989306193077	0.00145866188539481	0.00145866188539481
0.840838491688787	0.439921738793005	0.00146492223683428	0.00146492223683428
0.840805585126233	0.439854083011729	0.00147118258827374	0.00147118258827374
0.840772634924857	0.439786338617732	0.0014774429397132	0.0014774429397132
0.840739640969768	0.439718505378587	0.00148370329115267	0.00148370329115267
0.840706603145621	0.439650583060952	0.00148996364259213	0.00148996364259213
0.840673521336618	0.439582571430563	0.00149622399403159	0.00149622399403159
0.840640395426498	0.439514470252232	0.00150248434547105	0.00150248434547105
0.840607225298543	0.439446279289841	0.00150874469691052	0.00150874469691052
0.84057401083557	0.439377998306335	0.00151500504834998	0.00151500504834998
0.840540751919931	0.439309627063722	0.00152126539978944	0.00152126539978944
0.840507448433511	0.439241165323062	0.0015275257512289	0.0015275257512289
0.840474100257723	0.439172612844466	0.00153378610266837	0.00153378610266837
0.840440707273507	0.43910396938709	0.00154004645410783	0.00154004645410783
0.840407269361328	0.439035234709131	0.00154630680554729	0.00154630680554729
0.840373786401173	0.438966408567818	0.00155256715698676	0.00155256715698676
0.840340258272548	0.438897490719412	0.00155882750842622	0.00155882750842622
0.840306684854476	0.438828480919197	0.00156508785986568	0.00156508785986568
0.840273066025494	0.438759378921477	0.00157134821130514	0.00157134821130514
0.840239401663651	0.43869018447957	0.00157760856274461	0.00157760856274461
0.840205691646505	0.438620897345801	0.00158386891418407	0.00158386891418407
0.840171935851119	0.438551517271501	0.00159012926562353	0.00159012926562353
0.840138134154062	0.438482044006996	0.00159638961706299	0.00159638961706299
0.840104286431403	0.438412477301608	0.00160264996850246	0.00160264996850246
0.840070392558707	0.438342816903643	0.00160891031994192	0.00160891031994192
0.840036452411039	0.43827306256039	0.00161517067138138	0.00161517067138138
0.840002465862954	0.438203214018115	0.00162143102282085	0.00162143102282085
0.839968432788497	0.438133271022052	0.00162769137426031	0.00162769137426031
0.839934353061201	0.438063233316404	0.00163395172569977	0.00163395172569977
0.839900226554085	0.43799310064433	0.00164021207713923	0.00164021207713923
0.839866053139648	0.437922872747945	0.0016464724285787	0.0016464724285787
0.839831832689869	0.43785254936831	0.00165273278001816	0.00165273278001816
0.839797565076201	0.437782130245431	0.00165899313145762	0.00165899313145762
0.839763250169574	0.437711615118248	0.00166525348289708	0.00166525348289708
0.839728887840384	0.437641003724634	0.00167151383433655	0.00167151383433655
0.839694477958499	0.437570295801386	0.00167777418577601	0.00167777418577601
0.839660020393248	0.43749949108422	0.00168403453721547	0.00168403453721547
0.839625515013424	0.437428589307765	0.00169029488865494	0.00169029488865494
0.839590961687276	0.437357590205558	0.0016965552400944	0.0016965552400944
0.839556360282512	0.437286493510037	0.00170281559153386	0.00170281559153386
0.839521710666291	0.437215298952533	0.00170907594297332	0.00170907594297332
0.83948701270522	0.43714400626327	0.00171533629441279	0.00171533629441279
0.839452266265356	0.437072615171351	0.00172159664585225	0.00172159664585225
0.839417471212198	0.437001125404759	0.00172785699729171	0.00172785699729171
0.839382627410684	0.436929536690345	0.00173411734873117	0.00173411734873117
0.839347734725192	0.436857848753825	0.00174037770017064	0.00174037770017064
0.839312793019532	0.436786061319774	0.0017466380516101	0.0017466380516101
0.839277802156947	0.436714174111618	0.00175289840304956	0.00175289840304956
0.839242762000107	0.436642186851626	0.00175915875448902	0.00175915875448902
0.839207672411107	0.43657009926091	0.00176541910592849	0.00176541910592849
0.839172533251462	0.436497911059411	0.00177167945736795	0.00177167945736795
0.839137344382108	0.436425621965898	0.00177793980880741	0.00177793980880741
0.839102105663393	0.436353231697955	0.00178420016024688	0.00178420016024688
0.83906681695508	0.436280739971985	0.00179046051168634	0.00179046051168634
0.839031478116339	0.436208146503191	0.0017967208631258	0.0017967208631258
0.838996089005743	0.436135451005578	0.00180298121456526	0.00180298121456526
0.83896064948127	0.436062653191944	0.00180924156600473	0.00180924156600473
0.838925159400295	0.43598975277387	0.00181550191744419	0.00181550191744419
0.838889618619588	0.435916749461719	0.00182176226888365	0.00182176226888365
0.83885402699531	0.435843642964623	0.00182802262032312	0.00182802262032312
0.83881838438301	0.435770432990481	0.00183428297176258	0.00183428297176258
0.838782690637624	0.435697119245949	0.00184054332320204	0.00184054332320204
0.838746945613467	0.435623701436432	0.0018468036746415	0.0018468036746415
0.838711149164231	0.435550179266083	0.00185306402608097	0.00185306402608097
0.838675301142983	0.435476552437788	0.00185932437752043	0.00185932437752043
0.838639401402162	0.435402820653164	0.00186558472895989	0.00186558472895989
0.838603449793572	0.435328983612548	0.00187184508039935	0.00187184508039935
0.83856744616838	0.435255041014996	0.00187810543183882	0.00187810543183882
0.838531390377113	0.435180992558268	0.00188436578327828	0.00188436578327828
0.838495282269655	0.435106837938824	0.00189062613471774	0.00189062613471774
0.838459121695242	0.435032576851818	0.0018968864861572	0.0018968864861572
0.838422908502457	0.43495820899109	0.00190314683759667	0.00190314683759667
0.838386642539229	0.434883734049154	0.00190940718903613	0.00190940718903613
0.838350323652828	0.434809151717198	0.00191566754047559	0.00191566754047559
0.83831395168986	0.434734461685069	0.00192192789191506	0.00192192789191506
0.838277526496266	0.434659663641269	0.00192818824335452	0.00192818824335452
0.838241047917315	0.434584757272949	0.00193444859479398	0.00193444859479398
0.838204515797602	0.434509742265895	0.00194070894623344	0.00194070894623344
0.838167929981045	0.434434618304528	0.00194696929767291	0.00194696929767291
0.838131290310877	0.434359385071888	0.00195322964911237	0.00195322964911237
0.838094596629647	0.434284042249633	0.00195949000055183	0.00195949000055183
0.838057848779213	0.434208589518026	0.0019657503519913	0.0019657503519913
0.838021046600737	0.434133026555929	0.00197201070343076	0.00197201070343076
0.837984189934686	0.434057353040795	0.00197827105487022	0.00197827105487022
0.837947278620821	0.433981568648659	0.00198453140630968	0.00198453140630968
0.837910312498199	0.433905673054129	0.00199079175774915	0.00199079175774915
0.837873291405165	0.433829665930381	0.00199705210918861	0.00199705210918861
0.837836215179348	0.433753546949144	0.00200331246062807	0.00200331246062807
0.83779908365766	0.433677315780699	0.00200957281206753	0.00200957281206753
0.837761896676288	0.433600972093867	0.002015833163507	0.002015833163507
0.837724654070691	0.433524515555997	0.00202209351494646	0.00202209351494646
0.837687355675598	0.433447945832965	0.00202835386638592	0.00202835386638592
0.837650001324999	0.433371262589157	0.00203461421782538	0.00203461421782538
0.837612590852145	0.433294465487467	0.00204087456926485	0.00204087456926485
0.837575124089542	0.433217554189284	0.00204713492070431	0.00204713492070431
0.837537600868944	0.433140528354483	0.00205339527214377	0.00205339527214377
0.837500021021353	0.43306338764142	0.00205965562358324	0.00205965562358324
0.837462384377012	0.432986131706918	0.0020659159750227	0.0020659159750227
0.837424690765401	0.43290876020626	0.00207217632646216	0.00207217632646216
0.837386940015231	0.43283127279318	0.00207843667790162	0.00207843667790162
0.837349131954443	0.432753669119854	0.00208469702934109	0.00208469702934109
0.837311266410198	0.43267594883689	0.00209095738078055	0.00209095738078055
0.837273343208878	0.432598111593318	0.00209721773222001	0.00209721773222001
0.837235362176077	0.432520157036581	0.00210347808365947	0.00210347808365947
0.837197323136598	0.432442084812526	0.00210973843509894	0.00210973843509894
0.837159225914448	0.432363894565394	0.0021159987865384	0.0021159987865384
0.837121070332835	0.43228558593781	0.00212225913797786	0.00212225913797786
0.837082856214158	0.432207158570772	0.00212851948941733	0.00212851948941733
0.837044583380009	0.432128612103645	0.00213477984085679	0.00213477984085679
0.837006251651162	0.432049946174146	0.00214104019229625	0.00214104019229625
0.836967860847571	0.431971160418339	0.00214730054373571	0.00214730054373571
0.836929410788366	0.43189225447062	0.00215356089517518	0.00215356089517518
0.836890901291845	0.43181322796371	0.00215982124661464	0.00215982124661464
0.83685233217547	0.431734080528645	0.0021660815980541	0.0021660815980541
0.836813703255865	0.431654811794763	0.00217234194949356	0.00217234194949356
0.836775014348804	0.431575421389697	0.00217860230093303	0.00217860230093303
0.836736265269214	0.431495908939361	0.00218486265237249	0.00218486265237249
0.836697455831163	0.431416274067941	0.00219112300381195	0.00219112300381195
0.836658585847857	0.431336516397887	0.00219738335525142	0.00219738335525142
0.836619655131638	0.431256635549896	0.00220364370669088	0.00220364370669088
0.836580663493973	0.431176631142909	0.00220990405813034	0.00220990405813034
0.836541610745451	0.431096502794092	0.0022161644095698	0.0022161644095698
0.83650249669578	0.431016250118832	0.00222242476100927	0.00222242476100927
0.836463321153778	0.430935872730721	0.00222868511244873	0.00222868511244873
0.836424083927369	0.430855370241548	0.00223494546388819	0.00223494546388819
0.836384784823577	0.430774742261287	0.00224120581532765	0.00224120581532765
0.83634542364852	0.430693988398082	0.00224746616676712	0.00224746616676712
0.836306000207406	0.430613108258243	0.00225372651820658	0.00225372651820658
0.836266514304525	0.430532101446227	0.00225998686964604	0.00225998686964604
0.836226965743246	0.430450967564632	0.00226624722108551	0.00226624722108551
0.836187354326008	0.430369706214181	0.00227250757252497	0.00227250757252497
0.836147679854317	0.430288316993713	0.00227876792396443	0.00227876792396443
0.836107942128738	0.43020679950017	0.00228502827540389	0.00228502827540389
0.836068140948889	0.430125153328586	0.00229128862684336	0.00229128862684336
0.836028276113439	0.430043378072073	0.00229754897828282	0.00229754897828282
0.835988347420097	0.429961473321811	0.00230380932972228	0.00230380932972228
0.835948354665606	0.429879438667034	0.00231006968116174	0.00231006968116174
0.835908297645742	0.42979727369502	0.00231633003260121	0.00231633003260121
0.835868176155302	0.429714977991076	0.00232259038404067	0.00232259038404067
0.835827989988102	0.429632551138525	0.00232885073548013	0.00232885073548013
0.835787738936968	0.429549992718696	0.0023351110869196	0.0023351110869196
0.835747422793731	0.429467302310911	0.00234137143835906	0.00234137143835906
0.835707041349219	0.429384479492469	0.00234763178979852	0.00234763178979852
0.835666594393254	0.429301523838638	0.00235389214123798	0.00235389214123798
0.835626081714642	0.429218434922635	0.00236015249267745	0.00236015249267745
0.835585503101168	0.429135212315621	0.00236641284411691	0.00236641284411691
0.83554485833959	0.429051855586682	0.00237267319555637	0.00237267319555637
0.835504147215629	0.428968364302816	0.00237893354699583	0.00237893354699583
0.835463369513969	0.428884738028923	0.0023851938984353	0.0023851938984353
0.835422525018242	0.428800976327787	0.00239145424987476	0.00239145424987476
0.835381613511029	0.428717078760066	0.00239771460131422	0.00239771460131422
0.835340634773845	0.428633044884276	0.00240397495275369	0.00240397495275369
0.835299588587142	0.428548874256778	0.00241023530419315	0.00241023530419315
0.835258474730292	0.428464566431763	0.00241649565563261	0.00241649565563261
0.835217292981586	0.42838012096124	0.00242275600707207	0.00242275600707207
0.835176043118227	0.428295537395017	0.00242901635851154	0.00242901635851154
0.83513472491632	0.428210815280693	0.002435276709951	0.002435276709951
0.835093338150864	0.428125954163639	0.00244153706139046	0.00244153706139046
0.835051882595751	0.428040953586984	0.00244779741282992	0.00244779741282992
0.835010358023752	0.427955813091601	0.00245405776426939	0.00245405776426939
0.834968764206513	0.427870532216094	0.00246031811570885	0.00246031811570885
0.834927100914544	0.427785110496778	0.00246657846714831	0.00246657846714831
0.834885367917219	0.427699547467669	0.00247283881858778	0.00247283881858778
0.834843564982759	0.427613842660466	0.00247909917002724	0.00247909917002724
0.834801691878233	0.427527995604535	0.0024853595214667	0.0024853595214667
0.834759748369542	0.427442005826896	0.00249161987290616	0.00249161987290616
0.834717734221419	0.427355872852206	0.00249788022434563	0.00249788022434563
0.834675649197416	0.427269596202743	0.00250414057578509	0.00250414057578509
0.834633493059899	0.427183175398391	0.00251040092722455	0.00251040092722455
0.834591265570037	0.427096609956621	0.00251666127866401	0.00251666127866401
0.834548966487797	0.427009899392482	0.00252292163010348	0.00252292163010348
0.834506595571935	0.426923043218574	0.00252918198154294	0.00252918198154294
0.834464152579986	0.426836040945042	0.0025354423329824	0.0025354423329824
0.834421637268261	0.426748892079553	0.00254170268442187	0.00254170268442187
0.83437904939183	0.426661596127282	0.00254796303586133	0.00254796303586133
0.834336388704522	0.426574152590893	0.00255422338730079	0.00255422338730079
0.834293654958912	0.426486560970524	0.00256048373874025	0.00256048373874025
0.834250847906316	0.42639882076377	0.00256674409017972	0.00256674409017972
0.834207967296776	0.426310931465664	0.00257300444161918	0.00257300444161918
0.834165012879059	0.42622289256866	0.00257926479305864	0.00257926479305864
0.834121984400643	0.426134703562617	0.0025855251444981	0.0025855251444981
0.834078881607712	0.42604636393478	0.00259178549593757	0.00259178549593757
0.834035704245141	0.425957873169761	0.00259804584737703	0.00259804584737703
0.833992452056496	0.425869230749523	0.00260430619881649	0.00260430619881649
0.833949124784016	0.425780436153361	0.00261056655025595	0.00261056655025595
0.833905722168612	0.425691488857885	0.00261682690169542	0.00261682690169542
0.833862243949849	0.425602388336997	0.00262308725313488	0.00262308725313488
0.833818689865946	0.425513134061878	0.00262934760457434	0.00262934760457434
0.83377505965376	0.425423725500966	0.00263560795601381	0.00263560795601381
0.833731353048778	0.425334162119937	0.00264186830745327	0.00264186830745327
0.833687569785111	0.425244443381688	0.00264812865889273	0.00264812865889273
0.833643709595478	0.425154568746314	0.00265438901033219	0.00265438901033219
0.833599772211204	0.425064537671092	0.00266064936177166	0.00266064936177166
0.833555757362202	0.424974349610461	0.00266690971321112	0.00266690971321112
0.833511664776971	0.424884004015998	0.00267317006465058	0.00267317006465058
0.83346749418258	0.424793500336405	0.00267943041609005	0.00267943041609005
0.833423245304662	0.424702838017481	0.00268569076752951	0.00268569076752951
0.833378917867401	0.424612016502109	0.00269195111896897	0.00269195111896897
0.833334511593524	0.424521035230231	0.00269821147040843	0.00269821147040843
0.83329002620429	0.424429893638827	0.0027044718218479	0.0027044718218479
0.833245461419479	0.424338591161897	0.00271073217328736	0.00271073217328736
0.833200816957381	0.424247127230438	0.00271699252472682	0.00271699252472682
0.833156092534789	0.424155501272422	0.00272325287616628	0.00272325287616628
0.833111287866982	0.424063712712778	0.00272951322760575	0.00272951322760575
0.833066402667722	0.423971760973365	0.00273577357904521	0.00273577357904521
0.833021436649237	0.423879645472955	0.00274203393048467	0.00274203393048467
0.832976389522212	0.423787365627209	0.00274829428192413	0.00274829428192413
0.832931260995779	0.423694920848654	0.0027545546333636	0.0027545546333636
0.832886050777504	0.423602310546661	0.00276081498480306	0.00276081498480306
0.832840758573379	0.423509534127425	0.00276707533624252	0.00276707533624252
0.832795384087806	0.423416590993937	0.00277333568768199	0.00277333568768199
0.83274992702359	0.423323480545966	0.00277959603912145	0.00277959603912145
0.832704387081923	0.423230202180033	0.00278585639056091	0.00278585639056091
0.832658763962377	0.423136755289386	0.00279211674200037	0.00279211674200037
0.832613057362889	0.423043139263983	0.00279837709343984	0.00279837709343984
0.832567266979752	0.422949353490459	0.0028046374448793	0.0028046374448793
0.832521392507598	0.422855397352108	0.00281089779631876	0.00281089779631876
0.832475433639392	0.422761270228859	0.00281715814775823	0.00281715814775823
0.832429390066415	0.422666971497247	0.00282341849919769	0.00282341849919769
0.832383261478256	0.422572500530391	0.00282967885063715	0.00282967885063715
0.832337047562794	0.42247785669797	0.00283593920207661	0.00283593920207661
0.832290748006192	0.422383039366195	0.00284219955351608	0.00284219955351608
0.832244362492878	0.422288047897788	0.00284845990495554	0.00284845990495554
0.832197890705539	0.422192881651949	0.002854720256395	0.002854720256395
0.8321513323251	0.422097539984338	0.00286098060783446	0.00286098060783446
0.832104687030719	0.422002022247044	0.00286724095927393	0.00286724095927393
0.832057954499769	0.421906327788559	0.00287350131071339	0.00287350131071339
0.832011134407825	0.421810455953753	0.00287976166215285	0.00287976166215285
0.831964226428655	0.421714406083847	0.00288602201359232	0.00288602201359232
0.831917230234199	0.421618177516383	0.00289228236503178	0.00289228236503178
0.831870145494563	0.421521769585201	0.00289854271647124	0.00289854271647124
0.831822971878	0.421425181620407	0.0029048030679107	0.0029048030679107
0.831775709050898	0.421328412948349	0.00291106341935017	0.00291106341935017
0.831728356677768	0.421231462891585	0.00291732377078963	0.00291732377078963
0.831680914421226	0.421134330768858	0.00292358412222909	0.00292358412222909
0.831633381941982	0.421037015895064	0.00292984447366855	0.00292984447366855
0.831585758898821	0.420939517581226	0.00293610482510802	0.00293610482510802
0.831538044948596	0.420841835134464	0.00294236517654748	0.00294236517654748
0.831490239746207	0.420743967857964	0.00294862552798694	0.00294862552798694
0.831442342944588	0.420645915050948	0.0029548858794264	0.0029548858794264
0.831394354194692	0.420547676008647	0.00296114623086587	0.00296114623086587
0.831346273145478	0.420449250022267	0.00296740658230533	0.00296740658230533
0.831298099443892	0.420350636378961	0.00297366693374479	0.00297366693374479
0.831249832734855	0.420251834361796	0.00297992728518426	0.00297992728518426
0.831201472661244	0.420152843249723	0.00298618763662372	0.00298618763662372
0.831153018863882	0.420053662317547	0.00299244798806318	0.00299244798806318
0.831104470981514	0.419954290835888	0.00299870833950264	0.00299870833950264
0.831055828650799	0.41985472807116	0.00300496869094211	0.00300496869094211
0.831007091506288	0.41975497328553	0.00301122904238157	0.00301122904238157
0.830958259180413	0.419655025736885	0.00301748939382103	0.00301748939382103
0.830909331303466	0.419554884678806	0.00302374974526049	0.00302374974526049
0.830860307503582	0.419454549360529	0.00303001009669996	0.00303001009669996
0.830811187406728	0.419354019026909	0.00303627044813942	0.00303627044813942
0.830761970636681	0.419253292918394	0.00304253079957888	0.00304253079957888
0.830712656815011	0.419152370270983	0.00304879115101835	0.00304879115101835
0.830663245561067	0.419051250316195	0.00305505150245781	0.00305505150245781
0.830613736491955	0.418949932281032	0.00306131185389727	0.00306131185389727
0.830564129222526	0.418848415387946	0.00306757220533673	0.00306757220533673
0.830514423365354	0.418746698854801	0.0030738325567762	0.0030738325567762
0.830464618530717	0.418644781894836	0.00308009290821566	0.00308009290821566
0.830414714326585	0.418542663716632	0.00308635325965512	0.00308635325965512
0.830364710358594	0.418440343524074	0.00309261361109458	0.00309261361109458
0.830314606230034	0.418337820516309	0.00309887396253405	0.00309887396253405
0.830264401541827	0.418235093887717	0.00310513431397351	0.00310513431397351
0.830214095892508	0.418132162827864	0.00311139466541297	0.00311139466541297
0.830163688878207	0.418029026521472	0.00311765501685244	0.00311765501685244
0.830113180092629	0.417925684148372	0.0031239153682919	0.0031239153682919
0.830062569127037	0.417822134883473	0.00313017571973136	0.00313017571973136
0.830011855570228	0.417718377896717	0.00313643607117082	0.00313643607117082
0.829961039008516	0.417614412353039	0.00314269642261029	0.00314269642261029
0.829910119025713	0.41751023741233	0.00314895677404975	0.00314895677404975
0.829859095203106	0.417405852229395	0.00315521712548921	0.00315521712548921
0.829807967119438	0.417301255953911	0.00316147747692868	0.00316147747692868
0.829756734350888	0.417196447730384	0.00316773782836814	0.00316773782836814
0.829705396471048	0.417091426698111	0.0031739981798076	0.0031739981798076
0.829653953050904	0.416986191991136	0.00318025853124706	0.00318025853124706
0.829602403658815	0.416880742738204	0.00318651888268653	0.00318651888268653
0.829550747860489	0.416775078062722	0.00319277923412599	0.00319277923412599
0.829498985218964	0.416669197082715	0.00319903958556545	0.00319903958556545
0.829447115294584	0.416563098910777	0.00320529993700491	0.00320529993700491
0.829395137644978	0.416456782654033	0.00321156028844438	0.00321156028844438
0.829343051825037	0.416350247414088	0.00321782063988384	0.00321782063988384
0.829290857386894	0.416243492286987	0.0032240809913233	0.0032240809913233
0.829238553879895	0.416136516363165	0.00323034134276276	0.00323034134276276
0.829186140850582	0.4160293187274	0.00323660169420223	0.00323660169420223
0.829133617842668	0.415921898458769	0.00324286204564169	0.00324286204564169
0.829080984397012	0.415814254630602	0.00324912239708115	0.00324912239708115
0.829028240051594	0.415706386310426	0.00325538274852062	0.00325538274852062
0.828975384341498	0.415598292559925	0.00326164309996008	0.00326164309996008
0.828922416798877	0.415489972434887	0.00326790345139954	0.00326790345139954
0.828869336952938	0.415381424985156	0.003274163802839	0.003274163802839
0.828816144329912	0.415272649254581	0.00328042415427847	0.00328042415427847
0.828762838453029	0.415163644280966	0.00328668450571793	0.00328668450571793
0.828709418842494	0.415054409096017	0.00329294485715739	0.00329294485715739
0.828655885015463	0.414944942725293	0.00329920520859685	0.00329920520859685
0.828602236486014	0.414835244188156	0.00330546556003632	0.00330546556003632
0.828548472765121	0.41472531249771	0.00331172591147578	0.00331172591147578
0.828494593360629	0.414615146660756	0.00331798626291524	0.00331798626291524
0.828440597777229	0.414504745677736	0.00332424661435471	0.00332424661435471
0.828386485516425	0.414394108542675	0.00333050696579417	0.00333050696579417
0.828332256076515	0.414283234243131	0.00333676731723363	0.00333676731723363
0.828277908952553	0.414172121760135	0.00334302766867309	0.00334302766867309
0.828223443636333	0.41406077006814	0.00334928802011256	0.00334928802011256
0.828168859616351	0.413949178134957	0.00335554837155202	0.00335554837155202
0.82811415637778	0.413837344921706	0.00336180872299148	0.00336180872299148
0.828059333402444	0.413725269382751	0.00336806907443094	0.00336806907443094
0.828004390168785	0.413612950465644	0.00337432942587041	0.00337432942587041
0.827949326151832	0.413500387111067	0.00338058977730987	0.00338058977730987
0.827894140823179	0.41338757825277	0.00338685012874933	0.00338685012874933
0.827838833650947	0.413274522817512	0.0033931104801888	0.0033931104801888
0.827783404099755	0.413161219724998	0.00339937083162826	0.00339937083162826
0.827727851630694	0.413047667887818	0.00340563118306772	0.00340563118306772
0.827672175701291	0.412933866211385	0.00341189153450718	0.00341189153450718
0.827616375765479	0.41281981359387	0.00341815188594665	0.00341815188594665
0.827560451273565	0.412705508926141	0.00342441223738611	0.00342441223738611
0.8275044016722	0.412590951091695	0.00343067258882557	0.00343067258882557
0.827448226404341	0.412476138966594	0.00343693294026503	0.00343693294026503
0.827391924909226	0.412361071419398	0.0034431932917045	0.0034431932917045
0.827335496622334	0.412245747311099	0.00344945364314396	0.00344945364314396
0.827278940975355	0.412130165495056	0.00345571399458342	0.00345571399458342
0.827222257396155	0.41201432481692	0.00346197434602289	0.00346197434602289
0.82716544530874	0.411898224114571	0.00346823469746235	0.00346823469746235
0.827108504133225	0.411781862218043	0.00347449504890181	0.00347449504890181
0.827051433285795	0.41166523794946	0.00348075540034127	0.00348075540034127
0.826994232178672	0.411548350122957	0.00348701575178074	0.00348701575178074
0.826936900220079	0.411431197544612	0.0034932761032202	0.0034932761032202
0.826879436814201	0.411313779012372	0.00349953645465966	0.00349953645465966
0.826821841361151	0.41119609331598	0.00350579680609912	0.00350579680609912
0.826764113256933	0.411078139236896	0.00351205715753859	0.00351205715753859
0.826706251893402	0.410959915548227	0.00351831750897805	0.00351831750897805
0.826648256658226	0.410841421014646	0.00352457786041751	0.00352457786041751
0.826590126934853	0.410722654392319	0.00353083821185698	0.00353083821185698
0.826531862102463	0.41060361442882	0.00353709856329644	0.00353709856329644
0.826473461535935	0.410484299863059	0.0035433589147359	0.0035433589147359
0.826414924605809	0.410364709425197	0.00354961926617536	0.00354961926617536
0.826356250678237	0.410244841836566	0.00355587961761483	0.00355587961761483
0.826297439114952	0.410124695809589	0.00356213996905429	0.00356213996905429
0.826238489273219	0.410004270047694	0.00356840032049375	0.00356840032049375
0.8261794005058	0.409883563245232	0.00357466067193321	0.00357466067193321
0.826120172160904	0.409762574087392	0.00358092102337268	0.00358092102337268
0.826060803582154	0.409641301250113	0.00358718137481214	0.00358718137481214
0.826001294108535	0.409519743400002	0.0035934417262516	0.0035934417262516
0.825941643074355	0.409397899194238	0.00359970207769107	0.00359970207769107
0.825881849809198	0.409275767280492	0.00360596242913053	0.00360596242913053
0.825821913637884	0.40915334629683	0.00361222278056999	0.00361222278056999
0.825761833880419	0.409030634871625	0.00361848313200945	0.00361848313200945
0.825701609851949	0.408907631623465	0.00362474348344892	0.00362474348344892
0.825641240862718	0.408784335161059	0.00363100383488838	0.00363100383488838
0.825580726218017	0.408660744083142	0.00363726418632784	0.00363726418632784
0.825520065218139	0.40853685697838	0.0036435245377673	0.0036435245377673
0.825459257158329	0.408412672425274	0.00364978488920677	0.00364978488920677
0.825398301328737	0.40828818899206	0.00365604524064623	0.00365604524064623
0.825337197014368	0.408163405236613	0.00366230559208569	0.00366230559208569
0.825275943495033	0.408038319706344	0.00366856594352516	0.00366856594352516
0.825214540045294	0.407912930938101	0.00367482629496462	0.00367482629496462
0.825152985934423	0.407787237458064	0.00368108664640408	0.00368108664640408
0.82509128042634	0.407661237781641	0.00368734699784354	0.00368734699784354
0.825029422779565	0.407534930413367	0.00369360734928301	0.00369360734928301
0.824967412247166	0.407408313846792	0.00369986770072247	0.00369986770072247
0.824905248076706	0.407281386564375	0.00370612805216193	0.00370612805216193
0.824842929510183	0.407154147037378	0.00371238840360139	0.00371238840360139
0.824780455783984	0.40702659372575	0.00371864875504086	0.00371864875504086
0.824717826128821	0.40689872507802	0.00372490910648032	0.00372490910648032
0.82465503976968	0.406770539531182	0.00373116945791978	0.00373116945791978
0.824592095925763	0.406642035510579	0.00373742980935925	0.00373742980935925
0.824528993810428	0.406513211429788	0.00374369016079871	0.00374369016079871
0.824465732631134	0.406384065690506	0.00374995051223817	0.00374995051223817
0.82440231158938	0.406254596682422	0.00375621086367763	0.00375621086367763
0.824338729880643	0.406124802783108	0.0037624712151171	0.0037624712151171
0.824274986694324	0.405994682357887	0.00376873156655656	0.00376873156655656
0.824211081213679	0.405864233759716	0.00377499191799602	0.00377499191799602
0.824147012615762	0.405733455329057	0.00378125226943548	0.00378125226943548
0.824082780071358	0.405602345393753	0.00378751262087495	0.00378751262087495
0.824018382744924	0.405470902268899	0.00379377297231441	0.00379377297231441
0.82395381979452	0.405339124256711	0.00380003332375387	0.00380003332375387
0.823889090371746	0.405207009646395	0.00380629367519334	0.00380629367519334
0.823824193621677	0.405074556714014	0.0038125540266328	0.0038125540266328
0.823759128682791	0.404941763722353	0.00381881437807226	0.00381881437807226
0.823693894686907	0.404808628920782	0.00382507472951172	0.00382507472951172
0.823628490759112	0.404675150545119	0.00383133508095119	0.00383133508095119
0.823562916017692	0.404541326817486	0.00383759543239065	0.00383759543239065
0.823497169574065	0.404407155946171	0.00384385578383011	0.00384385578383011
0.823431250532702	0.404272636125483	0.00385011613526957	0.00385011613526957
0.823365157991063	0.404137765535603	0.00385637648670904	0.00385637648670904
0.823298891039518	0.404002542342443	0.0038626368381485	0.0038626368381485
0.823232448761274	0.403866964697487	0.00386889718958796	0.00386889718958796
0.8231658302323	0.40373103073765	0.00387515754102743	0.00387515754102743
0.823099034521252	0.403594738585115	0.00388141789246689	0.00388141789246689
0.823032060689391	0.403458086347183	0.00388767824390635	0.00388767824390635
0.822964907790512	0.403321072116113	0.00389393859534581	0.00389393859534581
0.822897574870856	0.403183693968965	0.00390019894678528	0.00390019894678528
0.822830060969037	0.403045949967433	0.00390645929822474	0.00390645929822474
0.822762365115955	0.402907838157685	0.0039127196496642	0.0039127196496642
0.822694486334718	0.402769356570196	0.00391898000110366	0.00391898000110366
0.822626423640553	0.402630503219578	0.00392524035254313	0.00392524035254313
0.822558176040727	0.402491276104411	0.00393150070398259	0.00393150070398259
0.822489742534455	0.402351673207069	0.00393776105542205	0.00393776105542205
0.822421122112818	0.402211692493546	0.00394402140686151	0.00394402140686151
0.822352313758672	0.402071331913273	0.00395028175830098	0.00395028175830098
0.822283316446556	0.401930589398946	0.00395654210974044	0.00395654210974044
0.822214129142608	0.401789462866336	0.0039628024611799	0.0039628024611799
0.822144750804465	0.401647950214109	0.00396906281261937	0.00396906281261937
0.822075180381177	0.401506049323634	0.00397532316405883	0.00397532316405883
0.822005416813105	0.401363758058796	0.00398158351549829	0.00398158351549829
0.821935459031834	0.4012210742658	0.00398784386693775	0.00398784386693775
0.821865305960065	0.401077995772981	0.00399410421837722	0.00399410421837722
0.821794956511527	0.400934520390597	0.00400036456981668	0.00400036456981668
0.82172440959087	0.400790645910636	0.00400662492125614	0.00400662492125614
0.821653664093564	0.400646370106608	0.0040128852726956	0.0040128852726956
0.821582718905803	0.400501690733339	0.00401914562413507	0.00401914562413507
0.82151157290439	0.400356605526761	0.00402540597557453	0.00402540597557453
0.821440224956642	0.400211112203701	0.00403166632701399	0.00403166632701399
0.821368673920275	0.400065208461663	0.00403792667845346	0.00403792667845346
0.821296918643299	0.399918891978612	0.00404418702989292	0.00404418702989292
0.821224957963908	0.39977216041275	0.00405044738133238	0.00405044738133238
0.821152790710366	0.399625011402292	0.00405670773277184	0.00405670773277184
0.821080415700894	0.39947744256524	0.00406296808421131	0.00406296808421131
0.821007831743559	0.399329451499146	0.00406922843565077	0.00406922843565077
0.820935037636151	0.399181035780883	0.00407548878709023	0.00407548878709023
0.820862032166069	0.399032192966406	0.00408174913852969	0.00408174913852969
0.820788814110199	0.398882920590507	0.00408800948996916	0.00408800948996916
0.820715382234795	0.398733216166574	0.00409426984140862	0.00409426984140862
0.820641735295349	0.39858307718634	0.00410053019284808	0.00410053019284808
0.820567872036475	0.398432501119632	0.00410679054428755	0.00410679054428755
0.820493791191774	0.398281485414115	0.00411305089572701	0.00411305089572701
0.820419491483706	0.398130027495032	0.00411931124716647	0.00411931124716647
0.820344971623465	0.39797812476494	0.00412557159860593	0.00412557159860593
0.820270230310839	0.397825774603446	0.0041318319500454	0.0041318319500454
0.820195266234077	0.397672974366931	0.00413809230148486	0.00413809230148486
0.820120078069756	0.397519721388278	0.00414435265292432	0.00414435265292432
0.820044664482638	0.397366012976591	0.00415061300436379	0.00415061300436379
0.819969024125528	0.397211846416914	0.00415687335580325	0.00415687335580325
0.819893155639136	0.39705721896994	0.00416313370724271	0.00416313370724271
0.819817057651929	0.396902127871722	0.00416939405868217	0.00416939405868217
0.819740728779981	0.396746570333373	0.00417565441012164	0.00417565441012164
0.819664167626829	0.396590543540768	0.0041819147615611	0.0041819147615611
0.819587372783315	0.396434044654238	0.00418817511300056	0.00418817511300056
0.819510342827437	0.39627707080826	0.00419443546444002	0.00419443546444002
0.819433076324189	0.396119619111141	0.00420069581587949	0.00420069581587949
0.819355571825405	0.395961686644699	0.00420695616731895	0.00420695616731895
0.819277827869594	0.395803270463939	0.00421321651875841	0.00421321651875841
0.819199842981779	0.395644367596724	0.00421947687019787	0.00421947687019787
0.819121615673329	0.395484975043437	0.00422573722163734	0.00422573722163734
0.819043144441792	0.395325089776645	0.0042319975730768	0.0042319975730768
0.818964427770723	0.395164708740755	0.00423825792451626	0.00423825792451626
0.818885464129506	0.395003828851659	0.00424451827595573	0.00424451827595573
0.818806251973181	0.39484244699638	0.00425077862739519	0.00425077862739519
0.818726789742266	0.394680560032712	0.00425703897883465	0.00425703897883465
0.818647075862568	0.394518164788852	0.00426329933027411	0.00426329933027411
0.818567108745002	0.394355258063028	0.00426955968171358	0.00426955968171358
0.818486886785405	0.394191836623118	0.00427582003315304	0.00427582003315304
0.818406408364338	0.394027897206266	0.0042820803845925	0.0042820803845925
0.818325671846897	0.393863436518495	0.00428834073603196	0.00428834073603196
0.818244675582512	0.393698451234302	0.00429460108747143	0.00429460108747143
0.81816341790475	0.393532937996262	0.00430086143891089	0.00430086143891089
0.818081897131108	0.393366893414615	0.00430712179035035	0.00430712179035035
0.818000111562806	0.393200314066849	0.00431338214178982	0.00431338214178982
0.817918059484581	0.393033196497276	0.00431964249322928	0.00431964249322928
0.817835739164465	0.392865537216606	0.00432590284466874	0.00432590284466874
0.817753148853576	0.392697332701506	0.0043321631961082	0.0043321631961082
0.81767028678589	0.392528579394154	0.00433842354754767	0.00433842354754767
0.817587151178021	0.392359273701794	0.00434468389898713	0.00434468389898713
0.817503740228991	0.392189411996272	0.00435094425042659	0.00435094425042659
0.817420052119999	0.392018990613569	0.00435720460186605	0.00435720460186605
0.817336085014185	0.391848005853332	0.00436346495330552	0.00436346495330552
0.817251837056386	0.391676453978384	0.00436972530474498	0.00436972530474498
0.8171673063729	0.391504331214242	0.00437598565618444	0.00437598565618444
0.817082491071233	0.391331633748614	0.00438224600762391	0.00438224600762391
0.816997389239846	0.391158357730892	0.00438850635906337	0.00438850635906337
0.816911998947902	0.390984499271639	0.00439476671050283	0.00439476671050283
0.816826318245005	0.390810054442066	0.00440102706194229	0.00440102706194229
0.816740345160935	0.390635019273495	0.00440728741338176	0.00440728741338176
0.816654077705374	0.390459389756822	0.00441354776482122	0.00441354776482122
0.816567513867639	0.390283161841962	0.00441980811626068	0.00441980811626068
0.8164806516164	0.390106331437293	0.00442606846770015	0.00442606846770015
0.816393488899395	0.38992889440908	0.00443232881913961	0.00443232881913961
0.816306023643143	0.389750846580903	0.00443858917057907	0.00443858917057907
0.816218253752652	0.389572183733059	0.00444484952201853	0.00444484952201853
0.816130177111118	0.389392901601968	0.004451109873458	0.004451109873458
0.816041791579623	0.389212995879559	0.00445737022489746	0.00445737022489746
0.815953094996826	0.389032462212652	0.00446363057633692	0.00446363057633692
0.815864085178645	0.388851296202322	0.00446989092777638	0.00446989092777638
0.815774759917945	0.388669493403259	0.00447615127921585	0.00447615127921585
0.815685116984204	0.388487049323112	0.00448241163065531	0.00448241163065531
0.815595154123186	0.388303959421824	0.00448867198209477	0.00448867198209477
0.815504869056604	0.388120219110954	0.00449493233353424	0.00449493233353424
0.815414259481774	0.387935823752985	0.0045011926849737	0.0045011926849737
0.815323323071269	0.387750768660624	0.00450745303641316	0.00450745303641316
0.815232057472562	0.387565049096087	0.00451371338785262	0.00451371338785262
0.815140460307662	0.387378660270369	0.00451997373929209	0.00451997373929209
0.815048529172748	0.387191597342507	0.00452623409073155	0.00452623409073155
0.814956261637792	0.387003855418819	0.00453249444217101	0.00453249444217101
0.814863655246178	0.386815429552145	0.00453875479361047	0.00453875479361047
0.814770707514314	0.386626314741055	0.00454501514504994	0.00454501514504994
0.814677415931232	0.38643650592906	0.0045512754964894	0.0045512754964894
0.814583777958187	0.386245998003797	0.00455753584792886	0.00455753584792886
0.814489791028245	0.386054785796205	0.00456379619936832	0.00456379619936832
0.814395452545867	0.38586286407968	0.00457005655080779	0.00457005655080779
0.814300759886477	0.385670227569221	0.00457631690224725	0.00457631690224725
0.814205710396034	0.385476870920556	0.00458257725368671	0.00458257725368671
0.814110301390585	0.385282788729252	0.00458883760512618	0.00458883760512618
0.814014530155814	0.385087975529808	0.00459509795656564	0.00459509795656564
0.813918393946585	0.384892425794732	0.0046013583080051	0.0046013583080051
0.813821889986474	0.384696133933602	0.00460761865944456	0.00460761865944456
0.813725015467288	0.384499094292103	0.00461387901088403	0.00461387901088403
0.813627767548581	0.384301301151053	0.00462013936232349	0.00462013936232349
0.813530143357162	0.384102748725405	0.00462639971376295	0.00462639971376295
0.813432139986582	0.383903431163233	0.00463266006520241	0.00463266006520241
0.813333754496627	0.383703342544697	0.00463892041664188	0.00463892041664188
0.813234983912788	0.383502476880987	0.00464518076808134	0.00464518076808134
0.813135825225728	0.383300828113248	0.0046514411195208	0.0046514411195208
0.813036275390735	0.383098390111484	0.00465770147096026	0.00465770147096026
0.812936331327167	0.382895156673439	0.00466396182239973	0.00466396182239973
0.812835989917883	0.382691121523458	0.00467022217383919	0.00467022217383919
0.812735248008668	0.382486278311322	0.00467648252527865	0.00467648252527865
0.812634102407638	0.382280620611064	0.00468274287671812	0.00468274287671812
0.812532549884641	0.382074141919759	0.00468900322815758	0.00468900322815758
0.812430587170642	0.381866835656291	0.00469526357959704	0.00469526357959704
0.812328210957099	0.381658695160091	0.0047015239310365	0.0047015239310365
0.812225417895321	0.381449713689859	0.00470778428247597	0.00470778428247597
0.812122204595818	0.381239884422247	0.00471404463391543	0.00471404463391543
0.812018567627633	0.381029200450526	0.00472030498535489	0.00472030498535489
0.811914503517667	0.380817654783224	0.00472656533679435	0.00472656533679435
0.811810008749986	0.380605240342729	0.00473282568823382	0.00473282568823382
0.811705079765109	0.380391949963871	0.00473908603967328	0.00473908603967328
0.811599712959292	0.38017777639247	0.00474534639111274	0.00474534639111274
0.811493904683788	0.379962712283859	0.00475160674255221	0.00475160674255221
0.811387651244097	0.37974675020137	0.00475786709399167	0.00475786709399167
0.811280948899195	0.379529882614789	0.00476412744543113	0.00476412744543113
0.811173793860754	0.379312101898785	0.00477038779687059	0.00477038779687059
0.811066182292337	0.3790934003313	0.00477664814831006	0.00477664814831006
0.810958110308585	0.378873770091903	0.00478290849974952	0.00478290849974952
0.810849573974379	0.378653203260116	0.00478916885118898	0.00478916885118898
0.810740569303985	0.378431691813699	0.00479542920262845	0.00479542920262845
0.810631092260188	0.378209227626895	0.00480168955406791	0.00480168955406791
0.810521138753398	0.377985802468648	0.00480794990550737	0.00480794990550737
0.810410704640742	0.377761408000773	0.00481421025694683	0.00481421025694683
0.810299785725133	0.377536035776086	0.0048204706083863	0.0048204706083863
0.810188377754323	0.377309677236501	0.00482673095982576	0.00482673095982576
0.81007647641993	0.377082323711075	0.00483299131126522	0.00483299131126522
0.809964077356446	0.376853966414019	0.00483925166270468	0.00483925166270468
0.809851176140228	0.376624596442658	0.00484551201414415	0.00484551201414415
0.809737768288454	0.376394204775351	0.00485177236558361	0.00485177236558361
0.809623849258066	0.376162782269359	0.00485803271702307	0.00485803271702307
0.809509414444691	0.375930319658669	0.00486429306846254	0.00486429306846254
0.809394459181525	0.37569680755177	0.004870553419902	0.004870553419902
0.809278978738206	0.375462236429373	0.00487681377134146	0.00487681377134146
0.809162968319653	0.375226596642083	0.00488307412278092	0.00488307412278092
0.80904642306488	0.374989878408021	0.00488933447422039	0.00488933447422039
0.808929338045781	0.374752071810382	0.00489559482565985	0.00489559482565985
0.808811708265896	0.374513166794946	0.00490185517709931	0.00490185517709931
0.808693528659133	0.374273153167525	0.00490811552853877	0.00490811552853877
0.808574794088474	0.374032020591355	0.00491437587997824	0.00491437587997824
0.808455499344644	0.373789758584424	0.0049206362314177	0.0049206362314177
0.808335639144751	0.373546356516736	0.00492689658285716	0.00492689658285716
0.808215208130889	0.373301803607514	0.00493315693429662	0.00493315693429662
0.808094200868717	0.373056088922337	0.00493941728573609	0.00493941728573609
0.807972611845994	0.372809201370202	0.00494567763717555	0.00494567763717555
0.807850435471087	0.37256112970052	0.00495193798861501	0.00495193798861501
0.807727666071437	0.372311862500046	0.00495819834005448	0.00495819834005448
0.807604297891992	0.372061388189722	0.00496445869149394	0.00496445869149394
0.807480325093601	0.371809695021449	0.0049707190429334	0.0049707190429334
0.807355741751365	0.371556771074787	0.00497697939437286	0.00497697939437286
0.807230541852952	0.37130260425356	0.00498323974581233	0.00498323974581233
0.807104719296872	0.371047182282389	0.00498950009725179	0.00498950009725179
0.806978267890701	0.370790492703135	0.00499576044869125	0.00499576044869125
0.806851181349267	0.370532522871249	0.00500202080013071	0.00500202080013071
0.806723453292791	0.370273259952039	0.00500828115157018	0.00500828115157018
0.80659507724498	0.370012690916834	0.00501454150300964	0.00501454150300964
0.806466046631067	0.369750802539059	0.0050208018544491	0.0050208018544491
0.806336354775808	0.369487581390204	0.00502706220588857	0.00502706220588857
0.806205994901426	0.369223013835694	0.00503332255732803	0.00503332255732803
0.806074960125499	0.368957086030649	0.00503958290876749	0.00503958290876749
0.805943243458795	0.36868978391554	0.00504584326020695	0.00504584326020695
0.805810837803053	0.368421093211724	0.00505210361164642	0.00505210361164642
0.805677735948704	0.368150999416871	0.00505836396308588	0.00505836396308588
0.805543930572532	0.367879487800265	0.00506462431452534	0.00506462431452534
0.805409414235271	0.367606543397986	0.00507088466596481	0.00507088466596481
0.805274179379147	0.367332151007955	0.00507714501740427	0.00507714501740427
0.805138218325342	0.367056295184862	0.00508340536884373	0.00508340536884373
0.8050015232714	0.366778960234942	0.00508966572028319	0.00508966572028319
0.804864086288559	0.366500130210621	0.00509592607172266	0.00509592607172266
0.804725899319008	0.366219788905012	0.00510218642316212	0.00510218642316212
0.804586954173077	0.365937919846263	0.00510844677460158	0.00510844677460158
0.80444724252634	0.365654506291747	0.00511470712604104	0.00511470712604104
0.80430675591665	0.365369531222101	0.00512096747748051	0.00512096747748051
0.804165485741077	0.365082977335085	0.00512722782891997	0.00512722782891997
0.804023423252777	0.364794827039283	0.00513348818035943	0.00513348818035943
0.803880559557757	0.364505062447623	0.0051397485317989	0.0051397485317989
0.803736885611564	0.364213665370713	0.00514600888323836	0.00514600888323836
0.803592392215871	0.363920617309987	0.00515226923467782	0.00515226923467782
0.803447070014964	0.363625899450664	0.00515852958611728	0.00515852958611728
0.803300909492139	0.363329492654495	0.00516478993755675	0.00516478993755675
0.803153900965982	0.363031377452306	0.00517105028899621	0.00517105028899621
0.80300603458655	0.362731534036326	0.00517731064043567	0.00517731064043567
0.802857300331438	0.362429942252288	0.00518357099187513	0.00518357099187513
0.802707688001732	0.362126581591301	0.0051898313433146	0.0051898313433146
0.802557187217837	0.361821431181479	0.00519609169475406	0.00519609169475406
0.802405787415189	0.361514469779326	0.00520235204619352	0.00520235204619352
0.802253477839835	0.361205675760863	0.00520861239763299	0.00520861239763299
0.80210024754388	0.360895027112482	0.00521487274907245	0.00521487274907245
0.801946085380792	0.360582501421535	0.00522113310051191	0.00522113310051191
0.80179098000058	0.360268075866625	0.00522739345195137	0.00522739345195137
0.801634919844803	0.359951727207611	0.00523365380339084	0.00523365380339084
0.801477893141441	0.359633431775295	0.0052399141548303	0.0052399141548303
0.8013198878996	0.359313165460801	0.00524617450626976	0.00524617450626976
0.801160891904058	0.358990903704613	0.00525243485770922	0.00525243485770922
0.801000892709632	0.358666621485273	0.00525869520914869	0.00525869520914869
0.80083987763537	0.358340293307726	0.00526495556058815	0.00526495556058815
0.800677833758566	0.35801189319129	0.00527121591202761	0.00527121591202761
0.800514747908572	0.357681394657245	0.00527747626346707	0.00527747626346707
0.800350606660417	0.357348770716018	0.00528373661490654	0.00528373661490654
0.800185396328223	0.357013993853964	0.005289996966346	0.005289996966346
0.800019102958397	0.356677036019699	0.00529625731778546	0.00529625731778546
0.799851712322608	0.356337868610004	0.00530251766922493	0.00530251766922493
0.799683209910529	0.355996462455251	0.00530877802066439	0.00530877802066439
0.799513580922336	0.355652787804348	0.00531503837210385	0.00531503837210385
0.799342810260962	0.355306814309185	0.00532129872354331	0.00532129872354331
0.79917088252408	0.354958511008547	0.00532755907498278	0.00532755907498278
0.798997781995826	0.35460784631149	0.00533381942642224	0.00533381942642224
0.79882349263823	0.354254787980148	0.0053400797778617	0.0053400797778617
0.798647998082358	0.353899303111946	0.00534634012930117	0.00534634012930117
0.798471281619143	0.353541358121198	0.00535260048074063	0.00535260048074063
0.798293326189902	0.353180918720069	0.00535886083218009	0.00535886083218009
0.798114114376511	0.352817949898864	0.00536512118361955	0.00536512118361955
0.797933628391247	0.352452415905616	0.00537138153505902	0.00537138153505902
0.797751850066253	0.352084280224964	0.00537764188649848	0.00537764188649848
0.797568760842636	0.351713505556254	0.00538390223793794	0.00538390223793794
0.797384341759164	0.351340053790861	0.0053901625893774	0.0053901625893774
0.797198573440559	0.350963885988686	0.00539642294081687	0.00539642294081687
0.797011436085355	0.350584962353789	0.00540268329225633	0.00540268329225633
0.79682290945331	0.350203242209121	0.00540894364369579	0.00540894364369579
0.796632972852352	0.349818683970324	0.00541520399513525	0.00541520399513525
0.79644160512503	0.349431245118543	0.00542146434657472	0.00542146434657472
0.796248784634463	0.34904088217221	0.00542772469801418	0.00542772469801418
0.796054489249742	0.348647550657769	0.00543398504945364	0.00543398504945364
0.795858696330784	0.348251205079258	0.00544024540089311	0.00544024540089311
0.795661382712597	0.347851798886737	0.00544650575233257	0.00544650575233257
0.795462524688927	0.347449284443476	0.00545276610377203	0.00545276610377203
0.795262097995274	0.347043612991854	0.00545902645521149	0.00545902645521149
0.795060077791227	0.346634734617924	0.00546528680665096	0.00546528680665096
0.794856438642099	0.346222598214549	0.00547154715809042	0.00547154715809042
0.794651154499825	0.345807151443069	0.00547780750952988	0.00547780750952988
0.794444198683085	0.345388340693411	0.00548406786096934	0.00548406786096934
0.794235543856616	0.344966111042576	0.00549032821240881	0.00549032821240881
0.79402516200967	0.34454040621141	0.00549658856384827	0.00549658856384827
0.793813024433582	0.344111168519586	0.00550284891528773	0.00550284891528773
0.793599101698395	0.343678338838703	0.0055091092667272	0.0055091092667272
0.793383363628501	0.343241856543401	0.00551536961816666	0.00551536961816666
0.793165779277245	0.342801659460405	0.00552162996960612	0.00552162996960612
0.792946316900435	0.342357683815371	0.00552789032104558	0.00552789032104558
0.792724943928713	0.341909864177436	0.00553415067248505	0.00553415067248505
0.792501626938706	0.341458133401352	0.00554041102392451	0.00554041102392451
0.79227633162292	0.341002422567057	0.00554667137536397	0.00554667137536397
0.792049022758287	0.340542660916577	0.00555293172680343	0.00555293172680343
0.7918196641733	0.340078775788083	0.0055591920782429	0.0055591920782429
0.791588218713667	0.339610692546973	0.00556545242968236	0.00556545242968236
0.79135464820639	0.339138334513809	0.00557171278112182	0.00557171278112182
0.791118913422192	0.338661622888921	0.00557797313256129	0.00557797313256129
0.790880974036191	0.338180476673518	0.00558423348400075	0.00558423348400075
0.790640788586735	0.337694812587086	0.00559049383544021	0.00559049383544021
0.790398314432275	0.337204544980875	0.00559675418687967	0.00559675418687967
0.790153507706183	0.336709585747245	0.00560301453831914	0.00560301453831914
0.789906323269383	0.336209844224634	0.0056092748897586	0.0056092748897586
0.789656714660667	0.335705227097887	0.00561553524119806	0.00561553524119806
0.789404634044568	0.335195638293677	0.00562179559263752	0.00562179559263752
0.789150032156638	0.334680978870724	0.00562805594407699	0.00562805594407699
0.78889285824597	0.334161146904496	0.00563431629551645	0.00563431629551645
0.788633060014807	0.333636037366053	0.00564057664695591	0.00564057664695591
0.788370583555052	0.333105541994686	0.00564683699839538	0.00564683699839538
0.788105373281483	0.332569549163949	0.00565309734983484	0.00565309734983484
0.787837371861476	0.332027943740677	0.0056593577012743	0.0056593577012743
0.787566520141004	0.331480606936554	0.00566561805271376	0.00566561805271376
0.787292757066679	0.330927416151729	0.00567187840415323	0.00567187840415323
0.787016019603579	0.330368244809986	0.00567813875559269	0.00567813875559269
0.786736242648581	0.329802962184909	0.00568439910703215	0.00568439910703215
0.786453358938906	0.329231433216434	0.00569065945847161	0.00569065945847161
0.786167298955553	0.32865351831716	0.00569691980991108	0.00569691980991108
0.785877990821275	0.328069073167711	0.00570318016135054	0.00570318016135054
0.785585360192721	0.327477948500406	0.00570944051279	0.00570944051279
0.785289330146344	0.326879989870425	0.00571570086422947	0.00571570086422947
0.784989821057632	0.326275037413587	0.00572196121566893	0.00572196121566893
0.784686750473195	0.3256629255898	0.00572822156710839	0.00572822156710839
0.784380032975183	0.325043482911144	0.00573448191854785	0.00573448191854785
0.784069580037491	0.324416531653474	0.00574074226998732	0.00574074226998732
0.783755299873131	0.323781887550331	0.00574700262142678	0.00574700262142678
0.783437097272129	0.323139359467837	0.00575326297286624	0.00575326297286624
0.783114873429219	0.322488749059137	0.0057595233243057	0.0057595233243057
0.782788525760557	0.321829850396843	0.00576578367574517	0.00576578367574517
0.782457947708607	0.32116244958175	0.00577204402718463	0.00577204402718463
0.782123028534272	0.320486324325977	0.00577830437862409	0.00577830437862409
0.781783653095253	0.31980124350851	0.00578456473006356	0.00578456473006356
0.781439701609521	0.319106966700896	0.00579082508150302	0.00579082508150302
0.781091049402707	0.318403243660684	0.00579708543294248	0.00579708543294248
0.780737566638046	0.317689813789922	0.00580334578438194	0.00580334578438194
0.780379118027446	0.316966405555775	0.00580960613582141	0.00580960613582141
0.780015562522049	0.316232735870063	0.00581586648726087	0.00581586648726087
0.779646752980519	0.315488509424147	0.00582212683870033	0.00582212683870033
0.77927253581312	0.314733417975262	0.00582838719013979	0.00582838719013979
0.778892750599411	0.313967139579986	0.00583464754157926	0.00583464754157926
0.778507229677184	0.313189337770059	0.00584090789301872	0.00584090789301872
0.778115797700019	0.312399660665294	0.00584716824445818	0.00584716824445818
0.777718271160524	0.311597740017699	0.00585342859589765	0.00585342859589765
0.777314457876019	0.310783190180336	0.00585968894733711	0.00585968894733711
0.776904156433065	0.309955606993667	0.00586594929877657	0.00586594929877657
0.776487155586807	0.309114566581362	0.00587220965021603	0.00587220965021603
0.776063233610668	0.30825962404656	0.0058784700016555	0.0058784700016555
0.775632157591362	0.307390312058562	0.00588473035309496	0.00588473035309496
0.775193682663641	0.30650613931872	0.00589099070453442	0.00589099070453442
0.774747551178462	0.305606588892888	0.00589725105597388	0.00589725105597388
0.774293491797518	0.304691116396301	0.00590351140741335	0.00590351140741335
0.77383121850616	0.303759148014885	0.00590977175885281	0.00590977175885281
0.773360429535725	0.30281007834502	0.00591603211029227	0.00591603211029227
0.772880806185111	0.301843268031372	0.00592229246173174	0.00592229246173174
0.772392011530067	0.300858041179719	0.0059285528131712	0.0059285528131712
0.771893689007126	0.299853682518548	0.00593481316461066	0.00593481316461066
0.771385460857273	0.298829434279573	0.00594107351605012	0.00594107351605012
0.770866926412343	0.29778449276309	0.00594733386748959	0.00594733386748959
0.770337660204676	0.296718004549173	0.00595359421892905	0.00595359421892905
0.769797209877714	0.295629062309966	0.00595985457036851	0.00595985457036851
0.769245093871818	0.294516700171585	0.00596611492180797	0.00596611492180797
0.768680798855676	0.293379888566221	0.00597237527324744	0.00597237527324744
0.768103776868965	0.292217528505685	0.0059786356246869	0.0059786356246869
0.767513442136435	0.291028445196587	0.00598489597612636	0.00598489597612636
0.766909167506999	0.289811380904149	0.00599115632756583	0.00599115632756583
0.766290280463589	0.288564986956011	0.00599741667900529	0.00599741667900529
0.765656058640156	0.287287814758561	0.00600367703044475	0.00600367703044475
0.765005724770911	0.285978305675755	0.00600993738188421	0.00600993738188421
0.764338440983286	0.284634779593077	0.00601619773332368	0.00601619773332368
0.76365330232954	0.283255421956183	0.00602245808476314	0.00602245808476314
0.762949329431798	0.281838269033396	0.0060287184362026	0.0060287184362026
0.762225460090584	0.280381191101725	0.00603497878764206	0.00603497878764206
0.761480539676494	0.278881873195112	0.00604123913908153	0.00604123913908153
0.760713310086897	0.277337792978096	0.00604749949052099	0.00604749949052099
0.759922397002612	0.275746195213924	0.00605375984196045	0.00605375984196045
0.759106295120487	0.27410406217808	0.00606002019339992	0.00606002019339992
0.758263350963442	0.27240807921916	0.00606628054483938	0.00606628054483938
0.757391742774867	0.270654594479507	0.00607254089627884	0.00607254089627884
0.756489456883076	0.268839571545276	0.0060788012477183	0.0060788012477183
0.755554259764999	0.266958533482183	0.00608506159915777	0.00608506159915777
0.754583664834505	0.26500649630507	0.00609132195059723	0.00609132195059723
0.753574892712896	0.262977889393111	0.00609758230203669	0.00609758230203669
0.752524823383801	0.260866459650898	0.00610384265347615	0.00610384265347615
0.751429938158158	0.258665155261499	0.00611010300491562	0.00611010300491562
0.750286248728838	0.256365983583786	0.00611636335635508	0.00611636335635508
0.749089209707575	0.253959835970438	0.00612262370779454	0.00612262370779454
0.747833609803213	0.251436269813037	0.00612888405923401	0.00612888405923401
0.746513435059778	0.248783234635741	0.00613514441067347	0.00613514441067347
0.745121695078184	0.245986724064248	0.00614140476211293	0.00614140476211293
0.743650199507874	0.243030328214151	0.00614766511355239	0.00614766511355239
0.742089266689499	0.239894650221151	0.00615392546499186	0.00615392546499186
0.740427338127384	0.236556534214574	0.00616018581643132	0.00616018581643132
0.738650459729586	0.232988026528878	0.00616644616787078	0.00616644616787078
0.736741570437048	0.22915495127686	0.00617270651931024	0.00617270651931024
0.73467950549523	0.225014914610876	0.00617896687074971	0.00617896687074971
0.732437564938519	0.220514438531951	0.00618522722218917	0.00618522722218917
0.729981397764559	0.21558472474939	0.00619148757362863	0.00619148757362863
0.727265767374956	0.210135178988788	0.0061977479250681	0.0061977479250681
0.724229403635631	0.204043105133879	0.00620400827650756	0.00620400827650756
0.720786398891604	0.197136481429793	0.00621026862794702	0.00621026862794702
0.716810925726408	0.189163369499979	0.00621652897938648	0.00621652897938648
0.712107893387629	0.179733179626681	0.00622278933082595	0.00622278933082595
0.706350439232631	0.168191559999358	0.00622904968226541	0.00622904968226541
0.698925747470535	0.153311824353646	0.00623531003370487	0.00623531003370487
0.688457867419415	0.13234001484121	0.00624157038514433	0.00624157038514433
0.670555622818101	0.0964884696712513	0.0062478307365838	0.0062478307365838
0	0	0.00625409108802326	0.00625409108802326
