1	2.88412668607733	2.05350797793175
2	3.89466351907013	2.71953159722598
3	4.54606171496524	3.13377035769302
4	5.02975795218073	3.43323329653656
5	5.41317386851125	3.66532028798454
6	5.72910163376682	3.85263592375034
7	5.99633765175429	4.00804793980648
8	6.22677824696986	4.13969019463388
9	6.42846932412822	4.25290614310838
10	6.60711885862768	4.35149998743617
11	6.76692555426569	4.43825140523812
12	6.91106731422032	4.51526097584121
13	7.04200578827217	4.58416336409445
14	7.16168486767367	4.64617799358606
15	7.27166481040931	4.7023100797594
16	7.37321562630037	4.75337268857449
17	7.46740048455855	4.8000316354638
18	7.55508016515786	4.84283811049066
19	7.63698074463431	4.88226605337526
20	7.7137237647989	4.9187155927647
21	7.78584040456081	4.95249099942593
22	7.85378779557993	4.98387476739114
23	7.91796185424837	5.01311020605222
24	7.97870748175878	5.04040811525878
25	8.03632675093306	5.06595212266888
26	8.09108553557667	5.08990298959661
27	8.14321892245391	5.11240211321411
28	8.19293566266247	5.13357439665092
29	8.24042185838013	5.15354953521362
30	8.28584403604308	5.17241670621264
31	8.32935172346877	5.19025401487856
32	8.37107962312334	5.20714045142321
33	8.41114945444818	5.22314703990349
34	8.44967152333832	5.23833782908561
35	8.48674606537796	5.25277073761561
36	8.52246440046603	5.26649827808835
37	8.55690992940694	5.27956817994247
38	8.59015899745005	5.29202392742242
39	8.62228164530417	5.30390522591652
40	8.65334226457817	5.31524840763388
41	8.68340017171468	5.32608678569464
42	8.71251011214415	5.33645898052982
43	8.74072270447977	5.34639862675213
44	8.76808483301033	5.35591790393879
45	8.79463999546248	5.36504080602554
46	8.82042861193956	5.37378952927667
47	8.84548830006176	5.3821846388833
48	8.86985412059535	5.39024521723995
49	8.89355879724321	5.39798899622203
50	8.91663291375073	5.40543247545427
51	8.93910509104496	5.41259102828104
52	8.96100214675575	5.41947899691353
53	8.9823492391542	5.42610977802897
54	9.00316999727719	5.43249589992755
55	9.0234866387787	5.43864909220786
56	9.04332007685393	5.44458034879839
57	9.06269001741427	5.45029998507643
58	9.08161504754739	5.45581768971484
59	9.10011271617164	5.46114257181883
60	9.11819960768658	5.46629154210423
61	9.13589140932753	5.47127226424279
62	9.1532029728511	5.47608424662843
63	9.17014837110716	5.48073467725861
64	9.18674094999142	5.48523034487871
65	9.20299337621791	5.489577666438
66	9.21891768130354	5.49378271229891
67	9.23452530211487	5.4978512294121
68	9.24982711829036	5.50178866264722
69	9.26483348681902	5.50560017444907
70	9.27955427402741	5.50929066297136
71	9.29399888520178	5.51286477882433
72	9.30817629204932	5.51632694055896
73	9.32209505818251	5.51968134899805
74	9.33576336279282	5.52293200051338
75	9.34918902266388	5.526082699339
76	9.36237951266023	5.52913706900128
77	9.37534198481496	5.53209856293929
78	9.38808328612819	5.53497047438191
79	9.40060997517809	5.53775594554173
80	9.41292833763712	5.54045797618068
81	9.42504440077782	5.54307943159698
82	9.43696394704499	5.54562305007866
83	9.44869252676471	5.54809144986503
84	9.46023547005421	5.55049848731568
85	9.47159789799148	5.55283623111458
86	9.48278473309848	5.55510585040276
87	9.49380070918725	5.55730954600138
88	9.50465038061416	5.55944942727434
89	9.51533813098416	5.56152751682486
90	9.52586818134304	5.56354575490469
91	9.53624459789319	5.56550600355644
92	9.5464712992651	5.56741005050762
93	9.55655206337475	5.56925961283379
94	9.56649053389439	5.57105634040651
95	9.57629022636229	5.57280181914096
96	9.58595453395502	5.57449757405648
97	9.5954867329442	5.57614507216271
98	9.60488998785782	5.57774572518279
99	9.61416735636488	5.57930089212427
100	9.62330350475119	5.58081290151318
101	9.63235615805014	5.58227995466121
102	9.64127321269984	5.58370632589235
103	9.65007563198013	5.58509216654019
104	9.65876600400267	5.58643860591999
105	9.66734683441022	5.5877467333641
106	9.67582054974807	5.58901759996652
107	9.68418950066808	5.59025222023683
108	9.69245596497496	5.5914515736689
109	9.70062215052386	5.59261660622948
110	9.70869019797794	5.59374823177142
111	9.71666218343369	5.59484733337605
112	9.72454012092158	5.59591476462861
113	9.73232596478887	5.59695135083081
114	9.74002161197124	5.59795981928465
115	9.7476289041592	5.59894665588789
116	9.75514962986504	5.59990490321909
117	9.76258552639576	5.60083528525237
118	9.76993828173687	5.60173850289896
119	9.77720953635193	5.6026152349104
120	9.78440088490211	5.60346613873975
121	9.79151387789009	5.60429185136291
122	9.79855002323207	5.60509299006225
123	9.80551078776176	5.60587015317454
124	9.8123975986696	5.60662392080508
125	9.81921184488063	5.60735485550984
126	9.82595487837409	5.60806350294712
127	9.83262801544754	5.60875039250054
128	9.83923253792834	5.60941603787464
129	9.84576969433498	5.61006093766451
130	9.85224070099088	5.61068557590092
131	9.85864674309263	5.61129042257188
132	9.8649889757352	5.61187593412218
133	9.87126852489597	5.61244255393162
134	9.8774864883795	5.61299071277325
135	9.88364393672505	5.6135208292525
136	9.88974191407837	5.61403331022808
137	9.8957814390296	5.61452855121557
138	9.90176350541868	5.61500693677454
139	9.90768908310987	5.61546884087999
140	9.91355911873669	5.61591462727875
141	9.91937453641864	5.61634464983168
142	9.92513623845102	5.61675925284221
143	9.93084510596886	5.61715877137197
144	9.93650199958634	5.61754353154393
145	9.94210776001258	5.61791385083384
146	9.9476632086449	5.61827003835031
147	9.95316914814054	5.6186123951041
148	9.95862636296769	5.61894121426718
149	9.96403561993681	5.61925678142186
150	9.96939766871296	5.6195593748006
151	9.97471324231005	5.61984926551678
152	9.97998305756765	5.6201267177868
153	9.98520781561117	5.62039198914411
154	9.99038820229608	5.62065112610664
155	9.99552488863676	5.62090018280396
156	10.0006185312207	5.62113775643288
157	10.0056697726085	5.62136408015886
158	10.0106792417206	5.62157938141649
159	10.0156475542105	5.62178388208102
160	10.020575312826	5.62197779863378
161	10.0254631077582	5.62216134232171
162	10.0303115169791	5.62233471931139
163	10.0351211065677	5.6224981308376
164	10.0398924310264	5.62265177334676
165	10.044626033586	5.62279583863546
166	10.0493224465016	5.62293051398418
167	10.0539821913388	5.62305598228644
168	10.058605779251	5.62317242217365
169	10.0631937112475	5.62328000813567
170	10.0677464784534	5.62337891063735
171	10.0722645623617	5.62346929623118
172	10.0767484350767	5.62355132766622
173	10.0811985595507	5.62362516399344
174	10.0856153898131	5.62369096066753
175	10.0899993711926	5.62374886964551
176	10.094350940532	5.623799039482
177	10.0986705263979	5.62384161542154
178	10.1029585492824	5.62387673948786
179	10.1072154218002	5.62390455057034
180	10.1114415488791	5.6239251845077
181	10.1156373279447	5.62393877416903
182	10.1198031491003	5.62394544953233
183	10.1239393953012	5.62394533776051
184	10.128046442524	5.62393856327511
185	10.1321246599304	5.62392524782766
186	10.1361744100277	5.62390551056889
187	10.140196048823	5.62387946811578
188	10.1441899259745	5.62384723461661
189	10.1481563849374	5.62380892181398
190	10.1520957631063	5.623764639106
191	10.1560083919535	5.62371449360554
192	10.1598945971633	5.62365859019778
193	10.1637546987626	5.62359703159608
194	10.1675890112483	5.62352991839605
195	10.1713978437104	5.62345734912822
196	10.1751814999524	5.62337942030896
197	10.1789402786084	5.62329622649012
198	10.1826744732564	5.62320786030705
199	10.1863843725295	5.62311441252533
200	10.1900702602234	5.62301597208612
201	10.193732415401	5.62291262615025
202	10.1973711124952	5.62280446014097
203	10.2009866214073	5.62269155778559
204	10.2045792076046	5.6225786452486
205	10.2081491322145	5.62246230477083
206	10.2116966521157	5.62234144704628
207	10.2152220200284	5.62221614959043
208	10.2187254846011	5.62208648841164
209	10.2222072904951	5.62195253804633
210	10.2256676784681	5.62181437159307
211	10.2291068854539	5.62167206074585
212	10.2325251446416	5.62152567582637
213	10.2359226855517	5.62137528581545
214	10.2392997341115	5.62122095838366
215	10.2426565127272	5.62106275992106
216	10.2459932403552	5.62090075556614
217	10.2493101325715	5.62073500923407
218	10.2526074016391	5.6205655836441
219	10.255885256574	5.62039254034626
220	10.2591439032095	5.62021593974746
221	10.2623835442586	5.6200358411367
222	10.2656043793758	5.61985230270985
223	10.2688066052167	5.61966538159361
224	10.2719904154959	5.61947513386896
225	10.2751560010445	5.61928161459394
226	10.2783035498654	5.61908487782585
227	10.2814332471875	5.61888497664295
228	10.2845452755191	5.61868196316552
229	10.2876398146993	5.61847588857642
230	10.2907170419484	5.61826680314115
231	10.293777131918	5.61805475622741
232	10.2968202567383	5.61783979632409
233	10.2998465860662	5.61762197105989
234	10.3028562871305	5.61740132722143
235	10.3058495247774	5.61717791077088
236	10.3088264615145	5.61695176686324
237	10.3117872575534	5.61672293986309
238	10.3147320708522	5.61649147336101
239	10.3176610571561	5.61625741018959
240	10.3205743700381	5.61602079243899
241	10.3234721609378	5.61578166147223
242	10.3263545791999	5.61554005793999
243	10.329221772112	5.61529602179513
244	10.3320738849411	5.61504959230687
245	10.3349110609695	5.61480080807461
246	10.3377334415302	5.61454970704138
247	10.3405411660408	5.61429632650705
248	10.3433343720376	5.61404070314118
249	10.3461131952085	5.61378287299558
250	10.3488777694248	5.61352287151659
251	10.351628226773	5.61326073355704
252	10.3543646975858	5.61299649338796
253	10.3570873104718	5.61273018471003
254	10.3597961923457	5.6124618406647
255	10.3624914684567	5.61219149384518
256	10.3651732624171	5.61191917630702
257	10.36784169623	5.61164491957858
258	10.3704968903163	5.61136875467121
259	10.3731389635416	5.61109071208917
260	10.3757680332421	5.61081082183941
261	10.37838421525	5.61052911344103
262	10.3809876239187	5.6102456159346
263	10.3835783721471	5.60996035789123
264	10.3861565714039	5.60967336742151
265	10.3887223317505	5.60938467218412
266	10.3912757618649	5.60909497882102
267	10.3938169690635	5.60880753232376
268	10.3963460593236	5.60851844757366
269	10.398863137305	5.60822775059247
270	10.401368306371	5.60793546698987
271	10.40386166861	5.60764162197115
272	10.4063433248548	5.60734624034462
273	10.4088133747036	5.60704934652891
274	10.4112719165391	5.60675096456014
275	10.4137190475477	5.60645111809887
276	10.4161548637388	5.60614983043695
277	10.4185794599629	5.60584712450422
278	10.4209929299299	5.60554302287501
279	10.4233953662269	5.60523754777462
280	10.4257868603356	5.60493072108555
281	10.4281675026495	5.60462256435366
282	10.4305373824906	5.60431309879417
283	10.4328965881261	5.60400234529755
284	10.4352452067843	5.60369032443533
285	10.4375833246706	5.60337705646567
286	10.439911026983	5.60306256133895
287	10.4422283979275	5.6027468587032
288	10.4445355207331	5.60242996790932
289	10.4468324776663	5.60211190801637
290	10.4491193500457	5.60179269779661
291	10.4513962182562	5.60147235574052
292	10.453663161763	5.60115090006165
293	10.4559202591249	5.60082834870142
294	10.4581675880082	5.60050471933383
295	10.4604052251995	5.60018002937005
296	10.4626332466187	5.59985429596291
297	10.464851727332	5.59952753601131
298	10.4670607415638	5.59919976616459
299	10.4692603627096	5.59887100282673
300	10.4714506633476	5.59854126216052
301	10.4736317152506	5.59821056009163
302	10.4758035893975	5.59787891231263
303	10.4779663559851	5.59754633428688
304	10.4801200844389	5.59721284125237
305	10.4822648434241	5.59687844822551
306	10.4844007008569	5.59654317000482
307	10.4865277239143	5.5962070211745
308	10.4886459790453	5.59587001610807
309	10.4907555319808	5.59553216897176
310	10.4928564477438	5.59519349372801
311	10.494948790659	5.59485400413875
312	10.497032624363	5.59451371376874
313	10.4991080118136	5.59417263598876
314	10.5011750152991	5.59383078397878
315	10.5032336964479	5.59348817073109
316	10.5052841162371	5.5931448090533
317	10.5073263350021	5.59280071157136
318	10.5093604124447	5.59245589073249
319	10.5113864076419	5.59211035880803
320	10.513404379055	5.5917641278963
321	10.5154143845371	5.59141720992533
322	10.5174164813416	5.59106961665563
323	10.5194107261308	5.59072135968281
324	10.521397174983	5.5903724504402
325	10.5233758834008	5.59002290020149
326	10.5253469063189	5.58967272008316
327	10.5273102981111	5.58932192104701
328	10.5292661125983	5.58897051390259
329	10.5312144030556	5.5886185093096
330	10.5331552222195	5.58826591778019
331	10.5350886222948	5.58791274968131
332	10.5370146549619	5.58755901523693
333	10.5389333713833	5.58720472453031
334	10.5408448222108	5.58684988750613
335	10.5427490575915	5.58649451397266
336	10.544646127175	5.58613861360388
337	10.5465360801193	5.58578219594148
338	10.5484189650974	5.58542527039698
339	10.5502948303034	5.58506784625364
340	10.5521637234587	5.58470993266846
341	10.554025691818	5.58435153867412
342	10.5558807821752	5.58399267318082
343	10.5577290408694	5.58363334497818
344	10.5595705137902	5.58327514323401
345	10.5614052463842	5.58291855204029
346	10.5632332836595	5.58256151514096
347	10.5650546701921	5.58220404090432
348	10.5668694501308	5.58184613758658
349	10.5686776672028	5.58148781333348
350	10.5704793647186	5.581129076182
351	10.5722745855775	5.58076993406193
352	10.5740633722726	5.58041039479746
353	10.5758457668955	5.58005046610879
354	10.5776218111417	5.57969015561359
355	10.5793915463151	5.57932947082858
356	10.581155013333	5.57896841917098
357	10.5829122527306	5.57860700795999
358	10.5846633046659	5.57824524441818
359	10.586408208924	5.57788313567295
360	10.5881470049216	5.5775206887579
361	10.5898797317118	5.57715791061419
362	10.5916064279882	5.57679480809187
363	10.593327132089	5.57643138795124
364	10.5950418820016	5.57606765686408
365	10.5967507153667	5.575703621415
366	10.5984536694823	5.57533928810262
367	10.6001507813079	5.57497466334088
368	10.6018420874681	5.57460975346018
369	10.6035276242573	5.57424456470863
370	10.6052074276428	5.57387910325318
371	10.6068815332692	5.57351337518082
372	10.6085499764617	5.57314738649966
373	10.6102127922303	5.57278114314009
374	10.611870015273	5.57241465095588
375	10.6135216799798	5.57204791572523
376	10.6151678204361	5.57168094315186
377	10.616808470426	5.57131373886605
378	10.6184436634361	5.57094630842565
379	10.6200734326588	5.57057865731714
380	10.6216978109956	5.57021079095657
381	10.6233168310605	5.56984271469059
382	10.6249305251831	5.56947443379737
383	10.6265389254122	5.56910595348761
384	10.6281420635184	5.5687372789054
385	10.6297399709977	5.56836841512922
386	10.6313326790747	5.56799936717278
387	10.632920218705	5.56763013998593
388	10.6345026205789	5.56726073845557
389	10.6360799151239	5.56689116740648
390	10.6376521325079	5.56652143160217
391	10.639219302642	5.56615153574574
392	10.6407814551833	5.56578148448067
393	10.6423386195377	5.56541128239166
394	10.6438908248627	5.56504093400544
395	10.6454381000702	5.5646704437915
396	10.6469804738292	5.56429981616292
397	10.6485179745682	5.56392905547711
398	10.6500506304781	5.56355816603656
399	10.6515784695148	5.56318715208959
400	10.6531015194015	5.56281601783105
401	10.6546198076314	5.56244476740307
402	10.6561333614702	5.56207340489574
403	10.6576422079584	5.56170193434783
404	10.659146373914	5.56133035974744
405	10.6606458859347	5.56095868503272
406	10.6621407704	5.56058691409248
407	10.663631053474	5.56021505076688
408	10.6651167611075	5.55984309884809
409	10.6665979190403	5.55947106208085
410	10.6680745528031	5.55909894416319
411	10.6695466877204	5.55872674874698
412	10.6710143489119	5.55835447943855
413	10.6724775612951	5.5579821397993
414	10.6739363495876	5.5576097333463
415	10.6753907383086	5.5572372635528
416	10.6768407517814	5.55686473384891
417	10.6782864141355	5.55649214762206
418	10.6797277493082	5.55611950821763
419	10.681164781047	5.55574681893944
420	10.6825975329114	5.55537408305034
421	10.6840260282747	5.55500130377268
422	10.6854502903262	5.55462848428889
423	10.686870342073	5.55425562774196
424	10.6882862063415	5.55388273723597
425	10.68969790578	5.55350981583656
426	10.6911054628596	5.55313686657145
427	10.6925088998769	5.55276389243093
428	10.693908238955	5.5523908963683
429	10.6953035020458	5.55201788130037
430	10.6966947109314	5.55164485010794
431	10.6980818872259	5.55127180563623
432	10.6994650523774	5.55089875069533
433	10.700844227669	5.55052568806068
434	10.7022194342211	5.55015262047346
435	10.7035906929927	5.54977955064107
436	10.7049580247829	5.54940648123752
437	10.7063214502328	5.54903341490387
438	10.7076809898269	5.54866035424864
439	10.7090366638947	5.54828730184822
440	10.710388492612	5.54791708197321
441	10.7117364960028	5.54754696559892
442	10.7130806939404	5.54717685951543
443	10.7144211061494	5.54680676619637
444	10.7157577522065	5.54643668808505
445	10.7170906515422	5.54606662759487
446	10.7184198234427	5.54569658710966
447	10.7197452870504	5.54532656898407
448	10.7210670613662	5.54495657554391
449	10.72238516525	5.54458660908652
450	10.723699617423	5.54421667188112
451	10.725010436468	5.54384676616914
452	10.7263176408317	5.54347689416458
453	10.7276212488254	5.54310705805436
454	10.7289212786264	5.54273725999859
455	10.7302177482794	5.54236750213099
456	10.7315106756977	5.54199778655913
457	10.7328000786645	5.54162811536479
458	10.7340859748338	5.54125849060427
459	10.7353683817323	5.54088891430869
460	10.73664731676	5.54051938848432
461	10.7379227971915	5.54014991511283
462	10.7391948401773	5.53978049615164
463	10.7404634627451	5.53941113353422
464	10.7417286818006	5.5390418291703
465	10.7429905141289	5.53867258494625
466	10.7442489763954	5.53830340272532
467	10.7455040851472	5.5379342843479
468	10.7467558568141	5.53756523163182
469	10.7480043077093	5.53719624637264
470	10.7492494540312	5.53682733034385
471	10.7504913118638	5.5364584852972
472	10.751729897178	5.53608971296294
473	10.7529652258329	5.53572101505006
474	10.7541973135762	5.53535239324656
475	10.7554261760459	5.53498384921969
476	10.7566518287707	5.5346153846162
477	10.7578742871717	5.5342470010626
478	10.7590935665625	5.53387870016536
479	10.7603096821508	5.53351048351119
480	10.7615226490393	5.53314235266725
481	10.7627324822263	5.53277430918138
482	10.7639391966071	5.53240635458235
483	10.7651428069745	5.53203849038005
484	10.7663433280201	5.53167071806573
485	10.7675407743347	5.53130303911224
486	10.7687351604098	5.5309354549742
487	10.7699265006382	5.53056796708825
488	10.7711148093147	5.53020057687324
489	10.7723001006371	5.52983328573047
490	10.7734823887074	5.52946609504384
491	10.7746616875321	5.52909900618011
492	10.7758380110233	5.52873202048906
493	10.7770113729995	5.5283651393037
494	10.7781817871866	5.52799836394047
495	10.7793492672184	5.52763169569943
496	10.7805138266375	5.52726513586446
497	10.7816754788964	5.52689868570339
498	10.7828342373577	5.52653234646829
499	10.7839901152954	5.52616611939556
500	10.7851431258955	5.52580000570614
501	10.7862932822567	5.5254340066057
502	10.787440597391	5.52506812328481
503	10.7885850842251	5.52470235691911
504	10.7897267556001	5.52433670866948
505	10.7908656242732	5.5239711796822
506	10.792001702918	5.52360577108915
507	10.793135004125	5.52324048400794
508	10.7942655404028	5.52287531954209
509	10.7953933241785	5.52251027878119
510	10.7965183677982	5.52214536280104
511	10.7976406835282	5.52178057266385
512	10.7987602835553	5.52141590941834
513	10.7998771799875	5.52105137409994
514	10.8009913848549	5.52068696773092
515	10.8021029101101	5.52032269132054
516	10.8032117676288	5.51995854586519
517	10.8043179692108	5.51959453234854
518	10.8054215265802	5.51923065174173
519	10.8065224513866	5.51886690500341
520	10.807620755205	5.51850329307998
521	10.8087164495369	5.51813981690568
522	10.8098095458109	5.51777647740273
523	10.8109000553831	5.51741327548147
524	10.8119879895378	5.51705021204051
525	10.8130733594882	5.51668728796683
526	10.8141561763768	5.51632450413593
527	10.8152364512761	5.51596186141196
528	10.816314195189	5.51559936064783
529	10.8173894190497	5.51523700268537
530	10.8184621337238	5.5148747883554
531	10.8195323500095	5.51451271847792
532	10.8206000786375	5.51415079386217
533	10.8216653302718	5.51378901530679
534	10.8227281155105	5.5134273835999
535	10.8237884448858	5.51306589951927
536	10.8248463288651	5.5127045638324
537	10.825901777851	5.5123433772966
538	10.8269548021822	5.5119823406592
539	10.828005412134	5.51162145465757
540	10.8290536179184	5.51126072001926
541	10.8300994296852	5.51090013746212
542	10.831142857522	5.5105397076944
543	10.832183911455	5.51017943141486
544	10.8332226014492	5.50981930931285
545	10.8342589374094	5.50945934206846
546	10.8352929291799	5.50909953035257
547	10.8363245865459	5.50873987482699
548	10.837353919233	5.50838037614454
549	10.8383809369087	5.50802103494916
550	10.8394056491818	5.50766185187601
551	10.8404280656036	5.50730282755154
552	10.8414481956683	5.50694396259361
553	10.8424660488129	5.50658525761159
554	10.8434816344184	5.50622671320644
555	10.8444949618096	5.50586832997077
556	10.8455060402558	5.50551187117092
557	10.8465148789714	5.50515616529617
558	10.847521487116	5.50480061875561
559	10.848525873795	5.5044452321208
560	10.8495280480601	5.50409000595542
561	10.8505280189095	5.50373494081526
562	10.8515257952885	5.50338003724838
563	10.8525213860896	5.50302529579516
564	10.8535148001535	5.50267071698838
565	10.8545060462688	5.50231630135335
566	10.855495133173	5.50196204940791
567	10.8564820695524	5.50160796166257
568	10.8574668640427	5.50125403862059
569	10.8584495252297	5.50090028077801
570	10.8594300616489	5.50054668862379
571	10.8604084817868	5.50019326263985
572	10.8613847940805	5.49984000330113
573	10.8623590069186	5.49948691107571
574	10.8633311286412	5.49913398642485
575	10.8643011675406	5.49878122980308
576	10.8652691318613	5.49842864165827
577	10.8662350298006	5.49807622243168
578	10.867198869509	5.49772397255807
579	10.8681606590904	5.49737189246573
580	10.8691204066024	5.49701998257658
581	10.8700781200567	5.49666824330623
582	10.8710338074198	5.49631667506403
583	10.8719874766125	5.49596527825315
584	10.8729391355113	5.49561405327066
585	10.8738887919479	5.49526300050758
586	10.8748364537096	5.49491212034894
587	10.8757821285403	5.49456141317385
588	10.8767258241401	5.49421087935556
589	10.8776675481657	5.49386051926153
590	10.8786073082314	5.4935103332535
591	10.8795451119083	5.49316032168753
592	10.8804809667258	5.49281048491405
593	10.8814148801708	5.49246082327796
594	10.8823468596889	5.49211133711867
595	10.8832769126843	5.49176202677015
596	10.8842050465199	5.49141289256099
597	10.8851312685181	5.49106393481446
598	10.8860555859607	5.49071515384857
599	10.8869780060893	5.49036654997614
600	10.8878985361056	5.4900181235048
601	10.8888171831718	5.48966987473713
602	10.8897339544108	5.48932180397062
603	10.8906488569063	5.48897391149781
604	10.8915618977033	5.48862619760627
605	10.8924730838084	5.48827866257872
606	10.8933824221899	5.48793130669303
607	10.8942899197783	5.48758413022227
608	10.8951955834662	5.4872371334348
609	10.896099420109	5.48689031659431
610	10.897001436525	5.48654367995983
611	10.8979016394955	5.48619722378583
612	10.8988000357651	5.48585094832222
613	10.8996966320424	5.48550485381445
614	10.9005914349995	5.48515894050352
615	10.9014844512729	5.48481320862603
616	10.9023756874635	5.48446765841425
617	10.9032651501368	5.48412229009613
618	10.9041528458232	5.48377710389538
619	10.9050387810183	5.4834321000315
620	10.905922962183	5.48308727871981
621	10.9068053957439	5.48274264017151
622	10.9076860880936	5.48239818459374
623	10.9085650455905	5.48205391218958
624	10.9094422745597	5.48170982315814
625	10.9103177812926	5.48136591769456
626	10.9111915720475	5.48102219599007
627	10.9120636530498	5.48067865823204
628	10.9129340304922	5.48033530460401
629	10.9138027105346	5.47999213528573
630	10.914669699305	5.4796491504532
631	10.915535002899	5.47930635027872
632	10.9163986273806	5.4789637349309
633	10.917260578782	5.47862130457474
634	10.9181208631042	5.47827905937165
635	10.9189794863167	5.47793699947944
636	10.9198364543581	5.47759512505247
637	10.9206917731365	5.47725343624155
638	10.9215454485291	5.4769119331941
639	10.9223974863828	5.4765706160541
640	10.9232478925145	5.47622948496216
641	10.9240966727109	5.47588854005557
642	10.9249438327292	5.4755477814683
643	10.9257893782969	5.47520720933105
644	10.926633315112	5.4748668237713
645	10.9274756488438	5.47452662491331
646	10.9283163851321	5.47418661287821
647	10.9291555295882	5.47384678778395
648	10.9299930877949	5.47350714974542
649	10.9308290653065	5.47316769887441
650	10.9316634676489	5.4728284352797
651	10.9324963003204	5.47248935906704
652	10.9333275687912	5.47215047033924
653	10.9341572785039	5.47181176919615
654	10.9349854348736	5.4714732557347
655	10.9358120432882	5.47113493004895
656	10.9366371091085	5.47079679223012
657	10.9374606376683	5.4704588423666
658	10.9382826342747	5.47012108054398
659	10.9391031042083	5.46978350684511
660	10.9399220527232	5.4694461213501
661	10.9407394850472	5.46910892413634
662	10.9415554063823	5.46877191527857
663	10.9423698219043	5.46843509484887
664	10.9431827367636	5.4680984629167
665	10.9439941560849	5.46776201954894
666	10.9448040849674	5.46742576480987
667	10.9456125284853	5.46708969876129
668	10.9464194916876	5.46675382146243
669	10.9472249795984	5.46641813297008
670	10.9480289972173	5.46608263333855
671	10.9488315495189	5.46574732261972
672	10.9496326414537	5.46541220086307
673	10.950432277948	5.46507726811567
674	10.9512304639037	5.46474252442228
675	10.952027204199	5.46440796982529
676	10.9528225036881	5.4640736043648
677	10.9536163672018	5.46373942807862
678	10.9544087995471	5.4634054410023
679	10.955199805508	5.46307164316917
680	10.955989389845	5.46273803461031
681	10.9567775572957	5.46240461535467
682	10.9575643125748	5.46207138542897
683	10.9583496603741	5.46173834485784
684	10.9591336053631	5.46140549366376
685	10.9599161521884	5.46107283186711
686	10.9606973054745	5.46074035948623
687	10.9614770698238	5.46040807653736
688	10.9622554498165	5.46007598303474
689	10.963032450011	5.45974407899058
690	10.9638080749436	5.45941236441512
691	10.9645823291294	5.45908083931661
692	10.9653552170617	5.45874950370136
693	10.9661267432126	5.45841835757378
694	10.9668969120328	5.45808740093632
695	10.967665727952	5.4577566337896
696	10.9684331953789	5.45742692338825
697	10.9691993187013	5.45709845094767
698	10.9699641022864	5.45677016564651
699	10.9707275504807	5.456442067484
700	10.9714896676102	5.45611415645758
701	10.9722504579807	5.4557864325629
702	10.9730099258777	5.45545889579381
703	10.9737680755667	5.45513154614245
704	10.974524911293	5.45480438359918
705	10.9752804372823	5.45447740815267
706	10.9760346577406	5.45415061978987
707	10.976787576854	5.45382401849607
708	10.9775391987895	5.45349760425488
709	10.9782895276944	5.45317137704827
710	10.9790385676969	5.45284533685658
711	10.9797863229062	5.45251948365854
712	10.9805327974122	5.45219381743128
713	10.9812779952862	5.45186833815037
714	10.9820219205804	5.4515430457898
715	10.9827645773286	5.45121794032202
716	10.983505969546	5.45089302171796
717	10.9842461012292	5.45056828994704
718	10.9849849763565	5.45024374497717
719	10.9857225988882	5.4499193867748
720	10.9864589727662	5.44959521530491
721	10.9871941019145	5.44927123053102
722	10.9879279902392	5.44894743241524
723	10.9886606416286	5.44862382091825
724	10.9893920599534	5.44830039599933
725	10.9901222490665	5.44797715761638
726	10.9908512128036	5.44765410572592
727	10.9915789549827	5.44733124028311
728	10.9923054794049	5.44700856124178
729	10.9930307898538	5.44668606855444
730	10.9937548900962	5.44636376217226
731	10.9944777838816	5.44604164204514
732	10.995199474943	5.44571970812167
733	10.9959201797139	5.44539796034918
734	10.9966399268082	5.44507639867374
735	10.9973584815983	5.4447550230402
736	10.9980758477524	5.44443383339213
737	10.9987920289223	5.44411282967194
738	10.9995070287435	5.4437920118208
739	11.0002208508354	5.44347137977869
740	11.0009334988013	5.44315093348443
741	11.0016449762283	5.44283067287567
742	11.0023552866877	5.4425105978889
743	11.0030644337352	5.44219070845948
744	11.0037724209103	5.44187100452165
745	11.0044792517373	5.44155148600851
746	11.0051849297247	5.44123215285208
747	11.0058894583656	5.44091300498329
748	11.0065928411378	5.44059404233198
749	11.0072950815037	5.44027526482694
750	11.0079961829105	5.43995667239589
751	11.0086961487905	5.43963826496552
752	11.0093949825608	5.43932004246147
753	11.0100926876235	5.43900200480839
754	11.010789267366	5.43868415192991
755	11.011484725161	5.43836648374864
756	11.0121790643662	5.43804900018624
757	11.0128722883251	5.43773170116337
758	11.0135644003663	5.43741458659974
759	11.0142554038044	5.4370976564141
760	11.0149453019392	5.43678091052426
761	11.0156340980565	5.4364643488471
762	11.0163217954279	5.43614797129858
763	11.0170083973109	5.43583177779374
764	11.0176939069488	5.43551576824673
765	11.0183783275711	5.4351999425708
766	11.0190616623935	5.43488430067833
767	11.0197439146177	5.43456884248082
768	11.0204250874318	5.43425356788892
769	11.0211051840103	5.43393847681242
770	11.0217842075141	5.43362356916027
771	11.0224621610906	5.43330884484059
772	11.0231390478738	5.43299430376069
773	11.0238148709843	5.43267994582706
774	11.0244896335295	5.43236577094536
775	11.0251633386037	5.4320517790205
776	11.025835989288	5.43173796995659
777	11.0265075886503	5.43142434365695
778	11.0271781397458	5.43111090002414
779	11.0278476456167	5.43079763895997
780	11.0285161092923	5.43048456036551
781	11.0291835337892	5.43017166414106
782	11.0298499221114	5.42985895018622
783	11.03051527725	5.42954641839985
784	11.031179602184	5.42923406868008
785	11.0318428998795	5.42892190092438
786	11.0325051732905	5.42860991502948
787	11.0331664253584	5.42829811089144
788	11.0338266590124	5.42798648840563
789	11.0344858771697	5.42767504746676
790	11.0351440827351	5.42736378796886
791	11.0358012786014	5.42705270980531
792	11.0364574676496	5.42674181286884
793	11.0371126527483	5.42643109705154
794	11.0377668367547	5.42612056224486
795	11.0384200225138	5.42581020833963
796	11.0390722128592	5.42550003522606
797	11.0397234106126	5.42519004279374
798	11.040373618584	5.42488023093168
799	11.041022839572	5.42457059952827
800	11.0416710763638	5.42426114847132
801	11.0423183317348	5.42395187764806
802	11.0429646084494	5.42364278694513
803	11.0436099092605	5.42333387624862
804	11.0442542369097	5.42302514544407
805	11.0448975941275	5.42271659441643
806	11.0455399836332	5.42240822305012
807	11.0461814081352	5.42210003122905
808	11.0468218703306	5.42179201883655
809	11.0474613729059	5.42148418575544
810	11.0480999185362	5.42117653186804
811	11.0487375098863	5.42086905705612
812	11.0493741496099	5.42056176120098
813	11.05000984035	5.4202546441834
814	11.050644584739	5.41994770588365
815	11.0512783853987	5.41964094618156
816	11.0519112449402	5.41933436495642
817	11.0525431659642	5.4190279620871
818	11.0531741510611	5.41872173745195
819	11.0538042028107	5.4184156909289
820	11.0544333237824	5.41810982239539
821	11.0550615165356	5.41780413172843
822	11.0556887836192	5.41749861880458
823	11.0563151275721	5.41719328349995
824	11.056940550923	5.41688812569023
825	11.0575650561905	5.41658314525068
826	11.0581886458833	5.41627834205612
827	11.0588113225	5.41597371598098
828	11.0594330885294	5.41566926689927
829	11.0600539464504	5.41536499468458
830	11.060673898732	5.41506089921012
831	11.0612929478335	5.41475698034869
832	11.0619110962046	5.41445323797271
833	11.0625283462852	5.41414967195421
834	11.0631447005057	5.41384628216486
835	11.0637601612867	5.41354306847592
836	11.0643747310397	5.41324003075831
837	11.0649884121663	5.41293716888259
838	11.0656012070591	5.41263448271895
839	11.0662131181009	5.41233197213722
840	11.0668241476656	5.41202963700689
841	11.0674342981175	5.41172747719713
842	11.0680435718119	5.41142549257672
843	11.0686519710949	5.41112368301416
844	11.0692594983033	5.41082204837758
845	11.0698661557649	5.41052058853482
846	11.0704719457987	5.41021930335338
847	11.0710768707144	5.40991819270045
848	11.0716809328128	5.4096172564429
849	11.0722841343859	5.40931649444732
850	11.0728864777169	5.40901590657999
851	11.0734879650801	5.40871549270687
852	11.0740885987409	5.40841525269366
853	11.0746883809563	5.40811518640575
854	11.0752873139744	5.40781529370827
855	11.0758854000346	5.40751557446604
856	11.0764826413679	5.40721602854364
857	11.0770790401967	5.40691665580537
858	11.0776745987349	5.40661745611523
859	11.0782693191878	5.406318429337
860	11.0788632037526	5.40601957533419
861	11.0794562546177	5.40572089397005
862	11.0800484739635	5.40542238510759
863	11.080639863962	5.40512404860957
864	11.0812304267769	5.40482654579572
865	11.0818201645638	5.40453012354513
866	11.08240907947	5.40423387168618
867	11.0829971736348	5.40393779008394
868	11.0835844491893	5.40364187860324
869	11.0841709082566	5.40334613710866
870	11.0847565529518	5.40305056546458
871	11.0853413853819	5.40275516353513
872	11.0859254076463	5.40245993118424
873	11.0865086218362	5.40216486827559
874	11.0870910300351	5.40186997467269
875	11.0876726343185	5.4015752502388
876	11.0882534367543	5.40128069483701
877	11.0888334394028	5.40098630833016
878	11.0894126443161	5.40069209058094
879	11.0899910535393	5.40039804145182
880	11.0905686691093	5.40010416080507
881	11.0911454930557	5.39981044850278
882	11.0917215274005	5.39951690440686
883	11.0922967741583	5.39922352837902
884	11.0928712353359	5.39893032028081
885	11.0934449129331	5.3986372799736
886	11.0940178089419	5.39834440731857
887	11.0945899253471	5.39805170217675
888	11.0951612641263	5.39775916440901
889	11.0957318272495	5.39746679387602
890	11.0963016166797	5.39717459043834
891	11.0968706343726	5.39688255395633
892	11.0974388822767	5.39659068429022
893	11.0980063623332	5.39629898130008
894	11.0985730764764	5.39600744484584
895	11.0991390266334	5.39571607478727
896	11.0997042147242	5.39542487098403
897	11.100268642662	5.39513383329561
898	11.1008323123528	5.39484296158137
899	11.1013952256956	5.39455225570054
900	11.1019573845827	5.39426171551224
901	11.1025187908993	5.39397134087543
902	11.1030794465239	5.39368113164896
903	11.103639353328	5.39339108769156
904	11.1041985131767	5.39310120886184
905	11.1047569279278	5.3928114950183
906	11.1053145994327	5.39252194601931
907	11.1058715295362	5.39223256172314
908	11.1064277200761	5.39194334198796
909	11.1069831728839	5.39165428667182
910	11.1075378897842	5.39136539563267
911	11.1080918725954	5.39107666872836
912	11.108645123129	5.39078810581665
913	11.1091976431902	5.39049970675521
914	11.1097494345776	5.39021147140158
915	11.1103004990836	5.38992339961326
916	11.1108508384939	5.38963549124762
917	11.1114004545879	5.38934774616197
918	11.1119493491388	5.38906016421354
919	11.1124975239132	5.38877274525945
920	11.1130449806716	5.38848548915678
921	11.1135917211683	5.3881983957625
922	11.1141377471511	5.38791146493353
923	11.1146830603618	5.3876246965267
924	11.1152276625359	5.38733809039879
925	11.115771555403	5.38705164640651
926	11.1163147406862	5.38676536440649
927	11.1168572201028	5.38647924425531
928	11.1173989953638	5.38619328580948
929	11.1179400681745	5.38590748892547
930	11.1184804402339	5.38562185345969
931	11.119020113235	5.38533637926847
932	11.1195590888651	5.38505106620812
933	11.1200973688054	5.38476591413488
934	11.1206349547311	5.38448092290497
935	11.1211718483117	5.38419609237452
936	11.121708051211	5.38391142239967
937	11.1222435650865	5.38362691283648
938	11.1227783915904	5.38334256354097
939	11.1233125323689	5.38305837436915
940	11.1238459890624	5.38277434517698
941	11.1243787633057	5.38249047582036
942	11.124910856728	5.38220676615522
943	11.1254422709526	5.38192321603741
944	11.1259730075974	5.38163982532275
945	11.1265030682746	5.38135659386707
946	11.1270324545907	5.38107352152616
947	11.1275611681468	5.38079060815577
948	11.1280892105385	5.38050785361165
949	11.1286165833556	5.38022525774952
950	11.1291432881829	5.37994282042509
951	11.1296693265992	5.37966054149406
952	11.1301947001782	5.37937842081211
953	11.1307194104882	5.37909645823489
954	11.131243459092	5.37881465361808
955	11.131766847547	5.37853300681732
956	11.1322895774055	5.37825151768825
957	11.1328116502142	5.3779701860865
958	11.1333330675146	5.37768901186773
959	11.133853830843	5.37740799488754
960	11.1343739417305	5.37712713500159
961	11.1348934017029	5.3768464320655
962	11.1354122122807	5.37656588593491
963	11.1359303749794	5.37628549646546
964	11.1364478913094	5.3760052635128
965	11.1369647627757	5.37572518693259
966	11.1374809908785	5.37544526658048
967	11.1379965771126	5.37516550231216
968	11.1385115229682	5.37488589398331
969	11.1390258299299	5.37460644144963
970	11.1395394994778	5.37432714456684
971	11.1400525330867	5.37404800319067
972	11.1405649322265	5.37376901717688
973	11.1410766983622	5.37349018638122
974	11.1415878329538	5.3732115106595
975	11.1420983374564	5.37293298986752
976	11.1426082133204	5.37265462386112
977	11.1431174619912	5.37237641249617
978	11.1436260849092	5.37209835562854
979	11.1441340835102	5.37182045311417
980	11.1446414592252	5.37154270480897
981	11.1451482134804	5.37126511056895
982	11.145654347697	5.37098767025009
983	11.1461598632919	5.37071038370843
984	11.146664761677	5.37043325080006
985	11.1471690442596	5.37015627138107
986	11.1476727124422	5.36987944530761
987	11.1481757676229	5.36960277243586
988	11.1486782111948	5.36932625262205
989	11.1491800445468	5.36904988572242
990	11.149681269063	5.3687736715933
991	11.1501818861228	5.36849761009101
992	11.1506818971012	5.36822170107195
993	11.1511813033688	5.36794594439256
994	11.1516801062915	5.3676703399093
995	11.1521783072307	5.36739488747871
996	11.1526759075433	5.36711958695737
997	11.153172908582	5.36684443820189
998	11.1536693116947	5.36656944106895
999	11.1541651182252	5.36629459541527
1000	11.1547996297534	5.36602087581726
1001	11.1551549468921	5.36574535797289
