1	0	0.00231664641697055
2	0	0.00323340292739828
3	0	0.00382129615167637
4	0	0.00415945927500382
5	0	0.00452595988094257
6	0	0.00472776350134529
7	0	0.00489269433111311
8	0	0.00516050447089363
9	0	0.00528299906257159
10	0	0.00539024868782949
11	0	0.00548546865838885
12	0	0.00571025080497574
13	0	0.00578971099576786
14	0	0.00586232856437962
15	0	0.00592914902828112
16	0	0.00599100015720148
17	0	0.00619607174733095
18	0	0.00625117049059645
19	0	0.00630287578299469
20	0	0.00635157062523505
21	0	0.00639757771282967
22	0	0.00644117131940409
23	0	0.00648258641517906
24	0	0.00652202575324002
25	0	0.00671584680160056
26	0	0.0067526977573117
27	0	0.00678800219867591
28	0	0.00682188239106605
29	0	0.0068544468294972
30	0	0.006885792213256
31	0	0.00691600508124416
32	0	0.00694516317529231
33	0	0.006973336583711
34	0	0.00716339217131929
35	0	0.00719039424076715
36	0	0.00721656603870362
37	0	0.00724195645744311
38	0	0.00726661023384369
39	0	0.00729056840398803
40	0	0.00731386869766948
41	0	0.00733654588195724
42	0	0.00735863206149648
43	0	0.00738015694189267
44	0	0.00740114806147349
45	0	0.00742163099585833
46	0	0.00744162953906182
47	0	0.0076307370899035
48	0	0.00765026587791106
49	0	0.00766936289359097
50	0	0.00768804665842862
51	0	0.00770633453498197
52	0	0.00772424282110398
53	0	0.00774178683481935
54	0	0.00775898099094255
55	0	0.00777583887037962
56	0	0.00779237328293413
57	0	0.0078085963243317
58	0	0.0078245194280883
59	0	0.00784015341277044
60	0	0.00785550852512813
61	0	0.00787059447952436
62	0	0.00788542049403569
63	0	0.00807555019407401
64	0	0.00809020065652243
65	0	0.00810461095212406
66	0	0.00811878878656953
67	0	0.0081327415022838
68	0	0.00814647610082138
69	0	0.00815999926356735
70	0	0.00817331737089505
71	0	0.00818643651991617
72	0	0.00819936254094552
73	0	0.00821210101278973
74	0	0.00822465727695961
75	0	0.00823703645089535
76	0	0.00824924344028544
77	0	0.00826128295055278
78	0	0.00827315949757471
79	0	0.00828487741769664
80	0	0.00829644087709524
81	0	0.00830785388054016
82	0	0.00831912027960078
83	0	0.00833024378033901
84	0	0.00852255852828464
85	0	0.00853364264097447
86	0	0.00854459128814014
87	0	0.00855540773112616
88	0	0.00856609511528384
89	0	0.00857665647539266
90	0	0.0085870947407692
91	0	0.0085974127400851
92	0	0.00860761320591353
93	0	0.00861769877902247
94	0	0.00862767201243121
95	0	0.00863753537524598
96	0	0.00864729125628829
97	0	0.0086569419675302
98	0	0.00866648974734768
99	0	0.00867593676360424
100	0	0.00869860352379597
101	0	0.00869453684172081
102	0	0.00870369391232233
103	0	0.00871275824198121
104	0	0.00872173168699739
105	0	0.00873061604862943
106	0	0.0087394130752445
107	0	0.00874812446436468
108	0	0.00875675186461557
109	0	0.00876529687758225
110	0	0.0089604364513372
111	0	0.00896899971941368
112	0	0.00897748348362563
113	0	0.00898588920472082
114	0	0.00899421830364437
115	0	0.0090024721629689
116	0	0.00901065212826137
117	0	0.00901875950938941
118	0	0.00902679558177082
119	0	0.00903476158756901
120	0	0.00904265873683672
121	0	0.00905048820861168
122	0	0.0090582511519654
123	0	0.0090659486870085
124	0	0.00907358190585408
125	0	0.0090811518735415
126	0	0.00908865962892235
127	0	0.00909610618551066
128	0	0.0091034925322988
129	0	0.00911081963454093
130	0	0.00911808843450543
131	0	0.00912529985219776
132	0	0.00913245478605525
133	0	0.00913955411361497
134	0	0.00914659869215593
135	0	0.00915358935931697
136	0	0.00916052693369124
137	0	0.00916741221539832
138	0	0.00917424598663516
139	0	0.00918102901220652
140	0	0.00918776204003618
141	0	0.00919444580165924
142	0	0.0092010810126969
143	0	0.00939949449369815
144	0	0.00940617094499311
145	0	0.00941279993291409
146	0	0.00941938212751793
147	0	0.00942591818479211
148	0	0.00943240874704526
149	0	0.0094388544432845
150	0	0.00944525588957953
151	0	0.00945161368941466
152	0	0.00945792843402888
153	0	0.00946420070274436
154	0	0.00947043106328424
155	0	0.00947662007207985
156	0	0.00948276827456781
157	0	0.00948887620547734
158	0	0.0094949443891085
159	0	0.00950097333960117
160	0	0.00950696356119572
161	0	0.00951291554848509
162	0	0.00951882978665912
163	0	0.00952470675174114
164	0	0.00953054691081711
165	0	0.00953635072225769
166	0	0.00954211863593362
167	0	0.00954785109342417
168	0	0.00955354852821949
169	0	0.00955921136591682
170	0	0.00956484002441065
171	0	0.00957043491407736
172	0	0.00957599643795422
173	0	0.00958152499191326
174	0	0.00958702096482985
175	0	0.00959248473874641
176	0	0.00959791668903153
177	0	0.00960331718453424
178	0	0.00960868658773399
179	0	0.00961402525488635
180	0	0.00961933353616452
181	0	0.00962461177579684
182	0	0.00962986031220055
183	0	0.00963507947811165
184	0	0.00983700954908494
185	0	0.00984227628604437
186	0	0.00984751403816948
187	0	0.00985272312305247
188	0	0.00985790385309846
189	0	0.00986305653563777
190	0	0.00986818147303519
191	0	0.00987327896279614
192	0	0.00987834929767025
193	0	0.00988339276575214
194	0	0.00988840965057936
195	0	0.00989340023122804
196	0	0.00989836478240582
197	0	0.00990330357454262
198	0	0.00990821687387872
199	0	0.00991310494255095
200	0	0.00991796803867645
201	0	0.00992280641643437
202	0	0.00992762032614552
203	0	0.00993241001434997
204	0	0.0099371757238828
205	0	0.00994191769394782
206	0	0.00994663616018964
207	0	0.00995133135476388
208	0	0.00995600350640552
209	0	0.00996065284049594
210	0	0.00996527957912788
211	0	0.00996988394116925
212	0	0.00997446614232508
213	0	0.0099790263951982
214	0	0.00998356490934839
215	0	0.00998808189135008
216	0	0.00999257754484884
217	0	0.00999705207061636
218	0	0.0100015056666043
219	0	0.0100059385279967
220	0	0.0100103508472616
221	0	0.0100147428142006
222	0	0.0100191146159985
223	0	0.0100234664372707
224	0	0.0100277984601102
225	0	0.0100321108641332
226	0	0.0100364038265239
227	0	0.010040677522078
228	0	0.0100449321232455
229	0	0.0100491678001726
230	0	0.0100533847207423
231	0	0.0100575830506144
232	0	0.0100617629532648
233	0	0.0100659245900232
234	0	0.0100700681201109
235	0	0.0102756773724593
236	0	0.0102798673151235
237	0	0.0102840392636592
238	0	0.0102881933722344
239	0	0.0102923297930451
240	0	0.0102964486763483
241	0	0.0103005501704956
242	0	0.0103046344219645
243	0	0.0103087015753903
244	0	0.0103127517735966
245	0	0.0103167851576255
246	0	0.0103208018667672
247	0	0.0103248020385886
248	0	0.0103287858089618
249	0	0.010332753312092
250	0	0.0103367046805439
251	0	0.0103406400452694
252	0	0.0103445595356327
253	0	0.0103484632794363
254	0	0.0103523514029458
255	0	0.010356224030915
256	0	0.0103600812866089
257	0	0.0103639232918284
258	0	0.0103677501669325
259	0	0.0103715620308616
260	0	0.0103753590011591
261	0	0.0103791411939937
262	0	0.0103829087241806
263	0	0.0103866617052022
264	0	0.0103904002492289
265	0	0.0103941244671391
266	0	0.0103978344685391
267	0	0.0104015303617822
268	0	0.0104052122539881
269	0	0.0104088802510612
270	0	0.0104125344577091
271	0	0.0104161749774606
272	0	0.010419801912683
273	0	0.0104234153645999
274	0	0.0104270154333077
275	0	0.0104306022177924
276	0	0.0104341758159463
277	0	0.0104377363245836
278	0	0.0104412838394562
279	0	0.0104448184552695
280	0	0.0104483402656975
281	0	0.0104518493633972
282	0	0.010455345840024
283	0	0.0104588297862457
284	0	0.0104623012917567
285	0	0.0104657604452918
286	0	0.01046920733464
287	0	0.0104726420466575
288	0	0.0104760646672816
289	0	0.0104794752815428
290	0	0.010482873973578
291	0	0.0104862608266428
292	0	0.0104896359231239
293	0	0.010492999344551
294	0	0.0104963511716086
295	0	0.0104996914841479
296	0	0.0107089617700985
297	0	0.0107123443398037
298	0	0.0107157154084796
299	0	0.0107190750542582
300	0	0.0107224233544784
301	0	0.0107257603856961
302	0	0.0107290862236949
303	0	0.0107324009434968
304	0	0.0107357046193717
305	0	0.0107389973248482
306	0	0.0107422791327227
307	0	0.0107455501150696
308	0	0.0107488103432505
309	0	0.0107520598879237
310	0	0.0107552988190535
311	0	0.0107585272059191
312	0	0.0107617451171234
313	0	0.0107649526206023
314	0	0.0107681497836326
315	0	0.010771336672841
316	0	0.0107745133542123
317	0	0.0107776798930976
318	0	0.0107808363542223
319	0	0.0107839828016944
320	0	0.0107871192990119
321	0	0.0107902459090706
322	0	0.0107933626941719
323	0	0.0107964697160303
324	0	0.0107995670357803
325	0	0.0108026547139842
326	0	0.0108057328106387
327	0	0.0108088013851824
328	0	0.0108118604965024
329	0	0.0108149102029411
330	0	0.010817950562303
331	0	0.0108209816318613
332	0	0.0108240034683643
333	0	0.0108270161280418
334	0	0.0108300196666116
335	0	0.0108330141392854
336	0	0.010835999600775
337	0	0.0108389761052985
338	0	0.010841943706586
339	0	0.0108449024578854
340	0	0.0108478524119684
341	0	0.0108507936211361
342	0	0.0108537261372242
343	0	0.0108566500116093
344	0	0.0108595652952133
345	0	0.0108624720385095
346	0	0.0108653702915276
347	0	0.0108682601038589
348	0	0.0108711415246614
349	0	0.0108740146026648
350	0	0.0108768793861756
351	0	0.0108797359230816
352	0	0.0108825842608573
353	0	0.0108854244465682
354	0	0.0108882565268757
355	0	0.0108910805480416
356	0	0.0108938965559326
357	0	0.010896704596025
358	0	0.010899504713409
359	0	0.0109022969527929
360	0	0.0109050813585077
361	0	0.0109078579745112
362	0	0.0109106268443919
363	0	0.0109133880113737
364	0	0.0109161415183194
365	0	0.0109188874077351
366	0	0.0109216257217739
367	0	0.01092435650224
368	0	0.0109270797905922
369	0	0.0109297956279482
370	0	0.0111427443794907
371	0	0.0111454973806188
372	0	0.0111482429111356
373	0	0.0111509810115951
374	0	0.011153711722222
375	0	0.0111564350829152
376	0	0.0111591511332511
377	0	0.0111618599124873
378	0	0.011164561459566
379	0	0.0111672558131172
380	0	0.0111699430114622
381	0	0.0111726230926168
382	0	0.0111752960942944
383	0	0.0111779620539095
384	0	0.0111806210085808
385	0	0.0111832729951339
386	0	0.011185918050105
387	0	0.0111885562097434
388	0	0.0111911875100148
389	0	0.011193811986604
390	0	0.0111964296749183
391	0	0.0111990406100897
392	0	0.0112016448269781
393	0	0.0112042423601744
394	0	0.0112068332440027
395	0	0.0112094175125233
396	0	0.0112119951995355
397	0	0.0112145663385799
398	0	0.0112171309629416
399	0	0.0112196891056522
400	0	0.0112222407994928
401	0	0.0112247860769961
402	0	0.0112273249704496
403	0	0.0112298575118972
404	0	0.0112323837331422
405	0	0.0112349036657496
406	0	0.0112374173410485
407	0	0.0112399247901343
408	0	0.0112424260438709
409	0	0.0112449211328936
410	0	0.0112474100876106
411	0	0.0112498929382058
412	0	0.0112523697146408
413	0	0.0112548404466568
414	0	0.0112573051637772
415	0	0.0112597638953095
416	0	0.0112622166703476
417	0	0.0112646635177735
418	0	0.0112671044662596
419	0	0.0112695395442707
420	0	0.011271968780066
421	0	0.0112743922017011
422	0	0.0112768098370299
423	0	0.0112792217137065
424	0	0.011281627859187
425	0	0.0112840283007319
426	0	0.0112864230654072
427	0	0.0112888121800869
428	0	0.0112911956714544
429	0	0.0112935735660044
430	0	0.0112959458900449
431	0	0.0112983126696987
432	0	0.011300673930905
433	0	0.0113030296994216
434	0	0.0113053800008261
435	0	0.0113077248605179
436	0	0.0113100643037197
437	0	0.011312398355479
438	0	0.0113147270406703
439	0	0.0113170503839957
440	0	0.0113193684099876
441	0	0.0113216811430094
442	0	0.0113239886072574
443	0	0.0113262908267625
444	0	0.0113285878253912
445	0	0.0113308796268475
446	0	0.0113331662546743
447	0	0.0113354477322549
448	0	0.0113377240828141
449	0	0.0113399953294201
450	0	0.0113422614949857
451	0	0.0113445226022694
452	0	0.0113467786738775
453	0	0.0113490297322646
454	0	0.0113512757997357
455	0	0.0113535168984469
456	0	0.0113557530504074
457	0	0.01135798427748
458	0	0.0115745540823757
459	0	0.0115768174389267
460	0	0.0115790758436137
461	0	0.0115813293181303
462	0	0.0115835778840276
463	0	0.0115858215627158
464	0	0.0115880603754653
465	0	0.0115902943434079
466	0	0.0115925234875376
467	0	0.0115947478287127
468	0	0.0115969673876561
469	0	0.0115991821849568
470	0	0.0116013922410712
471	0	0.011603597576324
472	0	0.0116057982109095
473	0	0.0116079941648926
474	0	0.0116101854582099
475	0	0.0116123721106707
476	0	0.0116145541419585
477	0	0.0116167315716317
478	0	0.0116189044191244
479	0	0.0116210727037483
480	0	0.0116232364446928
481	0	0.0116253956610266
482	0	0.0116275503716985
483	0	0.0116297005955385
484	0	0.0116318463512588
485	0	0.0116339876574545
486	0	0.0116361245326051
487	0	0.0116382569950748
488	0	0.0116403850631141
489	0	0.0116425087548604
490	0	0.0116446280883389
491	0	0.0116467430814635
492	0	0.0116488537520381
493	0	0.0116509601177571
494	0	0.0116530621962062
495	0	0.0116551600048638
496	0	0.0116572535611015
497	0	0.0116593428821849
498	0	0.0116614279852747
499	0	0.0116635088874275
500	0	0.0116655856055965
501	0	0.0116676581566325
502	0	0.0116697265572846
503	0	0.011671790824201
504	0	0.01167385097393
505	0	0.0116759070229207
506	0	0.0116779589875235
507	0	0.0116800068839914
508	0	0.0116820507284805
509	0	0.0116840905370507
510	0	0.0116861263256666
511	0	0.0116881581101983
512	0	0.0116901859064218
513	0	0.0116922097300201
514	0	0.0116942295965841
515	0	0.0116962455216127
516	0	0.0116982575205138
517	0	0.0117002656086055
518	0	0.011702269801116
519	0	0.0117042701131849
520	0	0.0117062665598634
521	0	0.0117082591561154
522	0	0.0117102479168182
523	0	0.0117122328567627
524	0	0.0117142139906545
525	0	0.0117161913331144
526	0	0.011718164898679
527	0	0.0117201347018014
528	0	0.011722100756852
529	0	0.0117240630781188
530	0	0.0117260216798083
531	0	0.011727976576046
532	0	0.0117299277808771
533	0	0.0117318753082668
534	0	0.0117338191721015
535	0	0.0117357593861888
536	0	0.0117376959642584
537	0	0.0117396289199627
538	0	0.0117415582668771
539	0	0.011743484018501
540	0	0.0117454061882581
541	0	0.011747324789497
542	0	0.0117492398354916
543	0	0.0117511513394421
544	0	0.0117530593144752
545	0	0.0117549637736444
546	0	0.0117568647299314
547	0	0.0117587621962456
548	0	0.0117606561854255
549	0	0.0117625467102386
550	0	0.0117644337833822
551	0	0.0117663174174839
552	0	0.0117681976251022
553	0	0.0117700744187266
554	0	0.0117719478107788
555	0	0.0117738178136123
556	0	0.0117756844395139
557	0	0.0117775477007032
558	0	0.0117794076093338
559	0	0.0117812641774936
560	0	0.0117831174172049
561	0	0.0117849673404254
562	0	0.0117868139590484
563	0	0.0120069656565916
564	0	0.0120088397765118
565	0	0.0120107105665896
566	0	0.0120125780386809
567	0	0.0120144422045785
568	0	0.0120163030760122
569	0	0.0120181606646496
570	0	0.0120200149820962
571	0	0.0120218660398963
572	0	0.012023713849533
573	0	0.0120255584224287
574	0	0.0120273997699457
575	0	0.0120292379033866
576	0	0.0120310728339946
577	0	0.0120329045729538
578	0	0.0120347331313901
579	0	0.0120365585203711
580	0	0.0120383807509066
581	0	0.0120401998339493
582	0	0.0120420157803948
583	0	0.0120438286010823
584	0	0.0120456383067948
585	0	0.0120474449082597
586	0	0.0120492484161489
587	0	0.0120510488410793
588	0	0.0120528461936132
589	0	0.0120546404842589
590	0	0.0120564317234706
591	0	0.0120582199216491
592	0	0.012060005089142
593	0	0.0120617872362443
594	0	0.0120635663731984
595	0	0.0120653425101947
596	0	0.0120671156573721
597	0	0.0120688858248179
598	0	0.0120706530225686
599	0	0.0120724172606098
600	0	0.0120741785488769
601	0	0.0120759368972555
602	0	0.0120776923155812
603	0	0.0120794448136407
604	0	0.0120811944011713
605	0	0.0120829410878618
606	0	0.0120846848833529
607	0	0.0120864257972369
608	0	0.0120881638390587
609	0	0.0120898990183156
610	0	0.012091631344458
611	0	0.0120933608268895
612	0	0.0120950874749673
613	0	0.0120968112980022
614	0	0.0120985323052595
615	0	0.0121002505059587
616	0	0.0121019659092743
617	0	0.0121036785243357
618	0	0.0121053883602276
619	0	0.0121070954259904
620	0	0.0121087997306206
621	0	0.0121105012830705
622	0	0.0121122000922493
623	0	0.0121138961670228
624	0	0.0121155895162139
625	0	0.0121172801486028
626	0	0.0121189680729273
627	0	0.0121206532978831
628	0	0.0121223358321241
629	0	0.0121240156842626
630	0	0.0121256928628694
631	0	0.0121273673764745
632	0	0.0121290392335671
633	0	0.0121307084425957
634	0	0.0121323750119687
635	0	0.0121340389500543
636	0	0.0121357002651811
637	0	0.0121373589656381
638	0	0.0121390150596751
639	0	0.0121406685555028
640	0	0.0121423194612933
641	0	0.01214396778518
642	0	0.012145613535258
643	0	0.0121472567195846
644	0	0.012148897346179
645	0	0.0121505354230231
646	0	0.0121521709580612
647	0	0.0121538039592007
648	0	0.012155434434312
649	0	0.012157062391229
650	0	0.012158687837749
651	0	0.0121603107816334
652	0	0.0121619312306072
653	0	0.0121635491923602
654	0	0.0121651646745461
655	0	0.0121667776847837
656	0	0.0121683882306566
657	0	0.0121699963197135
658	0	0.0121716019594685
659	0	0.0121732051574011
660	0	0.0121748059209568
661	0	0.0121764042575469
662	0	0.0121780001745489
663	0	0.0121795936793066
664	0	0.0121811847791308
665	0	0.0121827734812985
666	0	0.012184359793054
667	0	0.0121859437216089
668	0	0.0121875252741421
669	0	0.0121891044577998
670	0	0.0121906812796964
671	0	0.0121922557469141
672	0	0.0121938278665031
673	0	0.0121953976454823
674	0	0.0121969650908389
675	0	0.0121985302095289
676	0	0.0122000930084772
677	0	0.0122016534945778
678	0	0.0122032116746939
679	0	0.0122047675556585
680	0	0.0122063211442739
681	0	0.0122078724473124
682	0	0.0122094214715162
683	0	0.0122109682235978
684	0	0.0122125127102399
685	0	0.0122140549380961
686	0	0.0122155949137901
687	0	0.0124392622470706
688	0	0.0124408256563303
689	0	0.0124423867925356
690	0	0.0124439456623133
691	0	0.0124455022722615
692	0	0.0124470566289492
693	0	0.0124486087389171
694	0	0.0124501586086772
695	0	0.0124517062447133
696	0	0.0124532516534811
697	0	0.0124547948414082
698	0	0.0124563358148946
699	0	0.0124578745803124
700	0	0.0124594111440064
701	0	0.012460945512294
702	0	0.0124624776914655
703	0	0.012464007687784
704	0	0.0124655355074859
705	0	0.0124670611567809
706	0	0.012468584641852
707	0	0.0124701059688559
708	0	0.012471625143923
709	0	0.0124731421731576
710	0	0.0124746570626382
711	0	0.0124761698184172
712	0	0.0124776804465214
713	0	0.0124791889529524
714	0	0.0124806953436859
715	0	0.0124821996246728
716	0	0.0124837018018387
717	0	0.0124852018810844
718	0	0.0124866998682856
719	0	0.0124881957692936
720	0	0.012489689589935
721	0	0.0124911813360122
722	0	0.0124926710133032
723	0	0.0124941586275618
724	0	0.0124956441845179
725	0	0.0124971276898776
726	0	0.0124986091493231
727	0	0.0125000885685133
728	0	0.0125015659530833
729	0	0.012503041308645
730	0	0.0125045146407872
731	0	0.0125059859550754
732	0	0.0125074552570524
733	0	0.012508922552238
734	0	0.0125103878461293
735	0	0.0125118511442009
736	0	0.0125133124519049
737	0	0.0125147717746711
738	0	0.0125162291179071
739	0	0.0125176844869984
740	0	0.0125191378873084
741	0	0.0125205893241789
742	0	0.0125220388029299
743	0	0.0125234863288595
744	0	0.0125249319072447
745	0	0.0125263755433409
746	0	0.0125278172423824
747	0	0.0125292570095821
748	0	0.0125306948501322
749	0	0.0125321307692035
750	0	0.0125335647719465
751	0	0.0125349968634907
752	0	0.0125364270489452
753	0	0.0125378553333984
754	0	0.0125392817219184
755	0	0.0125407062195532
756	0	0.0125421288313306
757	0	0.0125435495622581
758	0	0.0125449684173235
759	0	0.0125463854014948
760	0	0.0125478005197202
761	0	0.0125492137769283
762	0	0.012550625178028
763	0	0.012552034727909
764	0	0.0125534424314417
765	0	0.0125548482934771
766	0	0.0125562523188473
767	0	0.0125576545123652
768	0	0.012559054878825
769	0	0.0125604534230018
770	0	0.0125618501496523
771	0	0.0125632450635143
772	0	0.0125646381693073
773	0	0.0125660294717323
774	0	0.0125674189754718
775	0	0.0125688066851905
776	0	0.0125701926055345
777	0	0.0125715767411321
778	0	0.0125729590965936
779	0	0.0125743396765114
780	0	0.0125757184854603
781	0	0.0125770955279972
782	0	0.0125784708086615
783	0	0.0125798443319752
784	0	0.0125812161024428
785	0	0.0125825861245515
786	0	0.0125839544027713
787	0	0.012585320941555
788	0	0.0125866857453385
789	0	0.0125880488185405
790	0	0.0125894101655631
791	0	0.0125907697907914
792	0	0.0125921276985939
793	0	0.0125934838933224
794	0	0.0125948383793122
795	0	0.0125961911608822
796	0	0.012597542242335
797	0	0.0125988916279566
798	0	0.0126002393220171
799	0	0.0126015853287704
800	0	0.0126029296524542
801	0	0.0126042722972906
802	0	0.0126056132674854
803	0	0.0126069525672289
804	0	0.0126082902006955
805	0	0.0126096261720441
806	0	0.0126109604854179
807	0	0.0126122931449447
808	0	0.0126136241547369
809	0	0.0126149535188914
810	0	0.0126162812414901
811	0	0.0126176073265996
812	0	0.0126189317782713
813	0	0.0126202546005416
814	0	0.0126215757974321
815	0	0.0126228953729495
816	0	0.0126242133310853
817	0	0.0126255296758168
818	0	0.0126268444111064
819	0	0.0126281575409017
820	0	0.0126294690691362
821	0	0.0126307789997286
822	0	0.0126320873365833
823	0	0.0126333940835906
824	0	0.0126346992446263
825	0	0.0126360028235521
826	0	0.0126373048242157
827	0	0.0126386052504506
828	0	0.0126399041060766
829	0	0.0126412013948992
830	0	0.0126424971207105
831	0	0.0126437912872886
832	0	0.0128708888992154
833	0	0.0128722030133185
834	0	0.0128735155517982
835	0	0.0128748265184448
836	0	0.0128761359170348
837	0	0.0128774437513312
838	0	0.0128787500250833
839	0	0.0128800547420272
840	0	0.0128813579058854
841	0	0.0128826595203671
842	0	0.0128839595891681
843	0	0.0128852581159712
844	0	0.0128865551044458
845	0	0.0128878505582484
846	0	0.0128891444810225
847	0	0.0128904368763983
848	0	0.0128917277479934
849	0	0.0128930170994125
850	0	0.0128943049342474
851	0	0.0128955912560773
852	0	0.0128968760684686
853	0	0.0128981593749753
854	0	0.0128994411791386
855	0	0.0129007214844874
856	0	0.012902000294538
857	0	0.0129032776127945
858	0	0.0129045534427486
859	0	0.0129058277878797
860	0	0.0129071006516551
861	0	0.0129083720375299
862	0	0.0129096419489471
863	0	0.0129109103893377
864	0	0.0129121773621208
865	0	0.0129134428707034
866	0	0.0129147069184807
867	0	0.0129159695088363
868	0	0.0129172306451417
869	0	0.012918490330757
870	0	0.0129197485690305
871	0	0.0129210053632989
872	0	0.0129222607168875
873	0	0.0129235146331099
874	0	0.0129247671152685
875	0	0.0129260181666541
876	0	0.0129272677905463
877	0	0.0129285159902135
878	0	0.0129297627689128
879	0	0.01293100812989
880	0	0.0129322520763799
881	0	0.0129334946116063
882	0	0.0129347357387819
883	0	0.0129359754611084
884	0	0.0129372137817766
885	0	0.0129384507039665
886	0	0.0129396862308472
887	0	0.0129409203655771
888	0	0.0129421531113037
889	0	0.0129433844711641
890	0	0.0129446144482845
891	0	0.0129458430457808
892	0	0.0129470702667582
893	0	0.0129482961143113
894	0	0.0129495205915245
895	0	0.0129507437014717
896	0	0.0129519654472166
897	0	0.0129531858318123
898	0	0.0129544048583019
899	0	0.0129556225297182
900	0	0.0129568388490839
901	0	0.0129580538194116
902	0	0.0129592674437037
903	0	0.0129604797249527
904	0	0.0129616906661411
905	0	0.0129629002702414
906	0	0.0129641085402163
907	0	0.0129653154790186
908	0	0.0129665210895913
909	0	0.0129677253748677
910	0	0.0129689283377713
911	0	0.0129701299812159
912	0	0.0129713303081059
913	0	0.0129725293213358
914	0	0.0129737270237907
915	0	0.0129749234183463
916	0	0.0129761185078687
917	0	0.0129773122952145
918	0	0.0129785047832312
919	0	0.0129796959747567
920	0	0.0129808858726196
921	0	0.0129820744796395
922	0	0.0129832617986266
923	0	0.0129844478323819
924	0	0.0129856325836973
925	0	0.0129868160553556
926	0	0.0129879982501306
927	0	0.012989179170787
928	0	0.0129903588200806
929	0	0.0129915372007581
930	0	0.0129927143155576
931	0	0.012993890167208
932	0	0.0129950647584296
933	0	0.0129962380919337
934	0	0.0129974101704232
935	0	0.012998580996592
936	0	0.0129997505731254
937	0	0.0130009189026999
938	0	0.0130020859879838
939	0	0.0130032518316366
940	0	0.0130044164363091
941	0	0.0130055798046439
942	0	0.0130067419392751
943	0	0.0130079028428281
944	0	0.0130090625179203
945	0	0.0130102209671606
946	0	0.0130113781931495
947	0	0.0130125341984793
948	0	0.0130136889857341
949	0	0.0130148425574898
950	0	0.0130159949163139
951	0	0.0130171460647662
952	0	0.013018296005398
953	0	0.0130194447407526
954	0	0.0130205922733656
955	0	0.013021738605764
956	0	0.0130228837404675
957	0	0.0130240276799873
958	0	0.0130251704268272
959	0	0.0130263119834826
960	0	0.0130274523524415
961	0	0.0130285915361839
962	0	0.0130297295371821
963	0	0.0130308663579007
964	0	0.0130320020007964
965	0	0.0130331364683184
966	0	0.0130342697629083
967	0	0.013035401887
968	0	0.0130365328430198
969	0	0.0130376626333865
970	0	0.0130387912605114
971	0	0.0130399187267983
972	0	0.0130410450346436
973	0	0.0130421701864361
974	0	0.0130432941845574
975	0	0.0130444170313818
976	0	0.0130455387292759
977	0	0.0130466592805995
978	0	0.0130477786877047
979	0	0.0130488969529367
980	0	0.0130500140786332
981	0	0.0130511300671249
982	0	0.0130522449207352
983	0	0.0130533586417807
984	0	0.0130544712325705
985	0	0.0130555826954069
986	0	0.0130566930325851
987	0	0.0130578022463933
988	0	0.0130589103391126
989	0	0.0130600173130173
990	0	0.0130611231703748
991	0	0.0130622279134456
992	0	0.013063331544483
993	0	0.013064434065734
994	0	0.0130655354794384
995	0	0.0130666357878295
996	0	0.0130677349931335
997	0	0.0130688330975702
998	0	0.0130699301033525
999	0	0.0130710260126867
1000	0	0.0131816233137156
1001	0	0.0130732145508029
