1	3.5014566245272	2.49866831263876
2	4.70251644281684	3.29042577751045
3	5.37010350230866	3.7055200822546
4	5.81114220052979	3.9662281693615
5	6.131718034191	4.14723972465478
6	6.37938071702365	4.28139017774017
7	6.57900075054196	4.38534925556012
8	6.74493068570572	4.46867873870367
9	6.88612796278206	4.53722308759497
10	7.00851684266085	4.59472134442187
11	7.1161888392642	4.64374920087903
12	7.21207387499297	4.68615852342278
13	7.29833369404077	4.72326069391862
14	7.37660376987281	4.75601085564805
15	7.44814811765817	4.7851598817789
16	7.51396178644193	4.81129105833009
17	7.57484072040689	4.83487526176146
18	7.63143059996271	4.85630860828154
19	7.68426175472204	4.8758514190648
20	7.73377461570903	4.89374953387874
21	7.7803385982595	4.91020679421714
22	7.82426633281001	4.92539378262155
23	7.86582454254539	4.93945444668489
24	7.90524246529082	4.95251118546522
25	7.94271845061765	4.9647046712929
26	7.97842518297339	4.97608875709687
27	8.01251385767622	4.98674139413923
28	8.0451175499379	4.99673085704918
29	8.07635395558268	5.00611695176551
30	8.10632763790587	5.01495231165056
31	8.13513188291374	5.02328346002921
32	8.16285024146432	5.03115168718708
33	8.18955781916536	5.03859377883809
34	8.2153223616003	5.04565300614933
35	8.2402051723661	5.05236543908927
36	8.2642618936815	5.05874013581284
37	8.28754317335762	5.06480108696611
38	8.31009523727952	5.07057000884581
39	8.33196038290637	5.0760666114142
40	8.3531774064243	5.08130882883842
41	8.373781973902	5.08631301857826
42	8.39380694497336	5.0910941339582
43	8.41328265610327	5.0956658742884
44	8.43223716930462	5.10004081589834
45	8.45069649120988	5.10423052687936
46	8.46868476661113	5.10824566787112
47	8.48622444993516	5.11211205399954
48	8.50333645758579	5.11582769805233
49	8.52004030364338	5.11939583094665
50	8.53635422104304	5.12282428485533
51	8.55229527004578	5.12612033734935
52	8.56787943555916	5.12929076045131
53	8.5831217146468	5.13234186451009
54	8.59803619538332	5.13527953752904
55	8.61263612805571	5.13810928049301
56	8.62693398958049	5.14083623916504
57	8.64094154189331	5.14346523276147
58	8.65466988497151	5.14600077986015
59	8.66812950506765	5.1484471218511
60	8.68133031866079	5.15080824419983
61	8.69428171257154	5.15308789575956
62	8.70699258063316	5.15528960634009
63	8.71947135726606	5.15742346793243
64	8.73172604826214	5.15949532479859
65	8.7437642590515	5.16149848027681
66	8.75559322069312	5.16343573949511
67	8.76721981380484	5.16530975573911
68	8.77865059062461	5.16712304073585
69	8.78989179537457	5.16887797410335
70	8.80094938308134	5.17057681204447
71	8.81182903699029	5.17222169535533
72	8.82253618469721	5.173814656811
73	8.83307601310861	5.17535762798474
74	8.84345348233072	5.17685244555135
75	8.85367333857753	5.17830085711987
76	8.86374012617926	5.17970452663651
77	8.87365819876542	5.18106503939476
78	8.88343172968898	5.18238390668564
79	8.89306472175242	5.18366257011841
80	8.9025610162909	5.18490240563867
81	8.91192430166238	5.18610472726869
82	8.9211581211905	5.18727079059215
83	8.93026588060183	5.18840179600374
84	8.93925085499535	5.18950539041485
85	8.94811619537886	5.19058234526476
86	8.95686493480418	5.19162742851335
87	8.96549999413017	5.19264165038421
88	8.97402418744	5.19362597915971
89	8.98244022713752	5.19458134335732
90	8.9907507287449	5.19550863377058
91	8.99895821542226	5.19640870538428
92	9.0070651222284	5.19728237917298
93	9.01507380014007	5.19813044379118
94	9.02298651984601	5.19895365716267
95	9.03080547533054	5.1997527479761
96	9.0385327872607	5.2005284170932
97	9.04617050618945	5.20128133887565
98	9.05372061558689	5.20201216243593
99	9.06118503471038	5.20272151281746
100	9.06871370427765	5.20341242999622
101	9.07586417427389	5.20407818049362
102	9.08308521794548	5.20472663724908
103	9.09022977731661	5.2053559016816
104	9.0972973318779	5.20596649401826
105	9.10428946867489	5.2065589162482
106	9.11120772686926	5.20713365291982
107	9.11805359963043	5.20769117189614
108	9.12482853593506	5.208231925071
109	9.13153394228007	5.20875634904829
110	9.13817118431368	5.20926563486458
111	9.14474158838955	5.20976866496047
112	9.15124644304793	5.21025652075407
113	9.15768700042818	5.21072958486287
114	9.16406447761624	5.21118822750591
115	9.17038005793064	5.21163280700406
116	9.17663489215044	5.21206367025607
117	9.1828300996881	5.21248115319182
118	9.18896676971028	5.21288558120395
119	9.19504596220931	5.21327726955911
120	9.20106870902782	5.21365652378998
121	9.20703601483905	5.21402364006909
122	9.21294885808513	5.21437890556536
123	9.21880819187529	5.21472259878445
124	9.22461494484625	5.21505498989355
125	9.23037002198655	5.21537634103173
126	9.23607430542664	5.21568690660625
127	9.24172865519641	5.21598693357591
128	9.24733390995175	5.21627666172187
129	9.25289088767167	5.21655632390669
130	9.25840038632738	5.21682614632211
131	9.26386318452462	5.21708634872627
132	9.26928004212057	5.21733714467079
133	9.27465170081653	5.21757874171816
134	9.27997888472748	5.21781134165015
135	9.28526230092953	5.21803514066738
136	9.29050263998643	5.21825032958075
137	9.29570057645593	5.21845709399492
138	9.30085676937703	5.21865561448433
139	9.30597186273886	5.2188460667621
140	9.3110464859321	5.21902862184214
141	9.31608125418373	5.21920344619474
142	9.32107676897569	5.21937070189604
143	9.32603361844838	5.2195306078038
144	9.33095237778945	5.21969114826935
145	9.3358336096086	5.21984453829183
146	9.34067786429905	5.21999092425741
147	9.34548568038613	5.22013044881306
148	9.35025758486358	5.22026325098466
149	9.35499409351811	5.22038946629065
150	9.35969571124266	5.22050922685141
151	9.36436293233883	5.22062266149456
152	9.36899624080896	5.22072989585635
153	9.37359611063829	5.22083105247927
154	9.37816300606742	5.22092625090617
155	9.38269738185584	5.22101560777088
156	9.38719968353647	5.22109923688558
157	9.39167034766183	5.22117724932502
158	9.39610980204209	5.22124975350775
159	9.40051846597532	5.22131685527445
160	9.40489675047021	5.22137865796349
161	9.40924505846166	5.22143526248386
162	9.41356378501935	5.22148676738552
163	9.41785331754973	5.22153326892737
164	9.42211403599153	5.22157486114282
165	9.42634631300519	5.22161163590317
166	9.4305505141562	5.22164368297874
167	9.43472699809294	5.22167109009809
168	9.4388761167188	5.22169394300503
169	9.44299821535912	5.22171232551394
170	9.44709363292304	5.22172631956312
171	9.45116270206031	5.22173600526638
172	9.45520574931351	5.221741460963
173	9.45922309526554	5.221742763266
174	9.46321505468284	5.22173998710883
175	9.46718193665426	5.22173320579064
176	9.47112404472586	5.22172249101996
177	9.47504167703176	5.22170791295711
178	9.47893512642117	5.22168954025515
179	9.4828046805817	5.22166744009965
180	9.48665062215915	5.22164167824709
181	9.49047322887383	5.22161231906215
182	9.4942727736336	5.2215794255538
183	9.49804952464362	5.22154305941024
184	9.50180374551313	5.22150358402901
185	9.50553569535907	5.2214668175818
186	9.50924562890697	5.22142672886484
187	9.51293379658893	5.22138337486294
188	9.51660044463889	5.2213368113961
189	9.52024581518541	5.2212870931486
190	9.52387014634172	5.22123427369726
191	9.5274736722935	5.22117840553889
192	9.53105662338417	5.22111954011685
193	9.53461922619794	5.22105772784694
194	9.53816170364065	5.22099301814244
195	9.5416842750184	5.22092545943845
196	9.54518715611415	5.22085509921551
197	9.54867055926229	5.22078198402262
198	9.55213469342126	5.22070615949948
199	9.55557976424424	5.22062767039817
200	9.55900597414806	5.22054656060419
201	9.56241352238031	5.22046287315694
202	9.56580260508471	5.22037665026954
203	9.56917341536484	5.22028793334822
204	9.57252614334623	5.22019676301104
205	9.57586097623687	5.22010317910618
206	9.57917809838623	5.22000722072971
207	9.58247769134279	5.21990892624283
208	9.5857599339101	5.21980833328865
209	9.58902500220153	5.2197054788086
210	9.59227306969354	5.21960039905825
211	9.59550430727783	5.21949312962283
212	9.59871888331198	5.21938370543223
213	9.60191696366908	5.21927216077572
214	9.60509871178605	5.21915852931615
215	9.60826428871073	5.21904284410383
216	9.61141385314803	5.21892513759011
217	9.61454756150478	5.21880544164048
218	9.61766556793365	5.2186837875474
219	9.62076802437595	5.21856020604279
220	9.62385508060348	5.21843472731021
221	9.62692688425938	5.21830738099665
222	9.62998358089797	5.21817819622413
223	9.63302531402379	5.21804720160093
224	9.6360522251296	5.21791442523252
225	9.63906445373361	5.21777989473229
226	9.64206213741581	5.21764363723192
227	9.64504541185345	5.21750567939156
228	9.64801441085578	5.2173660474097
229	9.65096926639797	5.21722476703285
230	9.65391010865422	5.21708186356494
231	9.65683706603022	5.21693736187646
232	9.65975026519481	5.21679128641348
233	9.662649831111	5.21664366120633
234	9.66553588706621	5.21649450987812
235	9.66840855470197	5.2163478815473
236	9.67126795404288	5.21620087050977
237	9.67411420352494	5.21605238460086
238	9.67694742002331	5.2159024460223
239	9.67976771887944	5.2157510766068
240	9.68257521392763	5.21559829782543
241	9.68537001752098	5.21544413079478
242	9.68815224055684	5.21528859628405
243	9.6909219925017	5.2151317147219
244	9.69367938141553	5.21497350620315
245	9.69642451397564	5.21481399049533
246	9.69915749550001	5.2146531870451
247	9.70187842997014	5.21449111498449
248	9.70458742005343	5.21432779313699
249	9.70728456712513	5.21416324002355
250	9.70996997128973	5.21399747386837
251	9.71264373140204	5.21383051260463
252	9.71530594508774	5.21366237388005
253	9.71795670876357	5.2134930750623
254	9.72059611765705	5.21332263324436
255	9.72322426582592	5.21315106524969
256	9.72584124617698	5.21297838763733
257	9.72844715048479	5.21280461670684
258	9.73104206940979	5.21262976850319
259	9.73362609251625	5.21245385882149
260	9.73619930828965	5.21227690321166
261	9.73876180415393	5.21209891698293
262	9.74131366648821	5.21191991520832
263	9.74385498064336	5.21173991272895
264	9.74638583095807	5.21155892415835
265	9.74890630077478	5.21137696388657
266	9.75141647245513	5.21119404608424
267	9.75391642739525	5.21101018470661
268	9.7564062460407	5.2108253934974
269	9.75888600790108	5.21063968599262
270	9.76135579156446	5.21045307552429
271	9.76381567471144	5.21026557522415
272	9.76626573412902	5.21007719802717
273	9.76870604572411	5.20988795667506
274	9.77113668453693	5.20969786371974
275	9.773557724754	5.20950693152665
276	9.775969239721	5.20931517227805
277	9.77837130195536	5.20912259797624
278	9.78076398315857	5.2089292204467
279	9.78314735422832	5.20873505134119
280	9.78552148527045	5.20854010214076
281	9.78788644561052	5.2083443841587
282	9.79024230380538	5.20814790854345
283	9.79258912765435	5.20795068628145
284	9.79492698421033	5.2077527281999
285	9.79725593979061	5.20755404496952
286	9.79957605998755	5.20735464710715
287	9.80188740967902	5.20715454497845
288	9.80419005303872	5.20695374880041
289	9.80648405354622	5.2067522686439
290	9.80876947399692	5.20655011443609
291	9.81104637651175	5.2063472959629
292	9.81331482254677	5.20614382287135
293	9.81557487290254	5.20593970467187
294	9.81782658773339	5.20573495074061
295	9.82007002655644	5.20552957032164
296	9.82230524826057	5.20532623638473
297	9.82453231111513	5.20512379946444
298	9.82675127277858	5.20492075177444
299	9.82896219030694	5.20471710211781
300	9.8311651201621	5.20451285917549
301	9.83336011821998	5.20430803150824
302	9.8355472397786	5.2041026275586
303	9.83772653956593	5.20389665565282
304	9.83989807174769	5.20369012400272
305	9.84206188993496	5.20348304070755
306	9.84421804719167	5.20327541375578
307	9.84636659604202	5.20306725102686
308	9.84850758847766	5.20285856029301
309	9.85064107596491	5.20264934922088
310	9.8527671094517	5.20243962537324
311	9.8548857393745	5.20222939621062
312	9.85699701566512	5.20201866909293
313	9.85910098775732	5.20180745128107
314	9.86119770459345	5.2015957499384
315	9.86328721463085	5.20138357213238
316	9.86536956584819	5.20117092483596
317	9.8674448057518	5.20095781492913
318	9.8695129813817	5.20074424920032
319	9.87157413931773	5.20053023434783
320	9.87362832568547	5.20031577698121
321	9.87567558616209	5.20010088362266
322	9.87771596598212	5.19988556070833
323	9.87974950994309	5.19966981458965
324	9.88177626241115	5.19945365153464
325	9.88379626732653	5.19923707772917
326	9.88580956820896	5.19902009927819
327	9.88781620816296	5.19880272220699
328	9.8898162298831	5.19858495246238
329	9.89180967565916	5.19836679591387
330	9.89379658738116	5.19814825835485
331	9.89577700654437	5.19792934550371
332	9.89775097425428	5.19771006300499
333	9.89971853123136	5.19749041643045
334	9.90167971781585	5.19727041128017
335	9.90363457397248	5.1970500529836
336	9.90558313929505	5.19682934690062
337	9.90752545301103	5.19660829832258
338	9.90946155398596	5.19638691247326
339	9.91139148072796	5.19616519450991
340	9.91331527139199	5.1959431495242
341	9.91523296378417	5.1957207825432
342	9.91714459536601	5.19549809853029
343	9.91905020325851	5.1952751023861
344	9.92094982424631	5.19505179894944
345	9.92284349478168	5.19482819299818
346	9.92473125098849	5.19460428925009
347	9.92661312866615	5.19438009236379
348	9.92848916329341	5.19415560693952
349	9.93035939003221	5.19393083752001
350	9.93222384373139	5.19370578859131
351	9.93408255893039	5.19348046458359
352	9.93593556986286	5.19325486987191
353	9.93778291046025	5.19302900877706
354	9.93962461435534	5.19280288556625
355	9.94146071488573	5.19257650445395
356	9.9432912450972	5.19234986960256
357	9.94511623774718	5.19212298512319
358	9.94693572530799	5.19189585507636
359	9.9487497399702	5.1916684834727
360	9.95055831364579	5.19144087427368
361	9.95236147797135	5.19121303139224
362	9.9541592643113	5.19098495869353
363	9.95595170376085	5.1907566599955
364	9.95773882714918	5.19052813906962
365	9.95952066504238	5.19029939964148
366	9.96129724774644	5.19007044539143
367	9.96306860531016	5.1898412799552
368	9.96483476752805	5.18961190692454
369	9.96659576394318	5.18938232984776
370	9.96835162384997	5.18915549102243
371	9.97010237629696	5.18892893023988
372	9.97184805008954	5.18870216838345
373	9.97358867379266	5.1884752088687
374	9.97532427573345	5.18824805507038
375	9.97705488400385	5.18802071032302
376	9.97878052646321	5.18779317792143
377	9.9805012307408	5.18756546112128
378	9.98221702423837	5.18733756313957
379	9.98392793413257	5.18710948715518
380	9.98563398737746	5.18688123630937
381	9.98733521070686	5.18665281370628
382	9.98903163063675	5.18642422241342
383	9.99072327346765	5.18619546546216
384	9.99241016528689	5.18596654584819
385	9.99409233197091	5.18573746653202
386	9.99576979918752	5.18550823043942
387	9.99744259239811	5.18527884046187
388	9.99911073685989	5.18504929945705
389	10.000774257628	5.18481961024923
390	10.0024331795576	5.18458977562973
391	10.0040875273062	5.18435979835734
392	10.0057373253354	5.18412968115878
393	10.0073825979133	5.18389942672904
394	10.0090233691163	5.18366903773187
395	10.0106596628311	5.18343851680013
396	10.0122915027569	5.18320786653622
397	10.0139189124069	5.18297708951244
398	10.0155419151109	5.1827461882714
399	10.0171605340164	5.1825151653264
400	10.0187747920912	5.18228402316179
401	10.0203847121249	5.18205276423335
402	10.0219903167305	5.18182139096864
403	10.0235916283468	5.18158990576738
404	10.0251886692396	5.18135831100179
405	10.0267814615039	5.18112660901694
406	10.0283700270653	5.18089480213107
407	10.0299543876821	5.18066289263597
408	10.0315345649463	5.1804308827973
409	10.0331105802862	5.18019877485489
410	10.0346824549674	5.17996657102308
411	10.0362502100944	5.17973427349106
412	10.0378138666128	5.17950188442316
413	10.0393734453102	5.17926940595916
414	10.0409289668183	5.17903684021459
415	10.0424804516139	5.17880418928105
416	10.0440279200212	5.17857145522651
417	10.0455713922126	5.17833864009557
418	10.0471108882104	5.17810574590978
419	10.0486464278886	5.17787277466788
420	10.0501780309738	5.17763972834616
421	10.0517057170473	5.17740660889865
422	10.0532295055458	5.17717341825743
423	10.0547494157634	5.17694015833292
424	10.0562654668526	5.17670683101409
425	10.057777677826	5.17647343816878
426	10.0592860675573	5.17623998164391
427	10.0607906547831	5.17600646326574
428	10.0622914581036	5.17577288484018
429	10.0637884959844	5.17553924815294
430	10.0652817867578	5.17530555496984
431	10.0667713486236	5.17507180703703
432	10.0682571996509	5.17483800608123
433	10.0697393577792	5.17460415380996
434	10.0712178408193	5.17437025191176
435	10.072692666455	5.17413630205645
436	10.0741638522439	5.17390230589531
437	10.0756314156188	5.17366826506133
438	10.077095373889	5.17343418116941
439	10.0785557442411	5.1732000558166
440	10.0800125437404	5.17296589058228
441	10.0814657893321	5.17273168702841
442	10.0829154978421	5.17249744669966
443	10.0843616859784	5.17226317112372
444	10.0858043703321	5.17202886181141
445	10.0872435673786	5.17179452025691
446	10.0886792934783	5.17156014793799
447	10.0901115648781	5.17132574631613
448	10.0915403977122	5.17109131683676
449	10.0929658080031	5.17085686092946
450	10.0943878116629	5.17062238000809
451	10.095806424494	5.17038787547102
452	10.0972216621901	5.1701533487013
453	10.0986335403377	5.16991880106681
454	10.1000420744161	5.16968423392048
455	10.1014472797995	5.16944964860043
456	10.102849171757	5.16921504643015
457	10.1042477654542	5.16898042871866
458	10.1056430759538	5.16874725943429
459	10.1070351182164	5.16851543237997
460	10.1084239071019	5.1682835886493
461	10.1098094573701	5.1680517295142
462	10.1111917836813	5.16781985623281
463	10.1125709005978	5.16758797004967
464	10.1139468225843	5.16735607219588
465	10.115319564009	5.16712416388921
466	10.1166891391442	5.16689224633431
467	10.1180555621677	5.16666032072281
468	10.1194188471628	5.16642838823349
469	10.1207790081199	5.16619645003243
470	10.1221360589368	5.16596450727313
471	10.1234900134198	5.16573256109667
472	10.1248408852845	5.16550061263184
473	10.1261886881562	5.16526866299529
474	10.1275334355712	5.16503671329165
475	10.1288751409773	5.16480476461367
476	10.1302138177346	5.16457281804236
477	10.1315494791163	5.16434087464711
478	10.1328821383093	5.16410893548582
479	10.1342118084152	5.16387700160505
480	10.1355385024508	5.1636450740401
481	10.136862233349	5.16341315381519
482	10.1381830139593	5.16318124194352
483	10.1395008570488	5.16294933942744
484	10.1408157753025	5.16271744725858
485	10.1421277813245	5.1624855664179
486	10.1434368876383	5.16225369787588
487	10.1447431066876	5.16202184259259
488	10.146046450837	5.16179000151782
489	10.1473469323726	5.16155817559121
490	10.1486445635028	5.1613263657423
491	10.1499393563587	5.16109457289074
492	10.1512313229951	5.16086279794627
493	10.1525204753907	5.16063104180897
494	10.1538068254491	5.16039930536924
495	10.1550903849994	5.16016758950798
496	10.1563711657965	5.15993589509665
497	10.157649179522	5.15970422299743
498	10.1589244377849	5.15947257406324
499	10.1601969521217	5.1592409491379
500	10.1614667339975	5.15900934905623
501	10.1627337948066	5.15877777464408
502	10.1639981458725	5.15854622671852
503	10.1652597984493	5.15831470608786
504	10.1665187637214	5.15808321355177
505	10.1677750528048	5.1578517499014
506	10.1690286767474	5.1576203159194
507	10.1702796465293	5.1573889123801
508	10.1715279730636	5.15715754004953
509	10.1727736671971	5.15692619968553
510	10.1740167397104	5.15669489203784
511	10.1752572013188	5.1564636178482
512	10.1764950626727	5.1562323778504
513	10.1777303343581	5.15600117277039
514	10.1789630268971	5.15577000332636
515	10.1801931507484	5.15553887022881
516	10.181420716308	5.15530777418064
517	10.1826457339094	5.15507671587724
518	10.1838682138244	5.15484569600656
519	10.1850881662631	5.15461471524915
520	10.1863056013752	5.15438377427832
521	10.1875205292495	5.15415287376015
522	10.1887329599154	5.15392201435357
523	10.1899429033423	5.15369119671048
524	10.191150369441	5.15346042147577
525	10.1923553680636	5.15322968928741
526	10.1935579090042	5.15299900077656
527	10.1947580019992	5.15276835656758
528	10.195955656728	5.15253775727814
529	10.197150882813	5.15230720351927
530	10.1983436898207	5.15207669589545
531	10.1995340872613	5.15184623500466
532	10.20072208459	5.15161582143845
533	10.2019076912067	5.15138545578201
534	10.2030909164569	5.15115513861424
535	10.204271769632	5.15092487050778
536	10.2054502599695	5.15069465202915
537	10.2066263966536	5.15046448373873
538	10.2078001888158	5.15023436619087
539	10.2089716455348	5.15000429993394
540	10.2101407758374	5.1497742855104
541	10.2113075886987	5.14954432345683
542	10.2124720930422	5.14931441430404
543	10.2136342977409	5.14908455857708
544	10.2147942116168	5.14885475679533
545	10.2159518434421	5.14862500947254
546	10.2171072019389	5.1483953171169
547	10.2182602957803	5.1481656802311
548	10.2194111335899	5.14793609931235
549	10.2205597239428	5.14770657485249
550	10.221706075366	5.147477107338
551	10.2228501963381	5.14724769725007
552	10.2239920952906	5.14701834506467
553	10.2251317806074	5.14678905125258
554	10.2262692606256	5.14655981627942
555	10.2274045436359	5.14633064060578
556	10.2285376378826	5.14610152468719
557	10.2296685515641	5.1458724689742
558	10.2307972928336	5.14564347391245
559	10.2319238697988	5.14541453994269
560	10.2330482905227	5.14518566750084
561	10.2341705630237	5.14495685701805
562	10.235290695276	5.14472810892071
563	10.23640869521	5.14450059658251
564	10.2375245707124	5.14427431394381
565	10.2386383296268	5.14404809156207
566	10.2397499797537	5.14382192985584
567	10.2408595288513	5.14359582923908
568	10.2419669846351	5.14336979012126
569	10.2430723547789	5.14314381290739
570	10.2441756469145	5.14291789799807
571	10.2452768686327	5.14269204578948
572	10.2463760274827	5.14246625667351
573	10.2474731309734	5.14224053103774
574	10.2485681865729	5.1420148692655
575	10.249661201709	5.14178927173592
576	10.2507521837697	5.14156373882395
577	10.2518411401034	5.14133827090043
578	10.2529280780189	5.14111286833211
579	10.2540130047862	5.14088753148169
580	10.2550959276362	5.14066226070787
581	10.2561768537614	5.14043705636539
582	10.257255790316	5.14021191880504
583	10.2583327444163	5.13998684837374
584	10.2594077231407	5.13976184541455
585	10.2604807335301	5.13953691026672
586	10.2615517825885	5.13931204326573
587	10.2626208772825	5.13908724474329
588	10.2636880245424	5.13886251502745
589	10.2647532312619	5.13863785444255
590	10.2658165042986	5.13841326330933
591	10.2668778504739	5.1381887419449
592	10.2679372765739	5.13796429066283
593	10.2689947893491	5.13773990977316
594	10.2700503955147	5.13751559958243
595	10.2711041017511	5.13729136039372
596	10.272155914704	5.13706719250667
597	10.2732058409845	5.13684309621756
598	10.2742538871697	5.13661907181926
599	10.2753000598025	5.13639511960136
600	10.2763443653921	5.1361712398501
601	10.2773868104142	5.13594743284851
602	10.2784274013111	5.13572369887634
603	10.2794661444922	5.13550003821014
604	10.280503046334	5.13527645112333
605	10.2815381131801	5.13505293788613
606	10.2825713513421	5.13482949876568
607	10.2836027670992	5.13460613402603
608	10.2846323666987	5.13438284392817
609	10.285660156356	5.13415962873008
610	10.2866861422551	5.13393648868673
611	10.2877103305486	5.13371342405012
612	10.2887327273581	5.13349043506931
613	10.2897533387742	5.13326752199048
614	10.2907721708567	5.13304468505688
615	10.2917892296351	5.13282192450892
616	10.2928045211085	5.1325992405842
617	10.2938180512459	5.1323766335175
618	10.2948298259864	5.13215410354081
619	10.2958398512395	5.1319316508834
620	10.2968481328851	5.13170927577179
621	10.2978546767737	5.13148697842982
622	10.298859488727	5.13126475907864
623	10.2998625745375	5.13104261793677
624	10.300863939969	5.13082055522009
625	10.301863590757	5.1305985711419
626	10.3028615326083	5.1303766659129
627	10.3038577712018	5.13015483974127
628	10.3048523121882	5.12993309283264
629	10.3058451611908	5.12971142539016
630	10.3068363238047	5.12948983761447
631	10.307825805598	5.12926832970379
632	10.3088136121114	5.12904690185389
633	10.3097997488585	5.12882555425812
634	10.310784221326	5.12860428710747
635	10.3117670349739	5.12838310059054
636	10.3127481952356	5.12816199489359
637	10.3137277075181	5.12794097020058
638	10.3147055772022	5.12772002669314
639	10.3156818096426	5.12749916455066
640	10.3166564101683	5.12727838395023
641	10.3176293840823	5.12705768506673
642	10.3186007366621	5.12683706807283
643	10.3195704731601	5.12661653313899
644	10.3205385988031	5.1263960804335
645	10.321505118793	5.1261757101225
646	10.3224700383069	5.12595542236999
647	10.3234333624968	5.12573521733788
648	10.3243950964904	5.12551509518594
649	10.325355245391	5.12529505607191
650	10.3263138142773	5.12507510015144
651	10.3272708082042	5.12485522757817
652	10.3282262322024	5.1246354385037
653	10.3291800912789	5.12441573307765
654	10.3301323904168	5.12419611144764
655	10.331083134576	5.12397657375935
656	10.3320323286928	5.12375712015649
657	10.3329799776803	5.12353775078086
658	10.3339260864284	5.12331846577234
659	10.3348706598043	5.12309926526894
660	10.3358137026521	5.12288014940677
661	10.3367552197935	5.1226611183201
662	10.3376952160274	5.12244217214135
663	10.3386336961306	5.12222331100113
664	10.3395706648575	5.12200453502823
665	10.3405061269403	5.12178584434966
666	10.3414400870893	5.12156723909065
667	10.3423725499932	5.12134871937469
668	10.3433035203185	5.12113028532349
669	10.3442330027105	5.12091193705709
670	10.3451610017931	5.12069367469378
671	10.3460875221685	5.12047549835018
672	10.3470125684182	5.1202574081412
673	10.3479361451022	5.12003940418013
674	10.34885825676	5.11982148657858
675	10.3497789079099	5.11960365544656
676	10.3506981030499	5.11938591089242
677	10.3516158466571	5.11916825302294
678	10.3525321431885	5.1189506819433
679	10.3534469970807	5.11873319775712
680	10.35436041275	5.11851580056644
681	10.3552723945927	5.11829849047176
682	10.3561829469852	5.11808126757207
683	10.3570920742843	5.11786413196482
684	10.3579997808266	5.11764708374597
685	10.3589060709297	5.11743012300997
686	10.3598109488912	5.11721324984983
687	10.3607144189899	5.11699744725256
688	10.3616164854848	5.11678270377585
689	10.3625171526163	5.1165680458203
690	10.3634164246055	5.11635347347916
691	10.3643143056546	5.11613898684419
692	10.3652107999473	5.11592458600577
693	10.3661059116484	5.11571027105284
694	10.3669996449041	5.11549604207297
695	10.3678920038423	5.11528189915233
696	10.3687829925726	5.11506784237574
697	10.3696726151862	5.11485387182664
698	10.3705608757563	5.11463998758712
699	10.3714477783381	5.11442618973797
700	10.3723333269688	5.11421247835862
701	10.3732175256679	5.11399885352722
702	10.374100378437	5.11378531532061
703	10.3749818892605	5.11357186381433
704	10.3758620621049	5.11335849908267
705	10.3767409009195	5.11314522119865
706	10.3776184096362	5.11293203023401
707	10.3784945921699	5.1127189262593
708	10.3793694524182	5.11250590934379
709	10.3802429942618	5.11229297955557
710	10.3811152215646	5.1120801369615
711	10.3819861381735	5.11186738162725
712	10.3828557479189	5.1116547136173
713	10.3837240546144	5.11144213299496
714	10.3845910620572	5.11122963982238
715	10.3854567740282	5.11101723416054
716	10.3863211942918	5.11080491606929
717	10.3871843265962	5.11059268560733
718	10.3880461746735	5.11038054283226
719	10.3889067422397	5.11016848780055
720	10.3897660329951	5.10995652056756
721	10.3906240506237	5.10974464118758
722	10.3914807987941	5.10953284971379
723	10.3923362811591	5.10932114619831
724	10.3931905013559	5.10910953069219
725	10.3940434630062	5.10889800324543
726	10.3948951697162	5.10868656390699
727	10.3957456250769	5.10847521272477
728	10.396594832664	5.10826394974566
729	10.3974427960381	5.10805277501554
730	10.3982895187446	5.10784168857926
731	10.3991350043141	5.10763069048068
732	10.399979256262	5.10741978076268
733	10.4008222780893	5.10720895946714
734	10.4016640732819	5.10699822663498
735	10.4025046453111	5.10678758230615
736	10.4033439976338	5.10657702651964
737	10.4041821336923	5.10636655931349
738	10.4050190569145	5.10615618072482
739	10.4058547707139	5.1059458907898
740	10.4066892784899	5.10573568954369
741	10.4075225836276	5.10552557702083
742	10.408354689498	5.10531555325464
743	10.4091855994581	5.10510561827768
744	10.410015316851	5.10489577212158
745	10.410843845006	5.10468601481711
746	10.4116711872384	5.10447634639417
747	10.41249734685	5.10426676688177
748	10.4133223271288	5.10405727630809
749	10.4141461313494	5.10384787470044
750	10.4149687627727	5.10363856208529
751	10.4157902246465	5.10342933848828
752	10.4166105202049	5.10322020393423
753	10.417429652669	5.10301115844711
754	10.4182476252465	5.10280220205011
755	10.4190644411322	5.10259333476559
756	10.4198801035077	5.10238455661513
757	10.4206946155415	5.10217586761949
758	10.4215079803894	5.10196726779868
759	10.4223202011944	5.10175875717192
760	10.4231312810865	5.10155033575764
761	10.423941223183	5.10134200357353
762	10.4247500305889	5.1011337606365
763	10.4255577063962	5.10092560696275
764	10.4263642536846	5.1007175425677
765	10.4271696755215	5.10050956746603
766	10.4279739749617	5.10030168167172
767	10.4287771550477	5.100093885198
768	10.42957921881	5.0998861780574
769	10.4303801692667	5.09967856026173
770	10.4311800094238	5.0994710318221
771	10.4319787422755	5.09926359274891
772	10.4327763708037	5.09905624305188
773	10.4335728979786	5.09884898274004
774	10.4343683267584	5.09864181182176
775	10.4351626600897	5.09843473030469
776	10.4359559009072	5.09822773819586
777	10.436748052134	5.09802083550161
778	10.4375391166816	5.09781402222765
779	10.43832909745	5.097607298379
780	10.4391179973276	5.09740066396008
781	10.4399058191915	5.09719411897465
782	10.4406925659073	5.09698766342584
783	10.4414782403295	5.09678129731615
784	10.4422628453012	5.09657502064746
785	10.4430463836542	5.09636883342104
786	10.4438288582096	5.09616273563756
787	10.4446102717769	5.09595672729706
788	10.445390627155	5.095750808399
789	10.4461699271316	5.09554497894224
790	10.4469481744837	5.09533923892505
791	10.4477253719773	5.09513358834512
792	10.4485015223676	5.09492802719957
793	10.4492766283993	5.09472255548494
794	10.4500506928061	5.0945171731972
795	10.4508237183113	5.09431188033176
796	10.4515957076276	5.09410667688347
797	10.4523666634572	5.09390156284664
798	10.4531365884918	5.09369653821502
799	10.4539054854127	5.09349160298183
800	10.4546733568908	5.09328675713974
801	10.4554402055869	5.09308200068089
802	10.4562060341514	5.09287733359691
803	10.4569708452244	5.09267275587887
804	10.4577346414361	5.09246826751738
805	10.4584974254066	5.09226386850247
806	10.4592591997457	5.09205955882371
807	10.4600199670534	5.09185533847015
808	10.4607797299199	5.09165120743033
809	10.4615384909252	5.09144716569232
810	10.4622962526397	5.09124321324369
811	10.463053017624	5.0910393500715
812	10.4638087884289	5.09083557616235
813	10.4645635675954	5.09063189150238
814	10.4653173576551	5.09042829607723
815	10.4660701611299	5.09022478987207
816	10.4668219805321	5.09002137287163
817	10.4675728183645	5.08981804506016
818	10.4683226771207	5.08961480642147
819	10.4690715592846	5.08941165693889
820	10.4698194673309	5.08920859659534
821	10.4705664037249	5.08900562537327
822	10.4713123709228	5.08880274325471
823	10.4720573713714	5.08859995022124
824	10.4728014075085	5.088397246254
825	10.4735444817626	5.08819463133373
826	10.4742865965533	5.08799210544074
827	10.4750277542911	5.0877896685549
828	10.4757679573774	5.08758732065568
829	10.4765072082049	5.08738506172214
830	10.4772455091573	5.08718289173294
831	10.4779828626092	5.0869808106663
832	10.4787192709268	5.08677886151796
833	10.4794547364672	5.08657860119971
834	10.4801892615791	5.0863784281155
835	10.4809228486021	5.08617834224545
836	10.4816554998675	5.08597834356932
837	10.4823872176979	5.08577843206642
838	10.4831180044073	5.08557860771572
839	10.4838478623013	5.08537887049578
840	10.4845767936768	5.08517922038478
841	10.4853048008226	5.08497965736053
842	10.4860318860189	5.08478018140045
843	10.4867580515375	5.08458079248159
844	10.487483299642	5.08438149058064
845	10.4882076325878	5.08418227567393
846	10.4889310526219	5.0839831477374
847	10.4896535619832	5.08378410674667
848	10.4903751629024	5.08358515267697
849	10.4910958576023	5.08338628550319
850	10.4918156482973	5.08318750519988
851	10.492534537194	5.08298881174124
852	10.493252526491	5.08279020510112
853	10.4939696183788	5.08259168525304
854	10.4946858150401	5.08239325217017
855	10.4954011186497	5.08219490582537
856	10.4961155313745	5.08199664619114
857	10.4968290553738	5.08179847323969
858	10.4975416927988	5.08160038694287
859	10.4982534457933	5.08140238727223
860	10.4989643164932	5.08120447419901
861	10.4996743070269	5.0810066476941
862	10.5003834195149	5.08080890772812
863	10.5010916560705	5.08061125427136
864	10.5017990187991	5.0804136872938
865	10.5025055097989	5.08021620676513
866	10.5032111311604	5.08001881265473
867	10.5039158849667	5.07982150493168
868	10.5046197732936	5.07962428356479
869	10.5053227982094	5.07942714852254
870	10.5060249617751	5.07923009977315
871	10.5067262660444	5.07903313728454
872	10.5074267130639	5.07883626102435
873	10.5081263048727	5.07863947095996
874	10.5088250435029	5.07844276705842
875	10.5095229309792	5.07824614928656
876	10.5102199693195	5.0780496176109
877	10.5109161605343	5.07785317199771
878	10.5116115066273	5.07765681241299
879	10.5123060095948	5.07746053882246
880	10.5129996714265	5.07726435119159
881	10.513692494105	5.0770682494856
882	10.5143844796057	5.07687223366942
883	10.5150756298975	5.07667630370776
884	10.5157659469423	5.07648045956506
885	10.5164554326949	5.07628470120551
886	10.5171440891036	5.07608902859305
887	10.5178319181099	5.0758934416914
888	10.5185189216484	5.07569794046399
889	10.5192051016471	5.07550252487405
890	10.5198904600273	5.07530719488456
891	10.5205749987036	5.07511195045826
892	10.5212587195839	5.07491679155765
893	10.5219416245698	5.07472171814501
894	10.5226237155561	5.0745267301824
895	10.5233049944311	5.07433182763163
896	10.5239854630767	5.07413701045431
897	10.5246651233681	5.07394227861179
898	10.5253439771743	5.07374763206525
899	10.5260220263578	5.07355307077561
900	10.5266992727747	5.0733585947036
901	10.5273757182747	5.07316420380972
902	10.5280513647014	5.07296989805428
903	10.5287262138917	5.07277567739734
904	10.5294002676767	5.07258154179881
905	10.5300735278809	5.07238749121834
906	10.5307459963227	5.07219352561542
907	10.5314176748144	5.0719996449493
908	10.532088565162	5.07180584917907
909	10.5327586691654	5.07161213826359
910	10.5334279886186	5.07141851216154
911	10.5340965253092	5.07122497083142
912	10.5347642810191	5.0710315142315
913	10.5354312575239	5.07083814231991
914	10.5360974565933	5.07064485505455
915	10.536762879991	5.07045165239316
916	10.5374275294749	5.07025853429329
917	10.5380914067969	5.07006550071231
918	10.5387545137029	5.06987255160741
919	10.5394168519331	5.06967968693559
920	10.5400784232219	5.06948690665369
921	10.5407392292977	5.06929421071837
922	10.5413992718832	5.06910159908612
923	10.5420585526955	5.06890907171326
924	10.5427170734457	5.06871662855594
925	10.5433748358394	5.06852426957014
926	10.5440318415765	5.06833199471166
927	10.544688092351	5.06813980393618
928	10.5453435898517	5.06794769719918
929	10.5459983357614	5.06775567445599
930	10.5466523317575	5.06756373566178
931	10.5473055795119	5.06737188077158
932	10.5479580806908	5.06718010974023
933	10.548609836955	5.06698842252247
934	10.5492608499599	5.06679681907282
935	10.5499111213552	5.06660529934572
936	10.5505606527853	5.0664138632954
937	10.5512094458893	5.066222510876
938	10.5518575023007	5.06603124204146
939	10.5525048236478	5.06584005674562
940	10.5531514115535	5.06564895494215
941	10.5537972676353	5.06545793658459
942	10.5544423935055	5.06526700162636
943	10.5550867907712	5.0650761500207
944	10.5557304610341	5.06488538172075
945	10.5563734058906	5.06469469667949
946	10.5570156269323	5.0645040948498
947	10.5576571257451	5.0643135761844
948	10.5582979039101	5.06412314063589
949	10.5589379630032	5.06393278815674
950	10.559577304595	5.06374251869928
951	10.5602159302512	5.06355233221576
952	10.5608538415324	5.06336222865824
953	10.5614910399941	5.06317220797871
954	10.5621275271868	5.06298227012902
955	10.562763304656	5.06279241506089
956	10.5633983739422	5.06260264272593
957	10.5640327365809	5.06241295307565
958	10.5646663941027	5.06222334606141
959	10.5652993480333	5.06203382163448
960	10.5659315998934	5.06184437974602
961	10.5665631511991	5.06165502034705
962	10.5671940034612	5.06146574338851
963	10.5678241581861	5.06127654882121
964	10.568453616875	5.06108743659587
965	10.5690823810246	5.06089840666308
966	10.5697104521267	5.06070945897336
967	10.5703378316684	5.06052059347708
968	10.5709645211319	5.06033181012455
969	10.5715905219948	5.06014310886595
970	10.5722158357301	5.05995448965137
971	10.572840463806	5.0597659524308
972	10.573464407686	5.05957749715413
973	10.5740876688291	5.05938912377117
974	10.5747102486896	5.0592008322316
975	10.5753321487172	5.05901262248504
976	10.5759533703571	5.05882449448099
977	10.5765739150498	5.05863644816888
978	10.5771937842314	5.05844848349803
979	10.5778129793333	5.05826060041769
980	10.5784315017826	5.058072798877
981	10.5790493530019	5.05788507882504
982	10.5796665344091	5.05769744021076
983	10.5802830474179	5.05750988298308
984	10.5808988934374	5.05732240709079
985	10.5815140738725	5.05713501248262
986	10.5821285901236	5.05694769910721
987	10.5827424435866	5.05676046691313
988	10.5833556356531	5.05657331584885
989	10.5839681677106	5.05638624586278
990	10.5845800411419	5.05619925690325
991	10.5851912573258	5.0560123489185
992	10.5858018176368	5.05582552185671
993	10.5864117234448	5.05563877566597
994	10.5870209761159	5.05545211029431
995	10.5876295770117	5.05526552568969
996	10.5882375274897	5.05507902179997
997	10.588844828903	5.05489259857299
998	10.5894514826008	5.05470625595646
999	10.590057489928	5.05451999389807
1000	10.5907813509448	5.05436439033522
1001	10.5912675708293	5.05414771124606
