1	1.11018075174415e-05	4.23711840091894e-10
2	3.17799861114326e-05	7.8709738356731e-10
3	5.45730660757311e-05	1.03451389563644e-09
4	7.88408381761377e-05	1.28574400183163e-09
5	0.000103869272709075	1.43924903896638e-09
6	0.000129255737437247	1.63936241239803e-09
7	0.000154757576148438	1.74078447389674e-09
8	0.000180222981332769	1.82216271386548e-09
9	0.000205555030742521	1.98092797938962e-09
10	0.000230691403956183	2.03644076259412e-09
11	0.00025559228214971	2.08120357272376e-09
12	0.000280232821154608	2.11718161779736e-09
13	0.000304598314143011	2.14592082144523e-09
14	0.00032868100054979	2.27315014978886e-09
15	0.00035247791567429	2.29171649041659e-09
16	0.000375989415988348	2.30586531946813e-09
17	0.000399218153173926	2.31628635425182e-09
18	0.000422168351938041	2.32354845661862e-09
19	0.000444845296900984	2.32812398169736e-09
20	0.00046725496544536	2.44005879384454e-09
21	0.00048940376373017	2.4403971749721e-09
22	0.000511298336402442	2.43897603694209e-09
23	0.000532945429438661	2.4360440701448e-09
24	0.00055435179158551	2.43181316902563e-09
25	0.000575524104023301	2.42646459118671e-09
26	0.000596468930770392	2.42015395192234e-09
27	0.000617192684388003	2.4130152998976e-09
28	0.000637701602998843	2.51573232622886e-09
29	0.000658001735679253	2.50688063838126e-09
30	0.000678098934043319	2.49748021250529e-09
31	0.000697998848392751	2.48761047691178e-09
32	0.000717706927215106	2.47734075434122e-09
33	0.000737228419116019	2.46673166836632e-09
34	0.000756568376497414	2.45583633091811e-09
35	0.000775731660463013	2.44470134883303e-09
36	0.000794722946560042	2.43336768008965e-09
37	0.000813546731062747	2.42187136467906e-09
38	0.000832207337576477	2.41024415049388e-09
39	0.000850708923796765	2.50629901266542e-09
40	0.000869055488300482	2.49396004722246e-09
41	0.000887250877278549	2.48156215540931e-09
42	0.000905298791144381	2.46912546967922e-09
43	0.000923202790971548	2.4566677782514e-09
44	0.000940966304728112	2.44420479894284e-09
45	0.000958592633286756	2.43175041809449e-09
46	0.000976084956197599	2.41931689949958e-09
47	0.0010627836436823	2.4069150674836e-09
48	0.00108122351706237	2.39455446765527e-09
49	0.0010995295044854	2.38224350832215e-09
50	0.00111770454360947	2.36998958512383e-09
51	0.00113575146939446	2.3577991910665e-09
52	0.00115367301873813	2.34567801383078e-09
53	0.00117147183488102	2.4361960248179e-09
54	0.00118915047158951	2.4237015209154e-09
55	0.00120671139712709	2.41129289481113e-09
56	0.00122415699802326	2.39897352556944e-09
57	0.00124148958265037	2.38674631152578e-09
58	0.00125871138461768	2.37461372041005e-09
59	0.00127582456599228	2.36257783410709e-09
60	0.00129283122035575	2.35064038867407e-09
61	0.00130973337570567	2.3388028101563e-09
62	0.00132653299721002	2.32706624667607e-09
63	0.00134323198982264	2.3154315972103e-09
64	0.0013598322007675	2.30389953742302e-09
65	0.00137633542189868	2.29247054287423e-09
66	0.00139274339194342	2.28114490988904e-09
67	0.00140905779863417	2.26992277433753e-09
68	0.00142528028073637	2.25880412854672e-09
69	0.0014414124299771	2.24778883654093e-09
70	0.00145745579288072	2.33307546121153e-09
71	0.00147341187251621	2.32180115449482e-09
72	0.00148928213016113	2.31063355443424e-09
73	0.00150506798688696	2.29957211394875e-09
74	0.00152077082506989	2.28861621114722e-09
75	0.00153639198983123	2.2777651579393e-09
76	0.00155193279041124	2.2670182078213e-09
77	0.00156739450147993	2.25637456291783e-09
78	0.00158277836438818	2.2458333803517e-09
79	0.0015980855883625	2.23539377800724e-09
80	0.00161331735164609	2.22505483974502e-09
81	0.00162847480258953	2.21481562012062e-09
82	0.0016435590606931	2.20467514865422e-09
83	0.00165857121760379	2.19463243369364e-09
84	0.00167351233806915	2.18468646590865e-09
85	0.00168838346084984	2.17483622145116e-09
86	0.00170318559959374	2.1650806648121e-09
87	0.00171791974367271	2.15541875140312e-09
88	0.0017325868589845	2.14584942988827e-09
89	0.00174718788872127	2.13637164428864e-09
90	0.00176172375410638	2.12698433588052e-09
91	0.00177619535510106	2.20684248207866e-09
92	0.0017906035710825	2.19724522210411e-09
93	0.00180494926149442	2.18773893835988e-09
94	0.00181923326647194	2.17832253223364e-09
95	0.00183345640744155	2.16899490953958e-09
96	0.00184761948769754	2.15975498155789e-09
97	0.00186172329295601	2.15060166596295e-09
98	0.00187576859188744	2.14153388765033e-09
99	0.00188975613662876	2.13255057947157e-09
100	0.00188689695869734	2.12833865052687e-09
101	0.00191756089235892	2.11483314853033e-09
102	0.00193137952929602	2.10609693673273e-09
103	0.00194514326483522	2.09744101794479e-09
104	0.00195885277547632	2.08886437312963e-09
105	0.00197250872387889	2.08036599409192e-09
106	0.00198611175925497	2.07194488376096e-09
107	0.00199966251774796	2.06360005643024e-09
108	0.00201316162279761	2.05533053795743e-09
109	0.00202660968549236	2.04713536592833e-09
110	0.00204000730490905	2.03901358978815e-09
111	0.00205335506844088	2.0309642709432e-09
112	0.00206665355211388	2.02298648283553e-09
113	0.00207990332089262	2.01507931099318e-09
114	0.00209310492897536	2.00724185305846e-09
115	0.00210625892007914	1.99947321879602e-09
116	0.00211936582771542	1.99177253008307e-09
117	0.00213242617545632	1.98413892088307e-09
118	0.0021454404771922	2.05807113226433e-09
119	0.00215840923738052	2.05025980379565e-09
120	0.00217133295128674	2.04251569048932e-09
121	0.00218421210521733	2.03483794038232e-09
122	0.00219704717674519	2.02722571375944e-09
123	0.00220983863492792	2.01967818305484e-09
124	0.00222258694051916	2.01219453274593e-09
125	0.00223529254617303	2.00477395924021e-09
126	0.00224795589664255	1.99741567075611e-09
127	0.00226057742897144	1.99011888719844e-09
128	0.00227315757268022	1.98288284002934e-09
129	0.00228569674994662	1.97570677213507e-09
130	0.00229819537578024	1.96858993768951e-09
131	0.00231065385819216	1.96153160201464e-09
132	0.00232307259835927	1.95453104143876e-09
133	0.0023354519907837	1.94758754315259e-09
134	0.00234779242344762	1.94070040506386e-09
135	0.00236009427796324	1.93386893565072e-09
136	0.00237235792971866	1.92709245381415e-09
137	0.00238458374801921	1.92037028872999e-09
138	0.00239677209622488	1.91370177970041e-09
139	0.00240892333188367	1.90708627600552e-09
140	0.0024210378068612	1.90052313675508e-09
141	0.00243311586746652	1.89401173074058e-09
142	0.00244515785457452	1.8875514362878e-09
143	0.00245716410374472	1.88114164111024e-09
144	0.0024691349453369	1.87478174216328e-09
145	0.00248107070462338	1.86847114549938e-09
146	0.00249297170189827	1.86220926612444e-09
147	0.00250483825258376	1.85599552785531e-09
148	0.00251667066733343	1.84982936317868e-09
149	0.00252846925213279	1.84371021311135e-09
150	0.00254023430839713	1.91187806726434e-09
151	0.00255196613306668	1.90560782179275e-09
152	0.00256366501869939	1.89938479743735e-09
153	0.00257533125356102	1.89320844670887e-09
154	0.00258696512171308	1.88707823029012e-09
155	0.00259856690309835	1.88099361690072e-09
156	0.00261013687362417	1.87495408316355e-09
157	0.00262167530524366	1.86895911347312e-09
158	0.00263318246603471	1.86300819986583e-09
159	0.00264465862027713	1.85710084189203e-09
160	0.00265610402852768	1.85123654649004e-09
161	0.00266751894769327	1.845414827862e-09
162	0.00267890363110229	1.83963520735177e-09
163	0.00269025832857425	1.83389721332452e-09
164	0.00270158328648757	1.82820038104842e-09
165	0.00271287874784568	1.82254425257809e-09
166	0.00272414495234163	1.81692837664003e-09
167	0.00273538213642105	1.81135230851984e-09
168	0.00274659053334348	1.8058156099514e-09
169	0.00275777037324238	1.80031784900787e-09
170	0.00276892188318361	1.79485859999442e-09
171	0.00278004528722241	1.78943744334302e-09
172	0.00279114080645932	1.78405396550878e-09
173	0.00280220865909444	1.77870775886825e-09
174	0.00281324906048053	1.77339842161938e-09
175	0.00282426222317504	1.76812555768334e-09
176	0.00283524835699065	1.76288877660792e-09
177	0.0028462076690448	1.75768769347275e-09
178	0.00285714036380802	1.75252192879615e-09
179	0.0028680466431512	1.74739110844365e-09
180	0.00287892670639173	1.7422948635381e-09
181	0.00288978075033861	1.73723283037149e-09
182	0.00290060896933651	1.73220465031824e-09
183	0.00291141155530893	1.72720996975015e-09
184	0.00292218869780027	1.72224843995283e-09
185	0.00293294058401706	1.71731971704362e-09
186	0.00294366739886816	1.7124234618911e-09
187	0.00295436932500429	1.70755934003597e-09
188	0.00296504654285642	1.7027270216134e-09
189	0.00297569923067349	1.76516430805026e-09
190	0.00298632756455932	1.76020574481191e-09
191	0.00299693171850861	1.75527924351629e-09
192	0.00300751186444223	1.75038447956349e-09
193	0.00301806817224183	1.74552113274802e-09
194	0.00302860080978351	1.74068888718656e-09
195	0.00303910994297104	1.73588743124701e-09
196	0.00304959573576805	1.7311164574789e-09
197	0.00306005835022995	1.72637566254503e-09
198	0.00307049794653473	1.72166474715434e-09
199	0.00308091468301358	1.71698341599611e-09
200	0.00309130871618043	1.71233137767527e-09
201	0.00310168020076124	1.70770834464892e-09
202	0.00311202928972245	1.70311403316405e-09
203	0.00312235613429904	1.69854816319639e-09
204	0.00313266088402175	1.69401045839034e-09
205	0.00314294368674412	1.68950064600005e-09
206	0.00315320468866864	1.68501845683157e-09
207	0.00316344403437252	1.68056362518601e-09
208	0.003173661866833	1.6761358888038e-09
209	0.00318385832745212	1.67173498880997e-09
210	0.00319403355608078	1.66736066966033e-09
211	0.00320418769104281	1.6630126790888e-09
212	0.00321432086915798	1.65869076805549e-09
213	0.00322443322576513	1.65439469069593e-09
214	0.00323452489474432	1.65012420427109e-09
215	0.00324459600853903	1.6458790691183e-09
216	0.00325464669817752	1.6416590486032e-09
217	0.00326467709329408	1.63746390907237e-09
218	0.00327468732214973	1.63329341980695e-09
219	0.00328467751165257	1.62914735297705e-09
220	0.00329464778737763	1.62502548359695e-09
221	0.00330459827358662	1.6209275894812e-09
222	0.00331452909324694	1.6168534512014e-09
223	0.00332444036805068	1.61280285204382e-09
224	0.00333433221843299	1.60877557796774e-09
225	0.00334420476359029	1.60477141756459e-09
226	0.00335405812149811	1.60079016201774e-09
227	0.00336389240892848	1.59683160506309e-09
228	0.00337370774146717	1.59289554295028e-09
229	0.0033835042335305	1.58898177440465e-09
230	0.00339328199838188	1.58509010058984e-09
231	0.00340304114814809	1.58122032507107e-09
232	0.00341278179383517	1.57737225377903e-09
233	0.0034225040453441	1.57354569497449e-09
234	0.00343220801148626	1.56974045921338e-09
235	0.00344189379999835	1.5659563593127e-09
236	0.00345156151755742	1.62285529093224e-09
237	0.00346121126979531	1.61896758839714e-09
238	0.00347084316131309	1.61510127284785e-09
239	0.00348045729569495	1.61125615888479e-09
240	0.00349005377552223	1.6074320632886e-09
241	0.00349963270238679	1.60362880498806e-09
242	0.00350919417690453	1.59984620502874e-09
243	0.00351873829872838	1.59608408654205e-09
244	0.00352826516656126	1.59234227471491e-09
245	0.00353777487816864	1.58862059675987e-09
246	0.00354726753039114	1.58491888188582e-09
247	0.00355674321915667	1.58123696126917e-09
248	0.00356620203949246	1.57757466802545e-09
249	0.00357564408553687	1.57393183718151e-09
250	0.00358506945055108	1.57030830564816e-09
251	0.00359447822693048	1.56670391219316e-09
252	0.00360387050621588	1.56311849741486e-09
253	0.00361324637910463	1.55955190371614e-09
254	0.00362260593546149	1.5560039752788e-09
255	0.00363194926432914	1.55247455803848e-09
256	0.00364127645393901	1.54896349965988e-09
257	0.0036505875917213	1.54547064951245e-09
258	0.00365988276431541	1.54199585864654e-09
259	0.00366916205757976	1.53853897976981e-09
260	0.00367842555660172	1.53509986722416e-09
261	0.00368767334570733	1.53167837696297e-09
262	0.00369690550847066	1.52827436652876e-09
263	0.00370612212772342	1.52488769503117e-09
264	0.00371532328556401	1.52151822312537e-09
265	0.00372450906336668	1.51816581299073e-09
266	0.0037336795417904	1.51483032830994e-09
267	0.00374283480078771	1.5115116342484e-09
268	0.00375197491961342	1.50820959743398e-09
269	0.00376109997683294	1.50492408593709e-09
270	0.00377021005033087	1.50165496925109e-09
271	0.00377930521731913	1.49840211827302e-09
272	0.00378838555434515	1.49516540528458e-09
273	0.00379745113729985	1.49194470393353e-09
274	0.00380650204142544	1.48873988921531e-09
275	0.00381553834132337	1.48555083745493e-09
276	0.0038245601109617	1.48237742628924e-09
277	0.00383356742368284	1.4792195346494e-09
278	0.00384256035221081	1.47607704274367e-09
279	0.00385153896865868	1.47294983204049e-09
280	0.00386050334453558	1.46983778525174e-09
281	0.00386945355075387	1.46674078631642e-09
282	0.00387838965763612	1.46365872038439e-09
283	0.00388731173492197	1.46059147380056e-09
284	0.00389621985177476	1.45753893408918e-09
285	0.00390511407678838	1.45450098993847e-09
286	0.00391399447799371	1.45147753118542e-09
287	0.00392286112286513	1.4484684488009e-09
288	0.00393171407832689	1.44547363487494e-09
289	0.00394055341075928	1.44249298260224e-09
290	0.00394937918600504	1.43952638626799e-09
291	0.00395819146937518	1.43657374123376e-09
292	0.0039669903256552	1.48824474226963e-09
293	0.00397577581911093	1.48520826955223e-09
294	0.00398454801349425	1.48218596025478e-09
295	0.00399330697204911	1.47917771008154e-09
296	0.00400205275751688	1.47618341578464e-09
297	0.00401078543214213	1.47320297515088e-09
298	0.00401950505767815	1.47023628698862e-09
299	0.00402821169539221	1.4672832511149e-09
300	0.00403690540607106	1.46434376834279e-09
301	0.00404558625002614	1.46141774046884e-09
302	0.00405425428709882	1.45850507026086e-09
303	0.00406290957666548	1.45560566144574e-09
304	0.00407155217764257	1.45271941869757e-09
305	0.00408018214849163	1.44984624762581e-09
306	0.00408879954722414	1.44698605476378e-09
307	0.00409740443140648	1.44413874755722e-09
308	0.00410599685816461	1.44130423435302e-09
309	0.00411457688418874	1.43848242438821e-09
310	0.00412314456573813	1.435673227779e-09
311	0.00413169995864555	1.43287655551004e-09
312	0.0041402431183219	1.43009231942385e-09
313	0.00414877409976056	1.42732043221032e-09
314	0.00415729295754192	1.42456080739651e-09
315	0.00416579974583752	1.42181335933644e-09
316	0.00417429451841457	1.41907800320116e-09
317	0.00418277732864004	1.41635465496888e-09
318	0.00419124822948488	1.41364323141524e-09
319	0.00419970727352799	1.41094365010382e-09
320	0.00420815451296057	1.40825582937664e-09
321	0.00421658999958978	1.40557968834495e-09
322	0.00422501378484299	1.40291514687999e-09
323	0.00423342591977142	1.40026212560406e-09
324	0.00424182645505419	1.39762054588154e-09
325	0.00425021544100207	1.39499032981019e-09
326	0.0042585929275611	1.39237140021246e-09
327	0.00426695896431644	1.38976368062698e-09
328	0.00427531360049598	1.3871670953002e-09
329	0.00428365688497387	1.38458156917805e-09
330	0.00429198886627414	1.38200702789779e-09
331	0.00430030959257426	1.37944339778001e-09
332	0.00430861911170847	1.37689060582061e-09
333	0.0043169174711713	1.37434857968304e-09
334	0.00432520471812098	1.37181724769055e-09
335	0.00433348089938258	1.36929653881859e-09
336	0.00434174606145156	1.36678638268732e-09
337	0.00435000025049681	1.36428670955417e-09
338	0.00435824351236402	1.36179745030656e-09
339	0.00436647589257872	1.35931853645474e-09
340	0.00437469743634946	1.35684990012465e-09
341	0.00438290818857086	1.3543914740509e-09
342	0.00439110819382679	1.35194319156992e-09
343	0.00439929749639314	1.34950498661312e-09
344	0.00440747614024114	1.34707679370017e-09
345	0.00441564416903992	1.34465854793236e-09
346	0.00442380162615967	1.34225018498613e-09
347	0.00443194855467442	1.33985164110652e-09
348	0.00444008499736486	1.33746285310087e-09
349	0.00444821099672115	1.33508375833257e-09
350	0.00445632659494567	1.33271429471481e-09
351	0.00446443183395581	1.33035440070449e-09
352	0.00447252675538652	1.32800401529622e-09
353	0.00448061140059311	1.32566307801634e-09
354	0.00448868581065393	1.32333152891708e-09
355	0.00449675002637268	1.32100930857075e-09
356	0.00450480408828136	1.31869635806406e-09
357	0.00451284803664241	1.31639261899243e-09
358	0.00452088191145161	1.36321897799168e-09
359	0.00452890575244024	1.36084805707286e-09
360	0.00453691959907765	1.35848651325822e-09
361	0.00454492349057378	1.35613428801414e-09
362	0.00455291746588133	1.35379132330669e-09
363	0.00456090156369827	1.35145756159615e-09
364	0.00456887582247012	1.34913294583176e-09
365	0.00457684028039232	1.34681741944644e-09
366	0.0045847949754124	1.34451092635157e-09
367	0.00459273994523231	1.34221341093189e-09
368	0.00460067522731061	1.33992481804044e-09
369	0.00460860085886471	1.33764509299356e-09
370	0.00461651687687294	1.33537418156593e-09
371	0.00462442331807688	1.33311202998579e-09
372	0.00463232021898328	1.33085858493003e-09
373	0.0046402076158663	1.32861379351952e-09
374	0.00464808554476954	1.32637760331442e-09
375	0.00465595404150808	1.32414996230951e-09
376	0.0046638131416705	1.32193081892968e-09
377	0.00467166288062094	1.31972012202541e-09
378	0.00467950329350101	1.31751782086831e-09
379	0.00468733441523177	1.31532386514672e-09
380	0.00469515628051574	1.31313820496139e-09
381	0.00470296892383872	1.31096079082121e-09
382	0.00471077237947171	1.30879157363895e-09
383	0.00471856668147275	1.30663050472709e-09
384	0.0047263518636889	1.3044775357937e-09
385	0.00473412795975798	1.3023326189384e-09
386	0.00474189500311028	1.30019570664826e-09
387	0.00474965302697058	1.29806675179394e-09
388	0.00475740206435968	1.29594570762563e-09
389	0.00476514214809634	1.29383252776929e-09
390	0.00477287331079891	1.29172716622278e-09
391	0.00478059558488711	1.28962957735207e-09
392	0.00478830900258361	1.28753971588753e-09
393	0.00479601359591578	1.28545753692021e-09
394	0.00480370939671748	1.28338299589824e-09
395	0.0048113964366304	1.28131604862319e-09
396	0.00481907474710591	1.27925665124656e-09
397	0.00482674435940661	1.27720476026622e-09
398	0.00483440530460786	1.27516033252298e-09
399	0.00484205761359949	1.27312332519714e-09
400	0.00484970131708711	1.27109369580512e-09
401	0.0048573364455939	1.26907140219612e-09
402	0.00486496302946202	1.26705640254878e-09
403	0.00487258109885403	1.26504865536797e-09
404	0.00488019068375454	1.26304811948152e-09
405	0.00488779181397153	1.26105475403703e-09
406	0.00489538451913795	1.25906851849878e-09
407	0.00490296882871307	1.25708937264455e-09
408	0.00491054477198382	1.25511727656258e-09
409	0.00491811237806644	1.25315219064853e-09
410	0.00492567167590762	1.25119407560248e-09
411	0.00493322269428609	1.24924289242593e-09
412	0.00494076546181379	1.24729860241893e-09
413	0.00494830000693746	1.24536116717712e-09
414	0.00495582635793967	1.24343054858892e-09
415	0.00496334454294041	1.24150670883265e-09
416	0.00497085458989832	1.23958961037378e-09
417	0.00497835652661193	1.23767921596213e-09
418	0.00498585038072097	1.23577548862915e-09
419	0.00499333617970765	1.23387839168525e-09
420	0.00500081395089796	1.23198788871706e-09
421	0.00500828372146287	1.23010394358489e-09
422	0.00501574551841949	1.22822652042001e-09
423	0.00502319936863242	1.22635558362217e-09
424	0.00503064529881491	1.22449109785699e-09
425	0.00503808333553	1.22263302805349e-09
426	0.00504551350519177	1.22078133940157e-09
427	0.00505293583406645	1.21893599734952e-09
428	0.00506035034827365	1.21709696760166e-09
429	0.00506775707378744	1.21526421611587e-09
430	0.00507515603643754	1.21343770910126e-09
431	0.00508254726191037	1.21161741301577e-09
432	0.00508993077575027	1.20980329456388e-09
433	0.00509730660336044	1.20799532069432e-09
434	0.00510467477000425	1.20619345859776e-09
435	0.0051120353008061	1.20439767570458e-09
436	0.0051193882207526	1.24673669105471e-09
437	0.0051267335546937	1.24488751756874e-09
438	0.00513407132734357	1.24304454653165e-09
439	0.00514140156328171	1.24120774514998e-09
440	0.00514872428695406	1.23937708086753e-09
441	0.00515603952267389	1.23755252136314e-09
442	0.00516334729462283	1.23573403454861e-09
443	0.00517064762685199	1.23392158856649e-09
444	0.00517794054328281	1.23211515178805e-09
445	0.00518522606770807	1.23031469281114e-09
446	0.00519250422379285	1.22852018045815e-09
447	0.00519977503507562	1.22673158377399e-09
448	0.00520703852496895	1.22494887202405e-09
449	0.00521429471676064	1.22317201469222e-09
450	0.00522154363361464	1.22140098147891e-09
451	0.00522878529857185	1.21963574229914e-09
452	0.00523601973455115	1.21787626728053e-09
453	0.00524324696435024	1.21612252676149e-09
454	0.00525046701064664	1.21437449128925e-09
455	0.00525767989599841	1.21263213161807e-09
456	0.00526488564284516	1.21089541870732e-09
457	0.00527208427350887	1.20916432371971e-09
458	0.00527927581019479	1.20743881801945e-09
459	0.00528646027499225	1.20571887317049e-09
460	0.00529363768987551	1.20400446093475e-09
461	0.00530080807670467	1.20229555327033e-09
462	0.00530797145722642	1.20059212232983e-09
463	0.00531512785307487	1.19889414045863e-09
464	0.0053222772857724	1.19720158019316e-09
465	0.00532941977673047	1.19551441425928e-09
466	0.0053365553472504	1.19383261557057e-09
467	0.00534368401852415	1.19215615722673e-09
468	0.00535080581163514	1.19048501251193e-09
469	0.00535792074755899	1.18881915489324e-09
470	0.00536502884716438	1.18715855801898e-09
471	0.00537213013121362	1.18550319571723e-09
472	0.00537922462036369	1.18385304199419e-09
473	0.00538631233516675	1.18220807103271e-09
474	0.00539339329607099	1.18056825719074e-09
475	0.00540046752342131	1.17893357499979e-09
476	0.00540753503746015	1.1773039991635e-09
477	0.00541459585832809	1.17567950455614e-09
478	0.00542165000606466	1.17406006622112e-09
479	0.005428697500609	1.17244565936959e-09
480	0.00543573836180059	1.17083625937898e-09
481	0.00544277260937998	1.16923184179158e-09
482	0.00544980026298933	1.16763238231319e-09
483	0.00545682134217335	1.16603785681165e-09
484	0.00546383586637969	1.16444824131555e-09
485	0.00547084385495985	1.16286351201282e-09
486	0.00547784532716974	1.1612836452494e-09
487	0.00548484030217031	1.15970861752791e-09
488	0.0054918287990283	1.15813840550634e-09
489	0.00549881083671683	1.15657298599672e-09
490	0.00550578643411603	1.15501233596388e-09
491	0.00551275561001374	1.15345643252411e-09
492	0.005519718383106	1.15190525294395e-09
493	0.00552667477199793	1.15035877463891e-09
494	0.00553362479520412	1.14881697517223e-09
495	0.00554056847114925	1.14727983225366e-09
496	0.00554750581816897	1.14574732373826e-09
497	0.00555443685451013	1.14421942762516e-09
498	0.00556136159833164	1.14269612205641e-09
499	0.00556828006770501	1.14117738531579e-09
500	0.00557519228061483	1.13966319582763e-09
501	0.00558209825495951	1.13815353215567e-09
502	0.00558899800855178	1.1366483730019e-09
503	0.00559589155911927	1.13514769720545e-09
504	0.00560277892430504	1.13365148374146e-09
505	0.00560966012166825	1.13215971171997e-09
506	0.0056165351686846	1.13067236038481e-09
507	0.00562340408274697	1.12918940911255e-09
508	0.00563026688116594	1.12771083741136e-09
509	0.00563712358117035	1.12623662492001e-09
510	0.0056439741999078	1.12476675140676e-09
511	0.00565081875444518	1.12330119676835e-09
512	0.00565765726176938	1.12183994102897e-09
513	0.00566448973878744	1.12038296433918e-09
514	0.00567131620232754	1.11893024697497e-09
515	0.00567813666913911	1.11748176933669e-09
516	0.0056849511558936	1.1160375119481e-09
517	0.00569175967918488	1.11459745545534e-09
518	0.00569856225552977	1.11316158062601e-09
519	0.00570535890136855	1.11172986834815e-09
520	0.00571214963306545	1.11030229962932e-09
521	0.00571893446690916	1.10887885559561e-09
522	0.00572571341911322	1.10745951749075e-09
523	0.00573248650581667	1.10604426667516e-09
524	0.00573925374308438	1.104633084625e-09
525	0.00574601514690767	1.10322595293131e-09
526	0.00575277073320468	1.14152501406188e-09
527	0.00575952051782076	1.14007551483114e-09
528	0.00576626451652917	1.13863015539167e-09
529	0.00577300274503136	1.13718891713785e-09
530	0.00577973521895744	1.13575178157845e-09
531	0.00578646195386672	1.13431873033575e-09
532	0.0057931829652481	1.13288974514464e-09
533	0.00579989826852046	1.13146480785177e-09
534	0.0058066078790333	1.13004390041464e-09
535	0.00581331181206687	1.1286270049008e-09
536	0.00582001008283297	1.12721410348692e-09
537	0.00582670270647504	1.12580517845803e-09
538	0.00583338969806881	1.12440021220663e-09
539	0.00584007107262263	1.12299918723188e-09
540	0.005846746845078	1.12160208613876e-09
541	0.0058534170303098	1.1202088916373e-09
542	0.00586008164312686	1.11881958654174e-09
543	0.00586674069827225	1.11743415376974e-09
544	0.00587339421042393	1.11605257634159e-09
545	0.00588004219419481	1.11467483737944e-09
546	0.00588668466413339	1.11330092010649e-09
547	0.00589332163472408	1.11193080784628e-09
548	0.00589995312038768	1.11056448402186e-09
549	0.00590657913548162	1.1092019321551e-09
550	0.00591319969430045	1.10784313586589e-09
551	0.00591981481107627	1.10648807887144e-09
552	0.00592642449997892	1.10513674498552e-09
553	0.00593302877511659	1.10378911811774e-09
554	0.00593962765053612	1.10244518227282e-09
555	0.00594622114022321	1.10110492154992e-09
556	0.00595280925810306	1.09976832014186e-09
557	0.00595939201804067	1.09843536233449e-09
558	0.00596596943384088	1.09710603250596e-09
559	0.00597254151924921	1.09578031512601e-09
560	0.00597910828795204	1.09445819475535e-09
561	0.00598566975357682	1.09313965604493e-09
562	0.00599222592969254	1.09182468373528e-09
563	0.00599877682981011	1.09051326265587e-09
564	0.00600532246738267	1.08920537772444e-09
565	0.00601186285580599	1.08790101394633e-09
566	0.00601839800841868	1.08660015641385e-09
567	0.00602492793850263	1.08530279030565e-09
568	0.00603145265928347	1.08400890088606e-09
569	0.0060379721839306	1.0827184735045e-09
570	0.00604448652555775	1.08143149359479e-09
571	0.0060509956972233	1.08014794667462e-09
572	0.00605749971193048	1.07886781834486e-09
573	0.00606399858262779	1.07759109428899e-09
574	0.00607049232220945	1.07631776027249e-09
575	0.00607698094351536	1.07504780214226e-09
576	0.0060834644593318	1.07378120582602e-09
577	0.00608994288239148	1.07251795733169e-09
578	0.00609641622537407	1.07125804274687e-09
579	0.00610288450090626	1.07000144823821e-09
580	0.00610934772156234	1.06874816005087e-09
581	0.00611580589986419	1.06749816450796e-09
582	0.00612225904828202	1.06625144800996e-09
583	0.0061287071792342	1.06500799703417e-09
584	0.00613515030508787	1.06376779813415e-09
585	0.00614158843815908	1.06253083793919e-09
586	0.00614802159071325	1.06129710315378e-09
587	0.00615444977496532	1.06006658055703e-09
588	0.00616087300308003	1.05883925700219e-09
589	0.00616729128717227	1.05761511941607e-09
590	0.00617370463930742	1.05639415479856e-09
591	0.00618011307150155	1.05517635022209e-09
592	0.00618651659572163	1.05396169283113e-09
593	0.00619291522388601	1.05275016984167e-09
594	0.0061993089678646	1.0515417685407e-09
595	0.00620569783947903	1.05033647628575e-09
596	0.00621208185050311	1.04913428050435e-09
597	0.00621846101266301	1.04793516869356e-09
598	0.00622483533763752	1.04673912841951e-09
599	0.00623120483705835	1.04554614731683e-09
600	0.0062375695225104	1.04435621308828e-09
601	0.00624392940553201	1.04316931350418e-09
602	0.00625028449761514	1.041985436402e-09
603	0.00625663481020586	1.04080456968585e-09
604	0.00626298035470432	1.03962670132607e-09
605	0.00626932114246524	1.0384518193587e-09
606	0.00627565718479802	1.03727991188508e-09
607	0.00628198849296705	1.03611096707138e-09
608	0.00628831507819198	1.03494497314814e-09
609	0.00629463695164796	1.03378191840984e-09
610	0.00630095412446575	1.03262179121445e-09
611	0.00630726660773228	1.031464579983e-09
612	0.00631357441249055	1.03031027319916e-09
613	0.00631987754974005	1.02915885940876e-09
614	0.00632617603043703	1.02801032721942e-09
615	0.00633246986549462	1.02686466530011e-09
616	0.00633875906578313	1.02572186238071e-09
617	0.00634504364213036	1.0245819072516e-09
618	0.00635132360532172	1.02344478876329e-09
619	0.00635759896610046	1.02231049582595e-09
620	0.00636386973516794	1.02117901740905e-09
621	0.00637013592318395	1.02005034254091e-09
622	0.00637639754076672	1.01892446030837e-09
623	0.00638265459849336	1.01780135985633e-09
624	0.00638890710690005	1.01668103038739e-09
625	0.00639515507648201	1.01556346116145e-09
626	0.00640139851769415	1.01444864149534e-09
627	0.00640763744095084	1.01333656076241e-09
628	0.00641387185662655	1.01222720839216e-09
629	0.00642010177505572	1.01112057386989e-09
630	0.00642632720653322	1.01001664673629e-09
631	0.00643254816131434	1.00891541658709e-09
632	0.00643876464961523	1.04348906012163e-09
633	0.00644497668161301	1.04235440417771e-09
634	0.00645118426744582	1.04122250869978e-09
635	0.0064573874172134	1.04009336313945e-09
636	0.00646358614097687	1.03896695700344e-09
637	0.00646978044875933	1.03784327985322e-09
638	0.0064759703505457	1.03672232130463e-09
639	0.00648215585628323	1.03560407102754e-09
640	0.00648833697588146	1.0344885187455e-09
641	0.00649451371921266	1.03337565423533e-09
642	0.0065006860961117	1.03226546732685e-09
643	0.00650685411637668	1.03115794790248e-09
644	0.0065130177897686	1.03005308589689e-09
645	0.00651917712601213	1.02895087129668e-09
646	0.00652533213479533	1.02785129414006e-09
647	0.00653148282577004	1.02675434451645e-09
648	0.0065376292085521	1.0256600125662e-09
649	0.00654377129272146	1.02456828848024e-09
650	0.00654990908782242	1.02347916249973e-09
651	0.0065560426033638	1.02239262491579e-09
652	0.00656217184881904	1.02130866606911e-09
653	0.00656829683362659	1.02022727634965e-09
654	0.00657441756718986	1.01914844619636e-09
655	0.00658053405887755	1.01807216609681e-09
656	0.00658664631802377	1.01699842658691e-09
657	0.00659275435392832	1.01592721825056e-09
658	0.00659885817585661	1.0148585317194e-09
659	0.00660495779304018	1.01379235767246e-09
660	0.00661105321467653	1.01272868683584e-09
661	0.00661714444992965	1.01166750998247e-09
662	0.00662323150792996	1.01060881793174e-09
663	0.00662931439777437	1.00955260154927e-09
664	0.00663539312852686	1.00849885174657e-09
665	0.00664146770921831	1.00744755948073e-09
666	0.00664753814884667	1.00639871575419e-09
667	0.00665360445637727	1.00535231161441e-09
668	0.00665966664074298	1.00430833815359e-09
669	0.00666572471084426	1.0032667865084e-09
670	0.00667177867554956	1.00222764785969e-09
671	0.00667782854369505	1.00119091343217e-09
672	0.00668387432408528	1.00015657449422e-09
673	0.00668991602549295	9.99124622357552e-10
674	0.00669595365665936	9.98095048376929e-10
675	0.00670198722629436	9.97067843949939e-10
676	0.0067080167430766	9.96043000516696e-10
677	0.0067140422156536	9.95020509559569e-10
678	0.00672006365264217	9.94000362602948e-10
679	0.00672608106262824	9.92982551212947e-10
680	0.00673209445416703	9.91967066997161e-10
681	0.00673810383578367	9.90953901604399e-10
682	0.00674410921597256	9.89943046724436e-10
683	0.00675011060319834	9.8893449408775e-10
684	0.00675610800589548	9.87928235465276e-10
685	0.00676210143246858	9.86924262668144e-10
686	0.00676809089129258	9.85922567547446e-10
687	0.00677407639071301	9.84923141993969e-10
688	0.00678005793904583	9.83925977937963e-10
689	0.00678603554457782	9.82931067348901e-10
690	0.00679200921556658	9.81938402235219e-10
691	0.00679797896024092	9.80947974644091e-10
692	0.00680394478680059	9.7995977666119e-10
693	0.00680990670341683	9.78973800410443e-10
694	0.00681586471823232	9.77990038053802e-10
695	0.00682181883936124	9.77008481791011e-10
696	0.00682776907488957	9.76029123859379e-10
697	0.0068337154328752	9.75051956533534e-10
698	0.00683965792134792	9.74076972125218e-10
699	0.00684559654830993	9.7310416298304e-10
700	0.00685153132173528	9.72133521492271e-10
701	0.00685746224957082	9.71165040074598e-10
702	0.00686338933973581	9.70198711187925e-10
703	0.00686931260012223	9.69234527326144e-10
704	0.00687523203859475	9.68272481018916e-10
705	0.00688114766299113	9.6731256483145e-10
706	0.00688705948112223	9.663547713643e-10
707	0.00689296750077188	9.65399093253147e-10
708	0.00689887172969756	9.64445523168584e-10
709	0.00690477217563005	9.63494053815903e-10
710	0.0069106688462737	9.62544677934899e-10
711	0.00691656174930665	9.61597388299656e-10
712	0.00692245089238074	9.60652177718333e-10
713	0.00692833628312208	9.59709039032976e-10
714	0.00693421792913054	9.58767965119303e-10
715	0.00694009583798039	9.57828948886503e-10
716	0.0069459700172202	9.56891983277055e-10
717	0.00695184047437298	9.55957061266496e-10
718	0.00695770721693635	9.55024175863263e-10
719	0.00696357025238256	9.5409332010846e-10
720	0.00696942958815884	9.53164487075698e-10
721	0.00697528523168716	9.52237669870873e-10
722	0.00698113719036472	9.51312861632003e-10
723	0.00698698547156377	9.5039005552901e-10
724	0.00699283008263193	9.49469244763552e-10
725	0.00699867103089219	9.48550422568829e-10
726	0.00700450832364308	9.47633582209401e-10
727	0.00701034196815875	9.46718716980991e-10
728	0.00701617197168911	9.45805820210322e-10
729	0.00702199834146001	9.44894885254915e-10
730	0.0070278210846731	9.43985905502916e-10
731	0.00703364020850626	9.43078874372933e-10
732	0.00703945572011355	9.42173785313825e-10
733	0.00704526762662535	9.41270631804557e-10
734	0.00705107593514846	9.40369407354012e-10
735	0.00705688065276617	9.394701055008e-10
736	0.00706268178653833	9.38572719813123e-10
737	0.00706847934350181	9.37677243888565e-10
738	0.00707427333067005	9.36783671353941e-10
739	0.00708006375503357	9.35891995865136e-10
740	0.00708585062356001	9.35002211106909e-10
741	0.00709163394319411	9.34114310792751e-10
742	0.00709741372085785	9.3322828866471e-10
743	0.00710318996345068	9.3234413849323e-10
744	0.00710896267784948	9.31461854076971e-10
745	0.00711473187090879	9.30581429242681e-10
746	0.00712049754946071	9.29702857844996e-10
747	0.00712625972031522	9.28826133766307e-10
748	0.00713201839026026	9.27951250916586e-10
749	0.00713777356606161	9.27078203233237e-10
750	0.00714352525446327	9.26206984680941e-10
751	0.00714927346218736	9.25337589251483e-10
752	0.00715501819593432	9.24470010963624e-10
753	0.00716075946238293	9.55727220379392e-10
754	0.00716649726819057	9.54833209927485e-10
755	0.00717223161999307	9.53941061415385e-10
756	0.0071779625244051	9.53050768763832e-10
757	0.00718368998802	9.52162325920695e-10
758	0.00718941401740993	9.51275726860792e-10
759	0.00719513461912618	9.50390965585764e-10
760	0.00720085179969892	9.49508036123895e-10
761	0.0072065655656376	9.4862693252999e-10
762	0.00721227592343091	9.47747648885214e-10
763	0.00721798287954687	9.4687017929693e-10
764	0.00722368644043286	9.45994517898579e-10
765	0.00722938661251593	9.451206588495e-10
766	0.00723508340220255	9.44248596334827e-10
767	0.00724077681587914	9.43378324565301e-10
768	0.00724646685991165	9.42509837777162e-10
769	0.0072521535406462	9.41643130231979e-10
770	0.00725783686440867	9.40778196216525e-10
771	0.00726351683750506	9.39915030042645e-10
772	0.00726919346622158	9.39053626047082e-10
773	0.00727486675682462	9.38193978591383e-10
774	0.00728053671556084	9.37336082061723e-10
775	0.00728620334865751	9.36479930868788e-10
776	0.00729186666232225	9.35625519447642e-10
777	0.0072975266627433	9.34772842257582e-10
778	0.00730318335608948	9.33921893782004e-10
779	0.00730883674851055	9.33072668528274e-10
780	0.00731448684613694	9.32225161027603e-10
781	0.0073201336550801	9.31379365834907e-10
782	0.00732577718143245	9.30535277528669e-10
783	0.00733141743126757	9.29692890710825e-10
784	0.00733705441064001	9.28852200006622e-10
785	0.00734268812558584	9.28013200064513e-10
786	0.00734831858212227	9.27175885555991e-10
787	0.00735394578624799	9.26340251175508e-10
788	0.00735956974394323	9.25506291640312e-10
789	0.00736519046116969	9.2467400169034e-10
790	0.0073708079438708	9.23843376088105e-10
791	0.00737642219797168	9.23014409618539e-10
792	0.00738203322937938	9.22187097088911e-10
793	0.00738764104398272	9.21361433328677e-10
794	0.00739324564765248	9.20537413189376e-10
795	0.00739884704624149	9.19715031544499e-10
796	0.00740444524558483	9.18894283289378e-10
797	0.00741004025149968	9.1807516334107e-10
798	0.00741563206978549	9.17257666638221e-10
799	0.00742122070622404	9.16441788140977e-10
800	0.0074268061665796	9.15627522830849e-10
801	0.0074323884565989	9.14814865710612e-10
802	0.00743796758201134	9.14003811804167e-10
803	0.00744354354852873	9.13194356156452e-10
804	0.00744911636184591	9.12386493833328e-10
805	0.00745468602764034	9.11580219921443e-10
806	0.00746025255157233	9.10775529528149e-10
807	0.00746581593928525	9.09972417781373e-10
808	0.00747137619640533	9.09170879829517e-10
809	0.00747693332854202	9.08370910841347e-10
810	0.00748248734128783	9.07572506005874e-10
811	0.00748803824021869	9.06775660532264e-10
812	0.00749358603089353	9.05980369649722e-10
813	0.00749913071885489	9.05186628607382e-10
814	0.00750467230962863	9.04394432674206e-10
815	0.00751021080872412	9.03603777138872e-10
816	0.00751574622163436	9.0281465730969e-10
817	0.00752127855383604	9.02027068514476e-10
818	0.00752680781078941	9.01241006100451e-10
819	0.00753233399793859	9.00456465434155e-10
820	0.00753785712071155	8.99673441901333e-10
821	0.00754337718452019	8.98891930906828e-10
822	0.00754889419476037	8.98111927874497e-10
823	0.00755440815681202	8.97333428247099e-10
824	0.00755991907603915	8.96556427486204e-10
825	0.00756542695778989	8.95780921072087e-10
826	0.00757093180739676	8.95006904503632e-10
827	0.00757643363017665	8.94234373298239e-10
828	0.00758193243143049	8.93463322991727e-10
829	0.00758742821644396	8.92693749138227e-10
830	0.0075929209904871	8.91925647310104e-10
831	0.00759841075881468	8.91159013097846e-10
832	0.00760389752666586	8.90393842109984e-10
833	0.0076093812992647	8.89630129972992e-10
834	0.0076148620818199	8.88867872331184e-10
835	0.00762033987952503	8.88107064846641e-10
836	0.00762581469755849	8.87347703199101e-10
837	0.00763128654108372	8.86589783085888e-10
838	0.00763675541524909	8.85833300221796e-10
839	0.00764222132518802	8.85078250339018e-10
840	0.00764768427601905	8.84324629187052e-10
841	0.00765314427284604	8.83572432532608e-10
842	0.00765860132075799	8.82821656159527e-10
843	0.00766405542482918	8.8207229586868e-10
844	0.00766950659011924	8.8132434747789e-10
845	0.00767495482167339	8.80577806821856e-10
846	0.0076804001245221	8.79832669752037e-10
847	0.00768584250368161	8.79088932136597e-10
848	0.0076912819641536	8.783465898603e-10
849	0.00769671851092545	8.77605638824437e-10
850	0.00770215214897039	8.76866074946733e-10
851	0.0077075828832471	8.76127894161269e-10
852	0.00771301071870042	8.75391092418395e-10
853	0.00771843566026091	8.74655665684652e-10
854	0.00772385771284519	8.73921609942684e-10
855	0.00772927688135572	8.73188921191166e-10
856	0.00773469317068109	8.7245759544471e-10
857	0.00774010658569611	8.71727628733797e-10
858	0.00774551713126155	8.70999017104683e-10
859	0.00775092481222452	8.70271756619337e-10
860	0.0077563296334185	8.69545843355345e-10
861	0.00776173159966305	8.68821273405838e-10
862	0.00776713071576441	8.68098042879424e-10
863	0.007772526986515	8.67376147900089e-10
864	0.00777792041669386	8.66655584607138e-10
865	0.00778331101106658	8.65936349155107e-10
866	0.00778869877438537	8.652184377137e-10
867	0.00779408371138897	8.64501846467695e-10
868	0.00779946582680293	8.63786571616882e-10
869	0.00780484512533953	8.6307260937599e-10
870	0.00781022161169791	8.62359955974594e-10
871	0.00781559529056398	8.61648607657067e-10
872	0.0078209661666106	8.60938560682484e-10
873	0.00782633424449755	8.60229811324566e-10
874	0.00783169952887173	8.59522355871591e-10
875	0.00783706202436704	8.58816190626338e-10
876	0.00784242173560448	8.58111311906002e-10
877	0.00784777866719226	8.57407716042133e-10
878	0.00785313282372574	8.56705399380555e-10
879	0.00785848420978762	8.56004358281307e-10
880	0.00786383282994785	8.55304589118558e-10
881	0.00786917868876384	8.54606088280555e-10
882	0.00787452179078026	8.53908852169535e-10
883	0.00787986214052937	8.53212877201676e-10
884	0.00788519974253092	8.52518159807013e-10
885	0.00789053460129216	8.51824696429373e-10
886	0.007895866721308	8.51132483526319e-10
887	0.00790119610706093	8.50441517569057e-10
888	0.00790652276302133	8.49751795042405e-10
889	0.00791184669364709	8.49063312444693e-10
890	0.00791716790338401	8.48376066287718e-10
891	0.00792248639666578	8.4769005309667e-10
892	0.00792780217791387	8.47005269410066e-10
893	0.00793311525153776	8.75253708628203e-10
894	0.00793842562193493	8.74548047603533e-10
895	0.00794373329349079	8.73843647457226e-10
896	0.00794903827057899	8.73140504663939e-10
897	0.00795434055756106	8.72438615711786e-10
898	0.0079596401587869	8.71737977102264e-10
899	0.00796493707859453	8.71038585350207e-10
900	0.00797023132131026	8.70340436983692e-10
901	0.00797552289124862	8.69643528544001e-10
902	0.00798081179271268	8.68947856585543e-10
903	0.00798609802999359	8.682534176758e-10
904	0.00799138160737118	8.67560208395256e-10
905	0.00799666252911374	8.66868225337338e-10
906	0.00800194079947789	8.66177465108356e-10
907	0.008007216422709	8.65487924327435e-10
908	0.00801248940304095	8.64799599626466e-10
909	0.00801775974469635	8.64112487650023e-10
910	0.00802302745188643	8.63426585055333e-10
911	0.00802829252881113	8.62741888512177e-10
912	0.00803355497965918	8.62058394702876e-10
913	0.00803881480860823	8.61376100322188e-10
914	0.00804407201982477	8.60695002077272e-10
915	0.00804932661746394	8.60015096687635e-10
916	0.00805457860567017	8.59336380885045e-10
917	0.00805982798857662	8.58658851413506e-10
918	0.00806507477030563	8.5798250502917e-10
919	0.0080703189549685	8.57307338500309e-10
920	0.00807556054666575	8.56633348607238e-10
921	0.00808079954948691	8.55960532142255e-10
922	0.00808603596751072	8.55288885909599e-10
923	0.00809126980480535	8.54618406725388e-10
924	0.00809650106542791	8.53949091417552e-10
925	0.0081017297534251	8.532809368258e-10
926	0.00810695587283277	8.52613939801542e-10
927	0.00811217942767626	8.5194809720785e-10
928	0.00811740042197027	8.5128340591939e-10
929	0.00812261885971908	8.50619862822385e-10
930	0.00812783474491634	8.49957464814538e-10
931	0.00813304808154528	8.49296208804997e-10
932	0.00813825887357874	8.48636091714293e-10
933	0.00814346712497916	8.47977110474293e-10
934	0.00814867283969862	8.47319262028138e-10
935	0.00815387602167893	8.466625433302e-10
936	0.0081590766748515	8.46006951346016e-10
937	0.00816427480313776	8.45352483052259e-10
938	0.00816947041044872	8.44699135436662e-10
939	0.00817466350068532	8.44046905497977e-10
940	0.00817985407773843	8.4339579024593e-10
941	0.00818504214548858	8.42745786701155e-10
942	0.00819022770780669	8.42096891895162e-10
943	0.00819541076855337	8.41449102870272e-10
944	0.00820059133157918	8.40802416679571e-10
945	0.008205769400725	8.40156830386865e-10
946	0.00821094497982167	8.39512341066623e-10
947	0.00821611807269017	8.3886894580394e-10
948	0.00822128868314161	8.38226641694466e-10
949	0.00822645681497741	8.37585425844381e-10
950	0.00823162247198913	8.3694529537034e-10
951	0.00823678565795865	8.36306247399412e-10
952	0.00824194637665816	8.3566827906905e-10
953	0.00824710463185023	8.35031387527033e-10
954	0.00825226042728774	8.3439556993142e-10
955	0.00825741376671402	8.33760823450505e-10
956	0.00826256465386279	8.33127145262767e-10
957	0.00826771309245838	8.32494532556837e-10
958	0.00827285908621551	8.31862982531427e-10
959	0.00827800263883956	8.31232492395302e-10
960	0.0082831437540264	8.30603059367239e-10
961	0.00828828243546252	8.29974680675959e-10
962	0.00829341868682512	8.29347353560104e-10
963	0.00829855251178205	8.28721075268182e-10
964	0.00830368391399189	8.28095843058526e-10
965	0.00830881289710405	8.27471654199237e-10
966	0.00831393946475842	8.26848505968162e-10
967	0.00831906362058614	8.26226395652835e-10
968	0.00832418536820886	8.25605320550431e-10
969	0.00832930471123933	8.2498527796773e-10
970	0.00833442165328102	8.2436626522108e-10
971	0.00833953619792848	8.23748279636334e-10
972	0.00834464834876718	8.23131318548824e-10
973	0.00834975810937362	8.22515379303311e-10
974	0.00835486548331539	8.21900459253947e-10
975	0.00835997047415094	8.2128655576423e-10
976	0.00836507308543019	8.20673666206963e-10
977	0.00837017332069377	8.20061787964206e-10
978	0.00837527118347386	8.19450918427254e-10
979	0.00838036667729351	8.18841054996571e-10
980	0.00838545980566725	8.18232195081764e-10
981	0.00839055057210077	8.1762433610154e-10
982	0.00839563898009096	8.1701747548366e-10
983	0.00840072503312625	8.16411610664912e-10
984	0.00840580873468611	8.1580673909105e-10
985	0.00841089008824165	8.15202858216775e-10
986	0.00841596909725531	8.14599965505684e-10
987	0.00842104576518087	8.13998058430229e-10
988	0.00842612009546378	8.13397134471684e-10
989	0.00843119209154077	8.12797191120108e-10
990	0.00843626175684031	8.12198225874294e-10
991	0.00844132909478218	8.11600236241744e-10
992	0.00844639410877794	8.11003219738624e-10
993	0.00845145680223064	8.10407173889718e-10
994	0.00845651717853514	8.09812096228411e-10
995	0.00846157524107781	8.09217984296633e-10
996	0.00846663099323679	8.08624835644827e-10
997	0.00847168443838188	8.08032647831911e-10
998	0.00847673557987481	8.07441418425242e-10
999	0.00848178442106885	8.0685114500058e-10
1000	0.00868598865710512	8.05051676259049e-10
1001	0.00849187521593309	8.05673456442099e-10
