1	0.00323988966752273	84.8893707071867
2	0.00429421207957768	173.383882474632
3	0.00536111609163309	282.811612238776
4	0.00630954930347414	386.896734412849
5	0.00717947304399814	518.135932923778
6	0.00799240296619999	630.162026089566
7	0.00876138706155262	778.89655248878
8	0.00949500814125526	939.114087877371
9	0.0101992582373771	1058.34682651155
10	0.0108785158654211	1232.33640970571
11	0.0115360979882174	1416.74637241386
12	0.0121745918356059	1611.44428414561
13	0.0127960646476073	1816.31105881213
14	0.013402201848033	1937.86103983974
15	0.0139944012826654	2152.41170356409
16	0.0145738394200429	2376.37876158085
17	0.0151415190573513	2609.68133893622
18	0.0156983044712162	2852.24407864489
19	0.0162449478291375	3103.99647828252
20	0.0167821093815231	3213.66188345354
21	0.0173103731397094	3471.46843679012
22	0.0178302592195015	3737.87267216675
23	0.0183422336821557	4012.82133045305
24	0.0188467164699886	4296.2638634071
25	0.0193440878722061	4588.1521952705
26	0.019834693843341	4888.44051408318
27	0.0203188504161077	5197.08508790974
28	0.020796847392285	5271.69873404726
29	0.0212689514526209	5582.63794359957
30	0.0217354087951817	5901.45117515212
31	0.0221964473878757	6228.10317730342
32	0.0226522789029415	6562.56005854673
33	0.0231031003874566	6904.78919687423
34	0.0235490957132988	7254.75915780266
35	0.02399043684173	7612.4396198136
36	0.0244272849312745	7977.80130634797
37	0.024859791312409	8350.81592361639
38	0.0252880983484883	8731.45610358817
39	0.0257123401990297	8727.49705780335
40	0.0261326434988195	9106.28752122233
41	0.0265491279641362	9492.30186550573
42	0.0269619069356225	9885.51697979827
43	0.0273710878658708	10285.910424439
44	0.0277767727585992	10693.4603971141
45	0.0281790585652774	11108.1457013988
46	0.028578037544248	11529.9457174711
47	0.0270835115489998	11958.8403748084
48	0.0274504276833101	12394.8101266944
49	0.0278144889898538	12837.8359263821
50	0.0281757669355088	13287.8992047783
51	0.0285343298770337	13744.9818495222
52	0.028890243254972	14209.0661853503
53	0.029243569771836	14062.0943430217
54	0.0295943695561301	14520.0051286739
55	0.029942700313594	14984.5743778899
56	0.0302886174668901	15455.7866676507
57	0.0306321742848143	15933.626914968
58	0.0309734220019983	16418.0803637195
59	0.0313124099299583	16909.1325722015
60	0.0316491855602645	17406.769401347
61	0.0319837946605079	17910.9770035656
62	0.0323162813636929	18421.7418121613
63	0.0326466882516003	18939.0505312923
64	0.0329750564326243	19462.8901264347
65	0.0333014256145339	19993.2478153206
66	0.0336258341725608	20530.1110593177
67	0.0339483192131894	21073.4675552245
68	0.0342689166339748	21623.3052274557
69	0.0345876611796993	22179.6122205925
70	0.0349045864951379	21804.6491128187
71	0.0352197251746867	22350.3899628443
72	0.0355331088090828	22902.3004867578
73	0.0358447680294252	23460.3700972169
74	0.0361547325486885	24024.5883868352
75	0.0364630312009042	24594.9451227528
76	0.036769691978171	25171.4302414383
77	0.0370747420656413	25754.0338437103
78	0.0373782078746228	26342.7461899654
79	0.0376801150739132	26937.5576956027
80	0.0379804886194939	27538.458926634
81	0.0382793527826761	28145.4405954698
82	0.0385767311768112	28758.4935568728
83	0.0388726467826455	29377.6088040694
84	0.0391671219724061	30002.777465012
85	0.0394601785327031	30633.9907987845
86	0.0397518376863061	31271.2401921431
87	0.0400421201128766	31914.5171561882
88	0.0403310459687091	32563.8133231572
89	0.0406186349055418	33219.1204433366
90	0.0409049060884911	33880.430382085
91	0.0411898782131601	33152.0128661297
92	0.0414735695219653	33798.1036183364
93	0.0417559978197313	34449.9318936968
94	0.0420371804885856	35107.4903013111
95	0.0423171345021993	35770.7715478653
96	0.0425958764394047	36439.7684353211
97	0.042873422497225	37114.4738586859
98	0.0431497885033464	37794.8808038562
99	0.0434249899280644	38480.9823455331
100	0.0440878781808358	39086.4880615895
101	0.0439719591956991	39870.2419491917
102	0.0442437562928946	40573.386586765
103	0.0445144473378537	41282.1989683084
104	0.0447840461764354	41996.6725835513
105	0.0450525663591117	42716.8009998502
106	0.045320021149902	43442.5778605261
107	0.0455864235349515	44173.9968832509
108	0.0458517862307814	44911.0518584825
109	0.0461161216922188	45653.7366479491
110	0.0463794421200268	46402.0451831767
111	0.0466417594682452	47155.9714640594
112	0.0469030854512592	47915.5095574736
113	0.0471634315506013	48680.6535959315
114	0.0474228090215076	49451.3977762717
115	0.0476812288992341	50227.7363583896
116	0.0479387020051434	51009.663664001
117	0.0481952389525753	51797.1740754439
118	0.048450850152507	50507.6882144476
119	0.048705545819016	51274.7212879087
120	0.0489593359745516	52047.1005288555
121	0.0492122304550221	52824.8207640595
122	0.0494642389147097	53607.8768732058
123	0.0497153708310168	54396.2637879158
124	0.0499656355090505	55189.9764907958
125	0.0502150420860576	55989.0100145104
126	0.0504635995357057	56793.3594408797
127	0.0507113166722282	57603.0199000022
128	0.0509582021544328	58417.9865693954
129	0.0512042644895757	59238.254673163
130	0.0514495120371162	60063.8194811803
131	0.0516939530123474	60894.6763083012
132	0.051937595489913	61730.8205135839
133	0.052180447407213	62572.2474995374
134	0.0524225165677021	63418.9527113836
135	0.0526638106440872	64270.9316363405
136	0.0529043371814236	65128.1798029208
137	0.0531441036001195	65990.6927802464
138	0.0533831171988461	66858.4661773828
139	0.0536213851573629	67731.4956426849
140	0.0538589145392544	68609.776863161
141	0.0540957122945899	69493.3055638494
142	0.0543317852625007	70382.0775072135
143	0.0545671401736839	71276.0884925437
144	0.0548017836528314	72175.334355381
145	0.0550357222209912	73079.8109669477
146	0.0552689622978583	73989.5142335933
147	0.0555015102040011	74904.4400962523
148	0.0557333721630239	75824.5845299144
149	0.0559645543036697	76749.9435431066
150	0.0561950626618633	74664.0847972315
151	0.0564249031826977	75563.5237938646
152	0.0566540817223643	76467.9635606869
153	0.0568826040500332	77377.4003853862
154	0.0571104758496782	78291.8305855505
155	0.0573377027218554	79211.2505082307
156	0.0575642901854327	80135.6565295118
157	0.0577902436792722	81065.0450540956
158	0.0580155685638696	81999.4125148873
159	0.058240270122948	82938.7553725948
160	0.0584643535650122	83883.0701153356
161	0.0586878240248603	84832.3532582505
162	0.0589106865650576	85786.6013431241
163	0.0591329461773709	86745.8109380167
164	0.0593546077841665	87709.9786369001
165	0.0595756762397752	88679.1010593012
166	0.0597961563318176	89653.1748499544
167	0.0600160527824993	90632.1966784595
168	0.0602353702498745	91616.1632389461
169	0.0604541133290746	92605.0712497438
170	0.0606722865535091	93598.9174530631
171	0.060889894396038	94597.6986146742
172	0.0611069412701102	95601.4115236013
173	0.06132343153088	96610.0529918166
174	0.0615393694762945	97623.619853941
175	0.0617547593481523	98642.108966952
176	0.0619696053331412	99665.5172098952
177	0.0621839115638474	100693.841483604
178	0.062397682119744	101727.078710419
179	0.0626109210281531	102765.225833922
180	0.0628236322651873	103808.279818662
181	0.0630358197566698	104856.237649899
182	0.063247487379031	105909.096333341
183	0.0634586389601858	106966.852894896
184	0.0636692782803907	108029.504380421
185	0.0638794090730813	109097.04785548
186	0.064089035025692	110169.480405102
187	0.0642981597804526	111246.799133547
188	0.0645067869351739	112329.001164074
189	0.0647149200440103	109095.871081127
190	0.0649225626182074	110146.236529468
191	0.0651297181268339	111201.291072535
192	0.0653363899974959	112261.032014119
193	0.0655425816170356	113325.456675232
194	0.0657482963322171	114394.562393905
195	0.0659535374503924	115468.346524988
196	0.0661583082401612	116546.806439961
197	0.0663626119320057	117629.939526738
198	0.0665664517189234	118717.743189485
199	0.0667698307570354	119810.214848428
200	0.0669727521661922	120907.35193968
201	0.0671752190305578	122009.151915057
202	0.0673772343991882	123115.612241903
203	0.0675788012865934	124226.730402919
204	0.0677799226732917	125342.50389599
205	0.0679806015063473	126462.930234023
206	0.0681808406999025	127588.006944776
207	0.0683806431356962	128717.731570699
208	0.068580011663571	129852.101668777
209	0.0687789491019712	130991.114810368
210	0.0689774582384331	132134.768581052
211	0.0691755418300589	133283.060580476
212	0.0693732026039904	134435.988422208
213	0.0695704432578627	135593.549733587
214	0.0697672664602598	136755.742155575
215	0.0699636748511514	137922.563342624
216	0.0701596710423287	139094.010962521
217	0.0703552576178268	140270.08269626
218	0.0705504371343419	141450.776237902
219	0.0707452121216371	142636.089294438
220	0.070939585082946	143826.019585662
221	0.0711335584953607	145020.564844034
222	0.0713271348102214	146219.722814555
223	0.0715203164534895	147423.49125464
224	0.0717131058261215	148631.867933991
225	0.0719055053044307	149844.850634478
226	0.0720975172404437	151062.43715001
227	0.0722891439622514	152284.625286426
228	0.0724803877743516	153511.412861368
229	0.072671250957987	154742.797704167
230	0.072861735771475	155978.777655731
231	0.0730518444505331	157219.350568432
232	0.0732415792085977	158464.51430599
233	0.0734309422371376	159714.266743367
234	0.0736199357059594	160968.605766662
235	0.0738085617635129	162227.529272993
236	0.0739968225371844	157379.765477522
237	0.0741847201335888	158600.450813968
238	0.0743722566388552	159825.543256018
239	0.0745594341189095	161055.040820856
240	0.0747462546197465	162288.941535787
241	0.0749327201677059	163527.243438144
242	0.0751188327697334	164769.94457519
243	0.0753045944136462	166017.043004032
244	0.0754900070683874	167268.536791527
245	0.0756750726842818	168524.424014191
246	0.0758597931932795	169784.702758114
247	0.0760441705092035	171049.371118869
248	0.076228206527988	172318.42720143
249	0.0764119031279151	173591.869120084
250	0.076595262169845	174869.694998346
251	0.0767782854974448	176151.902968882
252	0.0769609749374116	177438.491173421
253	0.0771433322996937	178729.457762675
254	0.077325359377705	180024.800896267
255	0.077507057948542	181324.518742642
256	0.077688429773187	182628.609478994
257	0.0778694765967203	183937.071291194
258	0.0780502001485173	185249.902373703
259	0.0782306021424508	186567.100929509
260	0.0784106842770864	187888.665170047
261	0.0785904482358737	189214.593315128
262	0.0787698956873389	190544.883592865
263	0.0789490282852669	191879.534239607
264	0.0791278476688881	193218.543499862
265	0.079306355463058	194561.909626234
266	0.0794845532784349	195909.630879349
267	0.0796624427116546	197261.705527792
268	0.0798400253455008	198618.131848038
269	0.0800173027490782	199978.908124388
270	0.0801942764779756	201344.0326489
271	0.0803709480744314	202713.503721328
272	0.080547319067495	204087.319649058
273	0.0807233909731849	205465.478747045
274	0.0808991652946469	206847.979337747
275	0.081074643522305	208234.819751071
276	0.0812498271340175	209625.998324306
277	0.0814247175952222	211021.513402068
278	0.081599316359086	212421.363336236
279	0.0817736248666473	213825.546485898
280	0.0819476445469616	215234.061217289
281	0.0821213768172399	216646.905903737
282	0.0822948230829871	218064.078925604
283	0.0824679847381373	219485.578670234
284	0.0826408631651919	220911.403531894
285	0.0828134597353473	222341.551911719
286	0.0829857758086268	223776.022217665
287	0.0831578127340094	225214.812864442
288	0.0833295718495547	226657.922273478
289	0.08350105448253	228105.348872855
290	0.0836722619495288	229557.09109726
291	0.0838431955565965	231013.147387937
292	0.0840138565993455	223943.110218766
293	0.0841842463630742	225354.044885094
294	0.0843543661228841	226769.130849632
295	0.0845242171437894	228188.366635596
296	0.0846938006808351	229611.750772284
297	0.0848631179792036	231039.281795022
298	0.0850321702743238	232470.958245122
299	0.0852009587919823	233906.778669837
300	0.0853694847484253	235346.741622316
301	0.0855377493504656	236790.845661562
302	0.0857057537955844	238239.089352386
303	0.0858734992720338	239691.471265363
304	0.086040986958937	241147.989976794
305	0.0862082180263859	242608.644068661
306	0.0863751936355406	244073.432128584
307	0.086541914938722	245542.352749782
308	0.0867083830795101	247015.404531033
309	0.0868745991928365	248492.58607663
310	0.087040564405075	249973.895996345
311	0.0872062798341342	251459.332905387
312	0.0873717465895447	252948.895424363
313	0.0875369657725508	254442.582179242
314	0.0877019384761947	255940.391801314
315	0.0878666657854058	257442.322927154
316	0.0880311487770816	258948.37419858
317	0.0881953885201736	260458.544262622
318	0.0883593860757696	261972.831771483
319	0.0885231424971768	263491.2353825
320	0.0886866588299971	265013.753758112
321	0.0888499361122133	266540.385565821
322	0.0890129753742607	268071.129478163
323	0.0891757776391109	269605.984172661
324	0.0893383439223416	271144.948331804
325	0.0895006752322151	272688.020643004
326	0.0896627725697534	274235.199798566
327	0.0898246369288095	275786.484495652
328	0.0899862692961396	277341.87343625
329	0.0901476706514762	278901.365327141
330	0.0903088419675975	280464.958879865
331	0.0904697842103951	282032.652810689
332	0.0906304983389464	283604.445840575
333	0.0907909853055795	285180.336695153
334	0.0909512460559395	286760.32410468
335	0.0911112815290586	288344.406804019
336	0.091271092657416	289932.583532603
337	0.0914306803670061	291524.853034406
338	0.0915900455773997	293121.214057911
339	0.0917491892018074	294721.665356083
340	0.091908112147143	296326.205686338
341	0.092066815314083	297934.833810517
342	0.0922252995971262	299547.548494849
343	0.092383565884657	301164.34850993
344	0.0925416150589979	302785.232630693
345	0.0926994479964751	304410.199636379
346	0.0928570655674704	306039.248310504
347	0.0930144686364804	307672.377440844
348	0.0931716580621723	309309.585819396
349	0.0933286346974381	310950.872242355
350	0.0934853993894517	312596.235510087
351	0.0936419529797188	314245.674427105
352	0.0937982963041355	315899.187802036
353	0.0939544301930366	317556.774447603
354	0.0941103554712477	319218.433180592
355	0.0942660729581421	320884.162821834
356	0.0944215834676835	322553.962196169
357	0.0945768878084841	324227.830132433
358	0.094731986783847	314162.3850615
359	0.0948868811918211	315783.778965814
360	0.0950415718252468	317409.091465266
361	0.0951960594718022	319038.321446039
362	0.0953503449140539	320671.467798039
363	0.0955044289295021	322308.529414882
364	0.0956583122906266	323949.505193865
365	0.0958119957649313	325594.394035943
366	0.0959654801149922	327243.194845712
367	0.0961187660984992	328895.906531379
368	0.0962718544683024	330552.528004748
369	0.0964247459724525	332213.058181194
370	0.0965774413542485	333877.49597964
371	0.0967299413522747	335545.84032254
372	0.0968822467004474	337218.090135854
373	0.0970343581280542	338894.244349029
374	0.0971862763597948	340574.301894977
375	0.0973380021158227	342258.261710055
376	0.0974895361117855	343946.122734046
377	0.0976408790588627	345637.883910134
378	0.0977920316638072	347333.544184889
379	0.0979429946289837	349033.102508245
380	0.0980937686524043	350736.55783348
381	0.0982443544277704	352443.909117198
382	0.0983947526445074	354155.155319303
383	0.0985449639878045	355870.29540299
384	0.0986949891386474	357589.328334722
385	0.0988448287738568	359312.253084202
386	0.0989944835661262	361039.068624372
387	0.0991439541840531	362769.773931375
388	0.099293241292178	364504.367984552
389	0.0994423455510167	366242.849766415
390	0.0995912676170948	367985.218262634
391	0.099740008142982	369731.472462013
392	0.0998885677773268	371481.611356475
393	0.100036947164888	373235.633941048
394	0.100185146946567	374993.539213843
395	0.100333167759442	376755.326176035
396	0.1004810102368	378520.993831853
397	0.100628675008168	380290.541188554
398	0.100776162699344	382063.967256411
399	0.100923473932426	383841.271048699
400	0.101070609325851	385622.451581668
401	0.101217569494413	387407.507874541
402	0.101364355049304	389196.438949482
403	0.101510966598139	390989.243831589
404	0.101657404744983	392785.921548882
405	0.101803670090386	394586.471132272
406	0.101949763231408	396390.891615562
407	0.102095684761647	398199.182035414
408	0.102241435271271	400011.341431352
409	0.102387015347042	401827.368845731
410	0.102532425572344	403647.263323728
411	0.102677666527213	405471.023913329
412	0.102822738788364	407298.649665306
413	0.102967642929212	409130.139633209
414	0.103112379519906	410965.492873353
415	0.103256949127352	412804.708444794
416	0.103401352315237	414647.785409319
417	0.103545589644057	416494.722831435
418	0.103689661671145	418345.519778347
419	0.103833568950689	420200.175319953
420	0.103977312033763	422058.688528819
421	0.10412089146835	423921.058480173
422	0.104264307799366	425787.284251889
423	0.104407561568685	427657.364924471
424	0.104550653315158	429531.299581041
425	0.104693583574647	431409.087307322
426	0.104836352880037	433290.727191632
427	0.104978961761269	435176.218324861
428	0.105121410745353	437065.559800464
429	0.105263700356401	438958.750714447
430	0.105405831115642	440855.790165349
431	0.105547803541447	442756.677254238
432	0.105689618149351	444661.411084686
433	0.105831275452076	446569.990762766
434	0.105972775959549	448482.415397033
435	0.106114120178928	450398.68409852
436	0.106255308614619	436308.788549356
437	0.106396341768299	438164.643586025
438	0.106537220138938	440024.20406925
439	0.106677944222818	441887.469150943
440	0.106818514513551	443754.437985336
441	0.106958931502105	445625.109728977
442	0.107099195676819	447499.483540715
443	0.107239307523425	449377.558581689
444	0.107379267525066	451259.334015312
445	0.107519076162318	453144.809007267
446	0.107658733913206	455033.982725492
447	0.107798241253225	456926.854340166
448	0.10793759865536	458823.423023702
449	0.108076806590102	460723.687950737
450	0.108215865525467	462627.648298114
451	0.108354775927015	464535.303244879
452	0.108493538257869	466446.651972266
453	0.108632152978733	468361.693663686
454	0.108770620547904	470280.427504719
455	0.108908941421301	472202.8526831
456	0.10904711605247	474128.968388712
457	0.109185144892611	476058.773813571
458	0.109323028390589	477992.268151824
459	0.109460766992954	479929.450599724
460	0.109598361143957	481870.320355634
461	0.109735811285568	483814.876620015
462	0.109873117857487	485763.118595406
463	0.11001028129717	487715.045486424
464	0.110147302039834	489670.65649975
465	0.110284180518484	491629.950844118
466	0.110420917163919	493592.927730308
467	0.110557512404756	495559.586371136
468	0.110693966667439	497529.925981442
469	0.110830280376259	499503.945778082
470	0.110966453953366	501481.644979918
471	0.111102487818789	503463.022807808
472	0.111238382390445	505448.0784846
473	0.111374138084156	507436.811235115
474	0.111509755313668	509429.220286147
475	0.111645234490659	511425.304866449
476	0.111780576024757	513425.064206721
477	0.111915780323556	515428.497539608
478	0.112050847792626	517435.604099684
479	0.11218577883553	519446.383123449
480	0.112320573853839	521460.83384931
481	0.112455233247139	523478.955517593
482	0.112589757413057	525500.747370504
483	0.11272414674726	527526.208652149
484	0.112858401643482	529555.338608509
485	0.112992522493528	531588.136487435
486	0.113126509687291	533624.601538639
487	0.113260363612766	535664.733013688
488	0.113394084656059	537708.530165994
489	0.113527673201406	539755.992250806
490	0.113661129631178	541807.118525196
491	0.113794454325902	543861.908248062
492	0.113927647664268	545920.360680117
493	0.114060710023142	547982.475083861
494	0.11419364177758	550048.250723608
495	0.114326443300841	552117.68686545
496	0.114459114964396	554190.78277726
497	0.114591657137941	556267.53772868
498	0.114724070189411	558347.95099112
499	0.114856354484991	560432.021837741
500	0.114988510389126	562519.749543453
501	0.115120538264533	564611.133384908
502	0.115252438472215	566706.172640489
503	0.115384211371468	568804.866590302
504	0.1155158573199	570907.214516172
505	0.115647376673431	573013.215701631
506	0.115778769786314	575122.869431915
507	0.115910037011142	577236.174993952
508	0.116041178698859	579353.131676361
509	0.11617219519877	581473.738769438
510	0.116303086858553	583597.995565151
511	0.116433854024272	585725.901357131
512	0.11656449704038	587857.455440672
513	0.116695016249741	589992.657112714
514	0.116825411993629	592131.505671844
515	0.116955684611744	594274.000418281
516	0.117085834442224	596420.140653875
517	0.117215861821648	598569.925682103
518	0.117345767085056	600723.354808051
519	0.117475550565949	602880.427338413
520	0.117605212596306	605041.142581488
521	0.11773475350659	607205.499847171
522	0.11786417362576	609373.498446943
523	0.117993473281278	611545.137693861
524	0.118122652799122	613720.416902562
525	0.118251712503793	615899.335389252
526	0.118380652718322	596585.047148793
527	0.118509473764288	598695.206433458
528	0.118638175961818	600808.876451244
529	0.118766759629599	602926.056548121
530	0.118895225084889	605046.746071547
531	0.119023572643526	607170.944370459
532	0.119151802619934	609298.650795253
533	0.119279915327136	611429.864697795
534	0.119407911076756	613564.585431408
535	0.119535790179038	615702.81235086
536	0.119663552942843	617844.544812376
537	0.119791199675669	619989.782173608
538	0.11991873068365	622138.523793643
539	0.12004614627157	624290.769033001
540	0.120173446742869	626446.517253619
541	0.120300632399653	628605.76781885
542	0.120427703542701	630768.520093456
543	0.120554660471475	632934.773443604
544	0.120681503484123	635104.52723686
545	0.120808232877495	637277.780842178
546	0.120934848947144	639454.533629905
547	0.121061351987337	641634.784971761
548	0.121187742291064	643818.534240853
549	0.121314020150043	646005.780811645
550	0.121440185854729	648196.524059974
551	0.121566239694322	650390.763363035
552	0.121692181956776	652588.498099371
553	0.121818012928803	654789.727648881
554	0.121943732895881	656994.451392799
555	0.122069342142268	659202.668713699
556	0.122194840951	661414.378995489
557	0.122320229603901	663629.581623404
558	0.1224455083816	665848.275983996
559	0.122570677563522	668070.461465133
560	0.122695737427906	670296.137456
561	0.122820688251809	672525.30334708
562	0.122945530311114	674757.958530163
563	0.123070263880538	676994.102398328
564	0.123194889233634	679233.73434595
565	0.123319406642804	681476.853768685
566	0.123443816379301	683723.46006347
567	0.12356811871324	685973.55262852
568	0.123692313913601	688227.130863316
569	0.123816402248237	690484.194168604
570	0.123940383983883	692744.741946398
571	0.124064259386158	695008.773599956
572	0.124188028719577	697276.288533792
573	0.124311692247552	699547.286153667
574	0.124435250232401	701821.765866582
575	0.124558702935356	704099.727080773
576	0.124682050616567	706381.169205701
577	0.124805293535108	708666.091652067
578	0.124928431948984	710954.493831785
579	0.12505146611514	713246.375157985
580	0.125174396289462	715541.735045014
581	0.125297222726788	717840.572908425
582	0.125419945680908	720142.888164971
583	0.125542565404577	722448.680232607
584	0.125665082149516	724757.948530486
585	0.125787496166422	727070.69247894
586	0.125909807704968	729386.911499495
587	0.126032017013814	731706.605014853
588	0.126154124340611	734029.772448897
589	0.126276129932009	736356.413226673
590	0.126398034033657	738686.5267744
591	0.126519836890213	741020.112519463
592	0.126641538745352	743357.169890396
593	0.126763139841765	745697.698316897
594	0.126884640421168	748041.697229809
595	0.12700604072431	750389.16606112
596	0.127127340990975	752740.10424396
597	0.127248541459986	755094.511212598
598	0.127369642369217	757452.38640243
599	0.127490643955591	759813.729249987
600	0.127611546455088	762178.539192924
601	0.127732350102754	764546.815670012
602	0.1278530551327	766918.558121142
603	0.12797366177811	769293.765987316
604	0.128094170271249	771672.438710638
605	0.128214580843463	774054.57573433
606	0.128334893725187	776440.176502699
607	0.128455109145949	778829.240461158
608	0.128575227334377	781221.767056204
609	0.1286952485182	783617.755735424
610	0.12881517292426	786017.2059475
611	0.128935000778506	788420.117142178
612	0.12905473230601	790826.488770285
613	0.129174367730966	793236.320283726
614	0.129293907276695	795649.611135466
615	0.129413351165652	798066.360779541
616	0.129532699619427	800486.568671044
617	0.129651952858754	802910.234266128
618	0.129771111103512	805337.357021994
619	0.129890174572733	807767.936396896
620	0.130009143484606	810201.971850133
621	0.130128018056476	812639.462842045
622	0.130246798504858	815080.408834008
623	0.130365485045434	817524.809288438
624	0.130484077893059	819972.663668778
625	0.13060257726177	822423.971439496
626	0.130720983364782	824878.732066082
627	0.130839296414503	827336.945015056
628	0.130957516622527	829798.609753944
629	0.131075644199649	832263.725751289
630	0.13119367935586	834732.292476641
631	0.131311622300357	837204.309400553
632	0.131429473241548	810974.909623476
633	0.131547232387048	813369.082403481
634	0.131664899943698	815766.585907063
635	0.131782476117551	818167.419626734
636	0.131899961113891	820571.58305595
637	0.13201735513723	822979.075689121
638	0.132134658391314	825389.897021611
639	0.132251871079124	827804.046549716
640	0.132368993402887	830221.523770682
641	0.132486025564071	832642.328182693
642	0.132602967763398	835066.459284864
643	0.132719820200838	837493.91657724
644	0.132836583075624	839924.699560796
645	0.132953256586245	842358.807737437
646	0.133069840930459	844796.24060998
647	0.133186336305291	847236.997682166
648	0.133302742907039	849681.078458655
649	0.133419060931277	852128.48244501
650	0.13353529057286	854579.209147712
651	0.133651432025926	857033.258074142
652	0.133767485483902	859490.628732585
653	0.133883451139505	861951.320632235
654	0.133999329184746	864415.333283168
655	0.134115119810937	866882.666196363
656	0.13423082320869	869353.318883686
657	0.134346439567922	871827.290857896
658	0.134461969077864	874304.581632636
659	0.134577411927055	876785.190722421
660	0.134692768303352	879269.11764266
661	0.134808038393932	881756.361909625
662	0.134923222385292	884246.923040468
663	0.135038320463263	886740.800553212
664	0.135153332812999	889237.993966738
665	0.135268259618988	891738.502800804
666	0.135383101065059	894242.326576023
667	0.13549785733438	896749.464813868
668	0.135612528609461	899259.917036664
669	0.135727115072159	901773.682767589
670	0.135841616903679	904290.761530679
671	0.135956034284585	906811.152850811
672	0.136070367394792	909334.856253704
673	0.13618461641358	911861.871265925
674	0.136298781519586	914392.197414878
675	0.136412862890818	916925.8342288
676	0.136526860704652	919462.781236763
677	0.136640775137836	922003.037968677
678	0.136754606366493	924546.603955265
679	0.136868354566125	927093.478728086
680	0.136982019911619	929643.661819519
681	0.13709560257724	932197.152762766
682	0.137209102736649	934753.951091841
683	0.137322520562891	937314.056341578
684	0.137435856228409	939877.468047615
685	0.137549109905041	942444.185746409
686	0.137662281764027	945014.208975215
687	0.137775371976006	947587.537272099
688	0.137888380711026	950164.170175927
689	0.138001308138542	952744.107226358
690	0.138114154427422	955327.347963857
691	0.138226919745946	957913.891929675
692	0.138339604261815	960503.738665858
693	0.138452208142145	963096.88771524
694	0.138564731553479	965693.338621443
695	0.138677174661783	968293.090928872
696	0.138789537632454	970896.144182705
697	0.138901820630319	973502.497928916
698	0.139014023819638	976112.151714238
699	0.139126147364106	978725.10508619
700	0.139238191426865	981341.357593053
701	0.139350156170491	983960.908783887
702	0.139462041757008	986583.758208512
703	0.139573848347886	989209.905417511
704	0.139685576104048	991839.349962228
705	0.139797225185868	994472.091394777
706	0.139908795753173	997108.129268018
707	0.140020287965254	999747.463135569
708	0.140131701980855	1002390.0925518
709	0.140243037958188	1005036.01707183
710	0.14035429605493	1007685.23625153
711	0.140465476428225	1010337.74964751
712	0.14057657923469	1012993.55681712
713	0.140687604630409	1015652.65731847
714	0.14079855277095	1018315.05071038
715	0.140909423811354	1020980.73655244
716	0.141020217906142	1023649.71440493
717	0.141130935209322	1026321.9838289
718	0.141241575874385	1028997.54438611
719	0.14135214005431	1031676.39563906
720	0.141462627901564	1034358.53715096
721	0.141573039568112	1037043.96848575
722	0.14168337520541	1039732.68920809
723	0.141793634964412	1042424.69888335
724	0.141903818995572	1045119.99707764
725	0.142013927448847	1047818.58335776
726	0.142123960473697	1050520.45729121
727	0.14223391821909	1053225.61844625
728	0.142343800833501	1055934.06639179
729	0.142453608464917	1058645.80069748
730	0.142563341260841	1061360.82093366
731	0.142672999368288	1064079.12667138
732	0.142782582933794	1066800.71748238
733	0.142892092103412	1069525.59293911
734	0.143001527022719	1072253.75261467
735	0.143110887836817	1074985.19608292
736	0.143220174690336	1077719.92291836
737	0.143329387727432	1080457.9326962
738	0.143438527091793	1083199.22499234
739	0.143547592926642	1085943.79938333
740	0.143656585374734	1088691.65544644
741	0.143765504578365	1091442.79275962
742	0.143874350679369	1094197.21090146
743	0.143983123819122	1096954.90945127
744	0.144091824138542	1099715.88798901
745	0.144200451778094	1102480.14609531
746	0.144309006877793	1105247.68335148
747	0.144417489577201	1108018.4993395
748	0.144525900015432	1110792.59364201
749	0.144634238331156	1113569.96584231
750	0.144742504662597	1116350.61552436
751	0.144850699147538	1119134.5422728
752	0.144958821923321	1121921.74567291
753	0.145066873126853	1086909.48868135
754	0.145174852894599	1089609.34314185
755	0.145282761362596	1092312.36292385
756	0.145390598666445	1095018.5476291
757	0.145498364941317	1097727.89685996
758	0.145606060321956	1100440.41021946
759	0.145713684942678	1103156.08731121
760	0.145821238937377	1105874.92773945
761	0.145928722439522	1108596.93110906
762	0.146036135582161	1111322.09702551
763	0.146143478497923	1114050.42509491
764	0.146250751319023	1116781.91492396
765	0.146357954177254	1119516.56612
766	0.146465087204005	1122254.37829096
767	0.146572150530245	1124995.35104538
768	0.146679144286538	1127739.48399242
769	0.146786068603036	1130486.77674184
770	0.146892923609489	1133237.22890399
771	0.14699970943524	1135990.84008985
772	0.14710642620923	1138747.60991097
773	0.147213074059999	1141507.53797951
774	0.14731965311569	1144270.62390824
775	0.147426163504044	1147036.8673105
776	0.147532605352408	1149806.26780026
777	0.147638978787737	1152578.82499203
778	0.147745283936594	1155354.53850095
779	0.147851520925147	1158133.40794275
780	0.14795768987918	1160915.43293372
781	0.148063790924087	1163700.61309075
782	0.148169824184878	1166488.94803131
783	0.148275789786177	1169280.43737345
784	0.148381687852229	1172075.08073582
785	0.148487518506896	1174872.87773762
786	0.148593281873661	1177673.82799864
787	0.148698978075631	1180477.93113924
788	0.148804607235537	1183285.18678037
789	0.148910169475735	1186095.59454352
790	0.14901566491821	1188909.15405078
791	0.149121093684575	1191725.86492481
792	0.149226455896074	1194545.7267888
793	0.149331751673582	1197368.73926656
794	0.14943698113761	1200194.90198241
795	0.149542144408306	1203024.21456127
796	0.149647241605449	1205856.6766286
797	0.149752272848461	1208692.28781043
798	0.149857238256402	1211531.04773336
799	0.149962137947977	1214372.95602452
800	0.15006697204153	1217218.0123116
801	0.150171740655051	1220066.21622285
802	0.150276443906175	1222917.56738709
803	0.15038108191219	1225772.06543365
804	0.150485654790023	1228629.70999244
805	0.150590162656261	1231490.5006939
806	0.150694605627138	1234354.43716903
807	0.150798983818542	1237221.51904936
808	0.150903297346018	1240091.74596697
809	0.151007546324765	1242965.11755448
810	0.151111730869641	1245841.63344506
811	0.151215851095161	1248721.2932724
812	0.151319907115505	1251604.09667073
813	0.151423899044509	1254490.04327482
814	0.151527826995679	1257379.13271998
815	0.151631691082181	1260271.36464205
816	0.15173549141685	1263166.73867738
817	0.151839228112184	1266065.25446288
818	0.151942901280357	1268966.91163598
819	0.152046511033208	1271871.70983462
820	0.152150057482249	1274779.64869727
821	0.152253540738666	1277690.72786294
822	0.152356960913319	1280604.94697116
823	0.152460318116741	1283522.30566196
824	0.152563612459147	1286442.80357591
825	0.152666844050429	1289366.44035408
826	0.152770013000155	1292293.21563809
827	0.152873119417575	1295223.12907003
828	0.152976163411626	1298156.18029254
829	0.153079145090925	1301092.36894876
830	0.153182064563774	1304031.69468233
831	0.15328492193816	1306974.15713743
832	0.153387717321761	1309919.75595872
833	0.15349045082194	1312868.49079137
834	0.153593122545752	1315820.36128108
835	0.153695732599943	1318775.36707402
836	0.153798281090952	1321733.50781689
837	0.15390076812491	1324694.78315688
838	0.154003193807644	1327659.19274169
839	0.154105558244678	1330626.73621951
840	0.154207861541233	1333597.41323902
841	0.154310103802227	1336571.22344942
842	0.154412285132279	1339548.16650039
843	0.154514405635709	1342528.24204209
844	0.154616465416542	1345511.44972522
845	0.1547184645785	1348497.78920092
846	0.154820403225017	1351487.26012084
847	0.154922281459227	1354479.86213713
848	0.155024099383974	1357475.59490242
849	0.15512585710181	1360474.4580698
850	0.155227554714993	1363476.4512929
851	0.155329192325498	1366481.57422578
852	0.155430770035005	1369489.82652301
853	0.155532287944912	1372501.20783964
854	0.155633746156324	1375515.71783121
855	0.15573514477007	1378533.3561537
856	0.15583648388669	1381554.12246361
857	0.155937763606439	1384578.0164179
858	0.156038984029296	1387605.037674
859	0.156140145254956	1390635.18588981
860	0.156241247382835	1393668.46072372
861	0.156342290512073	1396704.86183459
862	0.156443274741527	1399744.38888173
863	0.156544200169786	1402787.04152494
864	0.156645066895158	1405832.81942448
865	0.156745875015679	1408881.72224108
866	0.156846624629111	1411933.74963592
867	0.156947315832946	1414988.90127067
868	0.157047948724405	1418047.17680744
869	0.157148523400438	1421108.57590881
870	0.157249039957727	1424173.09823784
871	0.157349498492686	1427240.74345802
872	0.157449899101463	1430311.51123331
873	0.157550241879941	1433385.40122812
874	0.157650526923738	1436462.41310735
875	0.157750754328207	1439542.5465363
876	0.15785092418844	1442625.80118077
877	0.157951036599269	1445712.17670699
878	0.158051091655262	1448801.67278165
879	0.158151089450731	1451894.28907189
880	0.158251030079727	1454990.02524529
881	0.158350913636044	1458088.88096988
882	0.158450740213223	1461190.85591416
883	0.158550509904544	1464295.94974705
884	0.158650222803036	1467404.16213792
885	0.158749879001474	1470515.49275659
886	0.15884947859238	1473629.94127331
887	0.158949021668025	1476747.5073588
888	0.159048508320427	1479868.19068418
889	0.159147938641358	1482991.99092105
890	0.159247312722339	1486118.90774141
891	0.159346630654644	1489248.94081773
892	0.159445892529299	1492382.0898229
893	0.159545098437087	1446083.16564928
894	0.159644248468541	1449118.7715872
895	0.159743342713956	1452157.38950884
896	0.159842381263378	1455199.01909957
897	0.159941364206616	1458243.66004521
898	0.160040291633234	1461291.31203196
899	0.160139163632558	1464341.97474645
900	0.160237980293672	1467395.64787572
901	0.160336741705426	1470452.33110723
902	0.160435447956424	1473512.02412883
903	0.160534099135044	1476574.7266288
904	0.16063269532942	1479640.43829584
905	0.160731236627452	1482709.15881902
906	0.160829723116811	1485780.88788785
907	0.160928154884929	1488855.62519224
908	0.161026532019008	1491933.37042249
909	0.161124854606018	1495014.12326934
910	0.161223122732699	1498097.88342388
911	0.161321336485562	1501184.65057766
912	0.161419495950887	1504274.42442258
913	0.161517601214726	1507367.20465098
914	0.161615652362903	1510462.99095558
915	0.161713649481021	1513561.78302949
916	0.16181159265445	1516663.58056625
917	0.161909481968342	1519768.38325976
918	0.162007317507619	1522876.19080435
919	0.162105099356985	1525987.00289471
920	0.162202827600918	1529100.81922595
921	0.162300502323676	1532217.63949356
922	0.162398123609299	1535337.46339343
923	0.1624956915416	1538460.29062184
924	0.162593206204182	1541586.12087545
925	0.162690667680422	1544714.95385131
926	0.162788076053486	1547846.78924688
927	0.162885431406318	1550981.62675999
928	0.162982733821651	1554119.46608885
929	0.163079983381998	1557260.30693206
930	0.163177180169661	1560404.14898861
931	0.163274324266729	1563550.99195788
932	0.163371415755075	1566700.83553962
933	0.163468454716364	1569853.67943397
934	0.163565441232047	1573009.52334144
935	0.163662375383366	1576168.36696293
936	0.163759257251354	1579330.20999973
937	0.163856086916832	1582495.05215347
938	0.163952864460417	1585662.89312618
939	0.164049589962515	1588833.7326203
940	0.164146263503327	1592007.57033858
941	0.164242885162851	1595184.40598421
942	0.164339455020873	1598364.2392607
943	0.164435973156981	1601547.06987196
944	0.164532439650557	1604732.89752227
945	0.16462885458078	1607921.72191628
946	0.164725218026626	1611113.542759
947	0.16482153006687	1614308.35975583
948	0.164917790780089	1617506.17261252
949	0.165014000244655	1620706.9810352
950	0.165110158538746	1623910.78473036
951	0.165206265740336	1627117.58340485
952	0.165302321927206	1630327.3767659
953	0.165398327176936	1633540.1645211
954	0.165494281566911	1636755.94637839
955	0.165590185174321	1639974.72204609
956	0.165686038076161	1643196.49123289
957	0.165781840349229	1646421.2536478
958	0.165877592070132	1649649.00900023
959	0.165973293315283	1652879.75699994
960	0.166068944160902	1656113.49735703
961	0.166164544683018	1659350.22978199
962	0.166260094957471	1662589.95398564
963	0.166355595059906	1665832.66967916
964	0.166451045065783	1669078.3765741
965	0.166546445050368	1672327.07438235
966	0.166641795088747	1675578.76281615
967	0.166737095255807	1678833.44158812
968	0.166832345626259	1682091.1104112
969	0.166927546274618	1685351.7689987
970	0.167022697275221	1688615.41706427
971	0.167117798702216	1691882.05432191
972	0.167212850629569	1695151.68048598
973	0.167307853131058	1698424.29527119
974	0.167402806280281	1701699.89839258
975	0.167497710150656	1704978.48956554
976	0.167592564815412	1708260.06850581
977	0.167687370347605	1711544.63492949
978	0.167782126820104	1714832.188553
979	0.167876834305602	1718122.72909311
980	0.167971492876609	1721416.25626694
981	0.16806610260546	1724712.76979194
982	0.16816066356431	1728012.26938593
983	0.168255175825136	1731314.75476703
984	0.16834963945974	1734620.22565372
985	0.168444054539747	1737928.68176482
986	0.168538421136605	1741240.12281948
987	0.168632739321588	1744554.54853721
988	0.168727009165796	1747871.95863782
989	0.168821230740154	1751192.35284148
990	0.168915404115413	1754515.73086869
991	0.169009529362156	1757842.09244028
992	0.169103606550789	1761171.43727742
993	0.169197635751549	1764503.76510162
994	0.169291617034499	1767839.0756347
995	0.169385550469536	1771177.36859883
996	0.169479436126384	1774518.6437165
997	0.1695732740746	1777862.90071053
998	0.169667064383569	1781210.13930408
999	0.169760807122513	1784560.35922063
1000	0.165959973831072	1790601.14119469
1001	0.169948150166367	1791269.74191828
