1	0.894047207079755	0.630944339775952
2	0.88676129903923	0.61247516587911
3	0.881022543415189	0.599821872734981
4	0.87680992268493	0.591717501998873
5	0.873469616264885	0.584163902539055
6	0.870695578467909	0.579101804523314
7	0.868319876455835	0.573621736067763
8	0.866240308495674	0.568784131100173
9	0.86438995484971	0.565693008261131
10	0.862722544064799	0.561756801512927
11	0.861204704759119	0.558150398427283
12	0.859811548106292	0.554820277469806
13	0.85852399756678	0.551725267535649
14	0.857327096343354	0.550050035538684
15	0.856208891571843	0.547334479343541
16	0.855159673985127	0.544774486433112
17	0.854171444968989	0.542352555839616
18	0.853237533787086	0.54005404532836
19	0.852352316755399	0.537866572690929
20	0.851511007324424	0.536968648744255
21	0.850709496543283	0.534973010010596
22	0.849944230007703	0.533060843266064
23	0.849212111680358	0.531225253179589
24	0.848510427809228	0.52946017979295
25	0.847836786086836	0.527760267191963
26	0.847189066513356	0.526120757228731
27	0.846565381351268	0.524537402737012
28	0.845964042216999	0.524168754804649
29	0.845383532829728	0.522686668620295
30	0.844822486284566	0.521250406169298
31	0.844279665974242	0.519857159803714
32	0.843753949475602	0.518504375673233
33	0.843244314862656	0.517189723731587
34	0.842749829018893	0.515911072079649
35	0.842269637607112	0.514666464909618
36	0.841802956421503	0.513454103456868
37	0.841349063898746	0.512272329477618
38	0.840907294605982	0.511119610858662
39	0.840477033556152	0.511131339690213
40	0.840057711227289	0.510032578631102
41	0.839648799183387	0.508958915039056
42	0.839249806211448	0.507909209839753
43	0.838860274903194	0.506882400543834
44	0.838479778621217	0.505877494481581
45	0.838107918798722	0.504893562772854
46	0.837744322529657	0.503929734938006
47	0.839133427292844	0.502985194069307
48	0.838785419547261	0.502059172494039
49	0.838444686934583	0.501150947870104
50	0.838110939879166	0.500259839663172
51	0.837783905644542	0.49938520596128
52	0.837463327053945	0.498526440588674
53	0.837148961330197	0.498795331938483
54	0.836840579041836	0.497966614791901
55	0.836537963143978	0.497152136821774
56	0.836240908103882	0.496351410841431
57	0.835949219102371	0.495563974430779
58	0.835662711303345	0.494789388276481
59	0.835381209184515	0.494027234649491
60	0.835104545923321	0.493277116006489
61	0.834832562832625	0.492538653703265
62	0.834565108841432	0.491811486809426
63	0.834302040016391	0.491095271014972
64	0.834043219120272	0.490389677620291
65	0.833788515204061	0.489694392602029
66	0.833537803229634	0.48900911574807
67	0.833290963720296	0.48833355985557
68	0.833047882436761	0.487667449986572
69	0.832808450076369	0.487010522776321
70	0.832572561993579	0.487451467525603
71	0.83234011793995	0.486812158666472
72	0.832111021822	0.486181305594132
73	0.831885181475492	0.48555868522717
74	0.831662508454833	0.484944083248331
75	0.831442917836368	0.484337293649477
76	0.831226328034507	0.483738118305793
77	0.831012660629678	0.483146366577006
78	0.830801840207208	0.482561854933594
79	0.830593794206312	0.48198440660611
80	0.830388452778442	0.481413851255926
81	0.830185748654294	0.480850024665849
82	0.829985617018867	0.480292768449172
83	0.829787995393976	0.479741929775859
84	0.829592823527708	0.479197361114671
85	0.829400043290319	0.478658919990119
86	0.829209598576149	0.478126468753228
87	0.82902143521111	0.477599874365197
88	0.828835500865413	0.477079008193074
89	0.828651744971137	0.47656374581665
90	0.828470118644363	0.476053966845864
91	0.828290574611543	0.47661604258967
92	0.828113067139846	0.476116884530513
93	0.827937551971221	0.475622871205006
94	0.827763986259944	0.475133896704762
95	0.827592328513431	0.474649858373849
96	0.827422538536108	0.474170656676529
97	0.82725457737616	0.473696195071671
98	0.827088407274975	0.473226379893432
99	0.826923991619134	0.472761120237843
100	0.826532196402958	0.472357354133625
101	0.826600282644197	0.471843917046108
102	0.826440921424623	0.47139180456641
103	0.826283178768883	0.470943909531477
104	0.826127023148029	0.470500153328839
105	0.825972423935705	0.470060459533374
106	0.825819351374186	0.469624753826659
107	0.825667776541993	0.469192963920023
108	0.825517671323009	0.468765019481074
109	0.825369008376997	0.468340852063544
110	0.825221761111452	0.46792039504025
111	0.825075903654718	0.46750358353901
112	0.824931410830296	0.467090354381372
113	0.824788258132286	0.466680646023994
114	0.8246464217019	0.466274398502543
115	0.824505878304991	0.465871553377987
116	0.824366605310548	0.465472053685154
117	0.824228580670105	0.465075843883451
118	0.824091782898022	0.46572781105297
119	0.823956191052584	0.465338019878588
120	0.823821784717892	0.464951360058221
121	0.823688543986495	0.464567781296191
122	0.823556449442735	0.464187234503742
123	0.823425482146761	0.463809671760622
124	0.823295623619194	0.463435046278196
125	0.82316685582639	0.463063312364002
126	0.823039161166304	0.462694425387679
127	0.822912522454889	0.462328341748228
128	0.822786922913042	0.46196501884251
129	0.822662346154042	0.461604415034949
130	0.822538776171478	0.461246489628387
131	0.82241619732763	0.460891202836012
132	0.822294594342297	0.460538515754349
133	0.822173952282034	0.460188390337231
134	0.822054256549798	0.459840789370735
135	0.82193549287497	0.459495676449026
136	0.821817647303751	0.459153015951065
137	0.821700706189901	0.458812773018165
138	0.821584656185812	0.458474913532336
139	0.82146948423391	0.458139404095396
140	0.821355177558352	0.457806212008815
141	0.821241723657029	0.457475305254264
142	0.821129110293837	0.457146652474835
143	0.821017325491232	0.4568202229569
144	0.820906357523031	0.456495986612598
145	0.820796194907465	0.456173913962908
146	0.820686826400477	0.455853976121296
147	0.820578240989232	0.455536144777905
148	0.820470427885861	0.455220392184274
149	0.820363376521409	0.454906691138552
150	0.82025707653998	0.455619263007045
151	0.820151517793084	0.455309585568726
152	0.820046690334162	0.455001881211778
153	0.819942584413298	0.454696124782411
154	0.819839190472096	0.45439229160644
155	0.819736499138721	0.454090357477151
156	0.819634501223108	0.453790298643531
157	0.819533187712315	0.45349209179888
158	0.819432549766024	0.453195714069774
159	0.819332578712187	0.452901143005365
160	0.819233266042806	0.452608356567016
161	0.819134603409845	0.452317333118246
162	0.819036582621264	0.452028051414985
163	0.818939195637182	0.451740490596123
164	0.81884243456615	0.451454630174337
165	0.818746291661544	0.451170450027199
166	0.818650759318056	0.45088793038854
167	0.818555830068303	0.450607051840072
168	0.818461496579528	0.450327795303259
169	0.818367751650402	0.450050142031413
170	0.818274588207917	0.449774073602033
171	0.818181999304378	0.449499571909355
172	0.818089978114469	0.449226619157115
173	0.81799851793242	0.448955197851524
174	0.81790761216924	0.448685290794435
175	0.817817254350043	0.448416881076708
176	0.817727438111435	0.448149952071754
177	0.817638157198994	0.447884487429263
178	0.817549405464799	0.447620471069104
179	0.817461176865048	0.447357887175395
180	0.817373465457729	0.44709672019073
181	0.817286265400359	0.446836954810568
182	0.81719957094779	0.446578575977768
183	0.817113376450069	0.44632156887728
184	0.817027676350357	0.446065918930968
185	0.816942465182909	0.445811611792579
186	0.8168577375711	0.445558633342838
187	0.816773488225516	0.445306969684677
188	0.816689711942082	0.445056607138588
189	0.816606403600251	0.445811890748099
190	0.816523558161232	0.445564090236388
191	0.816441170666275	0.445317551058886
192	0.816359236234986	0.445072260362213
193	0.816277750063702	0.444828205489053
194	0.816196707423895	0.444585373974177
195	0.816116103660625	0.444343753540573
196	0.816035934191026	0.444103332095663
197	0.81595619450284	0.443864097727623
198	0.815876880152977	0.443626038701794
199	0.815797986766117	0.443389143457173
200	0.815719510033351	0.443153400603004
201	0.815641445710847	0.442918798915439
202	0.815563789618555	0.442685327334291
203	0.815486537638942	0.442452974959861
204	0.81540968571576	0.442221731049839
205	0.815333229852843	0.441991585016288
206	0.81525716611293	0.44176252642269
207	0.815181490616523	0.441534544981069
208	0.815106199540767	0.441307630549181
209	0.815031289118359	0.441081773127766
210	0.814956755636486	0.440856962857875
211	0.814882595435781	0.440633190018243
212	0.814808804909309	0.44041044502274
213	0.814735380501579	0.440188718417869
214	0.814662318707572	0.43996800088033
215	0.814589616071799	0.43974828321463
216	0.814517269187373	0.439529556350759
217	0.814445274695112	0.439311811341909
218	0.814373629282656	0.439095039362254
219	0.814302329683603	0.438879231704767
220	0.814231372676673	0.4386643797791
221	0.814160755084878	0.438450475109502
222	0.814090473774728	0.438237509332786
223	0.814020525655436	0.438025474196344
224	0.813950907678156	0.437814361556198
225	0.813881616835229	0.437604163375101
226	0.813812650159449	0.437394871720677
227	0.813744004723347	0.437186478763602
228	0.813675677638486	0.436978976775821
229	0.813607666054776	0.436772358128806
230	0.813539967159802	0.436566615291856
231	0.813472578178166	0.436361740830423
232	0.813405496370843	0.43615772740448
233	0.813338719034555	0.435954567766928
234	0.813272243501152	0.435752254762024
235	0.81320606713701	0.435550781323854
236	0.813140187342445	0.436335367213951
237	0.813074601551129	0.436135552063991
238	0.813009307229532	0.435936555807138
239	0.812944301876364	0.435738371722098
240	0.812879583022036	0.435540993170211
241	0.812815148228126	0.435344413594095
242	0.812750995086865	0.435148626516332
243	0.812687121220626	0.434953625538158
244	0.812623524281424	0.434759404338206
245	0.812560201950429	0.434565956671249
246	0.812497151937493	0.434373276366989
247	0.812434371980672	0.434181357328854
248	0.812371859845777	0.433990193532833
249	0.812309613325918	0.43379977902632
250	0.812247630241067	0.433610107926995
251	0.812185908437626	0.433421174421715
252	0.812124445788002	0.433232972765434
253	0.812063240190193	0.43304549728014
254	0.812002289567384	0.432858742353817
255	0.811941591867544	0.432672702439423
256	0.811881145063043	0.432487372053889
257	0.811820947150259	0.432302745777138
258	0.81176099614921	0.432118818251121
259	0.811701290103184	0.431935584178876
260	0.811641827078376	0.431753038323597
261	0.811582605163537	0.431571175507728
262	0.811523622469623	0.431389990612069
263	0.811464877129457	0.431209478574904
264	0.811406367297394	0.431029634391139
265	0.811348091148994	0.43085045311146
266	0.811290046880696	0.430671929841509
267	0.81123223270951	0.430494059741067
268	0.8111746468727	0.43031683802326
269	0.811117287627484	0.430140259953777
270	0.811060153250735	0.429964320850102
271	0.811003242038688	0.429789016080758
272	0.810946552306653	0.42961434106457
273	0.810890082388731	0.429440291269934
274	0.810833830637541	0.429266862214107
275	0.810777795423945	0.429094049462504
276	0.810721975136782	0.428921848628011
277	0.810666368182607	0.428750255370306
278	0.810610972985432	0.428579265395199
279	0.810555787986475	0.428408874453976
280	0.810500811643911	0.428239078342758
281	0.810446042432628	0.428069872901876
282	0.810391478843988	0.427901254015247
283	0.810337119385594	0.427733217609768
284	0.810282962581056	0.427565759654721
285	0.810229006969766	0.427398876161182
286	0.810175251106674	0.427232563181447
287	0.810121693562069	0.427066816808467
288	0.810068332921367	0.426901633175284
289	0.810015167784896	0.426737008454493
290	0.809962196767689	0.426572938857693
291	0.809909418499281	0.426409420634969
292	0.809856831623509	0.427213260304267
293	0.809804434798312	0.427050833731675
294	0.80975222669554	0.426888947509127
295	0.809700206000763	0.426727598035511
296	0.809648371413082	0.426566781745683
297	0.809596721644948	0.426406495109984
298	0.809545255421977	0.426246734633774
299	0.809493971482776	0.426087496856968
300	0.809442868578768	0.425928778353579
301	0.809391945474016	0.425770575731276
302	0.809341200945057	0.425612885630938
303	0.809290633780735	0.425455704726227
304	0.809240242782039	0.425299029723156
305	0.80919002676194	0.425142857359676
306	0.809139984545232	0.424987184405262
307	0.809090114968379	0.424832007660503
308	0.809040416879361	0.424677323956711
309	0.808990889137524	0.424523130155522
310	0.808941530613428	0.424369423148514
311	0.808892340188707	0.424216199856823
312	0.808843316755922	0.424063457230771
313	0.80879445921842	0.423911192249499
314	0.808745766490198	0.4237594019206
315	0.808697237495763	0.423608083279768
316	0.808648871169998	0.423457233390442
317	0.808600666458032	0.423306849343465
318	0.808552622315108	0.423156928256737
319	0.808504737706456	0.423007467274886
320	0.808457011607165	0.422858463568937
321	0.808409443002059	0.422709914335985
322	0.808362030885579	0.422561816798875
323	0.808314774261657	0.42241416820589
324	0.808267672143601	0.42226696583044
325	0.808220723553976	0.422120206970753
326	0.808173927524492	0.421973888949579
327	0.808127283095889	0.421828009113891
328	0.808080789317827	0.421682564834596
329	0.808034445248774	0.421537553506243
330	0.807988249955902	0.421392972546743
331	0.807942202514977	0.42124881939709
332	0.807896302010255	0.421105091521088
333	0.807850547534381	0.420961786405075
334	0.807804938188288	0.420818901557662
335	0.80775947308109	0.420676434509467
336	0.807714151329994	0.420534382812858
337	0.807668972060193	0.420392744041696
338	0.80762393440478	0.420251515791086
339	0.807579037504644	0.420110695677129
340	0.807534280508385	0.419970281336674
341	0.80748966257222	0.419830270427085
342	0.807445182859889	0.419690660625997
343	0.807400840542574	0.419551449631086
344	0.807356634798805	0.419412635159839
345	0.807312564814378	0.419274214949323
346	0.807268629782267	0.419136186755968
347	0.807224828902542	0.41899854835534
348	0.807181161382285	0.418861297541929
349	0.807137626435513	0.418724432128929
350	0.807094223283093	0.418587949948033
351	0.807050951152664	0.418451848849219
352	0.807007809278562	0.41831612670055
353	0.806964796901739	0.418180781387967
354	0.806921913269693	0.418045810815091
355	0.806879157636387	0.417911212903027
356	0.80683652926218	0.417776985590169
357	0.806794027413754	0.417643126832008
358	0.80675165136404	0.418458704208611
359	0.806709400392152	0.41832557649403
360	0.806667273783311	0.41819281130133
361	0.806625270828786	0.418060406652532
362	0.806583390825815	0.417928360585835
363	0.806541633077548	0.417796671155442
364	0.806499996892976	0.417665336431385
365	0.80645848158687	0.417534354499354
366	0.806417086479713	0.417403723460525
367	0.806375810897639	0.417273441431401
368	0.806334654172373	0.417143506543636
369	0.806293615641165	0.417013916943885
370	0.806252694646733	0.416884670793632
371	0.806211890537204	0.41675576626904
372	0.806171202666053	0.416627201560794
373	0.806130630392045	0.416498974873942
374	0.806090173079179	0.416371084427748
375	0.806049830096631	0.416243528455542
376	0.806009600818697	0.416116305204568
377	0.805969484624743	0.415989412935844
378	0.805929480899143	0.415862849924011
379	0.805889589031232	0.415736614457199
380	0.80584980841525	0.415610704836877
381	0.80581013845029	0.415485119377724
382	0.805770578540249	0.415359856407486
383	0.805731128093774	0.415234914266843
384	0.805691786524214	0.415110291309275
385	0.80565255324957	0.414985985900934
386	0.805613427692447	0.414861996420508
387	0.805574409280003	0.414738321259099
388	0.805535497443905	0.414614958820092
389	0.805496691620281	0.414491907519033
390	0.805457991249674	0.414369165783504
391	0.805419395776993	0.414246732053001
392	0.805380904651472	0.414124604778817
393	0.805342517326626	0.414002782423917
394	0.805304233260203	0.413881263462828
395	0.805266051914143	0.413760046381519
396	0.805227972754535	0.413639129677286
397	0.805189995251573	0.413518511858643
398	0.80515211887952	0.413398191445205
399	0.805114343116659	0.413278166967585
400	0.805076667445255	0.413158436967278
401	0.80503909135152	0.413038999996558
402	0.805001614325565	0.412919854618372
403	0.804964235861366	0.412800999406233
404	0.804926955456724	0.412682432944118
405	0.804889772613227	0.412564153826365
406	0.804852686836212	0.412446160657572
407	0.804815697634727	0.412328452052498
408	0.804778804521497	0.412211026635967
409	0.804742007012882	0.412093883042763
410	0.804705304628847	0.411977019917541
411	0.804668696892925	0.411860435914731
412	0.804632183332178	0.41174412969844
413	0.804595763477169	0.411628099942364
414	0.80455943686192	0.411512345329694
415	0.804523203023887	0.411396864553025
416	0.804487061503918	0.411281656314269
417	0.804451011846227	0.411166719324563
418	0.804415053598357	0.411052052304185
419	0.80437918631115	0.410937653982467
420	0.804343409538715	0.410823523097707
421	0.804307722838393	0.410709658397088
422	0.804272125770733	0.410596058636593
423	0.804236617899456	0.410482722580923
424	0.804201198791426	0.410369649003417
425	0.804165868016619	0.41025683668597
426	0.804130625148096	0.41014428441895
427	0.804095469761971	0.410031991001129
428	0.804060401437386	0.409919955239597
429	0.804025419756476	0.409808175949685
430	0.803990524304348	0.409696651954898
431	0.803955714669048	0.409585382086828
432	0.803920990441536	0.409474365185089
433	0.803886351215657	0.409363600097239
434	0.803851796588116	0.409253085678712
435	0.803817326158448	0.409142820792739
436	0.803782939528998	0.409964772645882
437	0.803748636304887	0.409855003445738
438	0.803714416093994	0.409745480413951
439	0.803680278506924	0.40963620244426
440	0.803646223156987	0.409527168437857
441	0.803612249660172	0.409418377303325
442	0.803578357635123	0.409309827956567
443	0.803544546703112	0.409201519320744
444	0.80351081648802	0.409093450326208
445	0.803477166616309	0.408985619910439
446	0.803443596716999	0.408878027017982
447	0.803410106421648	0.408770670600385
448	0.803376695364326	0.408663549616135
449	0.803343363181591	0.408556663030598
450	0.803310109512473	0.408450009815959
451	0.803276933998444	0.408343588951162
452	0.803243836283401	0.408237399421849
453	0.803210816013644	0.408131440220306
454	0.803177872837853	0.408025710345398
455	0.803145006407065	0.40792020880252
456	0.80311221637466	0.407814934603532
457	0.803079502396331	0.407709886766709
458	0.803046864130072	0.407605064316684
459	0.803014301236152	0.407500466284392
460	0.802981813377097	0.407396091707016
461	0.802949400217671	0.407291939627936
462	0.802917061424854	0.407188009096671
463	0.802884796667825	0.407084299168831
464	0.802852605617943	0.406980808906063
465	0.802820487948723	0.406877537375998
466	0.802788443335826	0.406774483652204
467	0.802756471457031	0.406671646814133
468	0.802724571992225	0.406569025947073
469	0.802692744623379	0.406466620142095
470	0.802660989034531	0.40636442849601
471	0.802629304911771	0.406262450111314
472	0.802597691943221	0.406160684096146
473	0.802566149819019	0.40605912956424
474	0.802534678231298	0.405957785634873
475	0.802503276874176	0.405856651432827
476	0.802471945443731	0.405755726088336
477	0.802440683637992	0.405655008737045
478	0.802409491156917	0.405554498519962
479	0.802378367702379	0.405454194583418
480	0.802347312978148	0.405354096079018
481	0.802316326689878	0.405254202163602
482	0.80228540854509	0.405154511999199
483	0.802254558253153	0.405055024752986
484	0.802223775525274	0.404955739597246
485	0.802193060074481	0.404856655709324
486	0.802162411615603	0.404757772271589
487	0.802131829865262	0.40465908847139
488	0.802101314541854	0.404560603501019
489	0.802070865365535	0.404462316557668
490	0.802040482058208	0.404364226843392
491	0.802010164343505	0.404266333565065
492	0.801979911946778	0.404168635934348
493	0.801949724595079	0.404071133167645
494	0.801919602017152	0.403973824486068
495	0.801889543943413	0.403876709115397
496	0.801859550105941	0.403779786286046
497	0.801829620238464	0.403683055233022
498	0.801799754076343	0.403586515195893
499	0.80176995135656	0.403490165418747
500	0.801740211817707	0.403394005150159
501	0.801710535199968	0.403298033643157
502	0.801680921245112	0.403202250155182
503	0.801651369696477	0.403106653948059
504	0.801621880298956	0.403011244287957
505	0.801592452798989	0.40291602044536
506	0.801563086944545	0.40282098169503
507	0.801533782485115	0.402726127315974
508	0.801504539171697	0.402631456591411
509	0.801475356756785	0.402536968808741
510	0.801446234994355	0.402442663259509
511	0.801417173639857	0.402348539239378
512	0.8013881724502	0.40225459604809
513	0.801359231183741	0.402160832989443
514	0.801330349600278	0.402067249371251
515	0.80130152746103	0.40197384450532
516	0.801272764528635	0.401880617707414
517	0.801244060567132	0.401787568297226
518	0.801215415341954	0.401694695598346
519	0.801186828619915	0.401601998938235
520	0.801158300169201	0.401509477648189
521	0.801129829759359	0.401417131063319
522	0.801101417161283	0.401324958522512
523	0.80107306214721	0.401232959368412
524	0.801044764490703	0.401141132947384
525	0.801016523966646	0.401049478609489
526	0.80098834035123	0.401873468171557
527	0.800960213421946	0.401782156064869
528	0.800932142957571	0.401691014113397
529	0.800904128738165	0.40160004168171
530	0.800876170545052	0.401509238137937
531	0.800848268160818	0.401418602853738
532	0.8008204213693	0.401328135204282
533	0.800792629955571	0.401237834568216
534	0.800764893705938	0.401147700327643
535	0.800737212407929	0.401057731868093
536	0.800709585850283	0.400967928578502
537	0.800682013822941	0.400878289851183
538	0.800654496117042	0.400788815081802
539	0.800627032524906	0.400699503669354
540	0.800599622840031	0.400610355016141
541	0.800572266857082	0.400521368527741
542	0.800544964371881	0.400432543612992
543	0.800517715181401	0.400343879683962
544	0.800490519083758	0.40025537615593
545	0.800463375878197	0.400167032447358
546	0.800436285365092	0.400078847979873
547	0.800409247345928	0.39999082217824
548	0.800382261623302	0.399902954470341
549	0.800355328000909	0.399815244287154
550	0.800328446283534	0.399727691062726
551	0.800301616277049	0.399640294234157
552	0.800274837788398	0.399553053241573
553	0.800248110625594	0.399465967528108
554	0.800221434597711	0.399379036539878
555	0.800194809514873	0.399292259725966
556	0.80016823518825	0.399205636538396
557	0.800141711430048	0.399119166432113
558	0.800115238053503	0.399032848864962
559	0.800088814872871	0.39894668329767
560	0.800062441703424	0.398860669193823
561	0.800036118361441	0.398774806019846
562	0.800009844664201	0.398689093244984
563	0.799983620429975	0.398603530341282
564	0.799957445478019	0.398518116783563
565	0.799931319628568	0.398432852049414
566	0.799905242702829	0.398347735619161
567	0.799879214522972	0.398262766975851
568	0.799853234912125	0.398177945605235
569	0.799827303694369	0.39809327099575
570	0.799801420694726	0.398008742638495
571	0.799775585739156	0.397924360027219
572	0.799749798654549	0.397840122658298
573	0.799724059268722	0.397756030030719
574	0.799698367410407	0.397672081646061
575	0.799672722909246	0.397588277008477
576	0.799647125595788	0.39750461562468
577	0.79962157530148	0.397421097003917
578	0.79959607185866	0.397337720657962
579	0.799570615100551	0.397254486101091
580	0.799545204861258	0.397171392850066
581	0.799519840975757	0.397088440424124
582	0.799494523279892	0.39700562834495
583	0.799469251610369	0.396922956136671
584	0.799444025804749	0.396840423325831
585	0.799418845701441	0.39675802944138
586	0.7993937111397	0.396675774014655
587	0.799368621959616	0.396593656579364
588	0.799343578002113	0.396511676671572
589	0.79931857910894	0.396429833829684
590	0.799293625122666	0.396348127594426
591	0.799268715886676	0.396266557508835
592	0.799243851245164	0.396185123118242
593	0.799219031043126	0.396103823970253
594	0.79919425512636	0.396022659614738
595	0.799169523341453	0.395941629603815
596	0.799144835535781	0.395860733491832
597	0.799120191557503	0.395779970835356
598	0.799095591255552	0.395699341193159
599	0.799071034479634	0.395618844126198
600	0.799046521080223	0.395538479197605
601	0.799022050908552	0.395458245972672
602	0.798997623816609	0.395378144018836
603	0.798973239657136	0.395298172905665
604	0.798948898283619	0.395218332204845
605	0.798924599550284	0.395138621490164
606	0.798900343312094	0.3950590403375
607	0.798876129424744	0.394979588324808
608	0.798851957744652	0.394900265032104
609	0.798827828128961	0.394821070041454
610	0.798803740435527	0.394742002936958
611	0.798779694522921	0.39466306330474
612	0.798755690250417	0.394584250732932
613	0.798731727477996	0.394505564811664
614	0.798707806066333	0.394427005133048
615	0.798683925876797	0.394348571291167
616	0.798660086771447	0.394270262882062
617	0.798636288613023	0.394192079503719
618	0.798612531264947	0.394114020756058
619	0.798588814591316	0.394036086240917
620	0.798565138456897	0.393958275562045
621	0.798541502727121	0.393880588325085
622	0.798517907268085	0.393803024137566
623	0.798494351946542	0.393725582608886
624	0.798470836629896	0.393648263350305
625	0.798447361186202	0.393571065974932
626	0.798423925484162	0.39349399009771
627	0.798400529393114	0.39341703533541
628	0.798377172783037	0.393340201306612
629	0.798353855524539	0.393263487631703
630	0.798330577488858	0.393186893932856
631	0.798307338547857	0.393110419834027
632	0.798284138574018	0.393933615362873
633	0.79826097744044	0.393857379343078
634	0.798237855020834	0.393781261805728
635	0.79821477118952	0.393705262381784
636	0.798191725821421	0.393629380703932
637	0.798168718792064	0.393553616406571
638	0.79814574997757	0.393477969125803
639	0.798122819254655	0.393402438499421
640	0.798099926500622	0.393327024166903
641	0.798077071593363	0.393251725769396
642	0.798054254411349	0.393176542949709
643	0.79803147483363	0.393101475352302
644	0.798008732739833	0.393026522623276
645	0.797986028010152	0.392951684410361
646	0.797963360525353	0.392876960362911
647	0.797940730166761	0.392802350131887
648	0.797918136816265	0.392727853369853
649	0.797895580356309	0.392653469730964
650	0.797873060669893	0.392579198870956
651	0.797850577640562	0.392505040447136
652	0.797828131152413	0.392430994118375
653	0.797805721090082	0.392357059545095
654	0.797783347338748	0.392283236389263
655	0.797761009784123	0.392209524314376
656	0.797738708312454	0.392135922985461
657	0.797716442810519	0.392062432069057
658	0.797694213165619	0.391989051233211
659	0.797672019265582	0.391915780147464
660	0.797649860998755	0.39184261848285
661	0.797627738253999	0.391769565911879
662	0.797605650920693	0.391696622108532
663	0.797583598888724	0.391623786748252
664	0.797561582048487	0.391551059507936
665	0.797539600290881	0.391478440065923
666	0.797517653507308	0.391405928101989
667	0.797495741589665	0.391333523297336
668	0.797473864430347	0.391261225334587
669	0.797452021922241	0.391189033897772
670	0.797430213958721	0.391116948672326
671	0.79740844043365	0.391044969345076
672	0.797386701241372	0.390973095604233
673	0.797364996276713	0.390901327139387
674	0.797343325434976	0.390829663641497
675	0.797321688611939	0.390758104802883
676	0.797300085703851	0.390686650317217
677	0.79727851660743	0.390615299879516
678	0.79725698121986	0.390544053186137
679	0.797235479438791	0.390472909934763
680	0.79721401116233	0.3904018698244
681	0.797192576289043	0.390330932555369
682	0.797171174717952	0.390260097829295
683	0.797149806348532	0.390189365349103
684	0.797128471080705	0.390118734819011
685	0.797107168814843	0.390048205944517
686	0.797085899451761	0.389977778432399
687	0.797064662892716	0.3899074519907
688	0.797043459039403	0.389837226328728
689	0.797022287793957	0.389767101157044
690	0.797001149058944	0.389697076187456
691	0.796980042737362	0.389627151133012
692	0.796958968732639	0.389557325707993
693	0.796937926948629	0.389487599627906
694	0.796916917289609	0.389417972609476
695	0.79689593966028	0.389348444370641
696	0.796874993965759	0.389279014630543
697	0.796854080111581	0.389209683109522
698	0.796833198003696	0.389140449529109
699	0.796812347548465	0.389071313612022
700	0.796791528652658	0.389002275082152
701	0.796770741223452	0.388933333664567
702	0.79674998516843	0.388864489085493
703	0.796729260395575	0.38879574107232
704	0.796708566813273	0.388727089353585
705	0.796687904330304	0.388658533658972
706	0.796667272855848	0.388590073719303
707	0.796646672299474	0.388521709266532
708	0.796626102571145	0.388453440033738
709	0.796605563581209	0.388385265755122
710	0.796585055240405	0.388317186165995
711	0.796564577459852	0.388249201002776
712	0.796544130151054	0.388181310002986
713	0.796523713225894	0.388113512905239
714	0.796503326596631	0.388045809449239
715	0.796482970175904	0.387978199375771
716	0.796462643876719	0.387910682426698
717	0.79644234761246	0.387843258344952
718	0.796422081296875	0.387775926874532
719	0.796401844844082	0.387708687760493
720	0.796381638168563	0.387641540748946
721	0.796361461185164	0.387574485587045
722	0.79634131380909	0.38750752202299
723	0.796321195955908	0.387440649806013
724	0.796301107541539	0.387373868686378
725	0.79628104848226	0.387307178415373
726	0.796261018694702	0.387240578745304
727	0.796241018095845	0.387174069429492
728	0.79622104660302	0.387107650222263
729	0.796201104133903	0.387041320878948
730	0.796181190606518	0.386975081155872
731	0.796161305939229	0.386908930810353
732	0.796141450050744	0.386842869600696
733	0.796121622860109	0.386776897286184
734	0.796101824286708	0.386711013627077
735	0.796082054250261	0.386645218384604
736	0.79606231267082	0.386579511320959
737	0.796042599468772	0.386513892199298
738	0.796022914564833	0.386448360783728
739	0.796003257880045	0.386382916839307
740	0.795983629335781	0.386317560132037
741	0.795964028853735	0.386252290428859
742	0.795944456355927	0.386187107497649
743	0.795924911764694	0.386122011107211
744	0.795905395002698	0.386057001027273
745	0.795885905992915	0.385992077028485
746	0.795866444658637	0.385927238882408
747	0.795847010923472	0.385862486361514
748	0.795827604711341	0.385797819239179
749	0.795808225946473	0.385733237289681
750	0.795788874553409	0.385668740288191
751	0.795769550456997	0.385604328010771
752	0.795750253582389	0.385540000234369
753	0.795730983855044	0.386359929460069
754	0.795711741200722	0.386295770020115
755	0.795692525545484	0.386231694417289
756	0.795673336815691	0.386167702432036
757	0.795654174938002	0.386103793845664
758	0.79563503983937	0.386039968440336
759	0.795615931447046	0.385976225999073
760	0.795596849688572	0.385912566305741
761	0.79557779449178	0.385848989145054
762	0.795558765784795	0.385785494302564
763	0.795539763496029	0.385722081564662
764	0.79552078755418	0.385658750718567
765	0.795501837888232	0.385595501552328
766	0.795482914427453	0.385532333854815
767	0.795464017101393	0.38546924741572
768	0.795445145839884	0.385406242025547
769	0.795426300573034	0.385343317475609
770	0.795407481231234	0.38528047355803
771	0.795388687745145	0.385217710065731
772	0.795369920045709	0.385155026792434
773	0.795351178064138	0.385092423532653
774	0.795332461731916	0.385029900081694
775	0.795313770980799	0.384967456235647
776	0.795295105742813	0.384905091791383
777	0.795276465950248	0.384842806546552
778	0.795257851535666	0.384780600299577
779	0.795239262431888	0.384718472849652
780	0.795220698572002	0.384656423996736
781	0.795202159889359	0.384594453541549
782	0.79518364631757	0.384532561285571
783	0.795165157790504	0.384470747031034
784	0.795146694242289	0.384409010580923
785	0.795128255607312	0.384347351738967
786	0.795109841820212	0.384285770309641
787	0.795091452815886	0.384224266098156
788	0.795073088529481	0.384162838910459
789	0.795054748896397	0.384101488553231
790	0.795036433852283	0.384040214833878
791	0.795018143333039	0.383979017560533
792	0.794999877274812	0.383917896542047
793	0.794981635613994	0.383856851587991
794	0.794963418287224	0.383795882508647
795	0.794945225231385	0.383734989115008
796	0.794927056383602	0.383674171218774
797	0.794908911681241	0.383613428632348
798	0.79489079106191	0.38355276116883
799	0.794872694463453	0.383492168642019
800	0.794854621823957	0.383431650866406
801	0.79483657308174	0.383371207657168
802	0.794818548175358	0.383310838830171
803	0.794800547043603	0.383250544201963
804	0.794782569625496	0.383190323589768
805	0.794764615860294	0.383130176811489
806	0.794746685687482	0.3830701036857
807	0.794728779046775	0.383010104031642
808	0.794710895878118	0.382950177669225
809	0.79469303612168	0.382890324419018
810	0.79467519971786	0.382830544102252
811	0.79465738660728	0.382770836540811
812	0.794639596730785	0.382711201557235
813	0.794621830029445	0.382651638974709
814	0.794604086444549	0.38259214861707
815	0.79458636591761	0.382532730308793
816	0.794568668390356	0.382473383874995
817	0.794550993804737	0.382414109141432
818	0.794533342102919	0.382354905934489
819	0.794515713227284	0.382295774081187
820	0.794498107120429	0.382236713409171
821	0.794480523725165	0.382177723746712
822	0.794462962984517	0.382118804922703
823	0.794445424841722	0.382059956766654
824	0.794427909240225	0.382001179108693
825	0.794410416123685	0.38194247177956
826	0.794392945435967	0.381883834610603
827	0.794375497121144	0.381825267433779
828	0.794358071123498	0.381766770081647
829	0.794340667387514	0.381708342387369
830	0.794323285857883	0.381649984184703
831	0.7943059264795	0.381591695308005
832	0.794288589197462	0.381533475592221
833	0.79427127395707	0.381475324872888
834	0.794253980703822	0.381417242986128
835	0.794236709383418	0.38135922976865
836	0.794219459941758	0.381301285057742
837	0.794202232324938	0.38124340869127
838	0.794185026479252	0.381185600507679
839	0.794167842351189	0.381127860345983
840	0.794150679887434	0.381070188045768
841	0.794133539034865	0.381012583447189
842	0.794116419740554	0.380955046390964
843	0.794099321951765	0.380897576718374
844	0.794082245615954	0.380840174271259
845	0.794065190680766	0.380782838892018
846	0.794048157094037	0.380725570423603
847	0.794031144803789	0.380668368709516
848	0.794014153758235	0.380611233593811
849	0.793997183905773	0.380554164921089
850	0.793980235194987	0.380497162536491
851	0.793963307574645	0.380440226285704
852	0.7939464009937	0.380383356014952
853	0.79392951540129	0.380326551570996
854	0.793912650746733	0.38026981280113
855	0.793895806979528	0.38021313955318
856	0.793878984049356	0.380156531675503
857	0.793862181906079	0.38009998901698
858	0.793845400499735	0.380043511427018
859	0.793828639780542	0.379987098755543
860	0.793811899698895	0.379930750853004
861	0.793795180205364	0.379874467570365
862	0.793778481250697	0.379818248759104
863	0.793761802785815	0.379762094271213
864	0.793745144761813	0.379706003959192
865	0.79372850712996	0.37964997767605
866	0.793711889841696	0.3795940152753
867	0.793695292848634	0.379538116610958
868	0.793678716102557	0.379482281537541
869	0.793662159555416	0.379426509910066
870	0.793645623159335	0.379370801584042
871	0.793629106866603	0.379315156415474
872	0.793612610629678	0.37925957426086
873	0.793596134401185	0.379204054977185
874	0.793579678133913	0.379148598421921
875	0.793563241780818	0.379093204453025
876	0.793546825295021	0.379037872928939
877	0.793530428629805	0.378982603708583
878	0.793514051738616	0.378927396651355
879	0.793497694575064	0.37887225161713
880	0.793481357092918	0.378817168466257
881	0.793465039246109	0.378762147059557
882	0.793448740988728	0.37870718725832
883	0.793432462275025	0.378652288924304
884	0.793416203059408	0.378597451919733
885	0.793399963296444	0.378542676107292
886	0.793383742940855	0.378487961350131
887	0.793367541947521	0.378433307511857
888	0.793351360271477	0.378378714456533
889	0.793335197867912	0.378324182048681
890	0.793319054692172	0.378269710153271
891	0.793302930699752	0.378215298635729
892	0.793286825846304	0.378160947361928
893	0.793270740087629	0.378975968175315
894	0.793254673379682	0.378921736988432
895	0.793238625678567	0.378867565645583
896	0.793222596940537	0.378813454014417
897	0.793206587121997	0.378759401963022
898	0.793190596179499	0.378705409359924
899	0.793174624069744	0.378651476074086
900	0.793158670749578	0.3785976019749
901	0.793142736175997	0.378543786932193
902	0.793126820306139	0.378490030816221
903	0.793110923097292	0.378436333497668
904	0.793095044506885	0.378382694847642
905	0.793079184492493	0.378329114737676
906	0.793063343011832	0.378275593039727
907	0.793047520022764	0.378222129626169
908	0.793031715483291	0.378168724369796
909	0.793015929351557	0.37811537714382
910	0.793000161585846	0.378062087821864
911	0.792984412144584	0.378008856277968
912	0.792968680986336	0.377955682386581
913	0.792952968069804	0.377902566022561
914	0.792937273353831	0.377849507061176
915	0.792921596797396	0.377796505378096
916	0.792905938359617	0.377743560849399
917	0.792890297999745	0.377690673351563
918	0.792874675677171	0.377637842761467
919	0.79285907135142	0.377585068956388
920	0.792843484982149	0.377532351814003
921	0.792827916529153	0.377479691212381
922	0.792812365952357	0.377427087029987
923	0.792796833211824	0.377374539145677
924	0.792781318267743	0.377322047438697
925	0.792765821080439	0.377269611788682
926	0.792750341610368	0.377217232075655
927	0.792734879818114	0.377164908180022
928	0.792719435664394	0.377112639982576
929	0.792704009110053	0.377060427364489
930	0.792688600116065	0.377008270207314
931	0.792673208643533	0.376956168392984
932	0.792657834653686	0.376904121803808
933	0.792642478107883	0.376852130322471
934	0.792627138967608	0.376800193832032
935	0.792611817194471	0.376748312215923
936	0.792596512750208	0.376696485357945
937	0.79258122559668	0.37664471314227
938	0.792565955695873	0.376592995453436
939	0.792550703009896	0.376541332176349
940	0.792535467500982	0.376489723196277
941	0.792520249131486	0.376438168398855
942	0.792505047863888	0.376386667670075
943	0.792489863660786	0.376335220896292
944	0.792474696484903	0.376283827964217
945	0.792459546299081	0.376232488760921
946	0.792444413066281	0.376181203173828
947	0.792429296749586	0.376129971090717
948	0.792414197312198	0.376078792399719
949	0.792399114717436	0.376027666989315
950	0.792384048928739	0.375976594748338
951	0.792368999909663	0.375925575565968
952	0.792353967623881	0.37587460933173
953	0.792338952035184	0.375823695935497
954	0.792323953107477	0.375772835267482
955	0.792308970804783	0.375722027218244
956	0.792294005091238	0.375671271678681
957	0.792279055931096	0.375620568540031
958	0.792264123288721	0.375569917693868
959	0.792249207128595	0.375519319032107
960	0.79223430741531	0.375468772446994
961	0.792219424113573	0.375418277831112
962	0.792204557188202	0.375367835077373
963	0.792189706604127	0.375317444079023
964	0.792174872326391	0.375267104729637
965	0.792160054320145	0.375216816923119
966	0.792145252550653	0.375166580553697
967	0.792130466983289	0.37511639551593
968	0.792115697583534	0.375066261704695
969	0.792100944316982	0.375016179015198
970	0.792086207149331	0.374966147342963
971	0.792071486046391	0.374916166583836
972	0.792056780974078	0.37486623663398
973	0.792042091898415	0.374816357389879
974	0.792027418785534	0.37476652874833
975	0.79201276160167	0.374716750606449
976	0.791998120313166	0.374667022861662
977	0.791983494886471	0.374617345411711
978	0.791968885288137	0.374567718154646
979	0.791954291484823	0.37451814098883
980	0.79193971344329	0.374468613812934
981	0.791925151130405	0.374419136525936
982	0.791910604513137	0.374369709027121
983	0.791896073558557	0.374320331216077
984	0.791881558233839	0.3742710029927
985	0.791867058506261	0.374221724257185
986	0.791852574343201	0.37417249491003
987	0.791838105712138	0.374123314852032
988	0.791823652580652	0.37407418398429
989	0.791809214916424	0.374025102208196
990	0.791794792687234	0.373976069425444
991	0.791780385860962	0.373927085538018
992	0.791765994405588	0.373878150448201
993	0.791751618289189	0.373829264058566
994	0.791737257479942	0.37378042627198
995	0.791722911946122	0.373731636991598
996	0.791708581656099	0.373682896120867
997	0.791694266578343	0.373634203563522
998	0.791679966681419	0.373585559223584
999	0.791665681933991	0.373536963005361
1000	0.792251282610944	0.37344956926504
1001	0.791637157762745	0.373439914552716
