0.885310733740441	0.500179928484047	0	0
0.885287509059838	0.500128127946036	0.000153693954442036	0.000153693954442036
0.885264260266079	0.500076275477639	0.000307387908884072	0.000307387908884072
0.885240987310047	0.50002437097463	0.000461081863326107	0.000461081863326107
0.885217690142477	0.499972414332469	0.000614775817768143	0.000614775817768143
0.885194368713953	0.499920405446302	0.000768469772210179	0.000768469772210179
0.885171022974907	0.499868344210957	0.000922163726652215	0.000922163726652215
0.885147652875623	0.499816230520944	0.00107585768109425	0.00107585768109425
0.885124258366232	0.499764064270454	0.00122955163553629	0.00122955163553629
0.88510083939671	0.499711845353359	0.00138324558997832	0.00138324558997832
0.885077395916885	0.499659573663207	0.00153693954442036	0.00153693954442036
0.885053927876427	0.499607249093225	0.00169063349886239	0.00169063349886239
0.885030435224855	0.499554871536313	0.00184432745330443	0.00184432745330443
0.88500691791153	0.499502440885048	0.00199802140774647	0.00199802140774647
0.884983375885662	0.499449957031679	0.0021517153621885	0.0021517153621885
0.8849598090963	0.499397419868126	0.00230540931663054	0.00230540931663054
0.884936217492339	0.49934482928598	0.00245910327107257	0.00245910327107257
0.884912601022516	0.499292185176501	0.00261279722551461	0.00261279722551461
0.884888959635411	0.499239487430616	0.00276649117995664	0.00276649117995664
0.884865293279444	0.499186735938919	0.00292018513439868	0.00292018513439868
0.884841601902876	0.499133930591669	0.00307387908884072	0.00307387908884072
0.884817885453808	0.499081071278788	0.00322757304328275	0.00322757304328275
0.88479414388018	0.49902815788986	0.00338126699772479	0.00338126699772479
0.884770377129772	0.498975190314131	0.00353496095216682	0.00353496095216682
0.884746585150201	0.498922168440504	0.00368865490660886	0.00368865490660886
0.884722767888921	0.498869092157543	0.00384234886105089	0.00384234886105089
0.884698925293225	0.498815961353467	0.00399604281549293	0.00399604281549293
0.884675057310238	0.498762775916149	0.00414973676993497	0.00414973676993497
0.884651163886924	0.498709535733118	0.004303430724377	0.004303430724377
0.88462724497008	0.498656240691555	0.00445712467881904	0.00445712467881904
0.884603300506337	0.49860289067829	0.00461081863326107	0.00461081863326107
0.88457933044216	0.498549485579804	0.00476451258770311	0.00476451258770311
0.884555334723846	0.498496025282226	0.00491820654214514	0.00491820654214514
0.884531313297523	0.498442509671331	0.00507190049658718	0.00507190049658718
0.884507266109153	0.49838893863254	0.00522559445102922	0.00522559445102922
0.884483193104526	0.498335312050917	0.00537928840547125	0.00537928840547125
0.884459094229262	0.498281629811167	0.00553298235991329	0.00553298235991329
0.884434969428811	0.498227891797637	0.00568667631435532	0.00568667631435532
0.88441081864845	0.498174097894313	0.00584037026879736	0.00584037026879736
0.884386641833286	0.498120247984819	0.0059940642232394	0.0059940642232394
0.884362438928251	0.498066341952414	0.00614775817768143	0.00614775817768143
0.884338209878103	0.498012379679993	0.00630145213212347	0.00630145213212347
0.884313954627426	0.497958361050083	0.0064551460865655	0.0064551460865655
0.88428967312063	0.497904285944842	0.00660884004100754	0.00660884004100754
0.884265365301946	0.49785015424606	0.00676253399544957	0.00676253399544957
0.884241031115432	0.497795965835155	0.00691622794989161	0.00691622794989161
0.884216670504965	0.497741720593169	0.00706992190433365	0.00706992190433365
0.884192283414247	0.497687418400774	0.00722361585877568	0.00722361585877568
0.884167869786797	0.497633059138262	0.00737730981321772	0.00737730981321772
0.884143429565958	0.497578642685549	0.00753100376765975	0.00753100376765975
0.884118962694891	0.497524168922171	0.00768469772210179	0.00768469772210179
0.884094469116575	0.497469637727283	0.00783839167654382	0.00783839167654382
0.884069948773808	0.497415048979658	0.00799208563098586	0.00799208563098586
0.884045401609204	0.497360402557684	0.0081457795854279	0.0081457795854279
0.884020827565195	0.497305698339363	0.00829947353986993	0.00829947353986993
0.883996226584028	0.497250936202311	0.00845316749431197	0.00845316749431197
0.883971598607765	0.497196116023752	0.008606861448754	0.008606861448754
0.88394694357828	0.497141237680523	0.00876055540319604	0.00876055540319604
0.883922261437263	0.497086301049065	0.00891424935763807	0.00891424935763807
0.883897552126214	0.497031306005427	0.00906794331208011	0.00906794331208011
0.883872815586448	0.496976252425261	0.00922163726652215	0.00922163726652215
0.883848051759087	0.496921140183823	0.00937533122096418	0.00937533122096418
0.883823260585066	0.496865969155969	0.00952902517540622	0.00952902517540622
0.883798442005127	0.496810739216153	0.00968271912984825	0.00968271912984825
0.883773595959822	0.496755450238428	0.00983641308429029	0.00983641308429029
0.883748722389509	0.496700102096442	0.00999010703873232	0.00999010703873232
0.883723821234355	0.496644694663437	0.0101438009931744	0.0101438009931744
0.88369889243433	0.496589227812248	0.0102974949476164	0.0102974949476164
0.883673935929211	0.496533701415298	0.0104511889020584	0.0104511889020584
0.883648951658579	0.496478115344602	0.0106048828565005	0.0106048828565005
0.883623939561819	0.49642246947176	0.0107585768109425	0.0107585768109425
0.883598899578116	0.496366763667956	0.0109122707653845	0.0109122707653845
0.883573831646459	0.496310997803961	0.0110659647198266	0.0110659647198266
0.883548735705637	0.496255171750124	0.0112196586742686	0.0112196586742686
0.883523611694238	0.496199285376375	0.0113733526287106	0.0113733526287106
0.883498459550652	0.496143338552222	0.0115270465831527	0.0115270465831527
0.883473279213064	0.49608733114675	0.0116807405375947	0.0116807405375947
0.883448070619458	0.496031263028616	0.0118344344920368	0.0118344344920368
0.883422833707614	0.495975134066052	0.0119881284464788	0.0119881284464788
0.883397568415106	0.495918944126859	0.0121418224009208	0.0121418224009208
0.883372274679306	0.495862693078407	0.0122955163553629	0.0122955163553629
0.883346952437377	0.495806380787632	0.0124492103098049	0.0124492103098049
0.883321601626275	0.495750007121037	0.0126029042642469	0.0126029042642469
0.88329622218275	0.495693571944685	0.012756598218689	0.012756598218689
0.883270814043341	0.495637075124203	0.012910292173131	0.012910292173131
0.883245377144377	0.495580516524776	0.013063986127573	0.013063986127573
0.883219911421977	0.495523896011147	0.0132176800820151	0.0132176800820151
0.883194416812048	0.495467213447612	0.0133713740364571	0.0133713740364571
0.883168893250286	0.495410468698023	0.0135250679908991	0.0135250679908991
0.883143340672169	0.495353661625781	0.0136787619453412	0.0136787619453412
0.883117759012965	0.49529679209384	0.0138324558997832	0.0138324558997832
0.883092148207724	0.495239859964698	0.0139861498542253	0.0139861498542253
0.88306650819128	0.4951828651004	0.0141398438086673	0.0141398438086673
0.88304083889825	0.495125807362533	0.0142935377631093	0.0142935377631093
0.883015140263031	0.495068686612229	0.0144472317175514	0.0144472317175514
0.882989412219804	0.495011502710154	0.0146009256719934	0.0146009256719934
0.882963654702525	0.494954255516517	0.0147546196264354	0.0147546196264354
0.882937867644933	0.494896944891058	0.0149083135808775	0.0149083135808775
0.882912050980541	0.494839570693052	0.0150620075353195	0.0150620075353195
0.882886204642642	0.494782132781306	0.0152157014897615	0.0152157014897615
0.882860328564303	0.494724631014154	0.0153693954442036	0.0153693954442036
0.882834422678365	0.494667065249459	0.0155230893986456	0.0155230893986456
0.882808486917443	0.494609435344608	0.0156767833530876	0.0156767833530876
0.882782521213926	0.49455174115651	0.0158304773075297	0.0158304773075297
0.882756525499973	0.494493982541597	0.0159841712619717	0.0159841712619717
0.882730499707516	0.494436159355816	0.0161378652164138	0.0161378652164138
0.882704443768252	0.494378271454634	0.0162915591708558	0.0162915591708558
0.882678357613652	0.49432031869303	0.0164452531252978	0.0164452531252978
0.88265224117495	0.494262300925495	0.0165989470797399	0.0165989470797399
0.882626094383149	0.49420421800603	0.0167526410341819	0.0167526410341819
0.882599917169016	0.494146069788144	0.0169063349886239	0.0169063349886239
0.882573709463084	0.494087856124852	0.017060028943066	0.017060028943066
0.882547471195648	0.494029576868671	0.017213722897508	0.017213722897508
0.882521202296765	0.493971231871618	0.01736741685195	0.01736741685195
0.882494902696253	0.493912820985212	0.0175211108063921	0.0175211108063921
0.882468572323691	0.493854344060465	0.0176748047608341	0.0176748047608341
0.882442211108417	0.493795800947884	0.0178284987152761	0.0178284987152761
0.882415818979524	0.493737191497469	0.0179821926697182	0.0179821926697182
0.882389395865866	0.493678515558709	0.0181358866241602	0.0181358866241602
0.88236294169605	0.493619772980579	0.0182895805786023	0.0182895805786023
0.882336456398437	0.49356096361154	0.0184432745330443	0.0184432745330443
0.882309939901143	0.493502087299535	0.0185969684874863	0.0185969684874863
0.882283392132035	0.493443143891989	0.0187506624419284	0.0187506624419284
0.882256813018733	0.493384133235801	0.0189043563963704	0.0189043563963704
0.882230202488604	0.493325055177349	0.0190580503508124	0.0190580503508124
0.882203560468765	0.493265909562481	0.0192117443052545	0.0192117443052545
0.882176886886082	0.493206696236519	0.0193654382596965	0.0193654382596965
0.882150181667167	0.49314741504425	0.0195191322141385	0.0195191322141385
0.882123444738375	0.493088065829929	0.0196728261685806	0.0196728261685806
0.882096676025808	0.493028648437272	0.0198265201230226	0.0198265201230226
0.88206987545531	0.492969162709458	0.0199802140774646	0.0199802140774646
0.882043042952465	0.492909608489122	0.0201339080319067	0.0201339080319067
0.8820161784426	0.492849985618358	0.0202876019863487	0.0202876019863487
0.881989281850782	0.492790293938711	0.0204412959407908	0.0204412959407908
0.881962353101812	0.492730533291175	0.0205949898952328	0.0205949898952328
0.881935392120231	0.492670703516198	0.0207486838496748	0.0207486838496748
0.881908398830317	0.492610804453667	0.0209023778041169	0.0209023778041169
0.881881373156078	0.492550835942916	0.0210560717585589	0.0210560717585589
0.88185431502126	0.492490797822719	0.0212097657130009	0.0212097657130009
0.881827224349338	0.492430689931288	0.021363459667443	0.021363459667443
0.881800101063519	0.492370512106269	0.021517153621885	0.021517153621885
0.881772945086739	0.492310264184742	0.021670847576327	0.021670847576327
0.881745756341661	0.492249946003217	0.0218245415307691	0.0218245415307691
0.881718534750677	0.492189557397629	0.0219782354852111	0.0219782354852111
0.881691280235904	0.492129098203342	0.0221319294396531	0.0221319294396531
0.881663992719183	0.492068568255138	0.0222856233940952	0.0222856233940952
0.881636672122077	0.492007967387221	0.0224393173485372	0.0224393173485372
0.881609318365874	0.491947295433209	0.0225930113029793	0.0225930113029793
0.881581931371579	0.491886552226136	0.0227467052574213	0.0227467052574213
0.881554511059917	0.491825737598446	0.0229003992118633	0.0229003992118633
0.881527057351332	0.491764851381992	0.0230540931663054	0.0230540931663054
0.881499570165982	0.491703893408032	0.0232077871207474	0.0232077871207474
0.881472049423744	0.491642863507226	0.0233614810751894	0.0233614810751894
0.881444495044206	0.491581761509635	0.0235151750296315	0.0235151750296315
0.881416906946667	0.491520587244716	0.0236688689840735	0.0236688689840735
0.88138928505014	0.491459340541322	0.0238225629385155	0.0238225629385155
0.881361629273346	0.491398021227694	0.0239762568929576	0.0239762568929576
0.881333939534715	0.491336629131466	0.0241299508473996	0.0241299508473996
0.881306215752383	0.491275164079653	0.0242836448018416	0.0242836448018416
0.881278457844193	0.491213625898655	0.0244373387562837	0.0244373387562837
0.88125066572769	0.491152014414252	0.0245910327107257	0.0245910327107257
0.881222839320122	0.491090329451598	0.0247447266651678	0.0247447266651678
0.881194978538439	0.491028570835225	0.0248984206196098	0.0248984206196098
0.881167083299292	0.49096673838903	0.0250521145740518	0.0250521145740518
0.881139153519027	0.490904831936284	0.0252058085284939	0.0252058085284939
0.881111189113689	0.490842851299617	0.0253595024829359	0.0253595024829359
0.881083189999019	0.490780796301025	0.0255131964373779	0.0255131964373779
0.881055156090449	0.49071866676186	0.02566689039182	0.02566689039182
0.881027087303107	0.49065646250283	0.025820584346262	0.025820584346262
0.88099898355181	0.490594183343995	0.025974278300704	0.025974278300704
0.880970844751063	0.490531829104765	0.0261279722551461	0.0261279722551461
0.880942670815063	0.490469399603897	0.0262816662095881	0.0262816662095881
0.88091446165769	0.490406894659488	0.0264353601640302	0.0264353601640302
0.88088621719251	0.490344314088977	0.0265890541184722	0.0265890541184722
0.880857937332773	0.490281657709139	0.0267427480729142	0.0267427480729142
0.880829621991408	0.490218925336083	0.0268964420273563	0.0268964420273563
0.880801271081029	0.490156116785246	0.0270501359817983	0.0270501359817983
0.880772884513925	0.490093231871394	0.0272038299362403	0.0272038299362403
0.880744462202062	0.490030270408616	0.0273575238906824	0.0273575238906824
0.880716004057085	0.489967232210321	0.0275112178451244	0.0275112178451244
0.880687509990309	0.489904117089234	0.0276649117995664	0.0276649117995664
0.880658979912724	0.489840924857395	0.0278186057540085	0.0278186057540085
0.880630413734989	0.489777655326155	0.0279722997084505	0.0279722997084505
0.880601811367434	0.489714308306169	0.0281259936628925	0.0281259936628925
0.880573172720054	0.489650883607397	0.0282796876173346	0.0282796876173346
0.880544497702512	0.489587381039101	0.0284333815717766	0.0284333815717766
0.880515786224134	0.489523800409836	0.0285870755262187	0.0285870755262187
0.88048703819391	0.489460141527452	0.0287407694806607	0.0287407694806607
0.880458253520488	0.489396404199089	0.0288944634351027	0.0288944634351027
0.880429432112178	0.489332588231173	0.0290481573895448	0.0290481573895448
0.880400573876947	0.489268693429411	0.0292018513439868	0.0292018513439868
0.880371678722416	0.489204719598792	0.0293555452984288	0.0293555452984288
0.880342746555863	0.489140666543577	0.0295092392528709	0.0295092392528709
0.880313777284214	0.489076534067302	0.0296629332073129	0.0296629332073129
0.88028477081405	0.48901232197277	0.0298166271617549	0.0298166271617549
0.880255727051599	0.488948030062048	0.029970321116197	0.029970321116197
0.880226645902736	0.488883658136465	0.030124015070639	0.030124015070639
0.880197527272981	0.488819205996606	0.030277709025081	0.030277709025081
0.880168371067499	0.488754673442312	0.0304314029795231	0.0304314029795231
0.880139177191094	0.488690060272672	0.0305850969339651	0.0305850969339651
0.880109945548214	0.488625366286021	0.0307387908884072	0.0307387908884072
0.880080676042941	0.488560591279937	0.0308924848428492	0.0308924848428492
0.880051368578997	0.488495735051237	0.0310461787972912	0.0310461787972912
0.880022023059735	0.488430797395972	0.0311998727517333	0.0311998727517333
0.879992639388143	0.488365778109423	0.0313535667061753	0.0313535667061753
0.87996321746684	0.488300676986099	0.0315072606606173	0.0315072606606173
0.879933757198071	0.488235493819733	0.0316609546150594	0.0316609546150594
0.879904258483712	0.488170228403276	0.0318146485695014	0.0318146485695014
0.879874721225261	0.488104880528895	0.0319683425239434	0.0319683425239434
0.879845145323841	0.488039449987966	0.0321220364783855	0.0321220364783855
0.879815530680195	0.487973936571075	0.0322757304328275	0.0322757304328275
0.879785877194687	0.487908340068011	0.0324294243872695	0.0324294243872695
0.879756184767297	0.48784266026776	0.0325831183417116	0.0325831183417116
0.87972645329762	0.487776896958506	0.0327368122961536	0.0327368122961536
0.879696682684867	0.487711049927621	0.0328905062505957	0.0328905062505957
0.879666872827858	0.487645118961666	0.0330442002050377	0.0330442002050377
0.879637023625025	0.487579103846385	0.0331978941594797	0.0331978941594797
0.879607134974404	0.487513004366698	0.0333515881139218	0.0333515881139218
0.879577206773639	0.487446820306703	0.0335052820683638	0.0335052820683638
0.879547238919978	0.487380551449666	0.0336589760228058	0.0336589760228058
0.879517231310269	0.487314197578018	0.0338126699772479	0.0338126699772479
0.879487183840959	0.487247758473353	0.0339663639316899	0.0339663639316899
0.879457096408094	0.487181233916423	0.0341200578861319	0.0341200578861319
0.879426968907314	0.487114623687131	0.034273751840574	0.034273751840574
0.879396801233853	0.48704792756453	0.034427445795016	0.034427445795016
0.879366593282534	0.486981145326816	0.034581139749458	0.034581139749458
0.879336344947771	0.486914276751326	0.0347348337039001	0.0347348337039001
0.879306056123565	0.486847321614531	0.0348885276583421	0.0348885276583421
0.879275726703499	0.486780279692035	0.0350422216127842	0.0350422216127842
0.879245356580741	0.486713150758565	0.0351959155672262	0.0351959155672262
0.879214945648037	0.486645934587973	0.0353496095216682	0.0353496095216682
0.879184493797714	0.486578630953225	0.0355033034761103	0.0355033034761103
0.879154000921672	0.486511239626403	0.0356569974305523	0.0356569974305523
0.879123466911386	0.486443760378694	0.0358106913849943	0.0358106913849943
0.879092891657901	0.48637619298039	0.0359643853394364	0.0359643853394364
0.879062275051834	0.486308537200881	0.0361180792938784	0.0361180792938784
0.879031616983366	0.486240792808652	0.0362717732483204	0.0362717732483204
0.879000917342243	0.486172959571274	0.0364254672027625	0.0364254672027625
0.878970176017774	0.486105037255406	0.0365791611572045	0.0365791611572045
0.878939392898829	0.486037025626785	0.0367328551116465	0.0367328551116465
0.878908567873832	0.485968924450222	0.0368865490660886	0.0368865490660886
0.878877700830767	0.485900733489598	0.0370402430205306	0.0370402430205306
0.878846791657166	0.48583245250786	0.0371939369749727	0.0371939369749727
0.878815840240116	0.485764081267015	0.0373476309294147	0.0373476309294147
0.878784846466249	0.485695619528122	0.0375013248838567	0.0375013248838567
0.878753810221745	0.485627067051293	0.0376550188382988	0.0376550188382988
0.878722731392324	0.485558423595685	0.0378087127927408	0.0378087127927408
0.878691609863252	0.485489688919493	0.0379624067471828	0.0379624067471828
0.878660445519327	0.485420862779948	0.0381161007016249	0.0381161007016249
0.878629238244889	0.485351944933309	0.0382697946560669	0.0382697946560669
0.878597987923808	0.485282935134862	0.0384234886105089	0.0384234886105089
0.878566694439485	0.485213833138909	0.038577182564951	0.038577182564951
0.878535357674851	0.48514463869877	0.038730876519393	0.038730876519393
0.878503977512362	0.485075351566768	0.038884570473835	0.038884570473835
0.878472553833996	0.485005971494236	0.0390382644282771	0.0390382644282771
0.878441086521255	0.484936498231499	0.0391919583827191	0.0391919583827191
0.878409575455156	0.484866931527878	0.0393456523371612	0.0393456523371612
0.878378020516233	0.48479727113168	0.0394993462916032	0.0394993462916032
0.878346421584532	0.484727516790195	0.0396530402460452	0.0396530402460452
0.878314778539611	0.484657668249687	0.0398067342004873	0.0398067342004873
0.878283091260534	0.484587725255392	0.0399604281549293	0.0399604281549293
0.87825135962587	0.484517687551511	0.0401141221093713	0.0401141221093713
0.878219583513692	0.484447554881204	0.0402678160638134	0.0402678160638134
0.87818776280157	0.484377326986586	0.0404215100182554	0.0404215100182554
0.878155897366572	0.484307003608719	0.0405752039726974	0.0405752039726974
0.878123987085261	0.484236584487607	0.0407288979271395	0.0407288979271395
0.878092031833689	0.484166069362192	0.0408825918815815	0.0408825918815815
0.878060031487398	0.484095457970346	0.0410362858360236	0.0410362858360236
0.878027985921416	0.484024750048865	0.0411899797904656	0.0411899797904656
0.877995895010253	0.483953945333466	0.0413436737449076	0.0413436737449076
0.877963758627898	0.483883043558779	0.0414973676993497	0.0414973676993497
0.877931576647819	0.483812044458339	0.0416510616537917	0.0416510616537917
0.877899348942957	0.483740947764585	0.0418047556082337	0.0418047556082337
0.877867075385726	0.483669753208849	0.0419584495626758	0.0419584495626758
0.877834755848005	0.483598460521353	0.0421121435171178	0.0421121435171178
0.877802390201142	0.483527069431202	0.0422658374715598	0.0422658374715598
0.877769978315945	0.483455579666377	0.0424195314260019	0.0424195314260019
0.877737520062683	0.48338399095373	0.0425732253804439	0.0425732253804439
0.877705015311081	0.483312303018978	0.0427269193348859	0.0427269193348859
0.877672463930316	0.483240515586694	0.042880613289328	0.042880613289328
0.877639865789017	0.483168628380305	0.04303430724377	0.04303430724377
0.87760722075526	0.483096641122081	0.043188001198212	0.043188001198212
0.877574528696565	0.483024553533133	0.0433416951526541	0.0433416951526541
0.877541789479894	0.482952365333401	0.0434953891070961	0.0434953891070961
0.877509002971644	0.482880076241654	0.0436490830615382	0.0436490830615382
0.87747616903765	0.48280768597548	0.0438027770159802	0.0438027770159802
0.877443287543176	0.482735194251276	0.0439564709704222	0.0439564709704222
0.877410358352918	0.48266260078425	0.0441101649248643	0.0441101649248643
0.877377381330993	0.482589905288404	0.0442638588793063	0.0442638588793063
0.877344356340942	0.482517107476537	0.0444175528337483	0.0444175528337483
0.877311283245724	0.482444207060231	0.0445712467881904	0.0445712467881904
0.877278161907715	0.482371203749847	0.0447249407426324	0.0447249407426324
0.8772449921887	0.482298097254519	0.0448786346970744	0.0448786346970744
0.877211773949874	0.482224887282144	0.0450323286515165	0.0450323286515165
0.877178507051839	0.482151573539379	0.0451860226059585	0.0451860226059585
0.877145191354597	0.48207815573163	0.0453397165604005	0.0453397165604005
0.877111826717547	0.482004633563048	0.0454934105148426	0.0454934105148426
0.877078412999487	0.48193100673652	0.0456471044692846	0.0456471044692846
0.877044950058604	0.481857274953663	0.0458007984237267	0.0458007984237267
0.877011437752473	0.481783437914815	0.0459544923781687	0.0459544923781687
0.876977875938053	0.48170949531903	0.0461081863326107	0.0461081863326107
0.876944264471687	0.481635446864069	0.0462618802870528	0.0462618802870528
0.876910603209092	0.481561292246392	0.0464155742414948	0.0464155742414948
0.87687689200536	0.481487031161154	0.0465692681959368	0.0465692681959368
0.876843130714955	0.481412663302193	0.0467229621503789	0.0467229621503789
0.876809319191705	0.481338188362025	0.0468766561048209	0.0468766561048209
0.876775457288801	0.481263606031836	0.0470303500592629	0.0470303500592629
0.876741544858796	0.481188916001474	0.047184044013705	0.047184044013705
0.876707581753595	0.481114117959441	0.047337737968147	0.047337737968147
0.876673567824458	0.481039211592888	0.0474914319225891	0.0474914319225891
0.87663950292199	0.480964196587602	0.0476451258770311	0.0476451258770311
0.876605386896141	0.480889072628002	0.0477988198314731	0.0477988198314731
0.876571219596203	0.480813839397129	0.0479525137859152	0.0479525137859152
0.876537000870803	0.480738496576641	0.0481062077403572	0.0481062077403572
0.8765027305679	0.480663043846801	0.0482599016947992	0.0482599016947992
0.876468408534782	0.480587480886472	0.0484135956492413	0.0484135956492413
0.876434034618064	0.480511807373105	0.0485672896036833	0.0485672896036833
0.876399608663677	0.480436022982736	0.0487209835581253	0.0487209835581253
0.876365130516873	0.480360127389974	0.0488746775125674	0.0488746775125674
0.876330600022216	0.480284120267992	0.0490283714670094	0.0490283714670094
0.876296017023575	0.480208001288523	0.0491820654214514	0.0491820654214514
0.876261381364129	0.480131770121845	0.0493357593758935	0.0493357593758935
0.876226692886352	0.48005542643678	0.0494894533303355	0.0494894533303355
0.876191951432019	0.479978969900678	0.0496431472847775	0.0496431472847775
0.876157156842193	0.479902400179412	0.0497968412392196	0.0497968412392196
0.876122308957228	0.479825716937372	0.0499505351936616	0.0499505351936616
0.876087407616759	0.479748919837449	0.0501042291481037	0.0501042291481037
0.876052452659702	0.479672008541033	0.0502579231025457	0.0502579231025457
0.876017443924247	0.479594982707999	0.0504116170569877	0.0504116170569877
0.875982381247855	0.479517841996703	0.0505653110114298	0.0505653110114298
0.875947264467254	0.479440586063968	0.0507190049658718	0.0507190049658718
0.875912093418432	0.479363214565077	0.0508726989203138	0.0508726989203138
0.875876867936636	0.479285727153765	0.0510263928747559	0.0510263928747559
0.875841587856366	0.479208123482206	0.0511800868291979	0.0511800868291979
0.875806253011368	0.479130403201009	0.0513337807836399	0.0513337807836399
0.875770863234634	0.479052565959204	0.051487474738082	0.051487474738082
0.875735418358396	0.478974611404234	0.051641168692524	0.051641168692524
0.875699918214118	0.478896539181947	0.0517948626469661	0.0517948626469661
0.875664362632497	0.478818348936582	0.0519485566014081	0.0519485566014081
0.875628751443452	0.478740040310765	0.0521022505558501	0.0521022505558501
0.875593084476125	0.478661612945494	0.0522559445102922	0.0522559445102922
0.875557361558873	0.478583066480134	0.0524096384647342	0.0524096384647342
0.875521582519265	0.478504400552402	0.0525633324191762	0.0525633324191762
0.875485747184074	0.478425614798362	0.0527170263736183	0.0527170263736183
0.875449855379277	0.47834670885241	0.0528707203280603	0.0528707203280603
0.875413906930045	0.478267682347268	0.0530244142825023	0.0530244142825023
0.875377901660742	0.47818853491397	0.0531781082369444	0.0531781082369444
0.875341839394919	0.478109266181855	0.0533318021913864	0.0533318021913864
0.875305719955306	0.478029875778556	0.0534854961458284	0.0534854961458284
0.875269543163813	0.477950363329987	0.0536391901002705	0.0536391901002705
0.875233308841517	0.477870728460334	0.0537928840547125	0.0537928840547125
0.875197016808666	0.477790970792047	0.0539465780091546	0.0539465780091546
0.875160666884664	0.477711089945823	0.0541002719635966	0.0541002719635966
0.875124258888076	0.477631085540603	0.0542539659180386	0.0542539659180386
0.875087792636613	0.477550957193553	0.0544076598724807	0.0544076598724807
0.875051267947134	0.47747070452006	0.0545613538269227	0.0545613538269227
0.875014684635637	0.477390327133716	0.0547150477813647	0.0547150477813647
0.874978042517254	0.477309824646311	0.0548687417358068	0.0548687417358068
0.874941341406248	0.477229196667816	0.0550224356902488	0.0550224356902488
0.874904581116003	0.477148442806379	0.0551761296446908	0.0551761296446908
0.874867761459023	0.477067562668307	0.0553298235991329	0.0553298235991329
0.874830882246925	0.476986555858058	0.0554835175535749	0.0554835175535749
0.874793943290431	0.47690542197823	0.0556372115080169	0.0556372115080169
0.874756944399366	0.476824160629545	0.055790905462459	0.055790905462459
0.874719885382649	0.476742771410844	0.055944599416901	0.055944599416901
0.874682766048291	0.476661253919069	0.0560982933713431	0.0560982933713431
0.874645586203386	0.476579607749251	0.0562519873257851	0.0562519873257851
0.874608345654107	0.476497832494505	0.0564056812802271	0.0564056812802271
0.874571044205698	0.476415927746011	0.0565593752346692	0.0565593752346692
0.874533681662472	0.476333893093001	0.0567130691891112	0.0567130691891112
0.874496257827799	0.476251728122754	0.0568667631435532	0.0568667631435532
0.874458772504108	0.476169432420577	0.0570204570979953	0.0570204570979953
0.874421225492873	0.476087005569792	0.0571741510524373	0.0571741510524373
0.874383616594612	0.476004447151731	0.0573278450068793	0.0573278450068793
0.874345945608879	0.475921756745713	0.0574815389613214	0.0574815389613214
0.874308212334259	0.475838933929038	0.0576352329157634	0.0576352329157634
0.874270416568359	0.475755978276973	0.0577889268702054	0.0577889268702054
0.874232558107804	0.475672889362738	0.0579426208246475	0.0579426208246475
0.874194636748232	0.475589666757491	0.0580963147790895	0.0580963147790895
0.874156652284284	0.475506310030319	0.0582500087335316	0.0582500087335316
0.874118604509599	0.47542281874822	0.0584037026879736	0.0584037026879736
0.874080493216809	0.475339192476093	0.0585573966424156	0.0585573966424156
0.874042318197531	0.475255430776724	0.0587110905968577	0.0587110905968577
0.87400407924236	0.47517153321077	0.0588647845512997	0.0588647845512997
0.873965776140864	0.475087499336748	0.0590184785057417	0.0590184785057417
0.873927408681576	0.475003328711017	0.0591721724601838	0.0591721724601838
0.873888976651985	0.474919020887769	0.0593258664146258	0.0593258664146258
0.873850479838536	0.474834575419012	0.0594795603690678	0.0594795603690678
0.873811918026615	0.474749991854556	0.0596332543235099	0.0596332543235099
0.873773291000547	0.474665269741999	0.0597869482779519	0.0597869482779519
0.873734598543589	0.474580408626712	0.0599406422323939	0.0599406422323939
0.873695840437921	0.474495408051824	0.060094336186836	0.060094336186836
0.873657016464638	0.474410267558208	0.060248030141278	0.060248030141278
0.873618126403746	0.474324986684468	0.0604017240957201	0.0604017240957201
0.873579170034153	0.474239564966919	0.0605554180501621	0.0605554180501621
0.873540147133663	0.474154001939577	0.0607091120046041	0.0607091120046041
0.873501057478964	0.47406829713414	0.0608628059590462	0.0608628059590462
0.873461900845628	0.473982450079976	0.0610164999134882	0.0610164999134882
0.873422677008098	0.473896460304104	0.0611701938679302	0.0611701938679302
0.873383385739682	0.473810327331181	0.0613238878223723	0.0613238878223723
0.873344026812545	0.473724050683485	0.0614775817768143	0.0614775817768143
0.873304599997703	0.4736376298809	0.0616312757312563	0.0616312757312563
0.873265105065012	0.473551064440897	0.0617849696856984	0.0617849696856984
0.873225541783166	0.473464353878524	0.0619386636401404	0.0619386636401404
0.873185909919681	0.473377497706384	0.0620923575945824	0.0620923575945824
0.873146209240895	0.473290495434619	0.0622460515490245	0.0622460515490245
0.873106439511954	0.473203346570897	0.0623997455034665	0.0623997455034665
0.873066600496807	0.473116050620392	0.0625534394579085	0.0625534394579085
0.873026691958199	0.47302860708577	0.0627071334123506	0.0627071334123506
0.872986713657659	0.472941015467168	0.0628608273667926	0.0628608273667926
0.872946665355494	0.472853275262181	0.0630145213212347	0.0630145213212347
0.872906546810781	0.472765385965842	0.0631682152756767	0.0631682152756767
0.872866357781358	0.472677347070605	0.0633219092301187	0.0633219092301187
0.872826098023816	0.472589158066329	0.0634756031845608	0.0634756031845608
0.872785767293488	0.472500818440258	0.0636292971390028	0.0636292971390028
0.872745365344445	0.472412327677006	0.0637829910934448	0.0637829910934448
0.872704891929482	0.472323685258535	0.0639366850478869	0.0639366850478869
0.872664346800113	0.47223489066414	0.0640903790023289	0.0640903790023289
0.872623729706563	0.47214594337043	0.064244072956771	0.064244072956771
0.872583040397753	0.472056842851309	0.064397766911213	0.064397766911213
0.872542278621298	0.471967588577957	0.064551460865655	0.064551460865655
0.872501444123493	0.471878180018812	0.0647051548200971	0.0647051548200971
0.872460536649308	0.47178861663955	0.0648588487745391	0.0648588487745391
0.872419555942375	0.471698897903067	0.0650125427289811	0.0650125427289811
0.87237850174498	0.47160902326946	0.0651662366834232	0.0651662366834232
0.872337373798054	0.471518992196005	0.0653199306378652	0.0653199306378652
0.872296171841163	0.471428804137141	0.0654736245923072	0.0654736245923072
0.8722548956125	0.471338458544445	0.0656273185467493	0.0656273185467493
0.872213544848873	0.471247954866618	0.0657810125011913	0.0657810125011913
0.872172119285695	0.471157292549461	0.0659347064556333	0.0659347064556333
0.872130618656978	0.471066471035856	0.0660884004100754	0.0660884004100754
0.872089042695319	0.470975489765744	0.0662420943645174	0.0662420943645174
0.872047391131892	0.470884348176107	0.0663957883189595	0.0663957883189595
0.872005663696436	0.470793045700944	0.0665494822734015	0.0665494822734015
0.871963860117249	0.470701581771252	0.0667031762278435	0.0667031762278435
0.871921980121172	0.470609955815003	0.0668568701822856	0.0668568701822856
0.871880023433582	0.470518167257125	0.0670105641367276	0.0670105641367276
0.871837989778384	0.470426215519479	0.0671642580911696	0.0671642580911696
0.871795878877995	0.470334100020836	0.0673179520456117	0.0673179520456117
0.871753690453336	0.470241820176857	0.0674716460000537	0.0674716460000537
0.871711424223821	0.470149375400068	0.0676253399544957	0.0676253399544957
0.871669079907347	0.470056765099842	0.0677790339089378	0.0677790339089378
0.871626657220283	0.469963988682373	0.0679327278633798	0.0679327278633798
0.871584155877457	0.469871045550652	0.0680864218178218	0.0680864218178218
0.871541575592147	0.469777935104447	0.0682401157722639	0.0682401157722639
0.871498916076069	0.46968465674028	0.0683938097267059	0.0683938097267059
0.871456177039364	0.469591209851401	0.068547503681148	0.068547503681148
0.871413358190591	0.469497593827764	0.06870119763559	0.06870119763559
0.87137045923671	0.469403808056007	0.068854891590032	0.068854891590032
0.871327479883075	0.469309851919423	0.0690085855444741	0.0690085855444741
0.871284419833418	0.46921572479794	0.0691622794989161	0.0691622794989161
0.871241278789843	0.469121426068095	0.0693159734533581	0.0693159734533581
0.871198056452805	0.469026955103006	0.0694696674078002	0.0694696674078002
0.871154752521109	0.468932311272351	0.0696233613622422	0.0696233613622422
0.871111366691889	0.468837493942344	0.0697770553166842	0.0697770553166842
0.871067898660598	0.468742502475703	0.0699307492711263	0.0699307492711263
0.871024348120998	0.468647336231631	0.0700844432255683	0.0700844432255683
0.870980714765146	0.468551994565786	0.0702381371800103	0.0702381371800103
0.87093699828338	0.468456476830259	0.0703918311344524	0.0703918311344524
0.870893198364308	0.46836078237354	0.0705455250888944	0.0705455250888944
0.870849314694795	0.468264910540501	0.0706992190433365	0.0706992190433365
0.870805346959949	0.468168860672361	0.0708529129977785	0.0708529129977785
0.870761294843109	0.468072632106664	0.0710066069522205	0.0710066069522205
0.870717158025829	0.467976224177249	0.0711603009066626	0.0711603009066626
0.870672936187869	0.467879636214222	0.0713139948611046	0.0713139948611046
0.870628629007179	0.46778286754393	0.0714676888155466	0.0714676888155466
0.870584236159885	0.467685917488933	0.0716213827699887	0.0716213827699887
0.870539757320275	0.467588785367972	0.0717750767244307	0.0717750767244307
0.870495192160788	0.467491470495945	0.0719287706788727	0.0719287706788727
0.870450540351997	0.467393972183874	0.0720824646333148	0.0720824646333148
0.870405801562595	0.467296289738879	0.0722361585877568	0.0722361585877568
0.870360975459383	0.467198422464145	0.0723898525421988	0.0723898525421988
0.870316061707253	0.467100369658896	0.0725435464966409	0.0725435464966409
0.870271059969175	0.467002130618361	0.0726972404510829	0.0726972404510829
0.870225969906181	0.466903704633747	0.072850934405525	0.072850934405525
0.870180791177352	0.466805090992208	0.073004628359967	0.073004628359967
0.870135523439803	0.46670628897681	0.073158322314409	0.073158322314409
0.870090166348663	0.466607297866504	0.0733120162688511	0.0733120162688511
0.870044719557069	0.466508116936094	0.0734657102232931	0.0734657102232931
0.86999918271614	0.466408745456202	0.0736194041777351	0.0736194041777351
0.86995355547497	0.466309182693241	0.0737730981321772	0.0737730981321772
0.869907837480608	0.466209427909376	0.0739267920866192	0.0739267920866192
0.869862028378043	0.466109480362498	0.0740804860410612	0.0740804860410612
0.869816127810187	0.466009339306186	0.0742341799955033	0.0742341799955033
0.869770135417862	0.465909003989675	0.0743878739499453	0.0743878739499453
0.869724050839781	0.465808473657822	0.0745415679043873	0.0745415679043873
0.869677873712529	0.465707747551074	0.0746952618588294	0.0746952618588294
0.869631603670553	0.465606824905429	0.0748489558132714	0.0748489558132714
0.86958524034614	0.465505704952408	0.0750026497677135	0.0750026497677135
0.869538783369402	0.465404386919012	0.0751563437221555	0.0751563437221555
0.869492232368258	0.465302870027692	0.0753100376765975	0.0753100376765975
0.869445586968416	0.465201153496313	0.0754637316310396	0.0754637316310396
0.86939884679336	0.465099236538115	0.0756174255854816	0.0756174255854816
0.869352011464324	0.464997118361678	0.0757711195399236	0.0757711195399236
0.869305080600284	0.464894798170885	0.0759248134943657	0.0759248134943657
0.869258053817931	0.464792275164887	0.0760785074488077	0.0760785074488077
0.869210930731659	0.464689548538061	0.0762322014032497	0.0762322014032497
0.869163710953544	0.464586617479975	0.0763858953576918	0.0763858953576918
0.869116394093327	0.464483481175349	0.0765395893121338	0.0765395893121338
0.86906897975839	0.464380138804017	0.0766932832665758	0.0766932832665758
0.869021467553747	0.464276589540884	0.0768469772210179	0.0768469772210179
0.868973857082015	0.464172832555894	0.0770006711754599	0.0770006711754599
0.868926147943401	0.464068867013983	0.077154365129902	0.077154365129902
0.868878339735677	0.46396469207504	0.077308059084344	0.077308059084344
0.868830432054168	0.463860306893872	0.077461753038786	0.077461753038786
0.868782424491723	0.463755710620154	0.0776154469932281	0.0776154469932281
0.868734316638704	0.463650902398393	0.0777691409476701	0.0777691409476701
0.868686108082957	0.463545881367887	0.0779228349021121	0.0779228349021121
0.868637798409798	0.463440646662678	0.0780765288565542	0.0780765288565542
0.86858938720199	0.463335197411513	0.0782302228109962	0.0782302228109962
0.868540874039721	0.463229532737798	0.0783839167654382	0.0783839167654382
0.868492258500583	0.463123651759557	0.0785376107198803	0.0785376107198803
0.868443540159553	0.463017553589385	0.0786913046743223	0.0786913046743223
0.86839471858897	0.462911237334407	0.0788449986287643	0.0788449986287643
0.86834579335851	0.462804702096229	0.0789986925832064	0.0789986925832064
0.868296764035171	0.462697946970895	0.0791523865376484	0.0791523865376484
0.868247630183243	0.462590971048839	0.0793060804920905	0.0793060804920905
0.86819839136429	0.46248377341484	0.0794597744465325	0.0794597744465325
0.868149047137129	0.462376353147976	0.0796134684009745	0.0796134684009745
0.8680995970578	0.462268709321575	0.0797671623554166	0.0797671623554166
0.868050040679551	0.462160841003165	0.0799208563098586	0.0799208563098586
0.868000377552808	0.462052747254431	0.0800745502643006	0.0800745502643006
0.867950607225154	0.46194442713116	0.0802282442187427	0.0802282442187427
0.867900729241307	0.461835879683195	0.0803819381731847	0.0803819381731847
0.867850743143092	0.461727103954387	0.0805356321276267	0.0805356321276267
0.867800648469418	0.461618098982537	0.0806893260820688	0.0806893260820688
0.867750444756255	0.461508863799355	0.0808430200365108	0.0808430200365108
0.867700131536606	0.461399397430398	0.0809967139909528	0.0809967139909528
0.867649708340485	0.461289698895026	0.0811504079453949	0.0811504079453949
0.867599174694887	0.461179767206347	0.0813041018998369	0.0813041018998369
0.867548530123768	0.46106960137116	0.081457795854279	0.081457795854279
0.867497774148013	0.460959200389906	0.081611489808721	0.081611489808721
0.867446906285414	0.460848563256611	0.081765183763163	0.081765183763163
0.867395926050642	0.460737688958834	0.0819188777176051	0.0819188777176051
0.867344832955219	0.460626576477604	0.0820725716720471	0.0820725716720471
0.867293626507493	0.460515224787375	0.0822262656264891	0.0822262656264891
0.867242306212606	0.460403632855959	0.0823799595809312	0.0823799595809312
0.867190871572473	0.460291799644474	0.0825336535353732	0.0825336535353732
0.867139322085749	0.460179724107285	0.0826873474898152	0.0826873474898152
0.8670876572478	0.460067405191945	0.0828410414442573	0.0828410414442573
0.867035876550678	0.459954841839134	0.0829947353986993	0.0829947353986993
0.866983979483089	0.459842032982603	0.0831484293531413	0.0831484293531413
0.866931965530366	0.459728977549112	0.0833021233075834	0.0833021233075834
0.866879834174436	0.459615674458364	0.0834558172620254	0.0834558172620254
0.866827584893793	0.45950212262295	0.0836095112164675	0.0836095112164675
0.866775217163466	0.459388320948283	0.0837632051709095	0.0837632051709095
0.86672273045499	0.459274268332535	0.0839168991253515	0.0839168991253515
0.866670124236371	0.459159963666573	0.0840705930797936	0.0840705930797936
0.866617397972062	0.459045405833893	0.0842242870342356	0.0842242870342356
0.866564551122922	0.458930593710558	0.0843779809886776	0.0843779809886776
0.866511583146191	0.458815526165128	0.0845316749431197	0.0845316749431197
0.866458493495456	0.458700202058596	0.0846853688975617	0.0846853688975617
0.866405281620616	0.458584620244319	0.0848390628520037	0.0848390628520037
0.866351946967851	0.458468779567949	0.0849927568064458	0.0849927568064458
0.866298488979586	0.458352678867366	0.0851464507608878	0.0851464507608878
0.866244907094463	0.458236316972605	0.0853001447153298	0.0853001447153298
0.866191200747297	0.458119692705788	0.0854538386697719	0.0854538386697719
0.866137369369051	0.458002804881051	0.0856075326242139	0.0856075326242139
0.866083412386795	0.457885652304473	0.085761226578656	0.085761226578656
0.866029329223673	0.457768233773999	0.085914920533098	0.085914920533098
0.865975119298865	0.457650548079373	0.08606861448754	0.08606861448754
0.865920782027555	0.457532594002055	0.0862223084419821	0.0862223084419821
0.865866316820887	0.457414370315152	0.0863760023964241	0.0863760023964241
0.865811723085936	0.457295875783338	0.0865296963508661	0.0865296963508661
0.865757000225665	0.457177109162777	0.0866833903053082	0.0866833903053082
0.86570214763889	0.457058069201044	0.0868370842597502	0.0868370842597502
0.865647164720238	0.456938754637049	0.0869907782141922	0.0869907782141922
0.865592050860111	0.456819164200953	0.0871444721686343	0.0871444721686343
0.865536805444649	0.456699296614089	0.0872981661230763	0.0872981661230763
0.865481427855682	0.456579150588878	0.0874518600775184	0.0874518600775184
0.865425917470701	0.456458724828749	0.0876055540319604	0.0876055540319604
0.865370273662805	0.456338018028053	0.0877592479864024	0.0877592479864024
0.865314495800671	0.456217028871979	0.0879129419408445	0.0879129419408445
0.865258583248505	0.456095756036467	0.0880666358952865	0.0880666358952865
0.865202535366003	0.455974198188122	0.0882203298497285	0.0882203298497285
0.865146351508307	0.455852353984124	0.0883740238041706	0.0883740238041706
0.865090031025962	0.455730222072144	0.0885277177586126	0.0885277177586126
0.865033573264873	0.455607801090248	0.0886814117130546	0.0886814117130546
0.864976977566262	0.45548508966681	0.0888351056674967	0.0888351056674967
0.864920243266619	0.455362086420416	0.0889887996219387	0.0889887996219387
0.864863369697661	0.455238789959777	0.0891424935763807	0.0891424935763807
0.864806356186283	0.455115198883626	0.0892961875308228	0.0892961875308228
0.864749202054516	0.45499131178063	0.0894498814852648	0.0894498814852648
0.864691906619475	0.45486712722929	0.0896035754397068	0.0896035754397068
0.864634469193314	0.454742643797842	0.0897572693941489	0.0897572693941489
0.864576889083179	0.454617860044161	0.0899109633485909	0.0899109633485909
0.864519165591155	0.454492774515658	0.090064657303033	0.090064657303033
0.864461298014224	0.454367385749181	0.090218351257475	0.090218351257475
0.864403285644209	0.45424169227091	0.090372045211917	0.090372045211917
0.864345127767723	0.454115692596254	0.0905257391663591	0.0905257391663591
0.864286823666125	0.453989385229746	0.0906794331208011	0.0906794331208011
0.864228372615461	0.453862768664937	0.0908331270752431	0.0908331270752431
0.864169773886414	0.453735841384286	0.0909868210296852	0.0909868210296852
0.864111026744253	0.453608601859055	0.0911405149841272	0.0911405149841272
0.864052130448777	0.453481048549193	0.0912942089385693	0.0912942089385693
0.863993084254262	0.453353179903229	0.0914479028930113	0.0914479028930113
0.863933887409405	0.453224994358157	0.0916015968474533	0.0916015968474533
0.863874539157269	0.45309649033932	0.0917552908018953	0.0917552908018953
0.863815038735225	0.452967666260296	0.0919089847563374	0.0919089847563374
0.863755385374899	0.452838520522779	0.0920626787107794	0.0920626787107794
0.863695578302111	0.452709051516462	0.0922163726652215	0.0922163726652215
0.863635616736816	0.452579257618914	0.0923700666196635	0.0923700666196635
0.863575499893046	0.452449137195459	0.0925237605741055	0.0925237605741055
0.863515226978852	0.452318688599054	0.0926774545285476	0.0926774545285476
0.863454797196238	0.452187910170161	0.0928311484829896	0.0928311484829896
0.863394209741105	0.452056800236623	0.0929848424374316	0.0929848424374316
0.863333463803186	0.451925357113536	0.0931385363918737	0.0931385363918737
0.863272558565983	0.451793579103113	0.0932922303463157	0.0932922303463157
0.863211493206701	0.451661464494563	0.0934459243007578	0.0934459243007578
0.863150266896191	0.451529011563948	0.0935996182551998	0.0935996182551998
0.863088878798873	0.451396218574054	0.0937533122096418	0.0937533122096418
0.86302732807268	0.451263083774249	0.0939070061640838	0.0939070061640838
0.862965613868984	0.451129605400352	0.0940607001185259	0.0940607001185259
0.862903735332531	0.450995781674485	0.0942143940729679	0.0942143940729679
0.862841691601372	0.450861610804936	0.09436808802741	0.09436808802741
0.86277948180679	0.450727090986013	0.094521781981852	0.094521781981852
0.862717105073233	0.4505922203979	0.094675475936294	0.094675475936294
0.862654560518241	0.450456997206505	0.0948291698907361	0.0948291698907361
0.862591847252371	0.450321419563316	0.0949828638451781	0.0949828638451781
0.862528964379128	0.450185485605244	0.0951365577996201	0.0951365577996201
0.862465910994884	0.450049193454475	0.0952902517540622	0.0952902517540622
0.86240268618881	0.449912541218309	0.0954439457085042	0.0954439457085042
0.862339289042792	0.449775526989006	0.0955976396629462	0.0955976396629462
0.862275718631358	0.449638148843624	0.0957513336173883	0.0957513336173883
0.862211974021599	0.449500404843858	0.0959050275718303	0.0959050275718303
0.862148054273085	0.449362293035876	0.0960587215262724	0.0960587215262724
0.862083958437791	0.449223811450152	0.0962124154807144	0.0962124154807144
0.862019685560009	0.4490849581013	0.0963661094351564	0.0963661094351564
0.861955234676268	0.4489457309879	0.0965198033895985	0.0965198033895985
0.86189060481525	0.448806128092324	0.0966734973440405	0.0966734973440405
0.861825794997704	0.448666147380566	0.0968271912984825	0.0968271912984825
0.861760804236358	0.44852578680206	0.0969808852529246	0.0969808852529246
0.861695631535835	0.448385044289499	0.0971345792073666	0.0971345792073666
0.86163027589256	0.448243917758655	0.0972882731618086	0.0972882731618086
0.861564736294674	0.448102405108194	0.0974419671162507	0.0974419671162507
0.861499011721941	0.447960504219484	0.0975956610706927	0.0975956610706927
0.861433101145653	0.447818212956412	0.0977493550251347	0.0977493550251347
0.86136700352854	0.447675529165183	0.0979030489795768	0.0979030489795768
0.861300717824673	0.447532450674129	0.0980567429340188	0.0980567429340188
0.861234242979368	0.447388975293511	0.0982104368884609	0.0982104368884609
0.861167577929089	0.447245100815316	0.0983641308429029	0.0983641308429029
0.861100721601347	0.447100825013054	0.0985178247973449	0.0985178247973449
0.861033672914599	0.446956145641551	0.098671518751787	0.098671518751787
0.860966430778151	0.446811060436739	0.098825212706229	0.098825212706229
0.860898994092047	0.446665567115445	0.098978906660671	0.098978906660671
0.860831361746972	0.446519663375173	0.0991326006151131	0.0991326006151131
0.860763532624139	0.446373346893888	0.0992862945695551	0.0992862945695551
0.860695505595185	0.446226615329792	0.0994399885239971	0.0994399885239971
0.860627279522062	0.4460794663211	0.0995936824784392	0.0995936824784392
0.860558853256923	0.445931897485813	0.0997473764328812	0.0997473764328812
0.86049022564201	0.445783906421485	0.0999010703873233	0.0999010703873233
0.860421395509545	0.445635490704989	0.100054764341765	0.100054764341765
0.860352361681605	0.445486647892277	0.100208458296207	0.100208458296207
0.860283122970013	0.445337375518144	0.100362152250649	0.100362152250649
0.860213678176216	0.445187671095977	0.100515846205091	0.100515846205091
0.86014402609116	0.445037532117509	0.100669540159533	0.100669540159533
0.860074165495174	0.444886956052567	0.100823234113975	0.100823234113975
0.860004095157841	0.444735940348816	0.100976928068418	0.100976928068418
0.859933813837873	0.444584482431498	0.10113062202286	0.10113062202286
0.859863320282984	0.444432579703173	0.101284315977302	0.101284315977302
0.859792613229756	0.444280229543444	0.101438009931744	0.101438009931744
0.859721691403512	0.444127429308695	0.101591703886186	0.101591703886186
0.859650553518179	0.443974176331807	0.101745397840628	0.101745397840628
0.859579198276153	0.443820467921887	0.10189909179507	0.10189909179507
0.859507624368161	0.443666301363976	0.102052785749512	0.102052785749512
0.859435830473121	0.443511673918768	0.102206479703954	0.102206479703954
0.859363815257998	0.443356582822315	0.102360173658396	0.102360173658396
0.859291577377663	0.443201025285732	0.102513867612838	0.102513867612838
0.859219115474744	0.443044998494893	0.10266756156728	0.10266756156728
0.859146428179478	0.442888499610129	0.102821255521722	0.102821255521722
0.859073514109561	0.442731525765917	0.102974949476164	0.102974949476164
0.859000371869994	0.442574074070563	0.103128643430606	0.103128643430606
0.858927000052924	0.442416141605887	0.103282337385048	0.103282337385048
0.858853397237494	0.442257725426893	0.10343603133949	0.10343603133949
0.858779561989675	0.442098822561443	0.103589725293932	0.103589725293932
0.858705492862105	0.441939430009922	0.103743419248374	0.103743419248374
0.858631188393927	0.441779544744897	0.103897113202816	0.103897113202816
0.858556647110617	0.441619163710773	0.104050807157258	0.104050807157258
0.858481867523814	0.441458283823442	0.1042045011117	0.1042045011117
0.858406848131148	0.441296901969928	0.104358195066142	0.104358195066142
0.858331587416065	0.441135015008026	0.104511889020584	0.104511889020584
0.858256083847644	0.440972619765932	0.104665582975026	0.104665582975026
0.85818033588042	0.440809713041874	0.104819276929468	0.104819276929468
0.858104341954196	0.44064629160373	0.10497297088391	0.10497297088391
0.858028100493858	0.440482352188644	0.105126664838352	0.105126664838352
0.857951609909183	0.440317891502638	0.105280358792795	0.105280358792795
0.857874868594647	0.440152906220211	0.105434052747237	0.105434052747237
0.857797874929227	0.439987392983937	0.105587746701679	0.105587746701679
0.857720627276201	0.439821348404056	0.105741440656121	0.105741440656121
0.857643123982949	0.439654769058055	0.105895134610563	0.105895134610563
0.857565363380739	0.439487651490248	0.106048828565005	0.106048828565005
0.857487343784527	0.439319992211344	0.106202522519447	0.106202522519447
0.857409063492734	0.439151787698009	0.106356216473889	0.106356216473889
0.857330520787041	0.438983034392423	0.106509910428331	0.106509910428331
0.857251713932155	0.438813728701829	0.106663604382773	0.106663604382773
0.8571726411756	0.438643866998073	0.106817298337215	0.106817298337215
0.857093300747477	0.438473445617136	0.106970992291657	0.106970992291657
0.857013690860243	0.438302460858664	0.107124686246099	0.107124686246099
0.856933809708466	0.438130908985482	0.107278380200541	0.107278380200541
0.856853655468598	0.437958786223106	0.107432074154983	0.107432074154983
0.856773226298719	0.437786088759243	0.107585768109425	0.107585768109425
0.856692520338303	0.437612812743287	0.107739462063867	0.107739462063867
0.856611535707956	0.4374389542858	0.107893156018309	0.107893156018309
0.856530270509166	0.437264509457992	0.108046849972751	0.108046849972751
0.856448722824045	0.437089474291187	0.108200543927193	0.108200543927193
0.856366890715059	0.43691384477628	0.108354237881635	0.108354237881635
0.856284772224765	0.436737616863186	0.108507931836077	0.108507931836077
0.856202365375535	0.436560786460282	0.108661625790519	0.108661625790519
0.856119668169277	0.436383349433835	0.108815319744961	0.108815319744961
0.856036678587156	0.436205301607423	0.108969013699403	0.108969013699403
0.855953394589304	0.436026638761345	0.109122707653845	0.109122707653845
0.855869814114526	0.435847356632019	0.109276401608287	0.109276401608287
0.855785935080004	0.435667450911376	0.109430095562729	0.109430095562729
0.855701755380996	0.435486917246235	0.109583789517172	0.109583789517172
0.855617272890523	0.43530575123767	0.109737483471614	0.109737483471614
0.855532485459059	0.435123948440373	0.109891177426056	0.109891177426056
0.855447390914212	0.434941504361992	0.110044871380498	0.110044871380498
0.855361987060396	0.43475841446247	0.11019856533494	0.11019856533494
0.855276271678503	0.434574674153365	0.110352259289382	0.110352259289382
0.855190242525565	0.434390278797162	0.110505953243824	0.110505953243824
0.855103897334413	0.434205223706566	0.110659647198266	0.110659647198266
0.855017233813325	0.434019504143795	0.110813341152708	0.110813341152708
0.854930249645676	0.433833115319843	0.11096703510715	0.11096703510715
0.854842942489572	0.433646052393746	0.111120729061592	0.111120729061592
0.854755309977482	0.433458310471824	0.111274423016034	0.111274423016034
0.854667349715868	0.433269884606915	0.111428116970476	0.111428116970476
0.854579059284797	0.433080769797591	0.111581810924918	0.111581810924918
0.854490436237555	0.432890960987361	0.11173550487936	0.11173550487936
0.854401478100255	0.432700453063864	0.111889198833802	0.111889198833802
0.854312182371425	0.432509240858038	0.112042892788244	0.112042892788244
0.854222546521607	0.432317319143278	0.112196586742686	0.112196586742686
0.85413256799293	0.432124682634585	0.112350280697128	0.112350280697128
0.854042244198691	0.431931325987685	0.11250397465157	0.11250397465157
0.853951572522915	0.431737243798147	0.112657668606012	0.112657668606012
0.853860550319916	0.431542430600468	0.112811362560454	0.112811362560454
0.853769174913846	0.431346880867158	0.112965056514896	0.112965056514896
0.853677443598234	0.431150589007794	0.113118750469338	0.113118750469338
0.853585353635518	0.43095354936806	0.11327244442378	0.11327244442378
0.85349290225657	0.430755756228776	0.113426138378222	0.113426138378222
0.853400086660206	0.430557203804893	0.113579832332664	0.113579832332664
0.853306904012695	0.430357886244487	0.113733526287106	0.113733526287106
0.85321335144725	0.430157797627716	0.113887220241549	0.113887220241549
0.853119426063514	0.429956931965772	0.114040914195991	0.114040914195991
0.853025124927033	0.429755283199798	0.114194608150433	0.114194608150433
0.852930445068725	0.4295528451998	0.114348302104875	0.114348302104875
0.852835383484329	0.429349611763521	0.114501996059317	0.114501996059317
0.852739937133852	0.429145576615305	0.114655690013759	0.114655690013759
0.852644102940998	0.428940733404935	0.114809383968201	0.114809383968201
0.85254787779259	0.428735075706442	0.114963077922643	0.114963077922643
0.852451258537981	0.428528597016903	0.115116771877085	0.115116771877085
0.852354241988446	0.4283212907552	0.115270465831527	0.115270465831527
0.852256824916574	0.428113150260766	0.115424159785969	0.115424159785969
0.852159004055636	0.427904168792299	0.115577853740411	0.115577853740411
0.852060776098947	0.427694339526452	0.115731547694853	0.115731547694853
0.851962137699211	0.427483655556497	0.115885241649295	0.115885241649295
0.851863085467857	0.427272109890961	0.116038935603737	0.116038935603737
0.851763615974356	0.427059695452231	0.116192629558179	0.116192629558179
0.851663725745529	0.426846405075138	0.116346323512621	0.116346323512621
0.851563411264837	0.426632231505503	0.116500017467063	0.116500017467063
0.851462668971659	0.426417167398658	0.116653711421505	0.116653711421505
0.851361495260552	0.426201205317933	0.116807405375947	0.116807405375947
0.851259886480496	0.425984337733118	0.116961099330389	0.116961099330389
0.851157838934127	0.42576655701888	0.117114793284831	0.117114793284831
0.851055348876947	0.42554785545316	0.117268487239273	0.117268487239273
0.850952412516526	0.425328225215529	0.117422181193715	0.117422181193715
0.850849026011674	0.425107658385508	0.117575875148157	0.117575875148157
0.850745185471612	0.424886146940855	0.117729569102599	0.117729569102599
0.850640886955109	0.424663682755817	0.117883263057041	0.117883263057041
0.850536126469612	0.424440257599335	0.118036957011483	0.118036957011483
0.850430899970351	0.424215863133226	0.118190650965926	0.118190650965926
0.850325203359423	0.423990490910304	0.118344344920368	0.118344344920368
0.850219032484867	0.423764132372484	0.11849803887481	0.11849803887481
0.850112383139702	0.423536778848824	0.118651732829252	0.118651732829252
0.850005251060956	0.423308421553533	0.118805426783694	0.118805426783694
0.849897631928671	0.423079051583938	0.118959120738136	0.118959120738136
0.849789521364883	0.422848659918396	0.119112814692578	0.119112814692578
0.849680914932579	0.42261723741417	0.11926650864702	0.11926650864702
0.849571808134636	0.422384774805245	0.119420202601462	0.119420202601462
0.849462196412728	0.422151262700112	0.119573896555904	0.119573896555904
0.849352075146217	0.42191669157948	0.119727590510346	0.119727590510346
0.84924143965101	0.421681051793955	0.119881284464788	0.119881284464788
0.849130285178394	0.421444333561659	0.12003497841923	0.12003497841923
0.849018606913847	0.421206526965785	0.120188672373672	0.120188672373672
0.848906399975815	0.420967621952114	0.120342366328114	0.120342366328114
0.848793659414467	0.420727608326459	0.120496060282556	0.120496060282556
0.848680380210415	0.420486475752054	0.120649754236998	0.120649754236998
0.848566557273411	0.420244213746888	0.12080344819144	0.12080344819144
0.848452185441002	0.420000811680965	0.120957142145882	0.120957142145882
0.848337259477169	0.41975625877351	0.121110836100324	0.121110836100324
0.848221774070917	0.419510544090098	0.121264530054766	0.121264530054766
0.848105723834847	0.419263656539727	0.121418224009208	0.121418224009208
0.847989103303677	0.419015584871811	0.12157191796365	0.12157191796365
0.847871906932744	0.418766317673103	0.121725611918092	0.121725611918092
0.847754129096457	0.418515843364543	0.121879305872534	0.121879305872534
0.847635764086719	0.418264150198036	0.122032999826976	0.122032999826976
0.847516806111307	0.418011226253139	0.122186693781418	0.122186693781418
0.847397249292216	0.417757059433678	0.12234038773586	0.12234038773586
0.847277087663958	0.417501637464272	0.122494081690303	0.122494081690303
0.847156315171817	0.417244947886784	0.122647775644745	0.122647775644745
0.847034925670072	0.416986978056663	0.122801469599187	0.122801469599187
0.846912912920157	0.416727715139218	0.122955163553629	0.122955163553629
0.846790270588792	0.416467146105778	0.123108857508071	0.123108857508071
0.846666992246055	0.416205257729768	0.123262551462513	0.123262551462513
0.846543071363413	0.415942036582679	0.123416245416955	0.123416245416955
0.846418501311693	0.415677469029934	0.123569939371397	0.123569939371397
0.84629327535901	0.415411541226655	0.123723633325839	0.123723633325839
0.846167386668638	0.415144239113311	0.123877327280281	0.123877327280281
0.846040828296823	0.41487554841126	0.124031021234723	0.124031021234723
0.845913593190542	0.414605454618172	0.124184715189165	0.124184715189165
0.845785674185203	0.414333943003332	0.124338409143607	0.124338409143607
0.84565706400228	0.414060998602817	0.124492103098049	0.124492103098049
0.845527755246892	0.413786606214552	0.124645797052491	0.124645797052491
0.845397740405312	0.413510750393224	0.124799491006933	0.124799491006933
0.845267011842411	0.41323341544507	0.124953184961375	0.124953184961375
0.845135561799032	0.412954585422514	0.125106878915817	0.125106878915817
0.845003382389296	0.41267424411867	0.125260572870259	0.125260572870259
0.844870465597826	0.412392375061686	0.125414266824701	0.125414266824701
0.844736803276908	0.412108961508936	0.125567960779143	0.125567960779143
0.844602387143561	0.411823986441055	0.125721654733585	0.125721654733585
0.844467208776534	0.411537432555804	0.125875348688027	0.125875348688027
0.844331259613213	0.411249282261767	0.126029042642469	0.126029042642469
0.844194530946448	0.410959517671873	0.126182736596911	0.126182736596911
0.844057013921284	0.410668120596727	0.126336430551353	0.126336430551353
0.843918699531601	0.410375072537767	0.126490124505795	0.126490124505795
0.843779578616664	0.410080354680209	0.126643818460237	0.126643818460237
0.843639641857565	0.409783947885805	0.12679751241468	0.12679751241468
0.843498879773565	0.409485832685381	0.126951206369122	0.126951206369122
0.843357282718337	0.409185989271167	0.127104900323564	0.127104900323564
0.843214840876085	0.408884397488894	0.127258594278006	0.127258594278006
0.843071544257565	0.408581036829672	0.127412288232448	0.127412288232448
0.842927382695976	0.408275886421615	0.12756598218689	0.12756598218689
0.842782345842735	0.407968925021227	0.127719676141332	0.127719676141332
0.842636423163124	0.407660131004529	0.127873370095774	0.127873370095774
0.842489603931805	0.407349482357914	0.128027064050216	0.128027064050216
0.842341877228202	0.407036956668732	0.128180758004658	0.128180758004658
0.842193231931742	0.406722531115587	0.1283344519591	0.1283344519591
0.842043656716943	0.406406182458338	0.128488145913542	0.128488145913542
0.841893140048365	0.406087887027788	0.128641839867984	0.128641839867984
0.841741670175387	0.405767620715059	0.128795533822426	0.128795533822426
0.841589235126837	0.405445358960635	0.128949227776868	0.128949227776868
0.841435822705444	0.40512107674306	0.12910292173131	0.12910292173131
0.841281420482114	0.404794748567279	0.129256615685752	0.129256615685752
0.84112601579003	0.404466348452608	0.129410309640194	0.129410309640194
0.84096959571856	0.404135849920328	0.129564003594636	0.129564003594636
0.840812147106966	0.403803225980867	0.129717697549078	0.129717697549078
0.840653656537915	0.403468449120577	0.12987139150352	0.12987139150352
0.840494110330773	0.403131491288077	0.130025085457962	0.130025085457962
0.84033349453468	0.402792323880147	0.130178779412404	0.130178779412404
0.840171794921399	0.402450917727159	0.130332473366846	0.130332473366846
0.840008996977922	0.402107243078022	0.130486167321288	0.130486167321288
0.839845085898834	0.401761269584624	0.13063986127573	0.13063986127573
0.839680046578414	0.401412966285751	0.130793555230172	0.130793555230172
0.839513863602471	0.401062301590459	0.130947249184614	0.130947249184614
0.839346521239898	0.400709243260883	0.131100943139057	0.131100943139057
0.839178003433942	0.400353758394445	0.131254637093499	0.131254637093499
0.839008293793161	0.399995813405462	0.131408331047941	0.131408331047941
0.838837375582074	0.399635374006099	0.131562025002383	0.131562025002383
0.83866523171148	0.399272405186658	0.131715718956825	0.131715718956825
0.838491844728431	0.398906871195176	0.131869412911267	0.131869412911267
0.83831719680585	0.398538735516289	0.132023106865709	0.132023106865709
0.83814126973178	0.398167960849344	0.132176800820151	0.132176800820151
0.837964044898237	0.397794509085716	0.132330494774593	0.132330494774593
0.837785503289659	0.397418341285306	0.132484188729035	0.132484188729035
0.837605625470939	0.397039417652174	0.132637882683477	0.132637882683477
0.837424391575002	0.396657697509271	0.132791576637919	0.132791576637919
0.83724178128993	0.39627313927224	0.132945270592361	0.132945270592361
0.837057773845601	0.395885700422223	0.133098964546803	0.133098964546803
0.83687234799982	0.395495337477656	0.133252658501245	0.133252658501245
0.836685482023926	0.395102005964979	0.133406352455687	0.133406352455687
0.836497153687844	0.394705660388233	0.133560046410129	0.133560046410129
0.836307340244561	0.394306254197477	0.133713740364571	0.133713740364571
0.836116018413992	0.393903739755981	0.133867434319013	0.133867434319013
0.835923164366219	0.393498068306125	0.134021128273455	0.134021128273455
0.835728753704061	0.39308918993396	0.134174822227897	0.134174822227897
0.835532761444953	0.392677053532349	0.134328516182339	0.134328516182339
0.835335162002089	0.392261606762634	0.134482210136781	0.134482210136781
0.83513592916481	0.391842796014741	0.134635904091223	0.134635904091223
0.83493503607818	0.391420566365672	0.134789598045665	0.134789598045665
0.834732455221727	0.39099486153627	0.134943292000107	0.134943292000107
0.8345281583873	0.390565623846211	0.135096985954549	0.135096985954549
0.834322116655994	0.390132794167093	0.135250679908991	0.135250679908991
0.834114300374101	0.389696311873556	0.135404373863434	0.135404373863434
0.833904679128039	0.389256114792325	0.135558067817876	0.135558067817876
0.833693221718202	0.388812139149056	0.135711761772318	0.135711761772318
0.833479896131672	0.388364319512887	0.13586545572676	0.13586545572676
0.833264669513743	0.387912588738567	0.136019149681202	0.136019149681202
0.833047508138184	0.387456877906037	0.136172843635644	0.136172843635644
0.832828377376185	0.386997116257322	0.136326537590086	0.136326537590086
0.832607241663896	0.386533231130593	0.136480231544528	0.136480231544528
0.832384064468508	0.386065147891248	0.13663392549897	0.13663392549897
0.832158808252776	0.385592789859849	0.136787619453412	0.136787619453412
0.831931434437903	0.385116078236726	0.136941313407854	0.136941313407854
0.831701903364699	0.384634932023088	0.137095007362296	0.137095007362296
0.831470174252912	0.384149267938421	0.137248701316738	0.137248701316738
0.831236205158627	0.383659000333975	0.13740239527118	0.13740239527118
0.830999952929626	0.38316404110211	0.137556089225622	0.137556089225622
0.830761373158585	0.382664299581264	0.137709783180064	0.137709783180064
0.830520420133988	0.382159682456281	0.137863477134506	0.137863477134506
0.830277046788615	0.381650093653836	0.138017171088948	0.138017171088948
0.830031204645468	0.381135434232648	0.13817086504339	0.13817086504339
0.82978284376097	0.380615602268185	0.138324558997832	0.138324558997832
0.829531912665282	0.380090492731507	0.138478252952274	0.138478252952274
0.829278358299546	0.379559997361905	0.138631946906716	0.138631946906716
0.829022125949886	0.379024004532932	0.138785640861158	0.138785640861158
0.828763159177929	0.378482399111426	0.1389393348156	0.1389393348156
0.828501399747663	0.377935062309068	0.139093028770042	0.139093028770042
0.828236787548362	0.377381871526008	0.139246722724484	0.139246722724484
0.827969260513349	0.37682270018603	0.139400416678926	0.139400416678926
0.82769875453431	0.376257417562717	0.139554110633368	0.139554110633368
0.827425203370865	0.375685888596007	0.139707804587811	0.139707804587811
0.827148538555078	0.375107973698498	0.139861498542253	0.139861498542253
0.826868689290574	0.374523528550814	0.140015192496695	0.140015192496695
0.826585582345867	0.373932403885274	0.140168886451137	0.140168886451137
0.826299141941527	0.373334445257058	0.140322580405579	0.140322580405579
0.82600928963073	0.372729492801985	0.140476274360021	0.140476274360021
0.825715944172733	0.372117380979962	0.140629968314463	0.140629968314463
0.825419021398762	0.371497938303071	0.140783662268905	0.140783662268905
0.825118434069756	0.370870987047166	0.140937356223347	0.140937356223347
0.82481409172538	0.370236342945788	0.141091050177789	0.141091050177789
0.824505900523631	0.369593814865058	0.141244744132231	0.141244744132231
0.82419376307036	0.368943204458123	0.141398438086673	0.141398438086673
0.823877578237903	0.368284305797594	0.141552132041115	0.141552132041115
0.823557240972008	0.367616904984266	0.141705825995557	0.141705825995557
0.823232642086114	0.366940779730258	0.141859519949999	0.141859519949999
0.822903668041993	0.366255698914555	0.142013213904441	0.142013213904441
0.822570200715646	0.365561422108706	0.142166907858883	0.142166907858883
0.822232117147252	0.36485769907026	0.142320601813325	0.142320601813325
0.821889289273851	0.364144269201262	0.142474295767767	0.142474295767767
0.821541583643298	0.363420860968879	0.142627989722209	0.142627989722209
0.821188861107915	0.362687191284933	0.142781683676651	0.142781683676651
0.82083097649606	0.361942964840781	0.142935377631093	0.142935377631093
0.820467778259698	0.361187873393661	0.143089071585535	0.143089071585535
0.820099108095825	0.36042159500015	0.143242765539977	0.143242765539977
0.819724800539395	0.359643793191988	0.143396459494419	0.143396459494419
0.819344682525121	0.358854116088987	0.143550153448861	0.143550153448861
0.81895857291527	0.358052195443157	0.143703847403303	0.143703847403303
0.818566281990215	0.357237645607559	0.143857541357745	0.143857541357745
0.81816761089819	0.356410062422655	0.144011235312188	0.144011235312188
0.817762351060234	0.355569022012115	0.14416492926663	0.14416492926663
0.817350283525902	0.354714079479077	0.144318623221072	0.144318623221072
0.816931178274756	0.353844767492844	0.144472317175514	0.144472317175514
0.816504793458072	0.352960594754766	0.144626011129956	0.144626011129956
0.816070874574531	0.3520610443307	0.144779705084398	0.144779705084398
0.815629153572847	0.351145571835877	0.14493339903884	0.14493339903884
0.815179347873467	0.350213603456226	0.145087092993282	0.145087092993282
0.814721159300374	0.349264533788126	0.145240786947724	0.145240786947724
0.814254272912948	0.348297723476243	0.145394480902166	0.145394480902166
0.813778355726419	0.347312496626354	0.145548174856608	0.145548174856608
0.813293055307926	0.346308137966948	0.14570186881105	0.14570186881105
0.812797998233396	0.345283889729738	0.145855562765492	0.145855562765492
0.812292788388348	0.344238948215019	0.146009256719934	0.146009256719934
0.811777005093284	0.343172460002867	0.146162950674376	0.146162950674376
0.811250201031504	0.342083517765425	0.146316644628818	0.146316644628818
0.810711899953812	0.340971155628809	0.14647033858326	0.14647033858326
0.810161594130654	0.339834344025209	0.146624032537702	0.146624032537702
0.809598741517621	0.338671983966438	0.146777726492144	0.146777726492144
0.809022762594704	0.337482900659105	0.146931420446586	0.146931420446586
0.808433036833223	0.336265836368432	0.147085114401028	0.147085114401028
0.80782889873652	0.335019442422058	0.14723880835547	0.14723880835547
0.807209633391208	0.333742270226373	0.147392502309912	0.147392502309912
0.806574471454541	0.332432761145331	0.147546196264354	0.147546196264354
0.80592258348994	0.331089235064418	0.147699890218796	0.147699890218796
0.805253073546244	0.329709877429288	0.147853584173238	0.147853584173238
0.804564971856231	0.328292724508267	0.14800727812768	0.14800727812768
0.803857226505385	0.32683564657836	0.148160972082122	0.148160972082122
0.803128693891599	0.325336328673512	0.148314666036565	0.148314666036565
0.802378127759001	0.323792248458261	0.148468359991007	0.148468359991007
0.801604166542358	0.322200650695853	0.148622053945449	0.148622053945449
0.800805318699841	0.320558517661773	0.148775747899891	0.148775747899891
0.79997994563793	0.318862534704618	0.148929441854333	0.148929441854333
0.799126241738071	0.31710904996673	0.149083135808775	0.149083135808775
0.798242210874127	0.315294027034264	0.149236829763217	0.149236829763217
0.797325638653911	0.313412988972935	0.149390523717659	0.149390523717659
0.796374059415303	0.311460951797586	0.149544217672101	0.149544217672101
0.795384716740928	0.309432344887392	0.149697911626543	0.149697911626543
0.79435451590168	0.307320915146944	0.149851605580985	0.149851605580985
0.793279966165132	0.305119610759309	0.150005299535427	0.150005299535427
0.792157110261631	0.302820439083361	0.150158993489869	0.150158993489869
0.790981437417981	0.300414291471777	0.150312687444311	0.150312687444311
0.789747775140401	0.297890725316142	0.150466381398753	0.150466381398753
0.788450153195357	0.29523769014061	0.150620075353195	0.150620075353195
0.787081630752702	0.292441179570881	0.150773769307637	0.150773769307637
0.785634074032902	0.289484783722549	0.150927463262079	0.150927463262079
0.784097866416578	0.286349105731313	0.151081157216521	0.151081157216521
0.782461524804122	0.283010989726501	0.151234851170963	0.151234851170963
0.780711183320474	0.27944248204257	0.151388545125405	0.151388545125405
0.778829885218481	0.275609406792316	0.151542239079847	0.151542239079847
0.776796590584943	0.271469370128096	0.151695933034289	0.151695933034289
0.774584750965513	0.266968894050936	0.151849626988731	0.151849626988731
0.772160202263641	0.26203918027014	0.152003320943173	0.152003320943173
0.769477942958023	0.256589634511303	0.152157014897615	0.152157014897615
0.766477005560662	0.250497560658158	0.152310708852057	0.152310708852057
0.763071883398761	0.243590936955837	0.152464402806499	0.152464402806499
0.759137299899854	0.235617825027787	0.152618096760942	0.152618096760942
0.754478957513568	0.226187635156253	0.152771790715384	0.152771790715384
0.748771211253523	0.214646015530695	0.152925484669826	0.152925484669826
0.741403295536986	0.199766279886747	0.153079178624268	0.153079178624268
0.731003258148864	0.178794470376076	0.15323287257871	0.15323287257871
0.713190248042301	0.142942925207882	0.153386566533152	0.153386566533152
0	0	0.153540260487594	0.153540260487594
