1	0.0331457765745473	0.0317704331482175
2	0.0420007369996552	0.0401708293710395
3	0.0464303539084087	0.0444074546717353
4	0.0491266507379774	0.046884355476078
5	0.0509535128692294	0.0486278338586007
6	0.0522789470508392	0.0497843084986208
7	0.0532875241222583	0.0507447584483746
8	0.0540824577535198	0.0515017595619618
9	0.0547261733665477	0.0521147584548659
10	0.0552587373215553	0.0525072649238015
11	0.0555915181694084	0.0529332958868795
12	0.0559736846571369	0.0532971883013902
13	0.0563041146731585	0.0536118181295355
14	0.056592804890948	0.0538867040333767
15	0.0568473110085982	0.0540108547420569
16	0.0570734538698916	0.0542257139678596
17	0.057275792987436	0.054417957162699
18	0.0574579524334339	0.0545910275718904
19	0.0576228502852293	0.0547476976722449
20	0.0577728634478493	0.0548902257706177
21	0.057909948192531	0.0550204705280388
22	0.0580357297345488	0.0550193196651855
23	0.0581515697720764	0.0551291389107419
24	0.0582586180798202	0.0552306233771268
25	0.0583578523947816	0.0553246999834104
26	0.0584501095890205	0.0554121621051837
27	0.058536110277834	0.0554936929037262
28	0.0586164784257044	0.0555698839129339
29	0.0586917571005219	0.0556412499747152
30	0.0587624212331787	0.0557082413354043
31	0.0588288880279375	0.0556489481345355
32	0.05889152551444	0.0557081998109567
33	0.0589506596181665	0.055764137476644
34	0.0590065800411274	0.0558170351740394
35	0.0590595451805589	0.0558671373329611
36	0.0591097862647951	0.0559146626829142
37	0.0591575108482609	0.0559598075591657
38	0.0592029057788075	0.0560027487096828
39	0.0592461397282665	0.0560436456889007
40	0.0592873653596114	0.0560826429077405
41	0.0593267211903263	0.0561198713962546
42	0.0593643332006434	0.056155450324933
43	0.0594003162265896	0.0560659949415212
44	0.0594347751707758	0.0560985195998591
45	0.059467806058219	0.0561296963626433
46	0.0594994969599041	0.0561596083571652
47	0.0595299288030625	0.0561883319679634
48	0.0595591760840895	0.0562159375097227
49	0.0595873074975099	0.0562424898209345
50	0.0596143864923296	0.056268048789018
51	0.0596404717653898	0.0562926698159812
52	0.0596656176999086	0.0563164042323461
53	0.0596898747562024	0.0563392996659374
54	0.0597132898205738	0.0563614003711861
55	0.0597359065175113	0.0563827475238048
56	0.0597577654896334	0.0564033794850178
57	0.0597789046492078	0.0564233320389612
58	0.0597993594045637	0.0564426386063865
59	0.0598191628642789	0.056461330437386
60	0.0598383460216523	0.0563550327397266
61	0.0598569379216499	0.0563725423669593
62	0.0598749658122437	0.0563895208169364
63	0.0598924552818193	0.056405992188491
64	0.0599094303841328	0.0564219791351604
65	0.0599259137521122	0.0564375029723635
66	0.0599419267016547	0.056452583775155
67	0.0599574893264286	0.0564672404675097
68	0.059972620584583	0.0564814909039835
69	0.0599873383781568	0.0564953519445011
70	0.0600016596258996	0.0565088395229366
71	0.0600156003301317	0.0565219687100824
72	0.060029175638208	0.0565347537715348
73	0.060042399899087	0.0565472082209697
74	0.0600552867154552	0.0565593448692333
75	0.0600678489918091	0.0565711758696248
76	0.0600800989788581	0.0565827127597146
77	0.0600920483145711	0.0565939665000015
78	0.0601037080621618	0.0566049475096867
79	0.0601150887452745	0.0566156656998116
80	0.0601262003806104	0.0566261305039844
81	0.0601370525082076	0.0566363509068982
82	0.0601476542195712	0.0565212883726532
83	0.0601580141838294	0.0565310237236817
84	0.0601681406720749	0.0565405396752138
85	0.0601780415800381	0.0565498436469381
86	0.060187724449224	0.0565589427256741
87	0.0601971964866327	0.0565678436839043
88	0.0602064645831736	0.0565765529970779
89	0.0602155353308731	0.056585076859781
90	0.0602244150389675	0.0565934212008593
91	0.0602331097489646	0.0566015916975717
92	0.0602416252487495	0.0566095937888457
93	0.060249967085807	0.0566174326877022
94	0.0602581405796216	0.0566251133929085
95	0.0602661508333167	0.0566326406999151
96	0.0602740027445861	0.0566400192111288
97	0.0602817010159675	0.0566472533455661
98	0.0602892501645035	0.0566543473479326
99	0.0602966545308341	0.0566613052971664
100	0.0602576097217099	0.0566545773878345
101	0.0603110454482917	0.0566748285709518
102	0.0603180398732869	0.056681401294648
103	0.0603249052785898	0.0566878527773859
104	0.0603316452418168	0.0566941863810835
105	0.0603382632087461	0.0567004053437697
106	0.0603447624993586	0.0567065127852601
107	0.0603511463135478	0.0567125117125231
108	0.0603574177365214	0.0567184050247561
109	0.0603635797439127	0.0565986995104047
110	0.0603696352066212	0.0566043772935263
111	0.0603755868953969	0.0566099577751018
112	0.0603814374851863	0.0566154434632412
113	0.0603871895592532	0.0566208367800898
114	0.0603928456130878	0.056626140065494
115	0.0603984080581172	0.05663135558048
116	0.0604038792252287	0.0566364855105575
117	0.060409261368117	0.0566415319688581
118	0.0604145566664651	0.056646496999118
119	0.0604197672289695	0.0566513825785141
120	0.060424895096217	0.0566561906203614
121	0.0604299422434226	0.056660922976681
122	0.0604349105830366	0.0566655814406434
123	0.0604398019672269	0.0566701677488968
124	0.0604446181902446	0.0566746835837845
125	0.0604493609906783	0.0566791305754593
126	0.060454032053604	0.056683510303899
127	0.0604586330126361	0.0566878243008293
128	0.0604631654518838	0.0566920740515584
129	0.0604676309078192	0.0566962609967286
130	0.0604720308710617	0.0567003865339892
131	0.0604763667880811	0.0567044520195937
132	0.0604806400628271	0.0567084587699273
133	0.0604848520582852	0.0567124080629659
134	0.0604890040979656	0.0567163011396726
135	0.0604930974673276	0.0567201392053321
136	0.0604971334151417	0.0567239234308293
137	0.0605011131547942	0.0567276549538715
138	0.0605050378655365	0.05673133488016
139	0.0605089086936808	0.0567349642845116
140	0.060512726753747	0.0567385442119333
141	0.0605164931295607	0.0567420756786525
142	0.0605202088753066	0.0567455596731046
143	0.060523875016539	0.0567489971568796
144	0.0605274925511498	0.0567523890656311
145	0.0605310624502991	0.0566298921052694
146	0.060534585659307	0.0566331882467529
147	0.0605380630985107	0.0566364415682533
148	0.0605414956640873	0.0566396529081898
149	0.060544884228844	0.0566428230831181
150	0.060548229642978	0.0566459528884409
151	0.0605515327348061	0.056649043099091
152	0.0605547943114672	0.0566520944701876
153	0.0605580151595964	0.0566551077376682
154	0.060561196045975	0.0566580836188956
155	0.0605643377181547	0.0566610228132424
156	0.0605674409050587	0.0566639260026537
157	0.060570506317561	0.056666793852188
158	0.0605735346490427	0.0566696270105389
159	0.0605765265759294	0.0566724261105369
160	0.0605794827582079	0.0566751917696331
161	0.0605824038399239	0.0566779245903654
162	0.0605852904496628	0.0566806251608072
163	0.0605881432010119	0.0566832940550007
164	0.0605909626930068	0.0566859318333744
165	0.0605937495105617	0.056688539043145
166	0.0605965042248844	0.0566911162187068
167	0.0605992273938772	0.0566936638820057
168	0.060475928045761	0.056696182542901
169	0.0604785842128152	0.0566986726995143
170	0.0604812104944712	0.0567011348385667
171	0.0604838073980847	0.0567035694357044
172	0.0604863754195331	0.0567059769558123
173	0.0604889150435396	0.0567083578533184
174	0.0604914267439858	0.0567107125724867
175	0.0604939109842145	0.0567130415477011
176	0.0604963682173215	0.0567153452037389
177	0.0604987988864391	0.0567176239560367
178	0.0605012034250087	0.0567198782109456
179	0.0605035822570453	0.05672210836598
180	0.0605059357973936	0.0567243148100565
181	0.0605082644519748	0.0567264979237264
182	0.0605105686180266	0.0567286580794
183	0.0605128486843348	0.0567307956415639
184	0.0605151050314574	0.0567329109669913
185	0.0605173380319419	0.0567350044049455
186	0.0605195480505361	0.0567370762973776
187	0.0605217354443912	0.0567391269791167
188	0.0605239005632596	0.0567411567780559
189	0.0605260437496862	0.0566170700908523
190	0.0605281653391932	0.056619054661037
191	0.0605302656604605	0.0566210193365557
192	0.060532345035499	0.056622964418623
193	0.0605344037798201	0.0566248902023734
194	0.0605364422025991	0.0566267969770146
195	0.0605384606068341	0.0566286850259761
196	0.0605404592894998	0.0566305546270529
197	0.060542438541697	0.0566324060525457
198	0.0605443986487977	0.0566342395693962
199	0.0605463398905859	0.0566360554393189
200	0.0605482625413936	0.0566378539189286
201	0.0605501668702342	0.0566396352598649
202	0.0605520531409303	0.0566413997089119
203	0.0605539216122395	0.0566431475081157
204	0.0605557725379751	0.0566448788948976
205	0.0605576061671247	0.0566465941021645
206	0.0605594227439639	0.0566482933584162
207	0.0605612225081683	0.0566499768878491
208	0.0605630056949213	0.0566516449104576
209	0.060564772535019	0.0566532976421324
210	0.060566523254973	0.056654935294756
211	0.0605682580771088	0.0566565580762955
212	0.0605699772196631	0.0566581661908932
213	0.0605716808968772	0.0566597598389539
214	0.0605733693190888	0.056661339217231
215	0.06057504269282	0.0566629045189087
216	0.0605767012208645	0.0566644559336837
217	0.0605783451023712	0.0566659936478431
218	0.060579974532926	0.0566675178443412
219	0.0605815897046316	0.0566690287028742
220	0.0605831908061845	0.0566705263999518
221	0.0605847780229509	0.0566720111089687
222	0.0605863515370397	0.0566734830002726
223	0.0605879115273742	0.0566749422412313
224	0.0605894581697615	0.0566763889962978
225	0.0605909916369603	0.0566778234270733
226	0.060592512098747	0.0566792456923696
227	0.0605940197219797	0.0566806559482686
228	0.0605955146706613	0.0566820543481811
229	0.0605969971059998	0.056683441042904
230	0.0605984671864685	0.0566848161806758
231	0.0605999250678635	0.0566861799072307
232	0.0606013709033603	0.0566875323658516
233	0.0606028048435685	0.0566888736974214
234	0.0606042270365862	0.0566902040404734
235	0.0606056376280516	0.0566915235312399
236	0.0606070367611942	0.0566928323037004
237	0.0606084245768847	0.0566941304896276
238	0.0606098012136836	0.0566954182186332
239	0.060611166807888	0.0566966956182119
240	0.0606125214935781	0.0566979628137845
241	0.0606138654026624	0.0566992199287405
242	0.0606151986649214	0.0567004670844785
243	0.0606165214080502	0.056701704400447
244	0.0606178337577012	0.056702931994183
245	0.0606191358375237	0.0565778601150221
246	0.0606204277692048	0.0565790659179245
247	0.0606217096725079	0.0565802623610073
248	0.0606229816653104	0.0565814495542897
249	0.0606242438636414	0.0565826276060653
250	0.0606254963817172	0.0565837966229361
251	0.0606267393319774	0.0565849567098456
252	0.0606279728251187	0.0565861079701108
253	0.0606291969701292	0.0565872505054539
254	0.0606304118743209	0.0565883844160328
255	0.0606316176433622	0.0565895098004714
256	0.0606328143813094	0.0565906267558888
257	0.0606340021906368	0.0565917353779277
258	0.0606351811722678	0.0565928357607832
259	0.0606363514256029	0.0565939279972294
260	0.0606375130485498	0.0565950121786465
261	0.0606386661375501	0.0565960883950467
262	0.0606398107876076	0.0565971567351004
263	0.0606409470923148	0.0565982172861605
264	0.060642075143879	0.0565992701342871
265	0.060643195033148	0.0566003153642714
266	0.060644306849635	0.0566013530596593
267	0.0606454106815434	0.0566023833027738
268	0.0606465066157903	0.0566034061747376
269	0.0606475947380303	0.056604421755495
270	0.0606486751326783	0.0566054301238331
271	0.0606497478829318	0.056606431357403
272	0.0606508130707928	0.05660742553274
273	0.0606518707770896	0.0566084127252837
274	0.0606529210814974	0.0566093930093976
275	0.0606539640625589	0.0566103664583884
276	0.0606549997977047	0.0566113331445244
277	0.0606560283632726	0.0566122931390545
278	0.0606570498345271	0.0566132465122253
279	0.0606580642856782	0.0566141933332996
280	0.0606590717898997	0.056615133670573
281	0.0606600724193475	0.056616067591391
282	0.0606610662451772	0.0566169951621654
283	0.0606620533375614	0.0566179164483907
284	0.0606630337657067	0.0566188315146596
285	0.0606640075978701	0.0566197404246788
286	0.0606649749013758	0.0566206432412841
287	0.0606659357426305	0.0566215400264551
288	0.0606668901871393	0.05662243084133
289	0.0606678382995212	0.0566233157462198
290	0.0606687801435238	0.0566241948006222
291	0.0606697157820379	0.0566250680632353
292	0.0606706452771121	0.0566259355919713
293	0.0606715686899669	0.0566267974439691
294	0.0606724860810084	0.0566276536756078
295	0.0606733975098418	0.056628504342519
296	0.0606743030352847	0.0566293494995991
297	0.0606752027153803	0.0566301892010216
298	0.0606760966074098	0.0566310235002491
299	0.060676984767905	0.0566318524500447
300	0.0606778672526609	0.0566326761024835
301	0.060678744116747	0.0566334945089639
302	0.0606796154145199	0.0566343077202186
303	0.0606804811996341	0.0566351157863252
304	0.0606813415250538	0.0566359187567169
305	0.0606821964430638	0.0566367166801929
306	0.0606830460052805	0.0566375096049285
307	0.0606838902626623	0.0566382975784848
308	0.0606847292655206	0.0566390806478192
309	0.0606855630635294	0.0566398588592942
310	0.0606863917057361	0.056640632258687
311	0.0606872152405707	0.0566414008911993
312	0.0606880337158559	0.0566421648014655
313	0.0606888471788167	0.0565164889352731
314	0.0606896556760894	0.0565172418483582
315	0.0606904592537309	0.0565179901800369
316	0.0606912579572279	0.0565187339726685
317	0.0606920518315054	0.0565194732680894
318	0.0606928409209356	0.0565202081076213
319	0.0606936252693463	0.0565209385320787
320	0.0606944049200291	0.0565216645817771
321	0.0606951799157481	0.0565223862965404
322	0.0606959502987473	0.0565231037157084
323	0.0606967161107588	0.0565238168781441
324	0.0606974773930106	0.0565245258222412
325	0.0606982341862343	0.0565252305859307
326	0.0606989865306722	0.0565259312066885
327	0.0606997344660848	0.0565266277215415
328	0.0607004780317583	0.056527320167075
329	0.0607012172665114	0.0565280085794387
330	0.060701952208702	0.0565286929943538
331	0.0607026828962348	0.0565293734471186
332	0.0607034093665669	0.0565300499726154
333	0.0607041316567156	0.0565307226053164
334	0.060704849803264	0.0565313913792896
335	0.0607055638423676	0.0565320563282048
336	0.0607062738097606	0.0565327174853395
337	0.0607069797407621	0.0565333748835847
338	0.0607076816702819	0.05653402855545
339	0.0607083796328266	0.0565346785330698
340	0.0607090736625056	0.0565353248482083
341	0.0607097637930362	0.0565359675322649
342	0.0607104500577499	0.0565366066162796
343	0.0607111324895976	0.0565372421309377
344	0.0607118111211549	0.0565378741065755
345	0.060712485984628	0.0565385025731848
346	0.0607131571118581	0.0565391275604179
347	0.0607138245343273	0.0565397490975923
348	0.0607144882831633	0.0565403672136958
349	0.0607151483891444	0.0565409819373908
350	0.0607158048827046	0.0565415932970187
351	0.0607164577939381	0.0565422013206049
352	0.0607171071526044	0.0565428060358628
353	0.0607177529881326	0.0565434074701985
354	0.0607183953296262	0.0565440056507144
355	0.0607190342058677	0.0565446006042143
356	0.0607196696453227	0.0565451923572068
357	0.0607203016761445	0.0565457809359096
358	0.0607209303261784	0.0565463663662536
359	0.0607215556229656	0.0565469486738867
360	0.0607221775937478	0.0565475278841777
361	0.060722796265471	0.0565481040222199
362	0.0607234116647896	0.0565486771128353
363	0.0607240238180701	0.0565492471805778
364	0.0607246327513954	0.056549814249737
365	0.0607252384905684	0.0565503783443418
366	0.0607258410611156	0.0565509394881639
367	0.0607264404882911	0.0565514977047211
368	0.0607270367970802	0.0565520530172809
369	0.0607276300122024	0.0565526054488635
370	0.0607282201581161	0.0565531550222456
371	0.0607288072590206	0.056553701759963
372	0.0607293913388609	0.0565542456843142
373	0.0607299724213301	0.0565547868173637
374	0.0607305505298731	0.0565553251809443
375	0.0607311256876897	0.0565558607966611
376	0.0607316979177381	0.0565563936858936
377	0.0607322672427375	0.0565569238697993
378	0.0607328336851718	0.0565574513693163
379	0.0607333972672924	0.056557976205166
380	0.0607339580111209	0.0565584983978563
381	0.0607345159384526	0.056559017967684
382	0.0607350710708592	0.0565595349347376
383	0.0607356234296913	0.0565600493189
384	0.0607361730360819	0.0565605611398513
385	0.0607367199109488	0.056561070417071
386	0.060737264074997	0.056561577169841
387	0.0607378055487223	0.0565620814172476
388	0.060738344352413	0.0565625831781846
389	0.0607388805061531	0.0565630824713551
390	0.0607394140298248	0.0565635793152743
391	0.0607399449431107	0.0565640737282719
392	0.0607404732654969	0.056564565728494
393	0.0607409990162747	0.0565650553339059
394	0.0607415222145438	0.0565655425622939
395	0.0607420428792141	0.0565660274312681
396	0.0607425610290083	0.0565665099582639
397	0.0607430766824642	0.0564404420841229
398	0.0607435898579369	0.0564409189096664
399	0.0607441005736014	0.056441393449638
400	0.0607446088474543	0.0564418657207596
401	0.0607451146973161	0.0564423357395895
402	0.0607456181408337	0.0564428035225246
403	0.0607461191954822	0.0564432690858022
404	0.0607466178785671	0.056443732445502
405	0.0607471142072263	0.0564441936175478
406	0.0607476081984323	0.05644465261771
407	0.0607480998689937	0.0564451094616066
408	0.0607485892355579	0.0564455641647059
409	0.0607490763146126	0.0564460167423275
410	0.0607495611224876	0.0564464672096447
411	0.060750043675357	0.0564469155816859
412	0.0607505239892411	0.0564473618733365
413	0.0607510020800076	0.0564478060993404
414	0.0607514779633744	0.056448248274302
415	0.0607519516549105	0.0564486884126876
416	0.0607524231700381	0.0564491265288271
417	0.0607528925240346	0.0564495626369155
418	0.0607533597320339	0.0564499967510148
419	0.060753824809028	0.0564504288850551
420	0.0607542877698691	0.0564508590528367
421	0.0607547486292711	0.0564512872680311
422	0.0607552074018109	0.0564517135441826
423	0.0607556641019304	0.0564521378947103
424	0.0607561187439377	0.0564525603329088
425	0.060756571342009	0.0564529808719501
426	0.0607570219101899	0.0564533995248847
427	0.0607574704623968	0.0564538163046437
428	0.0607579170124187	0.0564542312240391
429	0.0607583615739186	0.056454644295766
430	0.0607588041604345	0.0564550555324037
431	0.0607592447853815	0.0564554649464169
432	0.0607596834620526	0.0564558725501572
433	0.0607601202036205	0.056456278355864
434	0.0607605550231388	0.0564566823756665
435	0.0607609879335433	0.056457084621584
436	0.0607614189476535	0.056457485105528
437	0.0607618480781736	0.056457883839303
438	0.0607622753376941	0.0564582808346074
439	0.060762700738693	0.0564586761030356
440	0.0607631242935369	0.056459069656078
441	0.0607635460144825	0.0564594615051233
442	0.0607639659136776	0.0564598516614588
443	0.0607643840031624	0.0564602401362717
444	0.0607648002948705	0.0564606269406505
445	0.0607652148006307	0.0564610120855861
446	0.0607656275321674	0.0564613955819722
447	0.060766038501102	0.0564617774406073
448	0.0607664477189543	0.056462157672195
449	0.0607668551971433	0.0564625362873457
450	0.0607672609469884	0.0564629132965768
451	0.0607676649797106	0.0564632887103145
452	0.0607680673064333	0.0564636625388943
453	0.0607684679381836	0.0564640347925623
454	0.0607688668858934	0.0564644054814759
455	0.0607692641604	0.056464774615705
456	0.0607696597724478	0.0564651422052327
457	0.0607700537326885	0.0564655082599564
458	0.0607704460516828	0.0564658727896886
459	0.060770836739901	0.056466235804158
460	0.060771225807724	0.0564665973130102
461	0.0607716132654445	0.0564669573258089
462	0.0607719991232675	0.0564673158520361
463	0.0607723833913116	0.0564676729010937
464	0.0607727660796099	0.0564680284823042
465	0.0607731471981105	0.056468382604911
466	0.060773526756678	0.0564687352780799
467	0.0607739047650939	0.0564690865108997
468	0.0607742812330576	0.0564694363123827
469	0.0607746561701875	0.0564697846914659
470	0.0607750295860216	0.0564701316570118
471	0.0607754014900183	0.0564704772178087
472	0.0607757718915574	0.0564708213825721
473	0.0607761407999408	0.056471164159945
474	0.0607765082243934	0.0564715055584989
475	0.0607768741740639	0.0564718455867343
476	0.0607772386580253	0.0564721842530818
477	0.0607776016852762	0.0564725215659024
478	0.060777963264741	0.0564728575334886
479	0.0607783234052713	0.0564731921640646
480	0.0607786821156461	0.0564735254657878
481	0.0607790394045726	0.0564738574467487
482	0.0607793952806873	0.0564741881149719
483	0.0607797497525563	0.0564745174784169
484	0.0607801028286764	0.0564748455449785
485	0.0607804545174753	0.0564751723224875
486	0.0607808048273131	0.0564754978187117
487	0.0607811537664819	0.0564758220413561
488	0.0607815013432075	0.0564761449980636
489	0.0607818475656495	0.056476466696416
490	0.060782192441902	0.056476787143934
491	0.0607825359799947	0.0564771063480784
492	0.0607828781878927	0.0564774243162503
493	0.0607832190734981	0.056477741055792
494	0.0607835586446499	0.0564780565739872
495	0.0607838969091251	0.0564783708780621
496	0.060784233874639	0.0564786839751854
497	0.0607845695488459	0.0564789958724693
498	0.0607849039393399	0.0563526713604297
499	0.0607852370536551	0.0563529801851595
500	0.0607855688992667	0.0563532878336951
501	0.060785899483591	0.0563535943129125
502	0.0607862288139864	0.0563538996296332
503	0.0607865568977539	0.0563542037906261
504	0.0607868837421377	0.0563545068026068
505	0.0607872093543253	0.056354808672239
506	0.0607875337414486	0.0563551094061346
507	0.0607878569105844	0.0563554090108543
508	0.0607881788687546	0.0563557074929079
509	0.0607884996229269	0.0563560048587552
510	0.0607888191800155	0.056356301114806
511	0.0607891375468812	0.0563565962674211
512	0.0607894547303324	0.0563568903229123
513	0.0607897707371251	0.0563571832875431
514	0.0607900855739641	0.0563574751675292
515	0.0607903992475025	0.0563577659690388
516	0.0607907117643432	0.0563580556981932
517	0.0607910231310388	0.0563583443610672
518	0.0607913333540921	0.0563586319636895
519	0.0607916424399566	0.0563589185120431
520	0.0607919503950374	0.0563592040120659
521	0.060792257225691	0.0563594884696511
522	0.0607925629382262	0.0563597718906473
523	0.0607928675389044	0.0563600542808592
524	0.0607931710339398	0.0563603356460484
525	0.0607934734295005	0.0563606159919328
526	0.0607937747317084	0.056360895324188
527	0.0607940749466395	0.056361173648447
528	0.0607943740803248	0.0563614509703012
529	0.0607946721387507	0.0563617272953001
530	0.0607949691278588	0.0563620026289525
531	0.0607952650535471	0.056362276976726
532	0.0607955599216698	0.0563625503440481
533	0.0607958537380381	0.0563628227363061
534	0.0607961465084203	0.0563630941588479
535	0.0607964382385424	0.056363364616982
536	0.0607967289340885	0.0563636341159779
537	0.060797018600701	0.0563639026610666
538	0.0607973072439812	0.0563641702574409
539	0.0607975948694894	0.0563644369102558
540	0.0607978814827456	0.0563647026246287
541	0.0607981670892296	0.05636496740564
542	0.0607984516943816	0.0563652312583329
543	0.0607987353036022	0.0563654941877146
544	0.0607990179222533	0.0563657561987557
545	0.0607992995556578	0.0563660172963911
546	0.0607995802091006	0.0563662774855204
547	0.0607998598878284	0.0563665367710076
548	0.0608001385970505	0.0563667951576822
549	0.0608004163419385	0.0563670526503389
550	0.0608006931276276	0.0563673092537381
551	0.0608009689592161	0.0563675649726066
552	0.0608012438417658	0.056367819811637
553	0.0608015177803028	0.0563680737754891
554	0.0608017907798176	0.0563683268687892
555	0.060802062845265	0.0563685790961311
556	0.0608023339815653	0.0563688304620762
557	0.0608026041936036	0.0563690809711534
558	0.0608028734862309	0.0563693306278599
559	0.0608031418642639	0.0563695794366613
560	0.0608034093324856	0.0563698274019918
561	0.0608036758956454	0.0563700745282546
562	0.0608039415584597	0.056370320819822
563	0.0608042063256117	0.0563705662810359
564	0.0608044702017522	0.0563708109162078
565	0.0608047331914994	0.0563710547296193
566	0.0608049952994397	0.0563712977255222
567	0.0608052565301275	0.0563715399081391
568	0.0608055168880858	0.0563717812816629
569	0.0608057763778063	0.0563720218502579
570	0.0608060350037496	0.0563722616180596
571	0.060806292770346	0.0563725005891749
572	0.0608065496819949	0.0563727387676828
573	0.0608068057430657	0.0563729761576338
574	0.060807060957898	0.0563732127630513
575	0.0608073153308015	0.0563734485879306
576	0.0608075688660567	0.0563736836362401
577	0.0608078215679148	0.056373917911921
578	0.0608080734405982	0.0563741514188879
579	0.0608083244883005	0.0563743841610286
580	0.0608085747151869	0.0563746161422045
581	0.0608088241253946	0.0563748473662512
582	0.0608090727230326	0.0563750778369782
583	0.0608093205121824	0.0563753075581691
584	0.0608095674968979	0.0563755365335825
585	0.0608098136812059	0.0563757647669513
586	0.0608100590691059	0.0563759922619836
587	0.0608103036645709	0.0563762190223626
588	0.0608105474715473	0.0563764450517469
589	0.0608107904939549	0.0563766703537707
590	0.0608110327356878	0.0563768949320439
591	0.0608112742006139	0.0563771187901525
592	0.0608115148925755	0.0563773419316585
593	0.0608117548153893	0.0563775643601005
594	0.060811993972847	0.0563777860789935
595	0.060812232368715	0.0563780070918295
596	0.060812470006735	0.0563782274020772
597	0.060812706890624	0.0563784470131827
598	0.0608129430240747	0.0563786659285693
599	0.0608131784107553	0.0563788841516377
600	0.0608134130543101	0.0563791016857667
601	0.0608136469583597	0.0563793185343126
602	0.0608138801265007	0.0563795347006101
603	0.0608141125623067	0.0563797501879718
604	0.0608143442693277	0.0563799649996892
605	0.0608145752510907	0.056380179139032
606	0.0608148055110999	0.0563803926092488
607	0.0608150350528367	0.0563806054135673
608	0.0608152638797601	0.0563808175551942
609	0.0608154919953067	0.0563810290373155
610	0.0608157194028909	0.0563812398630967
611	0.0608159461059052	0.0563814500356829
612	0.0608161721077204	0.0563816595581991
613	0.0608163974116854	0.05638186843375
614	0.0608166220211279	0.0563820766654207
615	0.0608168459393543	0.0563822842562764
616	0.0608170691696498	0.0563824912093628
617	0.0608172917152786	0.0563826975277062
618	0.0608175135794844	0.0563829032143137
619	0.06081773476549	0.0562564046580783
620	0.060817955276498	0.0562566086307606
621	0.0608181751156904	0.0562568119820137
622	0.0608183942862296	0.0562570147147624
623	0.0608186127912574	0.0562572168319131
624	0.0608188306338965	0.0562574183363542
625	0.0608190478172492	0.0562576192309555
626	0.060819264344399	0.0562578195185691
627	0.0608194802184097	0.056258019202029
628	0.0608196954423258	0.0562582182841514
629	0.0608199100191732	0.0562584167677352
630	0.0608201239519585	0.0562586146555616
631	0.0608203372436697	0.0562588119503945
632	0.0608205498972763	0.0562590086549806
633	0.0608207619157293	0.0562592047720496
634	0.0608209733019613	0.0562594003043142
635	0.0608211840588868	0.0562595952544703
636	0.0608213941894024	0.0562597896251972
637	0.0608216036963866	0.0562599834191576
638	0.0608218125827003	0.0562601766389978
639	0.0608220208511868	0.0562603692873478
640	0.0608222285046719	0.0562605613668215
641	0.0608224355459639	0.0562607528800166
642	0.0608226419778543	0.0562609438295152
643	0.060822847803117	0.0562611342178833
644	0.0608230530245095	0.0562613240476713
645	0.060823257644772	0.0562615133214141
646	0.0608234616666284	0.0562617020416313
647	0.0608236650927858	0.0562618902108268
648	0.060823867925935	0.0562620778314898
649	0.0608240701687503	0.0562622649060941
650	0.0608242718238902	0.0562624514370985
651	0.0608244728939968	0.0562626374269471
652	0.0608246733816964	0.0562628228780691
653	0.0608248732895994	0.0562630077928794
654	0.0608250726203005	0.056263192173778
655	0.060825271376379	0.0562633760231506
656	0.0608254695603986	0.0562635593433687
657	0.0608256671749075	0.0562637421367894
658	0.0608258642224391	0.0562639244057561
659	0.0608260607055111	0.0562641061525978
660	0.0608262566266268	0.0562642873796298
661	0.0608264519882742	0.0562644680891536
662	0.0608266467929266	0.0562646482834571
663	0.0608268410430426	0.0562648279648144
664	0.0608270347410665	0.0562650071354865
665	0.0608272278894277	0.0562651857977207
666	0.0608274204905417	0.0562653639537511
667	0.0608276125468094	0.0562655416057987
668	0.0608278040606179	0.0562657187560715
669	0.0608279950343398	0.0562658954067643
670	0.0608281854703343	0.0562660715600592
671	0.0608283753709464	0.0562662472181254
672	0.0608285647385075	0.0562664223831194
673	0.0608287535753354	0.0562665970571852
674	0.0608289418837343	0.0562667712424542
675	0.0608291296659951	0.0562669449410455
676	0.0608293169243952	0.0562671181550656
677	0.0608295036611989	0.056267290886609
678	0.0608296898786574	0.0562674631377581
679	0.0608298755790086	0.056267634910583
680	0.0608300607644778	0.056267806207142
681	0.0608302454372772	0.0562679770294814
682	0.0608304295996063	0.0562681473796359
683	0.060830613253652	0.0562683172596281
684	0.0608307964015886	0.0562684866714695
685	0.0608309790455779	0.0562686556171595
686	0.0608311611877692	0.0562688240986865
687	0.0608313428302997	0.0562689921180272
688	0.0608315239752941	0.0562691596771471
689	0.0608317046248654	0.0562693267780005
690	0.0608318847811142	0.0562694934225306
691	0.0608320644461292	0.0562696596126695
692	0.0608322436219872	0.0562698253503382
693	0.0608324223107534	0.0562699906374469
694	0.0608326005144812	0.0562701554758951
695	0.0608327782352123	0.0562703198675713
696	0.0608329554749768	0.0562704838143536
697	0.0608331322357936	0.0562706473181091
698	0.0608333085196701	0.0562708103806948
699	0.0608334843286023	0.0562709730039571
700	0.060833659664575	0.0562711351897319
701	0.0608338345295621	0.0562712969398449
702	0.0608340089255261	0.0562714582561117
703	0.0608341828544188	0.0562716191403374
704	0.0608343563181811	0.0562717795943175
705	0.0608345293187426	0.0562719396198369
706	0.0608347018580228	0.0562720992186711
707	0.0608348739379301	0.0562722583925853
708	0.0608350455603624	0.0562724171433352
709	0.0608352167272071	0.0562725754726666
710	0.0608353874403412	0.0562727333823156
711	0.0608355577016312	0.0562728908740088
712	0.0608357275129333	0.0562730479494633
713	0.0608358968760935	0.0562732046103865
714	0.0608360657929476	0.0562733608584766
715	0.0608362342653214	0.0562735166954223
716	0.0608364022950306	0.0562736721229033
717	0.0608365698838808	0.0562738271425897
718	0.0608367370336679	0.0562739817561428
719	0.0608369037461779	0.0562741359652146
720	0.0608370700231871	0.056274289771448
721	0.060837235866462	0.0562744431764773
722	0.0608374012777595	0.0562745961819276
723	0.0608375662588271	0.0562747487894151
724	0.0608377308114026	0.0562749010005474
725	0.0608378949372144	0.0562750528169233
726	0.0608380586379817	0.0562752042401331
727	0.0608382219154142	0.0562753552717582
728	0.0608383847712125	0.0562755059133715
729	0.0608385472070679	0.0562756561665378
730	0.0608387092246627	0.056275806032813
731	0.06083887082567	0.0562759555137448
732	0.0608390320117542	0.0562761046108726
733	0.0608391927845704	0.0562762533257276
734	0.0608393531457651	0.0562764016598327
735	0.0608395130969759	0.0562765496147027
736	0.0608396726398315	0.0562766971918441
737	0.0608398317759522	0.0562768443927558
738	0.0608399905069494	0.0562769912189282
739	0.0608401488344261	0.0562771376718442
740	0.0608403067599767	0.0562772837529785
741	0.0608404642851872	0.0562774294637981
742	0.0608406214116349	0.0562775748057623
743	0.0608407781408893	0.0562777197803226
744	0.060840934474511	0.0562778643889227
745	0.0608410904140529	0.0562780086329989
746	0.0608412459610592	0.0562781525139798
747	0.0608414011170664	0.0562782960332864
748	0.0608415558836027	0.0562784391923325
749	0.0608417102621883	0.0562785819925241
750	0.0608418642543354	0.0562787244352602
751	0.0608420178615483	0.0562788665219322
752	0.0608421710853236	0.0562790082539243
753	0.0608423239271498	0.0562791496326136
754	0.0608424763885078	0.0562792906593697
755	0.0608426284708708	0.0562794313355555
756	0.0608427801757041	0.0562795716625263
757	0.0608429315044658	0.0562797116416309
758	0.0608430824586061	0.0562798512742106
759	0.0608432330395677	0.0562799905616001
760	0.060843383248786	0.0562801295051271
761	0.0608435330876889	0.0562802681061123
762	0.0608436825576969	0.0562804063658696
763	0.0608438316602232	0.0562805442857065
764	0.0608439803966737	0.0561539235744301
765	0.0608441287684471	0.0561540605092127
766	0.060844276776935	0.0561541971087129
767	0.0608444244235216	0.0561543333742084
768	0.0608445717095842	0.0561544693069704
769	0.0608447186364932	0.0561546049082635
770	0.0608448652056117	0.0561547401793458
771	0.060845011418296	0.056154875121469
772	0.0608451572758954	0.0561550097358785
773	0.0608453027797525	0.0561551440238133
774	0.0608454479312029	0.056155277986506
775	0.0608455927315756	0.0561554116251833
776	0.0608457371821926	0.0561555449410653
777	0.0608458812843695	0.056155677935366
778	0.0608460250394151	0.0561558106092935
779	0.0608461684486315	0.0561559429640495
780	0.0608463115133143	0.0561560750008297
781	0.0608464542347528	0.0561562067208239
782	0.0608465966142295	0.0561563381252159
783	0.0608467386530205	0.0561564692151835
784	0.0608468803523958	0.0561565999918986
785	0.0608470217136185	0.0561567304565271
786	0.060847162737946	0.0561568606102293
787	0.0608473034266289	0.0561569904541596
788	0.0608474437809117	0.0561571199894665
789	0.060847583802033	0.056157249217293
790	0.0608477234912248	0.0561573781387763
791	0.0608478628497133	0.0561575067550479
792	0.0608480018787182	0.0561576350672337
793	0.0608481405794537	0.0561577630764542
794	0.0608482789531275	0.056157890783824
795	0.0608484170009417	0.0561580181904524
796	0.0608485547240922	0.0561581452974434
797	0.060848692123769	0.0561582721058951
798	0.0608488292011564	0.0561583986169006
799	0.0608489659574327	0.0561585248315473
800	0.0608491023937706	0.0561586507509174
801	0.0608492385113368	0.056158776376088
802	0.0608493743112926	0.0561589017081304
803	0.0608495097947932	0.0561590267481112
804	0.0608496449629884	0.0561591514970914
805	0.0608497798170225	0.056159275956127
806	0.060849914358034	0.0561594001262688
807	0.0608500485871557	0.0561595240085625
808	0.0608501825055154	0.0561596476040485
809	0.0608503161142348	0.0561597709137626
810	0.0608504494144308	0.0561598939387351
811	0.0608505824072142	0.0561600166799914
812	0.060850715093691	0.0561601391385523
813	0.0608508474749615	0.0561602613154333
814	0.0608509795521209	0.0561603832116449
815	0.0608511113262589	0.0561605048281931
816	0.06085124279846	0.0561606261660787
817	0.0608513739698037	0.056160747226298
818	0.060851504841364	0.0561608680098422
819	0.06085163541421	0.0561609885176979
820	0.0608517656894054	0.056161108750847
821	0.060851895668009	0.0561612287102666
822	0.0608520253510746	0.0561613483969292
823	0.0608521547396507	0.0561614678118026
824	0.0608522838347811	0.05616158695585
825	0.0608524126375043	0.05616170583003
826	0.0608525411488541	0.0561618244352966
827	0.0608526693698593	0.0561619427725993
828	0.0608527973015438	0.0561620608428831
829	0.0608529249449267	0.0561621786470886
830	0.0608530523010222	0.0561622961861517
831	0.0608531793708397	0.0561624134610041
832	0.0608533061553838	0.056162530472573
833	0.0608534326556546	0.0561626472217812
834	0.0608535588726471	0.0561627637095472
835	0.0608536848073519	0.0561628799367852
836	0.0608538104607547	0.0561629959044049
837	0.060853935833837	0.056163111613312
838	0.0608540609275751	0.0561632270644079
839	0.0608541857429412	0.0561633422585894
840	0.0608543102809027	0.0561634571967498
841	0.0608544345424225	0.0561635718797775
842	0.0608545585284592	0.0561636863085571
843	0.0608546822399666	0.0561638004839692
844	0.0608548056778944	0.05616391440689
845	0.0608549288431876	0.0561640280781919
846	0.0608550517367869	0.0561641414987429
847	0.0608551743596287	0.0561642546694073
848	0.060855296712645	0.0561643675910453
849	0.0608554187967634	0.0561644802645129
850	0.0608555406129074	0.0561645926906625
851	0.060855662161996	0.0561647048703422
852	0.0608557834449442	0.0561648168043965
853	0.0608559044626626	0.0561649284936657
854	0.0608560252160577	0.0561650399389866
855	0.0608561457060317	0.0561651511411918
856	0.0608562659334829	0.0561652621011103
857	0.0608563858993052	0.0561653728195671
858	0.0608565056043885	0.0561654832973836
859	0.0608566250496187	0.0561655935353773
860	0.0608567442358777	0.0561657035343621
861	0.0608568631640431	0.0561658132951481
862	0.0608569818349888	0.0561659228185418
863	0.0608571002495845	0.0561660321053457
864	0.060857218408696	0.0561661411563591
865	0.0608573363131853	0.0561662499723773
866	0.0608574539639103	0.0561663585541922
867	0.0608575713617251	0.0561664669025921
868	0.0608576885074798	0.0561665750183616
869	0.0608578054020209	0.0561666829022817
870	0.0608579220461908	0.0561667905551303
871	0.0608580384408283	0.0561668979776812
872	0.0608581545867684	0.056167005170705
873	0.0608582704848423	0.056167112134969
874	0.0608583861358772	0.0561672188712367
875	0.0608585015406971	0.0561673253802684
876	0.0608586167001219	0.0561674316628208
877	0.0608587316149679	0.0561675377196475
878	0.0608588462860479	0.0561676435514984
879	0.0608589607141709	0.0561677491591202
880	0.0608590749001422	0.0561678545432562
881	0.0608591888447639	0.0561679597046467
882	0.0608593025488341	0.0561680646440281
883	0.0608594160131475	0.056168169362134
884	0.0608595292384953	0.0561682738596946
885	0.0608596422256652	0.0561683781374368
886	0.0608597549754412	0.0561684821960843
887	0.0608598674886042	0.0561685860363577
888	0.0608599797659314	0.0561686896589741
889	0.0608600918081964	0.0561687930646479
890	0.0608602036161696	0.0561688962540899
891	0.0608603151906181	0.056168999228008
892	0.0608604265323055	0.0561691019871069
893	0.0608605376419918	0.0561692045320883
894	0.0608606485204341	0.0561693068636506
895	0.0608607591683858	0.0561694089824894
896	0.0608608695865972	0.056169510889297
897	0.0608609797758152	0.0561696125847628
898	0.0608610897367836	0.0561697140695732
899	0.0608611994702427	0.0561698153444115
900	0.0608613089769298	0.0561699164099581
901	0.0608614182575788	0.0561700172668904
902	0.0608615273129204	0.0561701179158828
903	0.0608616361436823	0.0561702183576068
904	0.0608617447505889	0.056170318592731
905	0.0608618531343615	0.0561704186219211
906	0.0608619612957182	0.0561705184458399
907	0.060862069235374	0.0561706180651472
908	0.0608621769540409	0.0561707174805002
909	0.0608622844524277	0.056170816692553
910	0.0608623917312402	0.0561709157019571
911	0.0608624987911812	0.056171014509361
912	0.0608626056329503	0.0561711131154104
913	0.0608627122572443	0.0561712115207484
914	0.0608628186647569	0.0561713097260152
915	0.0608629248561787	0.0561714077318483
916	0.0608630308321976	0.0561715055388824
917	0.0608631365934983	0.0561716031477495
918	0.0608632421407627	0.0561717005590789
919	0.0608633474746698	0.0561717977734973
920	0.0608634525958955	0.0561718947916286
921	0.0608635575051131	0.056171991614094
922	0.0608636622029929	0.0561720882415122
923	0.0608637666902022	0.0561721846744991
924	0.0608638709674057	0.0561722809136682
925	0.0608639750352652	0.0561723769596302
926	0.0608640788944396	0.0561724728129932
927	0.060864182545585	0.0561725684743628
928	0.0608642859893549	0.0561726639443421
929	0.0608643892263998	0.0561727592235315
930	0.0608644922573677	0.0561728543125289
931	0.0608645950829036	0.0561729492119298
932	0.06086469770365	0.056173043922327
933	0.0608648001202465	0.0561731384443108
934	0.0608649023333302	0.0561732327784693
935	0.0608650043435354	0.0561733269253879
936	0.0608651061514937	0.0560466185811671
937	0.0608652077578342	0.0560467121436723
938	0.0608653091631832	0.0560468055210979
939	0.0608654103681645	0.0560468987140182
940	0.0608655113733992	0.0560469917230051
941	0.0608656121795059	0.0560470845486283
942	0.0608657127871005	0.056047177191455
943	0.0608658131967964	0.05604726965205
944	0.0608659134092045	0.0560473619309758
945	0.060866013424933	0.0560474540287924
946	0.0608661132445877	0.0560475459460578
947	0.0608662128687719	0.0560476376833275
948	0.0608663122980863	0.0560477292411545
949	0.0608664115331293	0.0560478206200899
950	0.0608665105744964	0.0560479118206821
951	0.0608666094227812	0.0560480028434777
952	0.0608667080785744	0.0560480936890206
953	0.0608668065424646	0.0560481843578528
954	0.0608669048150376	0.0560482748505138
955	0.0608670028968771	0.056048365167541
956	0.0608671007885644	0.0560484553094697
957	0.0608671984906781	0.0560485452768327
958	0.0608672960037947	0.056048635070161
959	0.0608673933284883	0.056048724689983
960	0.0608674904653307	0.0560488141368254
961	0.0608675874148911	0.0560489034112122
962	0.0608676841777367	0.0560489925136659
963	0.0608677807544321	0.0560490814447063
964	0.0608678771455399	0.0560491702048513
965	0.0608679733516201	0.0560492587946168
966	0.0608680693732306	0.0560493472145165
967	0.060868165210927	0.0560494354650619
968	0.0608682608652626	0.0560495235467626
969	0.0608683563367885	0.0560496114601261
970	0.0608684516260536	0.0560496992056577
971	0.0608685467336045	0.0560497867838608
972	0.0608686416599857	0.0560498741952368
973	0.0608687364057392	0.0560499614402849
974	0.0608688309714053	0.0560500485195024
975	0.0608689253575217	0.0560501354333846
976	0.0608690195646242	0.0560502221824247
977	0.0608691135932462	0.0560503087671142
978	0.0608692074439191	0.0560503951879422
979	0.0608693011171723	0.0560504814453961
980	0.0608693946135328	0.0560505675399614
981	0.0608694879335256	0.0560506534721215
982	0.0608695810776738	0.0560507392423579
983	0.060869674046498	0.0560508248511502
984	0.060869766840517	0.0560509102989761
985	0.0608698594602476	0.0560509955863114
986	0.0608699519062044	0.0560510807136299
987	0.0608700441788998	0.0560511656814036
988	0.0608701362788444	0.0560512504901026
989	0.0608702282065468	0.0560513351401952
990	0.0608703199625133	0.0560514196321477
991	0.0608704115472485	0.0560515039664247
992	0.0608705029612549	0.0560515881434889
993	0.0608705942050328	0.0560516721638011
994	0.0608706852790809	0.0560517560278203
995	0.0608707761838956	0.0560518397360038
996	0.0608708669199715	0.056051923288807
997	0.0608709574878012	0.0560520066866836
998	0.0608710478878754	0.0560520899300853
999	0.0608711381206829	0.0560521730194622
1000	0.0608255290664502	0.0560499709992495
1001	0.060871318086443	0.0560523387379329
