1	0.000309638345668292	0.0566005945794703
2	0.000399289543578968	0.0928510236869932
3	0.000470625713841846	0.124223512684116
4	0.000531644859603603	0.156105477383355
5	0.000585774728094365	0.190616470391214
6	0.00061473287282251	0.220297379791905
7	0.000658513343597165	0.248716698928702
8	0.00069927584549725	0.281708659516718
9	0.000737546514905805	0.308266370528811
10	0.00077371445453952	0.340564461169442
11	0.000808077104939758	0.372855830068922
12	0.000840867926344098	0.397039080526798
13	0.000872274165077636	0.428675263078447
14	0.00090244873287939	0.460308024225083
15	0.000931518423501344	0.482292103887914
16	0.000959589760186605	0.513299458433163
17	0.000986753259614932	0.544304792589361
18	0.00101308660721643	0.564244767167872
19	0.0010386570656129	0.594650633466109
20	0.00106352333119006	0.62505518002618
21	0.00108773698596558	0.655458554004361
22	0.00111134364765174	0.672920117648981
23	0.00113438389123959	0.702747885590806
24	0.00115689399525626	0.732574812468133
25	0.00117890655182033	0.762400972577333
26	0.00120045096969997	0.792226430020411
27	0.0012215538924531	0.806828079470866
28	0.00124223954853722	0.836099991253034
29	0.00126253004644526	0.865371357598751
30	0.00128244562506137	0.894642215476437
31	0.00130200486726947	0.923912597668499
32	0.00132122488319771	0.953182533375695
33	0.00134012146821177	0.964589294034845
34	0.00135870923978258	0.993326246662798
35	0.00137700175658042	1.02206283036153
36	0.00139501162253639	1.0507990639124
37	0.00141275057812637	1.07953496436312
38	0.00143022958074354	1.1082705472373
39	0.00144745887571141	1.11670216080072
40	0.00146444805923566	1.14492402504669
41	0.00148120613438491	1.17314561578515
42	0.00149774156102099	1.20136694380621
43	0.0015140623004587	1.22958801907168
44	0.00153017585551915	1.25780885080066
45	0.00154608930654404	1.28602944754435
46	0.00156180934385744	1.31424981725175
47	0.00153026558456023	1.3189178719199
48	0.00154515910790204	1.34664272264181
49	0.00155988246489113	1.3743673707253
50	0.00157444089172972	1.40209182211932
51	0.00158883936446554	1.42981608240706
52	0.0016030826166696	1.45754015683728
53	0.00161717515560144	1.48526405035226
54	0.00163112127701687	1.51298776761297
55	0.00164492507875473	1.51414733388962
56	0.00165859047322372	1.5413927223271
57	0.00167212119889576	1.5686379498429
58	0.00168552083090105	1.59588302011238
59	0.00169879279080886	1.62312793662555
60	0.00171194035566935	1.6503727027004
61	0.00172496666638337	1.67761732149511
62	0.00173787473546027	1.70486179601912
63	0.00175066745421759	1.73210612914322
64	0.00176334759947064	1.75935032360879
65	0.0017759178397557	1.75631313008722
66	0.00178838074112575	1.78309529353489
67	0.00180073877255412	1.8098773280755
68	0.0018129943109779	1.83665923597165
69	0.00182514964601015	1.86344101939399
70	0.0018372069843469	1.89022268042674
71	0.00184916845389284	1.91700422107267
72	0.00186103610762732	1.94378564325779
73	0.00187281192723031	1.97056694883569
74	0.00188449782648627	1.99734813959152
75	0.00189609565448233	2.02412921724571
76	0.00190760719861576	2.05091018345743
77	0.0019190341874244	2.04306286433685
78	0.00193037829325262	2.069397266602
79	0.00194164113476438	2.09573156384575
80	0.00195282427931391	2.12206575748815
81	0.00196392924518367	2.14839984890281
82	0.00197495750369876	2.17473383941914
83	0.00198591048122572	2.20106773032445
84	0.00199678956106363	2.22740152286593
85	0.00200759608523428	2.25373521825245
86	0.00201833135617801	2.28006881765633
87	0.00202899663836131	2.30640232221498
88	0.00203959315980146	2.33273573303238
89	0.00205012211351369	2.3203957963165
90	0.00206058465888536	2.34629733059132
91	0.00207098192298175	2.37219877573608
92	0.00208131500178752	2.3981001327187
93	0.00209158496138766	2.42400140248056
94	0.00210179283909148	2.4499025859376
95	0.00211193964450304	2.47580368398133
96	0.00212202636054098	2.50170469747977
97	0.00213205394441072	2.52760562727836
98	0.00214202332853174	2.55350647420081
99	0.00215193542142232	2.57940723904993
100	0.00217159217749565	2.58658943819085
101	0.00217159125310973	2.63120852563944
102	0.00218133669685202	2.65710904888769
103	0.00219102826076277	2.68300949307966
104	0.00220066674579674	2.66521777245684
105	0.00221025293354629	2.69070031405656
106	0.00221978758688703	2.71618277991922
107	0.00222927145059607	2.74166517069463
108	0.00223870525194436	2.76714748701767
109	0.00224808970126441	2.79262972950882
110	0.00225742549249454	2.81811189877461
111	0.002266713303701	2.8435939954081
112	0.00227595379757891	2.86907601998928
113	0.00228514762193312	2.89455797308549
114	0.0022942954101399	2.92003985525182
115	0.00230339778159057	2.94552166703149
116	0.00231245534211757	2.97100340895622
117	0.00232146868440429	2.99648508154656
118	0.00233043838837891	3.02196668531223
119	0.00233936502159339	3.04744822075244
120	0.00234824913958812	3.02415303444179
121	0.00235709128624287	3.04922996801189
122	0.0023658919941147	3.0743068357559
123	0.00237465178476343	3.09938363812668
124	0.0023833711690653	3.12446037556812
125	0.00239205064751502	3.14953704851545
126	0.00240069071051727	3.17461365739543
127	0.0024092918386675	3.19969020262662
128	0.00241785450302295	3.22476668461957
129	0.00242637916536413	3.24984310377706
130	0.00243486627844716	3.27491946049429
131	0.00244331628624731	3.2999957551591
132	0.00245172962419432	3.32507198815213
133	0.00246010671939958	3.35014815984704
134	0.00246844799087568	3.37522427061067
135	0.00247675384974852	3.40030032080323
136	0.00248502469946246	3.42537631077845
137	0.0024932609359786	3.45045224088375
138	0.00250146294796654	3.4212229923056
139	0.00250963111698993	3.4459069941309
140	0.00251776581768598	3.470590938012
141	0.00252586741793922	3.49527482426753
142	0.00253393627904969	3.51995865321063
143	0.0025419727558958	3.54464242514911
144	0.00254997719709205	3.56932614038551
145	0.0025579499451419	3.5940097992173
146	0.00256589133658575	3.61869340193693
147	0.00257380170214448	3.64337694883201
148	0.00258168136685852	3.66806044018536
149	0.00258953065022274	3.69274387627517
150	0.0025973498663172	3.71742725737508
151	0.00260513932393404	3.74211058375427
152	0.00261289932670053	3.7667938556776
153	0.00262063017319848	3.79147707340565
154	0.00262833215708021	3.81616023719491
155	0.00263600556718099	3.84084334729772
156	0.00264365068762834	3.86552640396252
157	0.00265126779794809	3.8902094074338
158	0.00265885717316747	3.85466325212866
159	0.00266641908391513	3.87896641303764
160	0.0026739537965185	3.90326952227162
161	0.00268146157309825	3.92757258005684
162	0.00268894267166024	3.95187558661612
163	0.00269639734618478	3.97617854216887
164	0.0027038258467135	4.00048144693124
165	0.00271122841943386	4.02478430111615
166	0.00271860530676125	4.04908710493333
167	0.00272595674741897	4.07338985858942
168	0.00273328297651597	4.09769256228803
169	0.00274058422562251	4.12199521622979
170	0.00274786072284393	4.14629782061241
171	0.0027551126928922	4.17060037563074
172	0.00276234035715588	4.19490288147683
173	0.00276954393376802	4.21920533833998
174	0.00277672363767242	4.2435077464068
175	0.00278387968068812	4.26781010586124
176	0.00279101227157221	4.29211241688468
177	0.00279812161608112	4.31641467965596
178	0.00280520791703023	4.34071689435142
179	0.00281227137435202	4.36501906114493
180	0.00281931218515281	4.38932118020799
181	0.00282633054376797	4.34675017930686
182	0.00283332664181587	4.37068399092376
183	0.00284030066825038	4.39461775602637
184	0.00284725280941214	4.41855147477456
185	0.00285418324907862	4.44248514732607
186	0.0028610921685128	4.46641877383649
187	0.00286797974651086	4.49035235445936
188	0.00287484615944859	4.51428588934619
189	0.00288169158132671	4.53821937864648
190	0.00288851618381516	4.56215282250777
191	0.00289532013629626	4.58608622107568
192	0.00290210360590696	4.61001957449391
193	0.00290886675757993	4.63395288290432
194	0.00291560975408387	4.65788614644695
195	0.00292233275606276	4.68181936526002
196	0.00292903592207424	4.70575253948
197	0.00293571940862711	4.72968566924163
198	0.00294238337021802	4.75361875467794
199	0.00294902795936715	4.77755179592028
200	0.0029556533266533	4.80148479309836
201	0.0029622596207481	4.82541774634029
202	0.00296884698844935	4.84935065577254
203	0.00297541557471379	4.87328352152008
204	0.002981965522689	4.89721634370629
205	0.0029884969737447	4.92114912245308
206	0.00299501006750327	4.87127467294238
207	0.00300150494186964	4.89485016080499
208	0.00300798173306059	4.91842560622807
209	0.00301444057563328	4.94200100932596
210	0.00302088160251325	4.96557637021165
211	0.00302730494502187	4.98915168899678
212	0.00303371073290305	5.01272696579168
213	0.00304009909434952	5.03630220070536
214	0.00304647015602848	5.05987739384554
215	0.00305282404310674	5.08345254531868
216	0.00305916087927532	5.10702765523003
217	0.00306548078677355	5.13060272368358
218	0.0030717838864126	5.15417775078212
219	0.00307807029759865	5.17775273662727
220	0.00308434013835548	5.2013276813195
221	0.00309059352534659	5.22490258495808
222	0.00309683057389696	5.24847744764121
223	0.00310305139801428	5.27205226946595
224	0.00310925611040979	5.29562705052825
225	0.00311544482251868	5.31920179092303
226	0.00312161764452007	5.34277649074409
227	0.00312777468535668	5.36635115008424
228	0.003133916052754	5.38992576903523
229	0.00314004185323905	5.4135003476878
230	0.00314615219215896	5.4370748861317
231	0.003152247173699	5.46064938445568
232	0.00315832690090031	5.48422384274757
233	0.00316439147567734	5.42680123462342
234	0.00317044099883484	5.45002893107104
235	0.00317647557008467	5.47325658832921
236	0.00318249528806214	5.49648420648077
237	0.00318850025034216	5.51971178560763
238	0.00319449055345496	5.54293932579091
239	0.00320046629290161	5.56616682711079
240	0.00320642756316925	5.58939428964668
241	0.00321237445774594	5.61262171347707
242	0.0032183070691353	5.63584909867971
243	0.00322422548887085	5.65907644533149
244	0.00323012980753016	5.68230375350852
245	0.00323602011474861	5.70553102328611
246	0.00324189649923299	5.72875825473882
247	0.0032477590487748	5.75198544794042
248	0.00325360785026334	5.77521260296392
249	0.00325944298969858	5.79843971988163
250	0.00326526455220371	5.82166679876509
251	0.00327107262203754	5.84489383968514
252	0.00327686728260668	5.86812084271187
253	0.00328264861647743	5.8913478079147
254	0.00328841670538754	5.91457473536237
255	0.00329417163025772	5.93780162512291
256	0.00329991347120293	5.96102847726368
257	0.00330564230754349	5.98425529185139
258	0.00331135821781605	6.00748206895208
259	0.00331706127978422	6.03070880863115
260	0.0033227515704492	6.05393551095338
261	0.00332842916606008	6.07716217598289
262	0.00333409414212398	6.1003888037832
263	0.00333974657341618	6.03486735181936
264	0.00334538653398977	6.05775728862886
265	0.00335101409718545	6.08064718893292
266	0.00335662933564096	6.10353705279179
267	0.00336223232130038	6.12642688026512
268	0.00336782312542342	6.14931667141204
269	0.00337340181859429	6.17220642629105
270	0.00337896847073066	6.19509614496017
271	0.00338452315109238	6.21798582747686
272	0.00339006592829001	6.24087547389802
273	0.00339559687029326	6.26376508428006
274	0.00340111604443932	6.28665465867887
275	0.00340662351744093	6.30954419714977
276	0.00341211935539452	6.33243369974765
277	0.00341760362378797	6.35532316652686
278	0.00342307638750848	6.37821259754123
279	0.0034285377108501	6.40110199284417
280	0.00343398765752132	6.42399135248856
281	0.00343942629065245	6.44688067652681
282	0.00344485367280281	6.46976996501086
283	0.00345026986596799	6.49265921799222
284	0.00345567493158681	6.51554843552192
285	0.00346106893054827	6.53843761765052
286	0.00346645192319838	6.56132676442816
287	0.00347182396934685	6.58421587590453
288	0.00347718512827368	6.6071049521289
289	0.00348253545873572	6.62999399315009
290	0.00348787501897295	6.65288299901651
291	0.00349320386671492	6.67577196977614
292	0.00349852205918683	6.69866090547658
293	0.00350382965311567	6.72154980616497
294	0.00350912670473629	6.74443867188809
295	0.0035144132697972	6.76732750269231
296	0.00351968940356651	6.69321321506191
297	0.00352495516083756	6.71577499386195
298	0.00353021059593466	6.73833673837674
299	0.0035354557627186	6.76089844865047
300	0.00354069071459215	6.78346012472695
301	0.00354591550450542	6.80602176664963
302	0.00355113018496125	6.82858337446159
303	0.00355633480802035	6.85114494820557
304	0.00356152942530653	6.87370648792396
305	0.00356671408801176	6.89626799365879
306	0.00357188884690112	6.91882946545176
307	0.00357705375231785	6.94139090334423
308	0.00358220885418807	6.96395230737719
309	0.00358735420202567	6.98651367759135
310	0.003592489844937	7.00907501402708
311	0.00359761583162545	7.03163631672439
312	0.00360273221039614	7.05419758572302
313	0.00360783902916035	7.07675882106237
314	0.00361293633544002	7.09932002278154
315	0.00361802417637209	7.12188119091929
316	0.00362310259871282	7.14444232551411
317	0.00362817164884213	7.16700342660419
318	0.00363323137276769	7.1895644942274
319	0.00363828181612911	7.21212552842132
320	0.00364332302420201	7.23468652922324
321	0.0036483550419021	7.25724749667018
322	0.00365337791378901	7.27980843079886
323	0.00365839168407033	7.30236933164571
324	0.00366339639660541	7.32493019924692
325	0.00366839209490917	7.34749103363835
326	0.00367337882215582	7.37005183485565
327	0.00367835662118257	7.39261260293413
328	0.00368332553449336	7.4151733379089
329	0.00368828560426226	7.43773403981479
330	0.00369323687233724	7.46029470868633
331	0.00369817938024347	7.48285534455787
332	0.00359880028301576	7.50541594746342
333	0.00360358663770972	7.42194868540797
334	0.00360836459825267	7.4441914684373
335	0.00361313420377848	7.46643421906421
336	0.00361789549312374	7.48867693732131
337	0.00362264850483083	7.51091962324096
338	0.00362739327715104	7.53316227685529
339	0.00363212984804759	7.5554048981962
340	0.00363685825519866	7.57764748729536
341	0.00364157853600037	7.5998900441842
342	0.00364629072756963	7.62213256889394
343	0.00365099486674712	7.6443750614556
344	0.00365569099010011	7.66661752189993
345	0.00366037913392523	7.68885995025752
346	0.00366505933425129	7.71110234655869
347	0.003669731626842	7.73334471083359
348	0.00367439604719867	7.75558704311214
349	0.0036790526305629	7.77782934342406
350	0.0036837014119192	7.80007161179885
351	0.00368834242599756	7.82231384826586
352	0.00369297570727607	7.84455605285414
353	0.0036976012899834	7.86679822559264
354	0.00370221920810133	7.88904036651007
355	0.00370682949536722	7.91128247563493
356	0.00371143218527641	7.93352455299557
357	0.0037160273110847	7.9557665986201
358	0.00372061490581061	7.97800861253649
359	0.00372519500223785	8.00025059477248
360	0.00372976763291754	8.02249254535565
361	0.00373433283017054	8.04473446431341
362	0.00373889062608971	8.06697635167295
363	0.00374344105254211	8.08921820746132
364	0.00374798414117123	8.11146003170536
365	0.00375251992339914	8.13370182443177
366	0.00375704843042867	8.15594358566704
367	0.00376156969324547	8.17818531543752
368	0.00376608374262019	8.20042701376936
369	0.00377059060911046	8.22266868068857
370	0.00377509032306299	8.24491031622097
371	0.00377958291461559	8.26715192039224
372	0.00378406841369911	8.17426303412414
373	0.00378854685003947	8.19619566534862
374	0.00379301825315952	8.2181282657225
375	0.0037974826523811	8.24006083527048
376	0.00380194007682681	8.26199337401706
377	0.00380639055542193	8.28392588198661
378	0.00381083411689629	8.30585835920337
379	0.00381527078978609	8.32779080569139
380	0.00381970060243566	8.3497232214746
381	0.00382412358299933	8.37165560657676
382	0.00382853975944317	8.3935879610215
383	0.00383294915954665	8.4155202848323
384	0.00383735181090451	8.43745257803253
385	0.00384174774092835	8.45938484064535
386	0.00384613697684835	8.48131707269384
387	0.00385051954571493	8.50324927420091
388	0.00385489547440045	8.52518144518937
389	0.0038592647896007	8.54711358568184
390	0.00386362751783667	8.56904569570085
391	0.00386798368545599	8.59097777526878
392	0.00387233331863463	8.61290982440788
393	0.00387667644337835	8.63484184314026
394	0.00388101308552427	8.65677383148793
395	0.00388534327074241	8.67870578947274
396	0.00388966702453714	8.70063771711642
397	0.0038939843722487	8.72256961444058
398	0.00389829533905466	8.74450148146672
399	0.00390259994997132	8.76643331821619
400	0.0039068982298552	8.78836512471023
401	0.00391119020340445	8.81029690096997
402	0.00391547589516019	8.83222864701639
403	0.00391975532950797	8.85416036287041
404	0.00392402853067908	8.87609204855276
405	0.00392829552275194	8.8980237040841
406	0.00393255632965339	8.91995532948497
407	0.00393681097516008	8.94188692477576
408	0.0039410594828997	8.9638184899768
409	0.00394530187635233	8.9857500251083
410	0.00394953817885171	9.00768153019031
411	0.00395376841358648	9.02961300524282
412	0.00395799260360142	9.0515444502857
413	0.00396221077179877	9.07347586533868
414	0.00396642294093933	9.09540725042144
415	0.00397062913364377	8.99244356208205
416	0.00397482937239378	9.01407445816884
417	0.00397902367953326	9.03570532475345
418	0.00398321207726948	9.05733616185488
419	0.00398739458767429	9.07896696949198
420	0.00399157123268514	9.10059774768353
421	0.00399574203410642	9.12222849644819
422	0.00399990701361032	9.14385921580455
423	0.00400406619273821	9.16548990577106
424	0.00400821959290152	9.18712056636612
425	0.00401236723538292	9.20875119760801
426	0.00401650914133737	9.23038179951489
427	0.00402064533179324	9.25201237210491
428	0.00402477582765326	9.27364291539602
429	0.00402890064969566	9.29527342940616
430	0.00403301981857513	9.31690391415314
431	0.00403713335482384	9.3385343696547
432	0.00404124127885248	9.36016479592846
433	0.00404534361095126	9.38179519299198
434	0.00404944037129084	9.40342556086275
435	0.00405353157992339	9.42505589955812
436	0.00405761725678349	9.44668620909537
437	0.00406169742168906	9.46831648949174
438	0.00406577209434242	9.48994674076432
439	0.00406984129433112	9.51157696293016
440	0.00407390504112889	9.53320715600621
441	0.00407796335409659	9.55483732000937
442	0.00408201625248311	9.57646745495635
443	0.00408606375542619	9.59809756086395
444	0.00409010588195342	9.61972763774875
445	0.00409414265098307	9.64135768562729
446	0.00409817408132496	9.66298770451606
447	0.00410220019168127	9.68461769443144
448	0.00410622100064752	9.70624765538974
449	0.00411023652671332	9.72787758740722
450	0.00411424678826318	9.7495074905
451	0.00411825180357741	9.77113736468418
452	0.00412225159083294	9.7927672099758
453	0.00412624616810407	9.81439702639075
454	0.00413023555336328	9.83602681394491
455	0.00413421976448213	9.85765657265408
456	0.00413819881923186	9.87928630253395
457	0.00414217273528437	9.90091600360018
458	0.00414614153021284	9.92254567586834
459	0.00415010522149256	9.94417531935391
460	0.00415406382650167	9.96580493407236
461	0.00415801736252192	9.98743452003904
462	0.00416196584673942	9.87380646036786
463	0.00416590929624533	9.89514369794947
464	0.00416984772803663	9.9164809072129
465	0.00417378115901682	9.93781808817302
466	0.00417770960599664	9.95915524084469
467	0.00418163308569475	9.98049236524263
468	0.00418555161473851	10.0018294613816
469	0.00418946520966453	10.0231665292761
470	0.00419337388691949	10.0445035689407
471	0.00419727766286079	10.0658405803901
472	0.00420117655375712	10.0871775636385
473	0.00420507057578927	10.1085145187004
474	0.0042089597450507	10.1298514455902
475	0.00421284407754821	10.1511883443219
476	0.00421672358920261	10.1725252149099
477	0.00422059829584931	10.1938620573683
478	0.00422446821323905	10.2151988717111
479	0.00422833335703838	10.2365356579523
480	0.00423219374283046	10.257872416106
481	0.00423604938611551	10.279209146186
482	0.00423990030231154	10.3005458482061
483	0.0042437465067549	10.3218825221802
484	0.00424758801470086	10.3432191681219
485	0.00425142484132427	10.364555786045
486	0.00425525700172011	10.385892375963
487	0.00425908451090405	10.4072289378895
488	0.0042629073838131	10.428565471838
489	0.00426672563530604	10.449901977822
490	0.00427053928016419	10.4712384558549
491	0.00427434833309178	10.4925749059499
492	0.00427815280871661	10.5139113281204
493	0.00428195272159061	10.5352477223797
494	0.00428574808619031	10.5565840887408
495	0.00428953891691744	10.577920427217
496	0.00429332522809947	10.5992567378214
497	0.00429710703399007	10.6205930205668
498	0.00430088434876975	10.6419292754665
499	0.00430465718654626	10.6632655025331
500	0.00430842556135524	10.6846017017797
501	0.00431218948716056	10.7059378732191
502	0.00431594897785501	10.727274016864
503	0.00431970404726066	10.7486101327273
504	0.00432345470912944	10.7699462208214
505	0.00432720097714362	10.7912822811592
506	0.00433094286491628	10.8126183137532
507	0.00433468038599179	10.8339543186159
508	0.00433841355384631	10.8552902957599
509	0.00434214238188826	10.8766262451975
510	0.00434586688345878	10.8979621669412
511	0.00434958707183224	10.9192980610033
512	0.00435330296021663	10.9406339273961
513	0.00435701456175413	10.8158101748648
514	0.00436072188952142	10.8368615084733
515	0.00436442495653026	10.8579128148176
516	0.00436812377572785	10.8789640939098
517	0.00437181835999734	10.9000153457617
518	0.00437550872215824	10.9210665703853
519	0.00437919487496682	10.9421177677922
520	0.00438287683111662	10.9631689379945
521	0.00438655460323881	10.9842200810038
522	0.00439022820390266	11.0052711968318
523	0.0043938976456159	11.0263222854903
524	0.00439756294082521	11.0473733469908
525	0.00440122410191661	11.0684243813449
526	0.00440488114121583	11.0894753885642
527	0.00440853407098877	11.1105263686602
528	0.00441218290344187	11.1315773216445
529	0.00441582765072251	11.1526282475283
530	0.00441946832491945	11.1736791463231
531	0.00442310493806313	11.1947300180403
532	0.00442673750212619	11.2157808626913
533	0.0044303660290237	11.2368316802871
534	0.00443399053061369	11.2578824708392
535	0.00443761101869747	11.2789332343587
536	0.00444122750501992	11.2999839708567
537	0.00444484000127001	11.3210346803445
538	0.00444844851908112	11.342085362833
539	0.00445205307003133	11.3631360183334
540	0.00445565366564389	11.3841866468567
541	0.0044592503173875	11.4052372484139
542	0.00446284303667673	11.4262878230158
543	0.00446643183487236	11.4473383706735
544	0.00447001672328163	11.4683888913977
545	0.0044735977131588	11.4894393851994
546	0.00447717481570527	11.5104898520893
547	0.00448074804207009	11.5315402920782
548	0.00448431740335017	11.5525907051769
549	0.00448788291059077	11.5736410913961
550	0.00449144457478564	11.5946914507463
551	0.00449500240687756	11.6157417832383
552	0.00449855641775851	11.6367920888827
553	0.00450210661827005	11.65784236769
554	0.00450565301920366	11.6788926196708
555	0.00450919563130104	11.6999428448355
556	0.00451273446525444	11.7209930431947
557	0.00451626953170699	11.7420432147588
558	0.00451980084125293	11.7630933595382
559	0.00452332840443807	11.7841434775432
560	0.00452685223175995	11.8051935687843
561	0.00453037233366822	11.8262436332716
562	0.00453388872056493	11.8472936710156
563	0.00453740140280485	11.8683436820265
564	0.00454091039069574	11.8893936663144
565	0.00454441569449864	11.9104436238896
566	0.0045479173244282	11.9314935547623
567	0.0045514152906529	11.7952731557433
568	0.00455490960329546	11.8160460611676
569	0.00455840027243301	11.8368189402706
570	0.00456188730809741	11.8575917930621
571	0.00456537072027556	11.8783646195522
572	0.00456885051890967	11.8991374197505
573	0.0045723267138975	11.9199101936671
574	0.00457579931509266	11.9406829413115
575	0.00457926833230491	11.9614556626937
576	0.00458273377530039	11.9822283578234
577	0.0045861956538019	12.0030010267102
578	0.00458965397748917	12.0237736693638
579	0.00459310875599913	12.044546285794
580	0.00459655999892617	12.0653188760103
581	0.00460000771582242	12.0860914400223
582	0.0046034519161979	12.1068639778397
583	0.00460689260952097	12.1276364894719
584	0.00461032980521845	12.1484089749285
585	0.00461376351267581	12.169181434219
586	0.00461719374123761	12.1899538673529
587	0.00462062050020762	12.2107262743395
588	0.00462404379884907	12.2314986551884
589	0.00462746364638495	12.2522710099089
590	0.0046308800519982	12.2730433385104
591	0.00463429302483196	12.2938156410022
592	0.00463770257398987	12.3145879173937
593	0.00464110870853619	12.3353601676941
594	0.00464451143749615	12.3561323919127
595	0.00464791076985614	12.3769045900588
596	0.00465130671456391	12.3976767621416
597	0.00465469928052885	12.4184489081702
598	0.00465808847662217	12.4392210281539
599	0.00466147431167718	12.4599931221017
600	0.00466485679448948	12.4807651900229
601	0.00466823593381718	12.5015372319266
602	0.00467161173838113	12.5223092478217
603	0.0046749842168652	12.5430812377174
604	0.00467835337791633	12.5638532016226
605	0.00468171923014493	12.5846251395465
606	0.00468508178212505	12.6053970514979
607	0.00468844104239447	12.6261689374859
608	0.00469179701945509	12.6469407975194
609	0.00469514972177302	12.6677126316073
610	0.00469849915777881	12.6884844397585
611	0.00470184533586768	12.7092562219818
612	0.00470518826439976	12.7300279782862
613	0.00470852795170017	12.7507997086804
614	0.00471186440605938	12.7715714131733
615	0.00471519763573327	12.7923430917737
616	0.00471852764894344	12.8131147444902
617	0.00472185445387734	12.8338863713318
618	0.00472517805868846	12.854657972307
619	0.00472849847149658	12.8754295474246
620	0.00473181570038798	12.8962010966932
621	0.00473512975341549	12.9169726201217
622	0.00473844063859884	12.9377441177184
623	0.00474174836392479	12.9585155894922
624	0.00474505293734728	12.9792870354516
625	0.00474835436678766	13.0000584556051
626	0.0047516526601349	12.85172816893
627	0.0047549478252457	12.8722297794631
628	0.00475823986994472	12.8927313645507
629	0.00476152880202481	12.9132329242014
630	0.00476481462924703	12.9337344584234
631	0.004768097359341	12.9542359672252
632	0.00477137700000503	12.974737450615
633	0.00477465355890621	12.9952389086011
634	0.00477792704368069	13.0157403411918
635	0.00478119746193384	13.0362417483956
636	0.00478446482124033	13.0567431302204
637	0.00478772912914441	13.0772444866748
638	0.00479099039316003	13.0977458177667
639	0.00479424862077102	13.1182471235045
640	0.00479750381943125	13.1387484038963
641	0.00480075599656478	13.1592496589502
642	0.00480400515956606	13.1797508886746
643	0.0048072513158001	13.2002520930774
644	0.00481049447260258	13.2207532721667
645	0.00481373463728005	13.2412544259507
646	0.00481697181711007	13.2617555544376
647	0.00482020601934141	13.2822566576351
648	0.00482343725119417	13.3027577355516
649	0.00482666551985993	13.3232587881949
650	0.00482989083250195	13.3437598155731
651	0.00483311319625529	13.3642608176941
652	0.00483633261822695	13.3847617945661
653	0.00483954910549607	13.4052627461968
654	0.00484276266511403	13.4257636725942
655	0.00484597330410466	13.4462645737663
656	0.00484918102946435	13.466765449721
657	0.00485238584816217	13.4872663004662
658	0.0048555877671401	13.5077671260097
659	0.0048587867933131	13.5282679263594
660	0.00486198293356927	13.5487687015231
661	0.00486517619477004	13.5692694515087
662	0.00486836658375029	13.5897701763239
663	0.00487155410731845	13.6102708759767
664	0.00487473877225668	13.6307715504747
665	0.00487792058532103	13.6512721998256
666	0.00488109955324155	13.6717728240374
667	0.00488427568272243	13.6922734231176
668	0.00488744898044213	13.7127739970741
669	0.00489061945305354	13.7332745459144
670	0.0048937871071841	13.7537750696463
671	0.00489695194943597	13.7742755682775
672	0.00490011398638609	13.7947760418156
673	0.00490327322458638	13.8152764902683
674	0.00490642967056385	13.8357769136431
675	0.00490958333082071	13.8562773119478
676	0.00491273421183455	13.8767776851898
677	0.00491588232005844	13.8972780333769
678	0.00491902766192103	13.9177783565164
679	0.0049221702438267	13.9382786546161
680	0.00492531007215576	13.9587789276834
681	0.00492844715326444	13.9792791757258
682	0.0049315814934851	13.9997793987509
683	0.00493471309912636	14.0202795967662
684	0.00493784197647322	14.0407797697791
685	0.00494096813178709	14.0612799177971
686	0.00494409157130607	14.0817800408277
687	0.00494721230124493	14.1022801388783
688	0.00495033032779535	14.1227802119564
689	0.00495344565712589	14.1432802600693
690	0.0049565582953823	13.9821933617131
691	0.00495966824868744	14.002430539427
692	0.00496277552314156	14.0226676925178
693	0.00496588012482233	14.0429048209926
694	0.00496898205978497	14.0631419248587
695	0.00497208133406236	14.0833790041233
696	0.00497517795366515	14.1036160587937
697	0.00497827192458196	14.1238530888771
698	0.00498136325277933	14.1440900943807
699	0.00498445194420198	14.1643270753116
700	0.00498753800477282	14.1845640316771
701	0.00499062144039316	14.2048009634843
702	0.0049937022569427	14.2250378707404
703	0.00499678046027975	14.2452747534524
704	0.00499985605624125	14.2655116116275
705	0.00500292905064297	14.2857484452729
706	0.0050059994492795	14.3059852543956
707	0.0050090672579245	14.3262220390027
708	0.00501213248233063	14.3464587991013
709	0.00501519512822982	14.3666955346984
710	0.00501825520133331	14.3869322458011
711	0.00502131270733172	14.4071689324165
712	0.00502436765189515	14.4274055945516
713	0.00502742004067343	14.4476422322133
714	0.00503046987929596	14.4678788454088
715	0.00503351717337207	14.4881154341449
716	0.00503656192849095	14.5083519984287
717	0.00503960415022182	14.5285885382671
718	0.00504264384411402	14.548825053667
719	0.00504568101569712	14.5690615446356
720	0.00504871567048097	14.5892980111796
721	0.00505174781395583	14.609534453306
722	0.00505477745159247	14.6297708710217
723	0.00505780458884231	14.6500072643336
724	0.00506082923113741	14.6702436332486
725	0.00506385138389065	14.6904799777736
726	0.00506687105249577	14.7107162979154
727	0.0050698882423275	14.7309525936809
728	0.00507290295874165	14.751188865077
729	0.00507591520707522	14.7714251121104
730	0.00507892499264642	14.791661334788
731	0.0050819323207548	14.8118975331167
732	0.00508493719668142	14.8321337071032
733	0.00508793962568881	14.8523698567543
734	0.00509093961302111	14.8726059820767
735	0.00509393716390419	14.8928420830774
736	0.00509693228354576	14.9130781597629
737	0.00509992497713531	14.9333142121402
738	0.0051029152498444	14.9535502402158
739	0.00510590310682659	14.9737862439966
740	0.00510888855321761	14.9940222234893
741	0.0051118715941354	15.0142581787005
742	0.00511485223468022	15.034494109637
743	0.00511783047993476	15.0547300163054
744	0.00512080633496414	15.0749658987125
745	0.00512377980481609	15.0952017568649
746	0.00512675089452098	15.1154375907693
747	0.0051297196090919	15.1356734004322
748	0.00513268595352476	15.1559091858604
749	0.00513564993279839	15.1761449470605
750	0.00513861155187457	15.1963806840391
751	0.00514157081569813	15.2166163968028
752	0.0051445277291971	15.2368520853582
753	0.00514748229728265	15.257087749712
754	0.0051504345248493	15.2773233898705
755	0.00515338441677492	15.2975590058405
756	0.00515633197792088	15.3177945976286
757	0.00515927721313201	15.3380301652412
758	0.0051622201272368	15.1638572870596
759	0.00516516072504742	15.1838366605263
760	0.00516809901135977	15.203816010143
761	0.00517103499095368	15.2237953359161
762	0.00517396866859277	15.2437746378519
763	0.00517690004902474	15.263753915957
764	0.00517982913698133	15.2837331702376
765	0.0051827559371784	15.3037124007003
766	0.00518568045431603	15.3236916073514
767	0.00518860269307861	15.3436707901972
768	0.00519152265813487	15.3636499492442
769	0.00519444035413797	15.3836290844987
770	0.00519735578572554	15.403608195967
771	0.00520026895751986	15.4235872836555
772	0.00520317987412779	15.4435663475706
773	0.00520608854014092	15.4635453877186
774	0.00520899496013564	15.4835244041057
775	0.00521189913867319	15.5035033967383
776	0.00521480108029973	15.5234823656226
777	0.00521770078954645	15.5434613107651
778	0.00522059827092954	15.5634402321719
779	0.00522349352895035	15.5834191298494
780	0.00522638656809543	15.6033980038038
781	0.00522927739283663	15.6233768540413
782	0.00523216600763107	15.6433556805683
783	0.00523505241692133	15.6633344833909
784	0.00523793662513541	15.6833132625154
785	0.00524081863668687	15.7032920179481
786	0.00524369845597485	15.723270749695
787	0.0052465760873842	15.7432494577626
788	0.00524945153528539	15.7632281421568
789	0.00525232480403483	15.7832068028841
790	0.00525519589797467	15.8031854399504
791	0.00525806482143303	15.8231640533621
792	0.00526093157872399	15.8431426431252
793	0.00526379617414769	15.863121209246
794	0.00526665861199039	15.8830997517305
795	0.00526951889652452	15.9030782705851
796	0.0052723770320087	15.9230567658157
797	0.0052752330226879	15.9430352374285
798	0.0052780868727934	15.9630136854296
799	0.00528093858654295	15.9829921098253
800	0.00528378816814072	16.0029705106214
801	0.00528663562177742	16.0229488878243
802	0.00528948095163043	16.0429272414399
803	0.00529232416186368	16.0629055714743
804	0.0052951652566279	16.0828838779337
805	0.00529800424006054	16.102862160824
806	0.00530084111628593	16.1228404201514
807	0.00530367588941523	16.1428186559219
808	0.00530650856354662	16.1627968681416
809	0.00530933914276521	16.1827750568165
810	0.00531216763114321	16.2027532219526
811	0.00531499403273998	16.222731363556
812	0.005317818351602	16.2427094816327
813	0.00532064059176302	16.2626875761887
814	0.00532346075724404	16.28266564723
815	0.00532627885205345	16.3026436947626
816	0.00532909488018699	16.3226217187925
817	0.00533190884562791	16.3425997193257
818	0.00533472075234692	16.3625776963681
819	0.00533753060430231	16.3825556499258
820	0.00534033840543998	16.4025335800046
821	0.0053431441596935	16.4225114866106
822	0.00534594787098418	16.4424893697497
823	0.00534874954322109	16.4624672294279
824	0.00535154918030112	16.482445065651
825	0.00535434678610907	16.502422878425
826	0.00535714236451768	16.5224006677559
827	0.0053599359193876	16.5423784336495
828	0.00536272745456763	16.5623561761118
829	0.00536551697389456	16.5823338951487
830	0.00536830448119339	16.602311590766
831	0.00537108998027725	16.4145106521239
832	0.00537387347494758	16.4342385803091
833	0.00537665496899405	16.4539664853848
834	0.0053794344661947	16.473694367357
835	0.00538221197031597	16.4934222262314
836	0.00538498748511272	16.5131500620138
837	0.00538776101432832	16.5328778747099
838	0.00539053256169464	16.5526056643257
839	0.0053933021309322	16.5723334308667
840	0.00539606972575009	16.5920611743388
841	0.00539883534984612	16.6117888947478
842	0.00540159900690686	16.6315165920993
843	0.00540436070060759	16.6512442663991
844	0.00540712043461246	16.670971917653
845	0.00540987821257448	16.6906995458666
846	0.0054126340381356	16.7104271510457
847	0.00541538791492672	16.7301547331961
848	0.00541813984656777	16.7498822923233
849	0.00542088983666768	16.7696098284332
850	0.00542363788882459	16.7893373415314
851	0.0054263840066257	16.8090648316236
852	0.00542912819364745	16.8287922987155
853	0.00543187045345551	16.8485197428127
854	0.00543461078960483	16.868247163921
855	0.00543734920563972	16.887974562046
856	0.00544008570509381	16.9077019371934
857	0.0054428202914902	16.9274292893688
858	0.00544555296834143	16.9471566185779
859	0.00544828373914957	16.9668839248264
860	0.0054510126074062	16.9866112081197
861	0.00545373957659253	17.0063384684637
862	0.00545646465017939	17.0260657058639
863	0.00545918783162729	17.0457929203259
864	0.00546190912438647	17.0655201118554
865	0.00546462853189691	17.085247280458
866	0.00546734605758844	17.1049744261392
867	0.0054700617048807	17.1247015489047
868	0.00547277547718323	17.14442864876
869	0.00547548737789551	17.1641557257108
870	0.00547819741040698	17.1838827797626
871	0.00548090557809711	17.2036098109211
872	0.00548361188433541	17.2233368191917
873	0.00548631633248148	17.24306380458
874	0.00548901892588507	17.2627907670916
875	0.00549171966788611	17.2825177067321
876	0.00549441856181471	17.302244623507
877	0.00549711561099128	17.3219715174218
878	0.00549981081872648	17.3416983884822
879	0.00550250418832136	17.3614252366935
880	0.00550519572306728	17.3811520620614
881	0.00550788542624607	17.4008788645913
882	0.00551057330112994	17.4206056442888
883	0.00551325935098167	17.4403324011594
884	0.00551594357905452	17.4600591352086
885	0.00551862598859231	17.4797858464419
886	0.00552130658282949	17.4995125348648
887	0.00552398536499114	17.5192392004828
888	0.00552666233829299	17.5389658433014
889	0.00552933750594156	17.558692463326
890	0.00553201087113403	17.5784190605621
891	0.00553468243705843	17.5981456350152
892	0.00553735220689363	17.6178721866908
893	0.00554002018380932	17.6375987155943
894	0.00554268637096607	17.6573252217312
895	0.00554535077151547	17.6770517051068
896	0.0055480133886	17.6967781657268
897	0.00555067422535321	17.7165046035965
898	0.00555333328489964	17.7362310187213
899	0.00555599057035495	17.7559574111067
900	0.00555864608482591	17.775683780758
901	0.00556129983141039	17.7954101276808
902	0.00556395181319751	17.8151364518804
903	0.00556660203326758	17.8348627533623
904	0.00556925049469215	17.8545890321318
905	0.00557189720053409	17.8743152881943
906	0.00557454215384756	17.8940415215553
907	0.0055771853576781	17.91376773222
908	0.00557982681506266	17.9334939201941
909	0.00558246652902953	17.7315753978896
910	0.00558510450259853	17.7510580078727
911	0.00558774073878098	17.770540595461
912	0.00559037524057969	17.7900231606599
913	0.00559300801098902	17.8095057034747
914	0.00559563905299496	17.8289882239106
915	0.00559826836957508	17.848470721973
916	0.00560089596369864	17.8679531976672
917	0.00560352183832655	17.8874356509983
918	0.00560614599641151	17.9069180819718
919	0.00560876844089787	17.9264004905927
920	0.00561138917472185	17.9458828768666
921	0.00561400820081144	17.9653652407984
922	0.0056166255220865	17.9848475823936
923	0.00561924114145877	18.0043299016574
924	0.00562185506183189	18.023812198595
925	0.00562446728610144	18.0432944732117
926	0.00562707781715497	18.0627767255126
927	0.00562968665787205	18.0822589555031
928	0.00563229381112428	18.1017411631884
929	0.00563489927977527	18.1212233485737
930	0.00563750306668085	18.1407055116641
931	0.00564010517468884	18.160187652465
932	0.0056427056066393	18.1796697709815
933	0.00564530436536444	18.1991518672189
934	0.00564790145368869	18.2186339411823
935	0.00565049687442874	18.2381159928769
936	0.00565309063039353	18.257598022308
937	0.00565568272438433	18.2770800294806
938	0.00565827315919471	18.2965620144001
939	0.00566086193761065	18.3160439770716
940	0.00566344906241045	18.3355259175002
941	0.0056660345363649	18.3550078356912
942	0.00566861836223722	18.3744897316496
943	0.00567120054278307	18.3939716053807
944	0.00567378108075065	18.4134534568897
945	0.00567635997888068	18.4329352861816
946	0.00567893723990645	18.4524170932616
947	0.00568151286655385	18.4718988781349
948	0.00568408686154136	18.4913806408067
949	0.00568665922758011	18.510862381282
950	0.00568922996737393	18.530344099566
951	0.00569179908361932	18.5498257956638
952	0.0056943665790055	18.5693074695806
953	0.0056969324562145	18.5887891213214
954	0.00569949671792108	18.6082707508914
955	0.0057020593667928	18.6277523582958
956	0.00570462040549013	18.6472339435395
957	0.00570717983666629	18.6667155066278
958	0.00570973766296749	18.6861970475657
959	0.0057122938870328	18.7056785663583
960	0.00571484851149424	18.7251600630108
961	0.00571740153897682	18.7446415375281
962	0.00571995297209851	18.7641229899155
963	0.00572250281347032	18.7836044201779
964	0.00572505106569632	18.8030858283205
965	0.0057275977313736	18.8225672143483
966	0.00573014281309239	18.8420485782664
967	0.00573268631343602	18.8615299200799
968	0.00573522823498101	18.8810112397938
969	0.005737768580297	18.9004925374133
970	0.00574030735194682	18.9199738129433
971	0.00574284455248659	18.9394550663888
972	0.0057453801844656	18.9589362977551
973	0.00574791425042649	18.978417507047
974	0.00575044675290512	18.9978986942697
975	0.00575297769443072	19.0173798594281
976	0.00575550707752585	19.0368610025274
977	0.00575803490470643	19.0563421235724
978	0.00576056117848181	19.0758232225684
979	0.00576308590135472	19.0953042995202
980	0.00576560907582133	19.1147853544329
981	0.0057681307043713	19.1342663873116
982	0.00577065078948777	19.1537473981611
983	0.00577316933364739	19.1732283869867
984	0.00577568633932036	19.1927093537931
985	0.00577820180897041	19.2121902985855
986	0.00578071574505489	19.2316712213688
987	0.00578322815002474	19.2511521221481
988	0.00578573902632449	19.2706330009283
989	0.00578824837639238	19.2901138577144
990	0.00579075620266032	19.3095946925113
991	0.00579326250755388	19.3290755053241
992	0.0057957672934924	19.3485562961578
993	0.00579827056288889	19.1318414957565
994	0.00580077231815022	19.151084672562
995	0.00580327256167697	19.1703278276712
996	0.00580577129586356	19.1895709610889
997	0.00580826852309823	19.2088140728199
998	0.00581076424576311	19.2280571628693
999	0.00581325846623416	19.2473002312418
1000	0.00576264608867021	19.3238652237388
1001	0.00581824241006824	19.2857863029759
