1	0.00337667785876437	0.0021564954230661
2	0.003957523533267	0.00244597830991292
3	0.00419591979569913	0.002535921263993
4	0.00432134098998218	0.00256701362286623
5	0.00439615497182826	0.0025747373635227
6	0.00444429549981763	0.0025717005714556
7	0.00447681575855964	0.00256330530185659
8	0.00449949563701406	0.00255221420806929
9	0.00451564666758472	0.00253972822192479
10	0.00452728682023993	0.00252665479901691
11	0.00453570935095204	0.00251336524326123
12	0.00454177716060027	0.00250014760248295
13	0.00454608530742143	0.00248712777334829
14	0.0045490555710767	0.00247437527162386
15	0.00455099392935534	0.00246197138623229
16	0.00455212680055685	0.00244991338577247
17	0.00455262462591797	0.00243820212334098
18	0.00455261763728273	0.00242684990503723
19	0.00455220665314453	0.00241586038926715
20	0.00455147062706608	0.00240520136346064
21	0.00455047202447666	0.00239486164287975
22	0.0045492607168013	0.00238483649417016
23	0.00454787684423821	0.00237512573248507
24	0.00454635294895416	0.00236569514052079
25	0.00454471558424498	0.00235653210328041
26	0.00454298654204151	0.00234762436266667
27	0.00454118379890975	0.00233897099928873
28	0.00453932225198489	0.0023305619318429
29	0.00453741429646117	0.00232237359995604
30	0.00453547028238643	0.00231439587866298
31	0.00453349887867011	0.00230661918716544
32	0.00453150736515132	0.00229903447391641
33	0.00452950186844599	0.00229164969278635
34	0.00452748755353216	0.00228444276538415
35	0.00452546878024676	0.0022774030935854
36	0.00452344923178589	0.00227052354101556
37	0.00452143202073085	0.00226379737714931
38	0.00451941977692991	0.00225721825245123
39	0.00451741472065276	0.00225078545375174
40	0.00451541872373022	0.00224449892914692
41	0.00451343336084543	0.0022383420647494
42	0.00451145995271557	0.002232309825199
43	0.0045094996025676	0.0022263974474172
44	0.00450755322704589	0.00222060042294787
45	0.00450562158247923	0.00221491448148457
46	0.00450370528726558	0.00220933557552923
47	0.00450180551560952	0.00220387061240005
48	0.00449992763402273	0.00219850796208062
49	0.00449806617830608	0.00219324113488986
50	0.0044962213860821	0.00218806685201331
51	0.00449439342885243	0.0021829819948976
52	0.00449258242102771	0.00217798359541325
53	0.00449078842774073	0.00217306882671318
54	0.004489011471618	0.00216823499473515
55	0.00448725153865719	0.00216348087584311
56	0.00448550858333557	0.00215881292334343
57	0.00448378253305557	0.00215421834661876
58	0.00448207329201784	0.00214969491571483
59	0.00448038074459896	0.00214524049872219
60	0.00447870475829963	0.00214085305625967
61	0.00447704518632003	0.00213653063632708
62	0.00447540186981083	0.00213227136949937
63	0.00447377463984166	0.00212807346443655
64	0.00447216331912309	0.00212393520368602
65	0.00447056772351341	0.00211985697037146
66	0.00446898766333702	0.00211584297780089
67	0.00446742294453794	0.00211188373802392
68	0.00446587336968873	0.00210797779644128
69	0.00446433873887254	0.00210412375486185
70	0.00446281885045371	0.00210032026867031
71	0.00446131350175034	0.00209656604416688
72	0.00445982248962061	0.00209285983606699
73	0.00445834561097316	0.00208920044514977
74	0.00445688266321058	0.00208558671604517
75	0.00445543344461378	0.0020820175351501
76	0.00445399775467446	0.00207849182866503
77	0.00445257539438152	0.00207501637752143
78	0.00445116616646693	0.00207158290076265
79	0.00444976987561585	0.00206818979373714
80	0.00444838632864507	0.00206483612691623
81	0.00444701533465357	0.0020615210022077
82	0.00444565670514839	0.00205824355156889
83	0.00444431025414873	0.00205500293569455
84	0.00444297579827089	0.00205179834277459
85	0.00444165315679621	0.00204862898731757
86	0.00444034215172407	0.00204549410903574
87	0.00443904260781181	0.00204239297178786
88	0.00443775435260299	0.00203932486257633
89	0.00443647721644552	0.00203629014741999
90	0.00443521103250083	0.00203329328903957
91	0.00443395563674528	0.0020303273707291
92	0.00443271086796466	0.0020273917646926
93	0.00443147656774277	0.0020244858619175
94	0.00443025258044482	0.00202160907143819
95	0.00442903875319628	0.00201876081963516
96	0.00442783493585789	0.00201594054956751
97	0.00442664098099738	0.002013147720337
98	0.00442545674385822	0.00201038180648191
99	0.00442428208232608	0.00200764229739903
100	0.00442312130513322	0.00200493132326307
101	0.00442196093062077	0.00200224052214652
102	0.00442081416910088	0.00199957730422503
103	0.00441967644041597	0.00199693858658976
104	0.00441854761509843	0.00199432848986683
105	0.00441742756608916	0.0019917436696578
106	0.00441631616869559	0.00198918199475479
107	0.00441521330054952	0.00198664305659427
108	0.00441411884156465	0.00198412645728138
109	0.00441303267389413	0.00198163180922369
110	0.00441195468188814	0.00197915873478035
111	0.0044108847520516	0.00197670686592606
112	0.00440982277300218	0.00197427584392894
113	0.00440876863542853	0.00197186531904179
114	0.00440772223204903	0.00196947495020596
115	0.00440668345757083	0.00196710440476722
116	0.00440565220864941	0.00196475335820317
117	0.00440462838384875	0.00196242149386151
118	0.00440361188360195	0.00196010850270872
119	0.00440260261017248	0.00195781408308863
120	0.00440160046761604	0.00195554082659302
121	0.00440060536174305	0.00195328807284451
122	0.00439961720008176	0.00195105298384231
123	0.00439863589184208	0.00194883528591163
124	0.00439766134787998	0.00194663471166439
125	0.00439669348066266	0.0019444509998089
126	0.00439573220423432	0.00194228389496664
127	0.00439477743418267	0.0019401331474958
128	0.00439382908760605	0.00193799851332143
129	0.00439288708308127	0.00193587975377169
130	0.00439195134063213	0.00193377663542014
131	0.00439102178169855	0.00193168892993367
132	0.00439009832910643	0.00192961641392591
133	0.00438918090703811	0.00192755886881586
134	0.00438826944100351	0.00192551608069145
135	0.00438736385781189	0.00192348784017804
136	0.0043864640855442	0.00192147394231131
137	0.00438557005352618	0.0019194741864147
138	0.00438468169230187	0.00191749028889476
139	0.00438379893360793	0.00191552293490886
140	0.00438292171034835	0.00191356911213092
141	0.00438204995656991	0.00191162863635836
142	0.00438118360743808	0.00190970132711346
143	0.00438032259921354	0.0019077870075439
144	0.0043794668692292	0.00190588550432664
145	0.00437861635586783	0.0019039966475748
146	0.00437777099854012	0.0019021202707478
147	0.00437693073766328	0.00190025621056417
148	0.00437609551464019	0.00189840430691738
149	0.00437526527183896	0.00189656440279427
150	0.00437443995257301	0.00189473634419602
151	0.00437361950108163	0.00189291998006174
152	0.00437280386251093	0.0018911151621944
153	0.00437199298289533	0.00188932174518906
154	0.00437118680913941	0.00188753958636334
155	0.00437038528900019	0.00188576854569004
156	0.00436958837106988	0.00188400848573186
157	0.00436879600475895	0.00188225927157803
158	0.00436800814027968	0.00188052157188795
159	0.00436722472863002	0.00187879776862593
160	0.00436644572157787	0.00187708439548011
161	0.00436567107164575	0.001875381327364
162	0.00436490073209573	0.00187368844142272
163	0.00436413465691481	0.00187200561698038
164	0.00436337280080059	0.00187033273548894
165	0.00436261511914728	0.00186866968047859
166	0.00436186156803206	0.00186701633750958
167	0.00436111210420166	0.0018653725941254
168	0.0043603666850594	0.00186373833980729
169	0.00435962526865238	0.00186211346593012
170	0.00435888781365907	0.00186049786571943
171	0.00435815427937711	0.00185889143420969
172	0.00435742462571143	0.00185729406820381
173	0.00435669881316266	0.00185570566623367
174	0.00435597680281572	0.0018541261285218
175	0.00435525855632874	0.0018525553569441
176	0.00435454403592224	0.00185099325499357
177	0.00435383320436848	0.00184943972774508
178	0.00435312602498112	0.001847894681821
179	0.00435242246160509	0.00184635802535781
180	0.00435172247860664	0.00184482966797367
181	0.00435102604086372	0.00184331219103812
182	0.00435033311375645	0.00184180376264178
183	0.00434964366315787	0.00184030335124233
184	0.00434895765542491	0.00183881087228669
185	0.0043482750573895	0.00183732624255
186	0.00434759583634991	0.00183584938010794
187	0.00434691996006229	0.00183438020430988
188	0.00434624739673239	0.00183291863575264
189	0.00434557811500739	0.0018314645962549
190	0.00434491208396806	0.00183001800883236
191	0.00434424927312091	0.0018285787976734
192	0.00434358965239066	0.00182714688811551
193	0.00434293319211277	0.00182572220662213
194	0.00434227986302619	0.00182430468076021
195	0.00434162963626624	0.00182289423917826
196	0.00434098248335764	0.00182149081158498
197	0.00434033837620768	0.00182009432872835
198	0.00433969728709957	0.0018187047223753
199	0.00433905918868593	0.00181732192529187
200	0.00433842405398231	0.00181594587122377
201	0.00433779185636103	0.00181457649487752
202	0.00433716256954499	0.00181321373190195
203	0.00433653616760169	0.00181185751887023
204	0.00433591262493734	0.0018105077932622
205	0.00433529191629111	0.00180916449344729
206	0.00433467401672949	0.00180783033728124
207	0.00433405890164079	0.00180650287091208
208	0.00433344654672969	0.0018051816355022
209	0.00433283692801198	0.00180386657295892
210	0.00433223002180936	0.001802557625997
211	0.00433162580474435	0.00180125473812381
212	0.0043310242537353	0.00179995785362477
213	0.00433042534599152	0.00179866691754917
214	0.0043298290590085	0.00179738187569625
215	0.00432923537056324	0.00179610267460166
216	0.00432864425870959	0.00179482926152422
217	0.00432805570177382	0.00179356158443288
218	0.00432746967835018	0.00179229959199412
219	0.00432688616729656	0.00179104323355951
220	0.00432630514773026	0.00178979245915361
221	0.00432572659902384	0.00178854721946209
222	0.00432515050080104	0.00178730746582017
223	0.00432457683293278	0.00178607315020123
224	0.00432400557553322	0.00178484422520577
225	0.00432343670895597	0.00178362064405049
226	0.00432287021379026	0.00178240236055773
227	0.0043223060708573	0.00178118932914502
228	0.0043217442612066	0.00177998150481494
229	0.00432118476611246	0.00177877884314516
230	0.00432062756707045	0.00177758130027866
231	0.004320072645794	0.00177638883291425
232	0.00431951998421105	0.00177520139829716
233	0.00431896956446074	0.00177402016190491
234	0.00431842136889019	0.00177284546596802
235	0.00431787538005132	0.00177167566585685
236	0.00431733158069775	0.00177051072101261
237	0.00431678995378172	0.00176935059137786
238	0.00431625048245113	0.00176819523738823
239	0.00431571315004657	0.00176704461996443
240	0.00431517794009843	0.00176589870050433
241	0.00431464483632409	0.00176475744087523
242	0.0043141138226251	0.00176362080340631
243	0.0043135848830845	0.00176248875088118
244	0.00431305800196407	0.00176136124653064
245	0.00431253316370177	0.0017602382540255
246	0.00431201035290909	0.00175911973746966
247	0.00431148955436855	0.0017580056613932
248	0.00431097075303119	0.00175689599074572
249	0.00431045393401412	0.00175579069088972
250	0.00430993908259814	0.00175468972759415
251	0.00430942618422532	0.00175359306702809
252	0.00430891522449675	0.00175250067575455
253	0.0043084061891702	0.00175141252072437
254	0.00430789906415793	0.00175032856927026
255	0.00430739383552445	0.00174924878910095
256	0.00430689048948439	0.00174817314829542
257	0.00430638901240033	0.00174710161529731
258	0.00430588939078078	0.00174603415890935
259	0.00430539161127806	0.00174497074828795
260	0.00430489566068635	0.0017439113529379
261	0.00430440152593966	0.00174285594270712
262	0.0043039091941099	0.00174180448778155
263	0.00430341865240497	0.00174075753390029
264	0.00430292988816688	0.00173971638348592
265	0.00430244288886988	0.00173867909159373
266	0.00430195764211871	0.00173764562978203
267	0.00430147413564671	0.00173661596992213
268	0.00430099235731415	0.00173559008419378
269	0.00430051229510647	0.00173456794508066
270	0.00430003393713257	0.001733549525366
271	0.00429955727162318	0.00173253479812823
272	0.00429908228692917	0.00173152373673674
273	0.00429860897151997	0.0017305163148477
274	0.00429813731398198	0.00172951250639996
275	0.004297667303017	0.00172851228561105
276	0.00429719892744067	0.00172751562697318
277	0.00429673217618102	0.00172652250524937
278	0.00429626703827692	0.00172553289546966
279	0.00429580350287668	0.00172454677292733
280	0.00429534155923654	0.00172356411317522
281	0.00429488119671933	0.00172258489202211
282	0.00429442240479303	0.00172160908552919
283	0.00429396517302941	0.00172063667000652
284	0.0042935094911027	0.00171966762200962
285	0.00429305534878825	0.00171870191833608
286	0.00429260273596121	0.00171773953602227
287	0.00429215164259529	0.00171678045234005
288	0.00429170205876146	0.00171582464479356
289	0.00429125397462671	0.00171487209111608
290	0.00429080738045284	0.00171392276926695
291	0.00429036226659526	0.00171297665742848
292	0.00428991862350178	0.00171203373400297
293	0.00428947644171145	0.00171109397760981
294	0.00428903571185345	0.00171015736708251
295	0.0042885964246459	0.0017092238814659
296	0.00428815857089478	0.00170829371801673
297	0.00428772214149284	0.00170736862705556
298	0.00428728712741849	0.00170644659200755
299	0.00428685351973477	0.00170552759278426
300	0.00428642130958829	0.0017046116094945
301	0.00428599048820818	0.00170369862244179
302	0.00428556104690513	0.00170278861212181
303	0.00428513297707032	0.00170188155921991
304	0.00428470627017449	0.00170097744460864
305	0.00428428091776696	0.0017000762493454
306	0.00428385691147465	0.00169917795467001
307	0.00428343424300115	0.0016982825420024
308	0.00428301290412584	0.0016973899929403
309	0.0042825928867029	0.00169650028925702
310	0.00428217418266047	0.00169561341289915
311	0.00428175678399973	0.00169472934598445
312	0.00428134068279406	0.00169384807079967
313	0.00428092587118813	0.00169296956979838
314	0.00428051234139714	0.00169209382559897
315	0.00428010008570588	0.00169122082098251
316	0.00427968909646798	0.00169035053889078
317	0.00427927936610508	0.00168948296242426
318	0.00427887088710603	0.00168861807484018
319	0.00427846365202611	0.00168775585955057
320	0.00427805765348623	0.00168689630012037
321	0.0042776528841722	0.00168603938026555
322	0.00427724933683396	0.00168518508385127
323	0.00427684700428483	0.00168433339489009
324	0.00427644587940081	0.00168348429754014
325	0.0042760459551198	0.00168263777610336
326	0.00427564722444097	0.00168179381502382
327	0.00427524968042396	0.00168095239888594
328	0.0042748533161883	0.00168011351241285
329	0.00427445812491264	0.00167927714046474
330	0.00427406409983411	0.00167844326803718
331	0.00427367123424766	0.00167761188025956
332	0.00427327987082725	0.00167678296239348
333	0.00427289017798721	0.00167595817106285
334	0.00427250162218417	0.00167513611223453
335	0.00427211419695409	0.00167431647404489
336	0.00427172789588741	0.00167349924230359
337	0.00427134271262845	0.00167268440294458
338	0.00427095864087485	0.00167187194202473
339	0.00427057567437695	0.00167106184572232
340	0.0042701938069372	0.00167025410033571
341	0.00426981303240961	0.00166944869228189
342	0.00426943334469914	0.00166864560809517
343	0.00426905473776122	0.0016678448344258
344	0.00426867720560112	0.00166704635803864
345	0.00426830074227344	0.0016662501658119
346	0.00426792534188156	0.00166545624473577
347	0.00426755099857716	0.00166466458191124
348	0.00426717770655963	0.00166387516454876
349	0.00426680546007557	0.00166308797996707
350	0.00426643425341834	0.00166230301559197
351	0.00426606408092749	0.00166152025895509
352	0.00426569493698827	0.00166073969769271
353	0.00426532681603121	0.00165996131954465
354	0.00426495971253156	0.00165918511235302
355	0.00426459362100884	0.00165841106406119
356	0.0042642285360264	0.00165763916271259
357	0.00426386445219091	0.00165686939644965
358	0.00426350136415195	0.00165610175351269
359	0.00426313926660152	0.00165533622223884
360	0.00426277815427361	0.00165457279106103
361	0.00426241802194377	0.00165381144850686
362	0.00426205886442867	0.00165305218319766
363	0.00426170067658566	0.00165229498384741
364	0.00426134345331236	0.00165153983926176
365	0.00426098718954626	0.00165078673833702
366	0.00426063188026426	0.00165003567005925
367	0.00426027752048232	0.0016492866235032
368	0.004259924105255	0.00164853958783142
369	0.00425957162967514	0.00164779455229334
370	0.00425922008887339	0.00164705150622427
371	0.00425886947801786	0.00164631043904457
372	0.00425851979231377	0.00164557186085056
373	0.00425817102700301	0.00164483647809468
374	0.00425782317736381	0.00164410303830726
375	0.00425747623871036	0.00164337153126468
376	0.00425713020639246	0.00164264194682375
377	0.00425678507579516	0.00164191427492086
378	0.00425644084233837	0.00164118850557117
379	0.00425609750147656	0.00164046462886778
380	0.00425575504869841	0.00163974263498092
381	0.00425541347952643	0.00163902251415713
382	0.00425507278951667	0.00163830425671852
383	0.00425473297425835	0.00163758785306195
384	0.00425439402937357	0.00163687329365829
385	0.00425405595051695	0.00163616056905164
386	0.00425371873337533	0.00163544966985859
387	0.00425338237366745	0.0016347405867675
388	0.00425304686714365	0.00163403331053773
389	0.00425271220958554	0.00163332783199896
390	0.00425237839680569	0.00163262414205046
391	0.00425204542464738	0.00163192223166038
392	0.00425171328898423	0.00163122209186509
393	0.00425138198571996	0.00163052371376844
394	0.00425105151078809	0.00162982708854115
395	0.00425072186015163	0.00162913220742009
396	0.00425039302980282	0.00162843906170764
397	0.00425006501576286	0.00162774764277104
398	0.00424973781408157	0.00162705794204175
399	0.00424941142083721	0.00162636995101481
400	0.00424908583213614	0.00162568366124821
401	0.00424876104411258	0.00162499906436228
402	0.00424843705292834	0.00162431615203907
403	0.00424811385477257	0.00162363491602174
404	0.00424779144586148	0.00162295534811397
405	0.00424746982243811	0.00162227744017939
406	0.00424714898077206	0.00162160118414097
407	0.00424682891715926	0.00162092657198043
408	0.00424650962792169	0.00162025359573773
409	0.00424619110940718	0.00161958224751044
410	0.00424587335798916	0.00161891251945324
411	0.00424555637006638	0.00161824440377734
412	0.00424524014206273	0.00161757789274995
413	0.00424492467042698	0.00161691297869375
414	0.00424460995163256	0.00161624965398632
415	0.00424429598217733	0.00161558830231901
416	0.00424398275858336	0.0016149297102927
417	0.00424367027739668	0.00161427268130445
418	0.00424335853518711	0.00161361720796441
419	0.00424304752854803	0.00161296328293495
420	0.00424273725409611	0.00161231089893023
421	0.00424242770847119	0.00161166004871568
422	0.004242118888336	0.00161101072510751
423	0.00424181079037598	0.00161036292097227
424	0.00424150341129907	0.00160971662922636
425	0.00424119674783552	0.00160907184283556
426	0.00424089079673767	0.0016084285548146
427	0.00424058555477977	0.00160778675822667
428	0.00424028101875777	0.00160714644618302
429	0.00423997718548914	0.00160650761184245
430	0.00423967405181266	0.00160587024841096
431	0.00423937161458827	0.00160523434914122
432	0.00423906987069681	0.00160459990733224
433	0.00423876881703993	0.00160396691632887
434	0.00423846845053983	0.00160333536952143
435	0.0042381687681391	0.00160270526034527
436	0.00423786976680058	0.00160207658228037
437	0.00423757144350711	0.00160144932885097
438	0.00423727379526142	0.00160082349362509
439	0.00423697681908592	0.00160019907021423
440	0.00423668051202257	0.00159957605227292
441	0.00423638487113265	0.00159895443349833
442	0.00423608989349662	0.00159833420762993
443	0.00423579557621398	0.0015977153684491
444	0.00423550191640308	0.00159709790977872
445	0.00423520891120094	0.00159648182548285
446	0.00423491655776314	0.00159586710946635
447	0.00423462485326361	0.00159525375567449
448	0.0042343337948945	0.00159464175809263
449	0.00423404337986602	0.00159403111074587
450	0.0042337536054063	0.00159342180769865
451	0.00423346446876119	0.00159281384305448
452	0.00423317596719417	0.00159220721095554
453	0.00423288809798617	0.00159160190558235
454	0.00423260085843542	0.00159099792115346
455	0.00423231424585729	0.00159039525192512
456	0.00423202825758421	0.00158979389219092
457	0.00423174289096545	0.0015891938362815
458	0.00423145814336701	0.0015885950785642
459	0.00423117401217151	0.00158799761344279
460	0.00423089049477798	0.00158740143535711
461	0.0042306075886018	0.00158680653878277
462	0.00423032529107452	0.00158621364479217
463	0.00423004359964373	0.00158562271164212
464	0.00422976251177294	0.00158503304059802
465	0.00422948202494144	0.00158444462628865
466	0.00422920213664418	0.00158385746337694
467	0.0042289228443916	0.00158327154655977
468	0.00422864414570958	0.00158268687056762
469	0.00422836603813924	0.00158210343016429
470	0.00422808851923686	0.00158152122014667
471	0.00422781158657371	0.00158094023534441
472	0.00422753523773601	0.00158036047061967
473	0.00422725947032471	0.00157978192086684
474	0.00422698428195544	0.00157920458101227
475	0.00422670967025836	0.00157862844601402
476	0.00422643563287807	0.00157805351086156
477	0.00422616216747344	0.00157747977057556
478	0.00422588927171756	0.00157690722020759
479	0.00422561694329758	0.00157633585483988
480	0.00422534517991462	0.00157576566958507
481	0.00422507397928365	0.00157519665958597
482	0.00422480333913339	0.00157462882001527
483	0.00422453325720616	0.00157406214607536
484	0.00422426373125783	0.00157349663299802
485	0.00422399475905769	0.00157293227604423
486	0.00422372633838831	0.00157236907050392
487	0.0042234584670455	0.00157180701169571
488	0.00422319114283813	0.00157124609496671
489	0.0042229243635881	0.00157068631569228
490	0.00422265812713019	0.00157012766927578
491	0.00422239243131197	0.00156957015114838
492	0.0042221272739937	0.00156901375676882
493	0.00422186265304826	0.00156845848162317
494	0.00422159856636098	0.00156790432122464
495	0.00422133501182963	0.00156735127111336
496	0.00422107198736426	0.00156679932685614
497	0.00422080949088713	0.00156624848404628
498	0.00422054752033261	0.00156569873830336
499	0.0042202860736471	0.00156515008527302
500	0.0042200251487889	0.00156460252062676
501	0.00421976474372818	0.00156405604006174
502	0.00421950485644681	0.00156351063930056
503	0.00421924548493835	0.00156296631409108
504	0.00421898662720791	0.00156242306020622
505	0.00421872828127206	0.00156188087344376
506	0.00421847044515879	0.00156133974962611
507	0.00421821311690735	0.00156079968460019
508	0.00421795629456824	0.00156026067423718
509	0.00421769997620307	0.00155972271443237
510	0.00421744415988451	0.00155918580110492
511	0.00421718884369618	0.00155864993019774
512	0.00421693402573259	0.00155811509767727
513	0.00421667970409903	0.00155758243974602
514	0.00421642587691153	0.00155705094844127
515	0.00421617254229674	0.00155652048109062
516	0.00421591969839188	0.0015559910337624
517	0.00421566734334462	0.00155546260254754
518	0.00421541547531306	0.00155493518355937
519	0.00421516409246562	0.00155440877293347
520	0.00421491319298095	0.00155388336682749
521	0.00421466277504786	0.00155335896142099
522	0.0042144128368653	0.00155283555291529
523	0.00421416337664218	0.00155231313753327
524	0.00421391439259741	0.00155179171151922
525	0.00421366588295973	0.0015512712711387
526	0.00421341784596771	0.00155075181267835
527	0.00421317027986963	0.00155023333244576
528	0.00421292318292343	0.00154971582676927
529	0.00421267655339664	0.00154919929199788
530	0.00421243038956631	0.00154868372450102
531	0.00421218468971893	0.00154816912066845
532	0.00421193945215037	0.00154765547691011
533	0.0042116946751658	0.00154714278965594
534	0.00421145035707966	0.00154663105535573
535	0.00421120649621554	0.00154612027047902
536	0.00421096309090615	0.0015456104315149
537	0.00421072013949324	0.0015451015349719
538	0.00421047764032755	0.00154459357737783
539	0.00421023559176871	0.00154408655527964
540	0.00420999399218523	0.0015435804652433
541	0.00420975283995438	0.00154307530385363
542	0.00420951213346218	0.00154257106771417
543	0.0042092718711033	0.00154206775344707
544	0.00420903205128101	0.00154156535769291
545	0.0042087926724071	0.00154106387711062
546	0.00420855373290189	0.00154056330837729
547	0.00420831523119407	0.00154006364818807
548	0.00420807716572071	0.00153956489325606
549	0.00420783953492718	0.00153906704031213
550	0.00420760233726709	0.00153857008610481
551	0.00420736557120223	0.00153807402740021
552	0.00420712923520253	0.0015375788609818
553	0.00420689332774596	0.00153708458365039
554	0.00420665784731854	0.00153659119222393
555	0.00420642279241422	0.00153609868353742
556	0.00420618816153486	0.00153560705444277
557	0.00420595395319019	0.00153511630180872
558	0.00420572016589768	0.00153462642252065
559	0.00420548679818259	0.00153413741348056
560	0.00420525384857783	0.00153364927160683
561	0.00420502131562397	0.00153316199383424
562	0.00420478919786913	0.00153267557711373
563	0.00420455749386897	0.00153219001841236
564	0.00420432620218664	0.0015317053147132
565	0.00420409532139268	0.00153122146301517
566	0.00420386485006503	0.00153073846033295
567	0.00420363478678895	0.00153025652070872
568	0.00420340513015695	0.0015297763624144
569	0.00420317587876879	0.00152929704224869
570	0.0042029470312314	0.00152881855729533
571	0.0042027185861588	0.00152834090465326
572	0.00420249054217213	0.00152786408143648
573	0.00420226289789954	0.00152738808477398
574	0.00420203565197617	0.00152691291180964
575	0.00420180880304407	0.00152643855970208
576	0.00420158234975221	0.0015259650256246
577	0.00420135629075637	0.00152549230676508
578	0.00420113062471914	0.00152502040032585
579	0.00420090535030986	0.00152454930352364
580	0.00420068046620458	0.0015240790135894
581	0.004200455971086	0.00152360952776831
582	0.00420023186364342	0.00152314084331959
583	0.00420000814257275	0.00152267295751646
584	0.00419978480657639	0.00152220586764601
585	0.00419956185436323	0.00152173957100914
586	0.00419933928464863	0.00152127406492044
587	0.00419911709615431	0.0015208093467081
588	0.00419889528760837	0.00152034541371385
589	0.00419867385774521	0.00151988226329282
590	0.00419845280530551	0.00151941989281348
591	0.00419823212903619	0.00151895829965754
592	0.00419801182769033	0.00151849748121988
593	0.0041977919000272	0.00151803743490844
594	0.00419757234481215	0.00151757815814413
595	0.0041973531608166	0.00151711964836077
596	0.00419713434681802	0.00151666190300498
597	0.00419691590159986	0.00151620491953611
598	0.00419669782395151	0.00151574869542614
599	0.00419648011266829	0.0015152932281596
600	0.00419626276655138	0.00151483851523351
601	0.00419604578440782	0.00151438455415727
602	0.00419582916505043	0.00151393134245258
603	0.00419561290729778	0.00151347887765338
604	0.0041953970099742	0.00151302715730576
605	0.00419518147190968	0.00151257617896787
606	0.00419496629193986	0.00151212594020983
607	0.00419475146890602	0.00151167643861371
608	0.00419453700165499	0.00151122767177337
609	0.00419432288903916	0.00151077963729447
610	0.00419410912991643	0.0015103323327943
611	0.00419389572315016	0.0015098857559018
612	0.00419368266760916	0.0015094399042574
613	0.00419346996216763	0.001508994775513
614	0.00419325760570517	0.00150855036733189
615	0.00419304559710667	0.00150810667738864
616	0.00419283393526236	0.00150766370336908
617	0.00419262261906772	0.00150722144297017
618	0.00419241164742347	0.0015067798939
619	0.00419220101923553	0.00150633905387763
620	0.004191990733415	0.00150589892063311
621	0.00419178078887809	0.00150545949190735
622	0.00419157118454614	0.00150502076545207
623	0.00419136191934556	0.00150458273902972
624	0.0041911529922078	0.00150414541041343
625	0.00419094440206931	0.00150370877738694
626	0.00419073614787153	0.00150327304584426
627	0.00419052822856084	0.00150283884405989
628	0.00419032064308854	0.00150240532961706
629	0.00419011339041082	0.00150197250034652
630	0.00418990646948873	0.00150154035408928
631	0.00418969987928813	0.00150110888869651
632	0.0041894936187797	0.00150067810202952
633	0.00418928768693886	0.00150024799195968
634	0.00418908208274579	0.00149981855636834
635	0.00418887680518538	0.00149938979314677
636	0.00418867185324717	0.00149896170019614
637	0.00418846722592539	0.0014985342754274
638	0.00418826292221887	0.00149810751676127
639	0.00418805894113104	0.00149768142212813
640	0.0041878552816699	0.00149725598946799
641	0.00418765194284799	0.00149683121673046
642	0.00418744892368234	0.0014964071018746
643	0.00418724622319451	0.00149598364286898
644	0.00418704384041046	0.0014955608376915
645	0.00418684177436063	0.00149513868432945
646	0.00418664002407982	0.00149471718077934
647	0.00418643858860726	0.00149429632504694
648	0.00418623746698647	0.00149387611514716
649	0.00418603665826534	0.00149345654910402
650	0.00418583616149603	0.0014930376249506
651	0.004185635975735	0.00149261934072896
652	0.00418543610004293	0.00149220169449011
653	0.00418523653348473	0.00149178468429394
654	0.00418503727512952	0.00149136830820918
655	0.00418483832405056	0.00149095256431332
656	0.00418463967932531	0.0014905374506926
657	0.00418444134003529	0.00149012296544192
658	0.00418424330526617	0.00148970910666479
659	0.00418404557410765	0.00148929587247331
660	0.00418384814565351	0.00148888326098808
661	0.00418365101900154	0.00148847127033818
662	0.00418345419325354	0.00148805989866108
663	0.00418325766751528	0.00148764914410265
664	0.0041830614408965	0.00148723900481704
665	0.00418286551251085	0.00148682947896668
666	0.0041826698814759	0.00148642056472223
667	0.00418247454691311	0.00148601226026249
668	0.0041822795079478	0.00148560456377439
669	0.00418208476370911	0.00148519747345294
670	0.00418189031333003	0.00148479098750116
671	0.00418169615594733	0.00148438510413004
672	0.00418150229070155	0.00148397982155852
673	0.004181308716737	0.00148357513801339
674	0.00418111543320168	0.0014831710517293
675	0.00418092243924735	0.00148276756094868
676	0.00418072973402942	0.0014823646639217
677	0.00418053731670698	0.00148196235890623
678	0.00418034518644276	0.00148156064416779
679	0.00418015334240312	0.0014811595179795
680	0.00417996178375802	0.00148075897862207
681	0.004179770509681	0.0014803590243837
682	0.00417957951934915	0.00147995965356008
683	0.00417938881194313	0.00147956086445432
684	0.0041791983866471	0.00147916265537694
685	0.00417900824264872	0.00147876502464578
686	0.00417881837913915	0.00147836797058599
687	0.00417862879531298	0.00147797149153001
688	0.00417843949036828	0.00147757558581746
689	0.0041782504635065	0.00147718025179515
690	0.00417806171393253	0.00147678617364123
691	0.00417787324085462	0.00147639292790107
692	0.00417768504348439	0.00147600024756495
693	0.00417749712103682	0.00147560813101195
694	0.00417730947273019	0.00147521657662808
695	0.00417712209778611	0.00147482558280626
696	0.00417693499542947	0.00147443514794631
697	0.00417674816488843	0.00147404527045486
698	0.0041765616053944	0.00147365594874538
699	0.00417637531618203	0.00147326718123807
700	0.00417618929648918	0.00147287896635985
701	0.00417600354555693	0.00147249130254435
702	0.0041758180626295	0.00147210418823183
703	0.00417563284695431	0.00147171762186915
704	0.00417544789778191	0.00147133160190977
705	0.00417526321436598	0.00147094612681365
706	0.0041750787959633	0.00147056119504729
707	0.00417489464183375	0.00147017680508361
708	0.0041747107512403	0.00146979295540198
709	0.00417452712344897	0.00146940964448816
710	0.0041743437577288	0.00146902687083425
711	0.00417416065335189	0.00146864463293867
712	0.00417397780959334	0.00146826292930614
713	0.00417379522573122	0.00146788175844762
714	0.0041736129010466	0.00146750111888027
715	0.0041734308348235	0.00146712100912744
716	0.00417324902634888	0.00146674142771862
717	0.00417306747491265	0.00146636237318942
718	0.0041728861798076	0.00146598384408153
719	0.00417270514032944	0.00146560583894265
720	0.00417252435577674	0.00146522835632653
721	0.00417234382545094	0.00146485139479288
722	0.00417216354865636	0.00146447495290734
723	0.0041719835247001	0.00146409902924149
724	0.00417180375289211	0.00146372362237277
725	0.00417162423254514	0.00146334873088447
726	0.00417144496297473	0.00146297435336569
727	0.00417126594349918	0.00146260048841131
728	0.00417108717343957	0.00146222713462199
729	0.00417090865211968	0.00146185429060407
730	0.00417073037886607	0.00146148195496961
731	0.00417055235300799	0.0014611101263363
732	0.00417037457387738	0.00146073880332748
733	0.00417019704080887	0.00146036798457208
734	0.00417001975313978	0.00145999766870459
735	0.00416984271021006	0.00145962785436505
736	0.00416966591136232	0.00145925854019899
737	0.00416948935594178	0.00145888972485742
738	0.0041693130432963	0.00145852140699681
739	0.00416913697277631	0.00145815358527903
740	0.00416896114373484	0.00145778625837136
741	0.00416878555552751	0.00145741942494643
742	0.00416861020751248	0.00145705308368218
743	0.00416843509905044	0.00145668723326188
744	0.00416826022950465	0.00145632187237408
745	0.00416808559824087	0.00145595699971255
746	0.00416791120462735	0.00145559261397628
747	0.00416773704803487	0.00145522871386949
748	0.00416756312783665	0.00145486529810151
749	0.00416738944340841	0.00145450236538685
750	0.00416721599412829	0.00145413991444509
751	0.0041670427793769	0.00145377794400092
752	0.00416686979853727	0.00145341645278408
753	0.00416669705099484	0.00145305543952932
754	0.00416652453613745	0.00145269490297641
755	0.00416635225335534	0.00145233484187009
756	0.00416618020204112	0.00145197525496005
757	0.00416600838158978	0.0014516161410009
758	0.00416583679139865	0.00145125797495008
759	0.0041656654308674	0.00145090066799614
760	0.00416549429939804	0.00145054382915088
761	0.00416532339639488	0.00145018745719133
762	0.00416515272126456	0.0014498315508993
763	0.004164982273416	0.00144947610906136
764	0.0041648120522604	0.0014491211304688
765	0.00416464205721122	0.00144876661391765
766	0.0041644722876842	0.00144841255820858
767	0.00416430274309733	0.00144805896214697
768	0.0041641334228708	0.00144770582454281
769	0.00416396432642706	0.0014473531442107
770	0.00416379545319076	0.00144700091996984
771	0.00416362680258875	0.001446649150644
772	0.00416345837405008	0.00144629783506147
773	0.00416329016700595	0.00144594697205509
774	0.00416312218088976	0.00144559656046216
775	0.00416295441513706	0.00144524659912448
776	0.00416278686918554	0.00144489708688828
777	0.00416261954247502	0.00144454802260424
778	0.00416245243444747	0.00144419940512743
779	0.00416228554454693	0.00144385123331728
780	0.00416211887221959	0.00144350350603763
781	0.00416195241691371	0.00144315622215661
782	0.00416178617807963	0.00144280938054669
783	0.00416162015516976	0.00144246298008462
784	0.00416145434763859	0.00144211701965144
785	0.00416128875494264	0.00144177149813241
786	0.00416112337654048	0.00144142641441705
787	0.00416095821189272	0.00144108176739908
788	0.00416079326046197	0.00144073755597637
789	0.00416062852171287	0.00144039377905101
790	0.00416046399511204	0.0014400504355292
791	0.00416029968012812	0.00143970752432126
792	0.0041601355762317	0.00143936504434163
793	0.00415997168289536	0.00143902299450882
794	0.00415980799959364	0.00143868137374541
795	0.00415964452580301	0.00143834018097801
796	0.00415948126100192	0.00143799941513726
797	0.00415931820467072	0.0014376590751578
798	0.0041591553562917	0.00143731915997823
799	0.00415899271534906	0.00143697966854115
800	0.00415883028132889	0.00143664059979306
801	0.0041586680537192	0.00143630195268441
802	0.00415850603200986	0.00143596372616955
803	0.00415834421569264	0.0014356259192067
804	0.00415818260426115	0.00143528853075795
805	0.00415802119721089	0.00143495155978923
806	0.00415785999403919	0.00143461500527031
807	0.00415769899424521	0.00143427886617475
808	0.00415753819732996	0.00143394314147991
809	0.00415737760279626	0.00143360783016691
810	0.00415721721014876	0.00143327293122063
811	0.00415705701889389	0.00143293844362967
812	0.00415689702853989	0.00143260436638637
813	0.0041567372385968	0.00143227069848673
814	0.0041565776485764	0.00143193743893045
815	0.00415641825799228	0.0014316045867209
816	0.00415625906635978	0.00143127214086507
817	0.00415610007319596	0.00143094010037358
818	0.00415594127801968	0.00143060846426067
819	0.0041557826803515	0.00143027723154416
820	0.00415562427971371	0.00142994640124543
821	0.00415546607563034	0.00142961597238944
822	0.0041553080676271	0.00142928594400467
823	0.00415515025523142	0.00142895631512314
824	0.00415499263797244	0.00142862708478033
825	0.00415483521538096	0.00142829825201526
826	0.00415467798698947	0.00142796981587039
827	0.00415452095233213	0.00142764177539163
828	0.00415436411094478	0.00142731412962835
829	0.00415420746236488	0.00142698687763331
830	0.00415405100613157	0.0014266600184627
831	0.0041538947417856	0.00142633392930166
832	0.00415373866886939	0.00142600864197231
833	0.00415358278692695	0.00142568374371108
834	0.00415342709550392	0.00142535923358984
835	0.00415327159414754	0.00142503511068381
836	0.00415311628240666	0.0014247113740715
837	0.00415296115983174	0.0014243880228347
838	0.00415280622597478	0.00142406505605847
839	0.00415265148038941	0.00142374247283113
840	0.00415249692263079	0.00142342027224423
841	0.00415234255225568	0.00142309845339255
842	0.00415218836882237	0.00142277701537405
843	0.0041520343718907	0.00142245595728992
844	0.00415188056102207	0.0014221352782445
845	0.00415172693577941	0.0014218149773453
846	0.00415157349572717	0.00142149505370298
847	0.00415142024043132	0.00142117550643132
848	0.00415126716945935	0.00142085633464724
849	0.00415111428238026	0.00142053753747074
850	0.00415096157876454	0.00142021911402492
851	0.00415080905818417	0.00141990106343595
852	0.00415065672021264	0.00141958338483305
853	0.0041505045644249	0.00141926607734851
854	0.00415035259039737	0.00141894914011763
855	0.00415020079770793	0.00141863257227873
856	0.00415004918593595	0.00141831637297315
857	0.00414989775466223	0.00141800054134518
858	0.004149746503469	0.00141768507654213
859	0.00414959543193996	0.00141736997771425
860	0.00414944453966022	0.00141705524401472
861	0.00414929382621634	0.0014167408745997
862	0.00414914329119626	0.00141642686862823
863	0.00414899293418937	0.00141611322526226
864	0.00414884275478645	0.00141579994366666
865	0.00414869275257969	0.00141548702300917
866	0.00414854292716266	0.00141517446246037
867	0.00414839327813031	0.00141486226119372
868	0.00414824380507901	0.00141455041838553
869	0.00414809450760645	0.00141423893321492
870	0.00414794538531174	0.00141392780486382
871	0.00414779643779532	0.00141361703251698
872	0.004147647664659	0.00141330661536192
873	0.00414749906550593	0.00141299655258896
874	0.00414735063994061	0.00141268684339116
875	0.00414720238756888	0.00141237748696436
876	0.00414705430799791	0.0014120684825071
877	0.0041469064008362	0.00141175982922067
878	0.00414675866569356	0.00141145152630909
879	0.00414661110218112	0.00141114357297905
880	0.00414646370991132	0.00141083596843995
881	0.00414631648849789	0.00141052871190385
882	0.00414616943755588	0.00141022180258549
883	0.00414602255670161	0.00140991523970227
884	0.00414587584555269	0.00140960902247422
885	0.00414572930372802	0.00140930315012399
886	0.00414558293084777	0.00140899762187687
887	0.00414543672653335	0.00140869243696073
888	0.00414529069040748	0.00140838759460607
889	0.0041451448220941	0.00140808309404593
890	0.00414499912121842	0.00140777893451596
891	0.00414485358740688	0.00140747511525435
892	0.00414470822028718	0.00140717163550184
893	0.00414456301948824	0.0014068684945017
894	0.00414441798464021	0.00140656569149975
895	0.00414427311537447	0.0014062632257443
896	0.00414412841132362	0.00140596109648616
897	0.00414398387212146	0.00140565930297867
898	0.00414383949740302	0.00140535784447761
899	0.0041436952868045	0.00140505672024124
900	0.00414355123996333	0.0014047559295303
901	0.00414340735651812	0.00140445547160795
902	0.00414326363610866	0.00140415534573981
903	0.00414312007837592	0.00140385555119392
904	0.00414297668296207	0.00140355608724072
905	0.00414283344951043	0.00140325695315309
906	0.00414269037766548	0.00140295814820626
907	0.00414254746707288	0.00140265967167789
908	0.00414240471737944	0.00140236152284799
909	0.00414226212823312	0.00140206391732208
910	0.00414211969928302	0.00140176714317752
911	0.00414197743017939	0.00140147069379535
912	0.00414183532057362	0.00140117456846672
913	0.00414169337011822	0.00140087876648506
914	0.00414155157846683	0.00140058328714616
915	0.00414140994527421	0.00140028812974805
916	0.00414126847019624	0.00139999329359109
917	0.00414112715288992	0.0013996987779779
918	0.00414098599301335	0.00139940458221337
919	0.00414084499022572	0.00139911070560464
920	0.00414070414418734	0.0013988171474611
921	0.0041405634545596	0.00139852390709439
922	0.00414042292100498	0.00139823098381837
923	0.00414028254318704	0.00139793837694912
924	0.00414014232077043	0.00139764608580492
925	0.00414000225342087	0.00139735410970625
926	0.00413986234080515	0.00139706244797581
927	0.00413972258259112	0.00139677109993844
928	0.00413958297844769	0.00139648006492117
929	0.00413944352804484	0.0013961893422532
930	0.00413930423105359	0.00139589893126586
931	0.00413916508714601	0.00139560883129265
932	0.00413902609599522	0.00139531904166918
933	0.00413888725727537	0.00139502956173321
934	0.00413874857066164	0.0013947403908246
935	0.00413861003583026	0.00139445152828532
936	0.00413847165245845	0.00139416297345943
937	0.0041383334202245	0.0013938747256931
938	0.00413819533880768	0.00139358678433456
939	0.00413805740788828	0.00139329914873413
940	0.00413791962714761	0.00139301181824418
941	0.00413778199626796	0.00139272479221914
942	0.00413764451493266	0.00139243807001548
943	0.00413750718282599	0.00139215165099171
944	0.00413736999963326	0.00139186553450837
945	0.00413723296504074	0.00139157971992802
946	0.0041370960787357	0.00139129420661523
947	0.00413695934040638	0.00139100899393657
948	0.004136822749742	0.00139072408126061
949	0.00413668630643276	0.0013904394679579
950	0.00413655001016981	0.00139015515340098
951	0.00413641386064527	0.00138987113696434
952	0.00413627785755223	0.00138958741802445
953	0.00413614200058471	0.00138930399595972
954	0.0041360062894377	0.00138902087015052
955	0.00413587072380715	0.00138873803997913
956	0.00413573530338992	0.00138845550482978
957	0.00413560002788383	0.00138817326408863
958	0.00413546489698764	0.00138789131714373
959	0.00413532991040103	0.00138760966338504
960	0.00413519506782461	0.00138732830220442
961	0.00413506036895992	0.00138704723299563
962	0.00413492581350941	0.00138676645515429
963	0.00413479140117647	0.00138648596807792
964	0.00413465713166537	0.00138620577116587
965	0.00413452300468131	0.00138592586381939
966	0.00413438901993041	0.00138564624544154
967	0.00413425517711964	0.00138536691543725
968	0.00413412147595693	0.00138508787321329
969	0.00413398791615106	0.00138480911817822
970	0.00413385449741172	0.00138453064974246
971	0.00413372121944948	0.00138425246731822
972	0.0041335880819758	0.00138397457031953
973	0.00413345508470303	0.00138369695816221
974	0.00413332222734436	0.00138341963026387
975	0.00413318950961389	0.0013831425860439
976	0.00413305693122657	0.00138286582492348
977	0.00413292449189823	0.00138258934632554
978	0.00413279219134555	0.00138231314967478
979	0.00413266002928607	0.00138203723439767
980	0.00413252800543819	0.0013817615999224
981	0.00413239611952115	0.00138148624567891
982	0.00413226437125507	0.00138121117109889
983	0.00413213276036088	0.00138093637561573
984	0.00413200128656036	0.00138066185866455
985	0.00413186994957615	0.00138038761968219
986	0.0041317387491317	0.00138011365810719
987	0.0041316076849513	0.00137983997337979
988	0.00413147675676007	0.0013795665649419
989	0.00413134596428395	0.00137929343223716
990	0.00413121530724971	0.00137902057471084
991	0.00413108478538494	0.00137874799180991
992	0.00413095439841803	0.00137847568298299
993	0.0041308241460782	0.00137820417914767
994	0.00413069402809546	0.00137793307734315
995	0.00413056404420064	0.00137766224730596
996	0.00413043419412537	0.00137739168849265
997	0.00413030447760208	0.00137712140036139
998	0.00413017489436399	0.00137685138237198
999	0.00413004544414511	0.00137658163398583
1000	0.00412990301352617	0.0013763161425101
1001	0.00412978694170502	0.00137604294387699
