1	0.833279311395123	0.563887601076653
2	0.820127130972367	0.538285990877823
3	0.811625121443493	0.523230186549427
4	0.80531945506771	0.511414130665981
5	0.800304429428042	0.501083449736296
6	0.797808671347722	0.493598380131616
7	0.794250296528107	0.487322529930541
8	0.791143796067843	0.480879987976601
9	0.788387802944889	0.476220233605011
10	0.785911637542906	0.471066560271088
11	0.783664042088039	0.466381121603967
12	0.781606656053879	0.463130708708532
13	0.779710021691148	0.459165379049292
14	0.777951026012184	0.455482908230997
15	0.776311200479613	0.453069826834956
16	0.774775554763713	0.449847004237564
17	0.77333175505943	0.44681346157184
18	0.771969531567665	0.444952537111734
19	0.77068024247006	0.442237815892214
20	0.769456547272979	0.439658611081397
21	0.768292158166111	0.437202027286706
22	0.767181648052904	0.43584215330007
23	0.766120300426548	0.433598852020887
24	0.765103990602303	0.431448874615563
25	0.7641290907619	0.429384762744218
26	0.763192393302011	0.427399918196354
27	0.762291048410162	0.426455285151961
28	0.761422512812839	0.424612006847647
29	0.760584507379581	0.422832196947876
30	0.759774981808359	0.421111628746002
31	0.758992085019043	0.419446484282604
32	0.75823414018269	0.417833303271741
33	0.75749962354223	0.417218008918987
34	0.756787146354291	0.415699594357105
35	0.756095439416152	0.414224505836664
36	0.755423339746223	0.412790338875165
37	0.754769779068229	0.411394883795168
38	0.754133773813809	0.410036105229676
39	0.753514416409532	0.409644092204415
40	0.752910867655338	0.408353170713228
41	0.752322350034414	0.407093697654862
42	0.751748141821216	0.405864176972591
43	0.751187571876075	0.404663216902641
44	0.750640015032616	0.403489520498812
45	0.750104887998796	0.402341877209456
46	0.749581645704461	0.401219155369587
47	0.750636982109749	0.401035767635708
48	0.750136016214016	0.399959776405315
49	0.749645498053539	0.398905721260947
50	0.749165006026755	0.397872725558968
51	0.748694143455449	0.396859964183291
52	0.748232536661349	0.395866659584237
53	0.747779833224603	0.3948920781909
54	0.747335700403877	0.393935527155528
55	0.746899823700431	0.393895901523114
56	0.7464719055507	0.392973481023963
57	0.746051664133835	0.392067228373037
58	0.745638832282302	0.391176586522853
59	0.745233156485017	0.390301026729761
60	0.744834395973761	0.389440046668195
61	0.744442321884668	0.388593168699425
62	0.744056716487503	0.387759938279843
63	0.743677372476255	0.386939922495516
64	0.743304092315306	0.38613270871116
65	0.742936687636013	0.386222075816561
66	0.742574978679124	0.385439303103727
67	0.742218793778913	0.384668204148962
68	0.741867968885351	0.383908435862979
69	0.741522347120979	0.383159670063413
70	0.741181778369532	0.382421592623504
71	0.740846118893604	0.381693902680699
72	0.740515230978931	0.38097631190019
73	0.740188982603114	0.380268543788858
74	0.739867247126775	0.379570333055561
75	0.739549903005371	0.378881425014037
76	0.73923683352001	0.378201575025072
77	0.738927926525796	0.378399859759343
78	0.738623074216361	0.377737429574305
79	0.738322172903327	0.377083378754712
80	0.738025122809599	0.376437497955031
81	0.737731827875457	0.375799585578568
82	0.737442195576495	0.375169447399684
83	0.737156136752568	0.374546896208758
84	0.736873565446947	0.373931751478277
85	0.736594398754962	0.373323839048549
86	0.736318556681473	0.372722990831691
87	0.736045962006551	0.372129044532607
88	0.735776540158822	0.371541843385826
89	0.73551021909594	0.37181617826938
90	0.735246929191723	0.37124201802332
91	0.734986603129506	0.370674163394977
92	0.734729175801316	0.37011247738691
93	0.734474584212474	0.369556827418524
94	0.734222767391291	0.369007085138212
95	0.733973666303531	0.368463126245385
96	0.733727223771346	0.367924830321762
97	0.733483384396396	0.367392080671358
98	0.733242094486908	0.366864764168625
99	0.733003301988431	0.366342771114266
100	0.732532986784955	0.366198952197671
101	0.732533008801926	0.365314332869617
102	0.732301411615772	0.364807684212631
103	0.732072118728405	0.364305951828987
104	0.731845085347885	0.364650081493901
105	0.731620267970284	0.364157900877864
106	0.731397624330872	0.363670361049579
107	0.731177113357584	0.363187375310765
108	0.730958695126652	0.362708859370248
109	0.730742330820284	0.362234731255667
110	0.730527982686266	0.361764911229191
111	0.730315613999388	0.361299321707034
112	0.730105189024609	0.360837887182558
113	0.729896672981844	0.36038053415278
114	0.729690032012307	0.359927191048099
115	0.729485233146325	0.359477788165075
116	0.729282244272536	0.359032257602114
117	0.729081034108415	0.358590533197887
118	0.72888157217205	0.358152550472364
119	0.728683828755105	0.357718246570329
120	0.728487774896921	0.35811514327222
121	0.728293382359681	0.357688014683499
122	0.728100623604607	0.357264385571158
123	0.727909471769117	0.356844199059673
124	0.727719900644915	0.356427399648933
125	0.727531884656956	0.356013933170257
126	0.727345398843247	0.355603746744132
127	0.727160418835452	0.355196788739634
128	0.726976920840254	0.354793008735423
129	0.726794881621437	0.354392357482251
130	0.726614278482667	0.353994786866912
131	0.726435089250931	0.35360024987757
132	0.726257292260602	0.353208700570395
133	0.726080866338106	0.352820094037456
134	0.725905790787168	0.352434386375813
135	0.7257320453746	0.352051534657745
136	0.725559610316615	0.351671496902087
137	0.725388466265648	0.351294232046596
138	0.725218594297646	0.351734249655808
139	0.725049975899825	0.351362410958357
140	0.724882592958865	0.350993227226381
141	0.724716427749517	0.350626660816458
142	0.724551462923627	0.35026267488014
143	0.72438768149953	0.349901233341721
144	0.724225066851823	0.349542300876786
145	0.724063602701491	0.349185842891485
146	0.72390327310637	0.348831825502532
147	0.723744062451933	0.348480215517874
148	0.723585955442398	0.348130980418016
149	0.723428937092124	0.347784088337972
150	0.723272992717302	0.347439508049818
151	0.72311810792792	0.347097208945824
152	0.722964268619994	0.346757161022135
153	0.722811460968054	0.346419334862992
154	0.722659671417871	0.346083701625461
155	0.722508886679428	0.345750233024658
156	0.722359093720106	0.34541890131944
157	0.722210279758096	0.345089679298562
158	0.722062432256021	0.3455644608277
159	0.721915538914749	0.345239378595392
160	0.721769587667416	0.344916327461035
161	0.721624566673618	0.344595282202998
162	0.721480464313798	0.344276218066554
163	0.721337269183795	0.343959110752425
164	0.721194970089567	0.34364393640568
165	0.721053556042069	0.343330671604963
166	0.72091301625229	0.343019293352053
167	0.720773340126439	0.342709779061728
168	0.72063451726127	0.342402106551939
169	0.720496537439552	0.342096254034267
170	0.720359390625669	0.341792200104667
171	0.720223066961348	0.341489923734478
172	0.720087556761519	0.341189404261695
173	0.719952850510286	0.340890621382496
174	0.719818938857018	0.340593555143012
175	0.719685812612553	0.340298185931326
176	0.719553462745512	0.340004494469708
177	0.71942188037871	0.339712461807061
178	0.719291056785678	0.339422069311588
179	0.719160983387273	0.339133298663656
180	0.719031651748393	0.338846131848861
181	0.718903053574773	0.339350228182565
182	0.718775180709873	0.339066216178736
183	0.718648025131858	0.338783755729693
184	0.718521578950648	0.338502829976341
185	0.718395834405056	0.33822342233289
186	0.718270783860006	0.337945516480979
187	0.718146419803815	0.337669096363958
188	0.718022734845559	0.337394146181323
189	0.717899721712503	0.337120650383294
190	0.717777373247596	0.336848593665537
191	0.71765568240704	0.33657796096403
192	0.717534642257919	0.336308737450054
193	0.717414245975883	0.33604090852532
194	0.717294486842904	0.335774459817216
195	0.717175358245081	0.335509377174183
196	0.717056853670503	0.335245646661202
197	0.716938966707168	0.334983254555402
198	0.716821691040955	0.334722187341769
199	0.716705020453645	0.334462431708978
200	0.716588948820994	0.334203974545311
201	0.716473470110851	0.333946802934695
202	0.716358578381326	0.333690904152819
203	0.716244267779002	0.333436265663367
204	0.716130532537191	0.333182875114325
205	0.716017366974234	0.332930720334389
206	0.715904765491839	0.333457591077185
207	0.71579272257346	0.333207872027323
208	0.715681232782722	0.332959353282249
209	0.715570290761875	0.332712023359252
210	0.715459891230288	0.332465870939614
211	0.71535002898298	0.332220884865502
212	0.715240698889184	0.331977054136933
213	0.715131895890949	0.33173436790881
214	0.715023615001769	0.331492815488029
215	0.714915851305246	0.331252386330648
216	0.714808599953785	0.331013070039134
217	0.714701856167324	0.330774856359655
218	0.714595615232079	0.33053773517945
219	0.714489872499334	0.330301696524251
220	0.714384623384252	0.330066730555768
221	0.714279863364705	0.329832827569224
222	0.714175587980147	0.329599977990953
223	0.714071792830497	0.32936817237605
224	0.713968473575059	0.32913740140607
225	0.713865625931453	0.328907655886781
226	0.713763245674586	0.328678926745964
227	0.71366132863563	0.328451205031269
228	0.713559870701033	0.328224481908107
229	0.713458867811547	0.327998748657598
230	0.713358315961281	0.327773996674554
231	0.713258211196767	0.327550217465517
232	0.713158549616056	0.327327402646826
233	0.713059327367826	0.327871822285204
234	0.712960540650515	0.327650911526357
235	0.712862185711463	0.327430940647038
236	0.712764258846086	0.327211901684344
237	0.712666756397056	0.326993786776143
238	0.712569674753504	0.326776588159379
239	0.712473010350236	0.326560298168418
240	0.71237675966697	0.326344909233421
241	0.712280919227585	0.326130413878755
242	0.712185485599388	0.325916804721438
243	0.712090455392395	0.325704074469613
244	0.711995825258626	0.325492215921055
245	0.711901591891417	0.325281221961709
246	0.711807752024743	0.325071085564252
247	0.711714302432557	0.324861799786696
248	0.711621239928141	0.324653357771005
249	0.711528561363474	0.324445752741753
250	0.711436263628603	0.324238978004795
251	0.711344343651038	0.324033026945981
252	0.711252798395154	0.323827893029878
253	0.711161624861602	0.323623569798534
254	0.711070820086737	0.323420050870248
255	0.710980381142053	0.323217329938385
256	0.710890305133632	0.323015400770195
257	0.710800589201604	0.322814257205669
258	0.710711230519614	0.322613893156407
259	0.7106222262943	0.322414302604515
260	0.710533573764789	0.322215479601521
261	0.710445270202188	0.322017418267309
262	0.7103573129091	0.321820112789076
263	0.710269699219137	0.322378648824472
264	0.710182426496452	0.322182837884187
265	0.710095492135273	0.321987765755217
266	0.710008893559447	0.321793426883973
267	0.709922628221997	0.32159981577925
268	0.709836693604682	0.321406927011296
269	0.709751087217567	0.321214755210903
270	0.709665806598604	0.321023295068505
271	0.709580849313212	0.3208325413333
272	0.70949621295388	0.320642488812388
273	0.70941189513976	0.32045313236992
274	0.709327893516278	0.320264466926265
275	0.709244205754752	0.320076487457195
276	0.709160829552013	0.319889188993081
277	0.709077762630032	0.319702566618105
278	0.708995002735562	0.319516615469483
279	0.708912547639774	0.31933133073671
280	0.708830395137911	0.31914670766081
281	0.708748543048942	0.318962741533603
282	0.708666989215224	0.318779427696985
283	0.708585731502168	0.318596761542221
284	0.708504767797913	0.318414738509247
285	0.708424096013007	0.318233354085993
286	0.708343714080089	0.318052603807703
287	0.708263619953582	0.317872483256286
288	0.708183811609386	0.317692988059659
289	0.708104287044583	0.317514113891116
290	0.708025044277138	0.317335856468699
291	0.707946081345616	0.317158211554586
292	0.707867396308891	0.316981174954484
293	0.707788987245876	0.316804742517035
294	0.707710852255242	0.316628910133234
295	0.707632989455149	0.316453673735852
296	0.707555396982987	0.317023255707004
297	0.707478072995107	0.316849199245262
298	0.707401015666573	0.316675726813324
299	0.707324223190905	0.316502834505521
300	0.707247693779833	0.316330518455234
301	0.707171425663054	0.316158774834372
302	0.707095417087994	0.315987599852867
303	0.707019666319567	0.315816989758164
304	0.706944171639952	0.315646940834735
305	0.706868931348359	0.315477449403589
306	0.706793943760807	0.315308511821798
307	0.706719207209904	0.315140124482023
308	0.706644720044629	0.314972283812056
309	0.706570480630121	0.314804986274363
310	0.706496487347468	0.314638228365635
311	0.706422738593501	0.314472006616354
312	0.706349232780591	0.314306317590354
313	0.706275968336447	0.314141157884395
314	0.706202943703924	0.313976524127748
315	0.706130157340826	0.313812412981778
316	0.706057607719718	0.313648821139542
317	0.705985293327737	0.313485745325383
318	0.705913212666405	0.313323182294543
319	0.705841364251456	0.313161128832772
320	0.705769746612649	0.312999581755947
321	0.705698358293595	0.312838537909698
322	0.705627197851585	0.312677994169037
323	0.705556263857418	0.312517947437996
324	0.705485554895235	0.312358394649266
325	0.705415069562353	0.312199332763847
326	0.705344806469101	0.312040758770699
327	0.705274764238662	0.311882669686403
328	0.705204941506913	0.311725062554819
329	0.705135336922275	0.31156793444676
330	0.705065949145551	0.31141128245966
331	0.704996776849786	0.311255103717258
332	0.706405712563612	0.311099395369275
333	0.706336967596694	0.311677824245113
334	0.706268434200519	0.31152304823767
335	0.706200111095625	0.311368734226628
336	0.706131997014067	0.311214879462578
337	0.706064090699281	0.311061481220579
338	0.705996390905945	0.310908536799872
339	0.705928896399851	0.310756043523595
340	0.705861605957767	0.310603998738499
341	0.705794518367313	0.310452399814676
342	0.705727632426829	0.310301244145279
343	0.705660946945254	0.31015052914626
344	0.705594460741998	0.3100002522561
345	0.70552817264682	0.309850410935552
346	0.705462081499711	0.309701002667379
347	0.705396186150772	0.309552024956106
348	0.705330485460099	0.309403475327762
349	0.705264978297666	0.309255351329643
350	0.705199663543215	0.309107650530062
351	0.705134540086138	0.308960370518111
352	0.705069606825374	0.308813508903426
353	0.705004862669294	0.308667063315956
354	0.704940306535598	0.30852103140573
355	0.704875937351205	0.30837541084263
356	0.704811754052155	0.308230199316175
357	0.704747755583499	0.308085394535291
358	0.704683940899203	0.307940994228104
359	0.704620308962047	0.307796996141718
360	0.704556858743523	0.307653398042009
361	0.704493589223745	0.307510197713417
362	0.704430499391346	0.307367392958738
363	0.704367588243386	0.307224981598924
364	0.704304854785261	0.307082961472882
365	0.704242298030609	0.30694133043728
366	0.70417991700122	0.306800086366349
367	0.704117710726945	0.306659227151695
368	0.70405567824561	0.306518750702109
369	0.70399381860293	0.306378654943381
370	0.70393213085242	0.306238937818113
371	0.703870614055311	0.306099597285544
372	0.703809267280469	0.306684039528855
373	0.703748089604311	0.306545446125155
374	0.703687080110724	0.306407223289892
375	0.703626237890983	0.306269369047074
376	0.703565562043675	0.306131881436471
377	0.703505051674621	0.305994758513451
378	0.703444705896794	0.305857998348811
379	0.703384523830251	0.305721599028616
380	0.703324504602049	0.30558555865404
381	0.70326464734618	0.305449875341204
382	0.703204951203491	0.305314547221023
383	0.703145415321616	0.305179572439047
384	0.703086038854902	0.305044949155314
385	0.703026820964342	0.304910675544197
386	0.702967760817504	0.304776749794252
387	0.702908857588461	0.304643170108079
388	0.702850110457727	0.304509934702169
389	0.702791518612188	0.304377041806769
390	0.702733081245036	0.304244489665735
391	0.702674797555708	0.304112276536394
392	0.702616666749814	0.30398040068941
393	0.702558688039084	0.303848860408644
394	0.702500860641296	0.303717653991022
395	0.702443183780221	0.303586779746403
396	0.702385656685557	0.303456235997447
397	0.702328278592876	0.303326021079489
398	0.702271048743556	0.303196133340407
399	0.702213966384728	0.3030665711405
400	0.702157030769218	0.302937332852363
401	0.702100241155486	0.302808416860763
402	0.702043596807575	0.302679821562521
403	0.701987096995051	0.302551545366388
404	0.701930740992949	0.30242358669293
405	0.701874528081721	0.302295943974411
406	0.701818457547178	0.302168615654676
407	0.70176252868044	0.302041600189041
408	0.701706740777885	0.301914896044176
409	0.701651093141094	0.301788501697996
410	0.7015955850768	0.301662415639552
411	0.701540215896841	0.301536636368923
412	0.701484984918106	0.301411162397105
413	0.701429891462491	0.301285992245911
414	0.701374934856842	0.301161124447862
415	0.701320114432917	0.301749987394614
416	0.70126542952733	0.301625719942837
417	0.70121087948151	0.301501750505002
418	0.701156463641651	0.301378077655451
419	0.701102181358668	0.301254699978731
420	0.701048031988152	0.301131616069495
421	0.700994014890324	0.301008824532413
422	0.700940129429991	0.300886323982071
423	0.700886374976503	0.300764113042878
424	0.70083275090371	0.300642190348976
425	0.700779256589921	0.300520554544146
426	0.700725891417857	0.300399204281717
427	0.700672654774613	0.300278138224481
428	0.700619546051618	0.300157355044599
429	0.700566564644591	0.300036853423516
430	0.700513709953504	0.299916632051875
431	0.700460981382538	0.299796689629434
432	0.700408378340051	0.299677024864975
433	0.70035590023853	0.299557636476227
434	0.700303546494561	0.29943852318978
435	0.700251316528786	0.299319683741006
436	0.700199209765867	0.299201116873976
437	0.700147225634449	0.299082821341383
438	0.700095363567125	0.29896479590446
439	0.700043623000396	0.298847039332904
440	0.699992003374639	0.298729550404803
441	0.699940504134071	0.29861232790655
442	0.699889124726711	0.298495370632778
443	0.699837864604349	0.298378677386281
444	0.699786723222511	0.298262246977939
445	0.699735700040423	0.298146078226649
446	0.699684794520981	0.298030169959251
447	0.699634006130716	0.297914521010458
448	0.69958333433976	0.297799130222783
449	0.699532778621817	0.297683996446473
450	0.69948233845413	0.297569118539439
451	0.699432013317447	0.297454495367187
452	0.699381802695993	0.297340125802753
453	0.699331706077436	0.297226008726633
454	0.699281722952861	0.297112143026722
455	0.699231852816735	0.296998527598244
456	0.699182095166878	0.296885161343693
457	0.699132449504438	0.296772043172763
458	0.699082915333855	0.296659172002291
459	0.699033492162839	0.296546546756191
460	0.698984179502334	0.296434166365397
461	0.698934976866496	0.296322029767795
462	0.698885883772663	0.296913858929995
463	0.698836899741325	0.296802206760037
464	0.698788024296101	0.296690795238071
465	0.698739256963707	0.296579623329212
466	0.698690597273936	0.296468690005239
467	0.698642044759622	0.296357994244532
468	0.698593598956623	0.296247535032021
469	0.698545259403791	0.296137311359127
470	0.698497025642944	0.296027322223708
471	0.698448897218846	0.295917566630005
472	0.698400873679177	0.295808043588586
473	0.698352954574513	0.295698752116293
474	0.698305139458296	0.29558969123619
475	0.698257427886814	0.295480859977512
476	0.698209819419175	0.295372257375609
477	0.698162313617284	0.295263882471898
478	0.698114910045817	0.295155734313811
479	0.698067608272202	0.295047811954745
480	0.698020407866594	0.294940114454013
481	0.69797330840185	0.294832640876793
482	0.697926309453509	0.294725390294083
483	0.69787941059977	0.294618361782648
484	0.697832611421467	0.294511554424975
485	0.69778591150205	0.294404967309226
486	0.697739310427563	0.294298599529191
487	0.69769280778662	0.294192450184241
488	0.697646403170388	0.294086518379283
489	0.697600096172562	0.293980803224715
490	0.697553886389345	0.293875303836379
491	0.697507773419432	0.293770019335521
492	0.697461756863981	0.293664948848744
493	0.697415836326603	0.293560091507962
494	0.697370011413332	0.293455446450363
495	0.697324281732614	0.293351012818364
496	0.697278646895281	0.293246789759565
497	0.697233106514536	0.293142776426713
498	0.697187660205931	0.293038971977658
499	0.69714230758735	0.292935375575311
500	0.697097048278988	0.292831986387606
501	0.697051881903336	0.292728803587459
502	0.697006808085158	0.292625826352726
503	0.696961826451476	0.292523053866168
504	0.696916936631553	0.292420485315408
505	0.69687213825687	0.292318119892897
506	0.696827430961115	0.292215956795869
507	0.69678281438016	0.292113995226311
508	0.696738288152047	0.292012234390921
509	0.696693851916969	0.291910673501071
510	0.696649505317254	0.291809311772772
511	0.696605247997347	0.291708148426637
512	0.696561079603797	0.291607182687846
513	0.696516999785234	0.292200690578684
514	0.696473008192359	0.292100117748262
515	0.696429104477925	0.291999740227763
516	0.696385288296721	0.291899557260276
517	0.696341559305555	0.291799568093285
518	0.696297917163242	0.29169977197863
519	0.696254361530586	0.291600168172474
520	0.696210892070362	0.291500755935272
521	0.696167508447307	0.291401534531737
522	0.6961242103281	0.291302503230806
523	0.696080997381347	0.291203661305609
524	0.696037869277571	0.291105008033438
525	0.69599482568919	0.291006542695714
526	0.69595186629051	0.290908264577956
527	0.695908990757705	0.290810172969747
528	0.695866198768805	0.290712267164709
529	0.695823490003683	0.290614546460469
530	0.695780864144037	0.290517010158627
531	0.695738320873383	0.290419657564731
532	0.695695859877033	0.290322487988243
533	0.695653480842088	0.29022550074251
534	0.69561118345742	0.290128695144739
535	0.695568967413664	0.290032070515963
536	0.695526832403198	0.289935626181016
537	0.695484778120136	0.289839361468501
538	0.695442804260311	0.289743275710767
539	0.695400910521263	0.289647368243878
540	0.69535909660223	0.289551638407584
541	0.695317362204128	0.289456085545299
542	0.695275707029546	0.289360709004068
543	0.695234130782729	0.289265508134544
544	0.695192633169568	0.289170482290961
545	0.695151213897585	0.289075630831107
546	0.695109872675926	0.288980953116296
547	0.695068609215344	0.288886448511348
548	0.695027423228188	0.288792116384558
549	0.694986314428396	0.288697956107671
550	0.694945282531477	0.288603967055861
551	0.694904327254504	0.288510148607702
552	0.694863448316099	0.288416500145146
553	0.694822645436425	0.288323021053494
554	0.694781918337175	0.288229710721381
555	0.694741266741557	0.288136568540741
556	0.694700690374287	0.288043593906791
557	0.694660188961575	0.287950786218005
558	0.694619762231117	0.287858144876089
559	0.694579409912083	0.287765669285962
560	0.694539131735107	0.287673358855727
561	0.694498927432273	0.287581212996656
562	0.694458796737112	0.287489231123159
563	0.694418739384585	0.287397412652769
564	0.694378755111074	0.287305757006116
565	0.694338843654374	0.287214263606905
566	0.694299004753683	0.287122931881896
567	0.694259238149589	0.287716842066171
568	0.694219543584063	0.287625831982003
569	0.694179920800448	0.287534981870427
570	0.69414036954345	0.287444291170205
571	0.694100889559128	0.28735375932305
572	0.694061480594883	0.2872633857736
573	0.694022142399453	0.287173169969401
574	0.693982874722897	0.287083111360886
575	0.693943677316592	0.286993209401356
576	0.693904549933221	0.286903463546957
577	0.693865492326763	0.286813873256664
578	0.693826504252485	0.28672443799226
579	0.693787585466935	0.286635157218314
580	0.693748735727928	0.286546030402166
581	0.693709954794544	0.286457057013905
582	0.693671242427114	0.286368236526354
583	0.693632598387212	0.286279568415044
584	0.693594022437649	0.286191052158202
585	0.693555514342462	0.286102687236731
586	0.693517073866908	0.286014473134191
587	0.693478700777453	0.28592640933678
588	0.693440394841764	0.285838495333317
589	0.693402155828705	0.285750730615226
590	0.693363983508321	0.285663114676515
591	0.693325877651839	0.28557564701376
592	0.693287838031651	0.285488327126091
593	0.693249864421315	0.285401154515166
594	0.693211956595539	0.285314128685165
595	0.693174114330179	0.285227249142765
596	0.693136337402228	0.285140515397125
597	0.693098625589811	0.285053926959872
598	0.693060978672173	0.284967483345083
599	0.693023396429677	0.284881184069266
600	0.692985878643793	0.284795028651348
601	0.69294842509709	0.284709016612656
602	0.692911035573233	0.284623147476904
603	0.692873709856969	0.284537420770174
604	0.692836447734126	0.284451836020901
605	0.692799248991603	0.284366392759858
606	0.692762113417363	0.284281090520143
607	0.692725040800426	0.284195928837158
608	0.692688030930862	0.284110907248599
609	0.692651083599784	0.28402602529444
610	0.692614198599342	0.283941282516914
611	0.692577375722715	0.283856678460504
612	0.692540614764106	0.283772212671925
613	0.692503915518731	0.283687884700111
614	0.692467277782819	0.283603694096197
615	0.692430701353599	0.283519640413509
616	0.692394186029297	0.283435723207549
617	0.692357731609129	0.283351942035978
618	0.692321337893294	0.283268296458605
619	0.692285004682968	0.283184786037373
620	0.692248731780298	0.283101410336342
621	0.692212518988393	0.283018168921681
622	0.692176366111324	0.282935061361648
623	0.692140272954109	0.282852087226581
624	0.692104239322714	0.282769246088885
625	0.692068265024046	0.282686537523014
626	0.692032349865944	0.283280086351591
627	0.691996493657173	0.283197641660921
628	0.691960696207422	0.283115328277626
629	0.691924957327295	0.283033145784241
630	0.691889276828304	0.282951093765289
631	0.691853654522869	0.282869171807266
632	0.691818090224304	0.282787379498632
633	0.691782583746819	0.282705716429797
634	0.691747134905507	0.282624182193109
635	0.691711743516346	0.282542776382842
636	0.691676409396188	0.282461498595182
637	0.691641132362755	0.28238034842822
638	0.691605912234634	0.282299325481932
639	0.691570748831272	0.282218429358175
640	0.691535641972967	0.282137659660671
641	0.691500591480869	0.282057015994997
642	0.69146559717697	0.281976497968573
643	0.691430658884097	0.281896105190649
644	0.691395776425914	0.281815837272296
645	0.69136094962691	0.281735693826393
646	0.691326178312396	0.281655674467619
647	0.691291462308501	0.281575778812437
648	0.691256801442165	0.281496006479086
649	0.691222195541137	0.28141635708757
650	0.691187644433967	0.281336830259645
651	0.691153147950001	0.281257425618812
652	0.691118705919378	0.281178142790303
653	0.691084318173024	0.281098981401072
654	0.691049984542649	0.281019941079783
655	0.691015704860738	0.280941021456802
656	0.690981478960551	0.280862222164184
657	0.690947306676114	0.280783542835665
658	0.690913187842219	0.28070498310665
659	0.690879122294414	0.280626542614204
660	0.690845109869004	0.28054822099704
661	0.69081115040304	0.280470017895513
662	0.690777243734321	0.280391932951605
663	0.690743389701386	0.280313965808921
664	0.690709588143508	0.280236116112672
665	0.690675838900694	0.280158383509674
666	0.690642141813675	0.280080767648329
667	0.690608496723908	0.280003268178623
668	0.690574903473566	0.279925884752114
669	0.690541361905538	0.279848617021921
670	0.69050787186342	0.279771464642717
671	0.690474433191515	0.279694427270718
672	0.690441045734829	0.279617504563674
673	0.690407709339061	0.279540696180863
674	0.690374423850607	0.279464001783076
675	0.690341189116548	0.279387421032614
676	0.690308004984653	0.279310953593275
677	0.690274871303369	0.279234599130349
678	0.690241787921821	0.279158357310603
679	0.690208754689806	0.279082227802279
680	0.690175771457789	0.279006210275082
681	0.690142838076901	0.278930304400171
682	0.690109954398932	0.278854509850152
683	0.690077120276331	0.27877882629907
684	0.690044335562196	0.278703253422396
685	0.690011600110279	0.278627790897026
686	0.689978913774973	0.278552438401267
687	0.689946276411314	0.278477195614831
688	0.689913687874978	0.278402062218825
689	0.689881148022271	0.278327037895747
690	0.689848656710133	0.278919523137155
691	0.689816213796126	0.278844716012966
692	0.689783819138441	0.278770017017444
693	0.689751472595882	0.278695425838558
694	0.689719174027875	0.278620942165629
695	0.689686923294452	0.278546565689314
696	0.689654720256259	0.278472296101608
697	0.689622564774545	0.278398133095828
698	0.689590456711158	0.278324076366611
699	0.68955839592855	0.278250125609903
700	0.689526382289761	0.278176280522955
701	0.689494415658429	0.278102540804311
702	0.689462495898775	0.278028906153805
703	0.689430622875606	0.277955376272551
704	0.689398796454311	0.277881950862937
705	0.689367016500856	0.277808629628616
706	0.689335282881782	0.277735412274502
707	0.689303595464203	0.277662298506759
708	0.689271954115797	0.277589288032798
709	0.68924035870481	0.277516380561267
710	0.68920880910005	0.277443575802043
711	0.689177305170881	0.277370873466231
712	0.689145846787225	0.27729827326615
713	0.689114433819554	0.27722577491533
714	0.68908306613889	0.277153378128504
715	0.689051743616801	0.277081082621604
716	0.689020466125398	0.27700888811175
717	0.688989233537332	0.276936794317246
718	0.688958045725791	0.276864800957573
719	0.688926902564495	0.276792907753382
720	0.688895803927698	0.276721114426489
721	0.688864749690178	0.276649420699865
722	0.688833739727242	0.276577826297635
723	0.688802773914716	0.276506330945066
724	0.688771852128946	0.276434934368564
725	0.688740974246796	0.276363636295668
726	0.68871014014564	0.276292436455041
727	0.688679349703365	0.276221334576468
728	0.688648602798365	0.276150330390845
729	0.688617899309538	0.276079423630177
730	0.688587239116287	0.276008614027568
731	0.688556622098511	0.27593790131722
732	0.688526048136607	0.275867285234422
733	0.688495517111466	0.275796765515548
734	0.688465028904469	0.275726341898049
735	0.688434583397489	0.275656014120445
736	0.68840418047288	0.275585781922326
737	0.688373820013482	0.275515645044338
738	0.688343501902615	0.275445603228184
739	0.688313226024076	0.275375656216613
740	0.68828299226214	0.27530580375342
741	0.688252800501551	0.275236045583433
742	0.688222650627526	0.275166381452515
743	0.688192542525748	0.275096811107554
744	0.688162476082366	0.275027334296458
745	0.688132451183991	0.274957950768151
746	0.688102467717694	0.274888660272564
747	0.688072525571004	0.274819462560636
748	0.688042624631905	0.274750357384302
749	0.688012764788834	0.274681344496491
750	0.687982945930677	0.274612423651122
751	0.687953167946769	0.274543594603094
752	0.68792343072689	0.274474857108286
753	0.687893734161264	0.274406210923548
754	0.687864078140554	0.274337655806699
755	0.687834462555862	0.274269191516517
756	0.687804887298726	0.274200817812742
757	0.687775352261119	0.274132534456062
758	0.687745857335443	0.274723239864936
759	0.687716402414531	0.274655136488323
760	0.687686987391642	0.274587122746535
761	0.687657612160459	0.274519198404021
762	0.687628276615089	0.274451363226154
763	0.687598980650057	0.274383616979232
764	0.687569724160308	0.274315959430471
765	0.687540507041201	0.274248390347998
766	0.687511329188509	0.274180909500849
767	0.687482190498417	0.274113516658962
768	0.687453090867517	0.274046211593176
769	0.687424030192812	0.273978994075221
770	0.687395008371705	0.27391186387772
771	0.687366025302006	0.273844820774176
772	0.687337080881924	0.273777864538976
773	0.687308175010065	0.273710994947381
774	0.687279307585434	0.273644211775522
775	0.687250478507429	0.273577514800399
776	0.687221687675842	0.273510903799871
777	0.687192934990852	0.273444378552656
778	0.687164220353031	0.273377938838327
779	0.687135543663334	0.273311584437303
780	0.687106904823102	0.273245315130848
781	0.687078303734056	0.273179130701068
782	0.6870497402983	0.273113030930902
783	0.687021214418316	0.273047015604124
784	0.686992725996962	0.272981084505331
785	0.68696427493747	0.272915237419947
786	0.686935861143445	0.272849474134213
787	0.686907484518864	0.272783794435185
788	0.686879144968071	0.27271819811073
789	0.686850842395779	0.272652684949521
790	0.686822576707064	0.272587254741033
791	0.686794347807366	0.272521907275542
792	0.686766155602487	0.272456642344114
793	0.686737999998588	0.27239145973861
794	0.686709880902187	0.272326359251673
795	0.686681798220161	0.272261340676732
796	0.686653751859737	0.272196403807991
797	0.686625741728497	0.272131548440432
798	0.686597767734373	0.272066774369806
799	0.686569829785645	0.272002081392631
800	0.686541927790941	0.271937469306187
801	0.686514061659234	0.271872937908515
802	0.68648623129984	0.271808486998409
803	0.686458436622418	0.271744116375418
804	0.686430677536967	0.271679825839836
805	0.686402953953822	0.271615615192701
806	0.686375265783658	0.271551484235795
807	0.686347612937483	0.271487432771632
808	0.68631999532664	0.271423460603464
809	0.686292412862802	0.271359567535268
810	0.686264865457973	0.271295753371749
811	0.686237353024485	0.271232017918336
812	0.686209875474998	0.271168360981174
813	0.686182432722496	0.271104782367124
814	0.686155024680286	0.271041281883761
815	0.686127651261999	0.270977859339364
816	0.686100312381584	0.270914514542921
817	0.686073007953312	0.270851247304118
818	0.686045737891767	0.270788057433341
819	0.686018502111852	0.270724944741671
820	0.685991300528784	0.270661909040877
821	0.685964133058091	0.27059895014342
822	0.685936999615612	0.27053606786244
823	0.685909900117498	0.270473262011764
824	0.685882834480205	0.270410532405893
825	0.685855802620498	0.270347878860003
826	0.685828804455444	0.270285301189941
827	0.685801839902418	0.270222799212224
828	0.685774908879093	0.270160372744032
829	0.685748011303444	0.270098021603206
830	0.685721147093747	0.270035745608246
831	0.685694316168572	0.270624154983249
832	0.685667518446788	0.270562028738162
833	0.685640753847558	0.27049997709836
834	0.685614022290339	0.270437999884945
835	0.685587323694879	0.270376096919662
836	0.685560657981217	0.270314268024895
837	0.685534025069681	0.270252513023665
838	0.685507424880888	0.270190831739627
839	0.68548085733574	0.270129223997065
840	0.685454322355424	0.270067689620891
841	0.685427819861412	0.270006228436643
842	0.685401349775456	0.269944840270478
843	0.685374912019592	0.269883524949174
844	0.685348506516133	0.269822282300123
845	0.685322133187673	0.269761112151331
846	0.685295791957079	0.269700014331413
847	0.685269482747497	0.269638988669591
848	0.685243205482347	0.269578034995691
849	0.685216960085321	0.269517153140142
850	0.685190746480383	0.269456342933968
851	0.685164564591767	0.269395604208791
852	0.685138414343978	0.269334936796827
853	0.685112295661787	0.269274340530879
854	0.685086208470233	0.269213815244339
855	0.685060152694619	0.269153360771183
856	0.685034128260513	0.26909297694597
857	0.685008135093746	0.269032663603837
858	0.68498217312041	0.268972420580497
859	0.684956242266859	0.268912247712238
860	0.684930342459705	0.268852144835917
861	0.684904473625817	0.268792111788962
862	0.684878635692323	0.268732148409365
863	0.684852828586606	0.268672254535681
864	0.684827052236302	0.268612430007027
865	0.684801306569302	0.268552674663076
866	0.684775591513749	0.268492988344058
867	0.684749906998035	0.268433370890756
868	0.684724252950803	0.2683738221445
869	0.684698629300945	0.268314341947172
870	0.6846730359776	0.268254930141197
871	0.684647472910152	0.268195586569542
872	0.684621940028234	0.268136311075716
873	0.684596437261718	0.268077103503764
874	0.684570964540723	0.268017963698268
875	0.684545521795606	0.267958891504342
876	0.684520108956969	0.26789988676763
877	0.684494725955649	0.267840949334304
878	0.684469372722726	0.267782079051062
879	0.684444049189513	0.267723275765125
880	0.684418755287562	0.267664539324235
881	0.68439349094866	0.267605869576652
882	0.684368256104827	0.267547266371152
883	0.684343050688317	0.267488729557025
884	0.684317874631616	0.267430258984074
885	0.68429272786744	0.267371854502607
886	0.684267610328736	0.267313515963443
887	0.684242521948679	0.267255243217903
888	0.684217462660672	0.267197036117812
889	0.684192432398345	0.267138894515493
890	0.684167431095554	0.267080818263769
891	0.684142458686379	0.267022807215956
892	0.684117515105125	0.266964861225866
893	0.684092600286317	0.266906980147799
894	0.684067714164705	0.266849163836547
895	0.684042856675258	0.266791412147386
896	0.684018027753165	0.266733724936079
897	0.683993227333833	0.266676102058869
898	0.683968455352888	0.266618543372481
899	0.683943711746172	0.266561048734116
900	0.683918996449743	0.266503618001455
901	0.683894309399873	0.266446251032648
902	0.683869650533049	0.266388947686319
903	0.683845019785972	0.266331707821562
904	0.683820417095552	0.266274531297938
905	0.683795842398912	0.266217417975474
906	0.683771295633385	0.26616036771466
907	0.683746776736513	0.266103380376446
908	0.683722285646045	0.266046455822245
909	0.68369782229994	0.26663212199417
910	0.68367338663636	0.26657532259407
911	0.683648978593675	0.266518585564951
912	0.68362459811046	0.266461910770039
913	0.683600245125491	0.266405298073014
914	0.683575919577748	0.266348747338
915	0.683551621406415	0.266292258429568
916	0.683527350550873	0.266235831212731
917	0.683503106950707	0.266179465552944
918	0.683478890545699	0.266123161316104
919	0.68345470127583	0.266066918368543
920	0.683430539081278	0.266010736577029
921	0.683406403902418	0.265954615808765
922	0.68338229567982	0.265898555931386
923	0.683358214354251	0.265842556812957
924	0.683334159866671	0.265786618321971
925	0.683310132158231	0.265730740327348
926	0.683286131170279	0.265674922698431
927	0.683262156844349	0.265619165304989
928	0.683238209122171	0.265563468017208
929	0.683214287945662	0.265507830705697
930	0.683190393256927	0.26545225324148
931	0.683166524998262	0.265396735495997
932	0.68314268311215	0.265341277341101
933	0.683118867541259	0.26528587864906
934	0.683095078228443	0.265230539292548
935	0.683071315116743	0.265175259144651
936	0.683047578149383	0.265120038078861
937	0.683023867269769	0.265064875969073
938	0.683000182421492	0.265009772689587
939	0.682976523548324	0.264954728115104
940	0.682952890594218	0.264899742120726
941	0.682929283503307	0.264844814581952
942	0.682905702219903	0.264789945374678
943	0.682882146688499	0.264735134375193
944	0.682858616853764	0.264680381460182
945	0.682835112660545	0.26462568650672
946	0.682811634053865	0.264571049392272
947	0.682788180978924	0.26451646999469
948	0.682764753381095	0.264461948192214
949	0.682741351205927	0.264407483863469
950	0.682717974399141	0.264353076887462
951	0.682694622906633	0.264298727143582
952	0.682671296674469	0.264244434511599
953	0.682647995648888	0.26419019887166
954	0.682624719776297	0.264136020104291
955	0.682601469003275	0.26408189809039
956	0.682578243276571	0.264027832711232
957	0.682555042543099	0.263973823848463
958	0.682531866749945	0.263919871384098
959	0.682508715844359	0.263865975200524
960	0.682485589773758	0.263812135180492
961	0.682462488485725	0.263758351207123
962	0.682439411928009	0.263704623163899
963	0.682416360048521	0.263650950934667
964	0.682393332795336	0.263597334403634
965	0.682370330116695	0.263543773455369
966	0.682347351960997	0.263490267974797
967	0.682324398276805	0.263436817847201
968	0.682301469012842	0.26338342295822
969	0.682278564117992	0.263330083193848
970	0.682255683541298	0.263276798440428
971	0.682232827231961	0.263223568584658
972	0.682209995139341	0.263170393513583
973	0.682187187212957	0.263117273114598
974	0.682164403402482	0.263064207275443
975	0.682141643657748	0.263011195884206
976	0.682118907928741	0.262958238829316
977	0.682096196165602	0.262905335999547
978	0.682073508318628	0.262852487284012
979	0.682050844338267	0.262799692572166
980	0.682028204175121	0.2627469517538
981	0.682005587779947	0.262694264719045
982	0.681982995103651	0.262641631358364
983	0.68196042609729	0.262589051562558
984	0.681937880712074	0.262536525222757
985	0.68191535889936	0.262484052230426
986	0.681892860610657	0.262431632477359
987	0.681870385797622	0.262379265855678
988	0.681847934412058	0.262326952257833
989	0.681825506405918	0.262274691576601
990	0.681803101731302	0.262222483705083
991	0.681780720340454	0.262170328536704
992	0.681758362185766	0.26211822596521
993	0.681736027219776	0.262700819986912
994	0.681713715395162	0.26264882229173
995	0.681691426664751	0.262596876876596
996	0.68166916098151	0.262544983636533
997	0.681646918298552	0.262493142466881
998	0.681624698569129	0.262441353263293
999	0.681602501746636	0.262389615921737
1000	0.682054791742904	0.262184272655361
1001	0.681558176636725	0.262286296410148
