1	0	0.00321683800690333
2	0	0.00426258326707977
3	0	0.00480944290839402
4	0	0.00534546154601345
5	0	0.0056410042199707
6	0	0.00587707896061188
7	0	0.00625108418559284
8	0	0.00642187868818434
9	0	0.00656969989263448
10	0	0.00669956564759665
11	0	0.0070097499786467
12	0	0.00711640664329402
13	0	0.00721298276529238
14	0	0.00730105132429916
15	0	0.00738185302685281
16	0	0.00745638299230937
17	0	0.00752545097018507
18	0	0.00780054802700478
19	0	0.00786225022903207
20	0	0.00792007676492645
21	0	0.00797443581050201
22	0	0.0080256766162452
23	0	0.0080741001594606
24	0	0.00811996750895702
25	0	0.00816350646583985
26	0	0.00820491688855171
27	0	0.0082443750019943
28	0	0.00850587437640067
29	0	0.00854285210338667
30	0	0.00857825512104437
31	0	0.00861219765349867
32	0	0.00864478246472831
33	0	0.00867610231010234
34	0	0.00870624116766477
35	0	0.00873527528785243
36	0	0.00876327409265641
37	0	0.00879030094924991
38	0	0.0088164138384022
39	0	0.00884166593427593
40	0	0.00886610610924212
41	0	0.00888977937496982
42	0	0.00914727170733057
43	0	0.00917011846721341
44	0	0.00919229668648127
45	0	0.0092138402352429
46	0	0.0092347805893729
47	0	0.00925514704553417
48	0	0.0092749669129326
49	0	0.00929426568473586
50	0	0.00931306719166713
51	0	0.00933139373993284
52	0	0.00934926623534647
53	0	0.0093667042952578
54	0	0.00938372634968494
55	0	0.00940034973286284
56	0	0.00941659076626796
57	0	0.00943246483404476
58	0	0.00944798645164506
59	0	0.0094631693283935
60	0	0.009478026424606
61	0	0.00973596847472991
62	0	0.00975057533332576
63	0	0.00976488383986153
64	0	0.00977890470678063
65	0	0.00979264810517435
66	0	0.00980612369974309
67	0	0.00981934068102431
68	0	0.00983230779513716
69	0	0.00984503337126718
70	0	0.00985752534709214
71	0	0.00986979129232952
72	0	0.00988183843056756
73	0	0.00989367365952669
74	0	0.00990530356988313
75	0	0.00991673446277423
76	0	0.0099279723660936
77	0	0.00993902304967391
78	0	0.00994989203944638
79	0	0.00996058463065745
80	0	0.00997110590021683
81	0	0.00998146071824292
82	0	0.0099916537588673
83	0	0.010001689510354
84	0	0.0100115722845842
85	0	0.0100213062259531
86	0	0.0100308953197221
87	0	0.0100403433998642
88	0	0.010300894946336
89	0	0.0103103013627767
90	0	0.0103195741725762
91	0	0.0103287167565564
92	0	0.0103377323740907
93	0	0.0103466241687118
94	0	0.0103553951734057
95	0	0.0103640483156104
96	0	0.0103725864219402
97	0	0.0103810122226532
98	0	0.010389328355877
99	0	0.0103975373716093
100	0	0.0104376519958747
101	0	0.0104136438324803
102	0	0.0104215459700899
103	0	0.0104293503817851
104	0	0.0104370592299653
105	0	0.0104446746088926
106	0	0.0104521985474571
107	0	0.0104596330118072
108	0	0.010466979907849
109	0	0.010474241083626
110	0	0.0104814183315836
111	0	0.0104885133907254
112	0	0.0104955279486681
113	0	0.0105024636435994
114	0	0.010509322066146
115	0	0.0105161047611542
116	0	0.0105228132293907
117	0	0.0105294489291647
118	0	0.0105360132778789
119	0	0.0105425076535099
120	0	0.0105489333960245
121	0	0.0105552918087328
122	0	0.0105615841595835
123	0	0.0105678116824027
124	0	0.010831876998676
125	0	0.0108381272549801
126	0	0.0108443146959598
127	0	0.0108504404573637
128	0	0.01085650564557
129	0	0.0108625113385683
130	0	0.010868458586901
131	0	0.0108743484145669
132	0	0.0108801818198881
133	0	0.0108859597763425
134	0	0.0108916832333634
135	0	0.0108973531171075
136	0	0.0109029703311934
137	0	0.0109085357574103
138	0	0.0109140502564011
139	0	0.0109195146683183
140	0	0.0109249298134548
141	0	0.0109302964928521
142	0	0.0109356154888848
143	0	0.0109408875658237
144	0	0.0109461134703779
145	0	0.0109512939322177
146	0	0.0109564296644779
147	0	0.0109615213642428
148	0	0.0109665697130143
149	0	0.010971575377163
150	0	0.0109765390083635
151	0	0.010981461244014
152	0	0.0109863427076418
153	0	0.0109911840092944
154	0	0.0109959857459169
155	0	0.0110007485017169
156	0	0.0110054728485168
157	0	0.011010159346094
158	0	0.01101480854251
159	0	0.011019420974428
160	0	0.0110239971674207
161	0	0.011028537636267
162	0	0.0110330428852399
163	0	0.0110375134083845
164	0	0.0110419496897866
165	0	0.0110463522038339
166	0	0.0110507214154674
167	0	0.0110550577804257
168	0	0.0110593617454815
169	0	0.0110636337486701
170	0	0.0110678742195115
171	0	0.0110720835792249
172	0	0.0113399824518604
173	0	0.0113442295932437
174	0	0.0113484461275936
175	0	0.011352632454233
176	0	0.0113567889649891
177	0	0.0113609160443761
178	0	0.0113650140697726
179	0	0.0113690834115933
180	0	0.0113731244334562
181	0	0.0113771374923441
182	0	0.0113811229387626
183	0	0.0113850811168919
184	0	0.0113890123647357
185	0	0.0113929170142652
186	0	0.0113967953915584
187	0	0.0114006478169369
188	0	0.0114044746050972
189	0	0.0114082760652394
190	0	0.011412052501192
191	0	0.0114158042115332
192	0	0.0114195314897085
193	0	0.0114232346241458
194	0	0.0114269138983669
195	0	0.0114305695910955
196	0	0.0114342019763635
197	0	0.0114378113236131
198	0	0.0114413978977971
199	0	0.011444961959476
200	0	0.0114485037649128
201	0	0.0114520235661651
202	0	0.0114555216111748
203	0	0.0114589981438557
204	0	0.0114624534041785
205	0	0.0114658876282539
206	0	0.011469301048413
207	0	0.0114726938932864
208	0	0.0114760663878806
209	0	0.011479418753653
210	0	0.0114827512085846
211	0	0.011486063967251
212	0	0.0114893572408918
213	0	0.0114926312374777
214	0	0.0114958861617769
215	0	0.011499122215419
216	0	0.0115023395969575
217	0	0.0115055385019309
218	0	0.0115087191229228
219	0	0.0115118816496193
220	0	0.0115150262688664
221	0	0.0115181531647249
222	0	0.0115212625185246
223	0	0.0115243545089172
224	0	0.0115274293119278
225	0	0.0115304871010049
226	0	0.0115335280470699
227	0	0.0115365523185649
228	0	0.0115395600814994
229	0	0.0115425514994962
230	0	0.0115455267338362
231	0	0.0115484859435018
232	0	0.0115514292852198
233	0	0.0115543569135031
234	0	0.0118260424351846
235	0	0.0118290064565844
236	0	0.0118319548602506
237	0	0.0118348877956352
238	0	0.0118378054101239
239	0	0.0118407078490736
240	0	0.0118435952558488
241	0	0.0118464677718567
242	0	0.0118493255365826
243	0	0.0118521686876237
244	0	0.0118549973607224
245	0	0.0118578116897989
246	0	0.0118606118069832
247	0	0.011863397842646
248	0	0.0118661699254298
249	0	0.0118689281822781
250	0	0.0118716727384652
251	0	0.0118744037176243
252	0	0.0118771212417761
253	0	0.0118798254313559
254	0	0.0118825164052404
255	0	0.0118851942807741
256	0	0.0118878591737952
257	0	0.0118905111986606
258	0	0.0118931504682707
259	0	0.0118957770940936
260	0	0.0118983911861888
261	0	0.0119009928532303
262	0	0.0119035822025296
263	0	0.0119061593400577
264	0	0.0119087243704671
265	0	0.0119112773971134
266	0	0.0119138185220757
267	0	0.0119163478461777
268	0	0.0119188654690078
269	0	0.0119213714889384
270	0	0.0119238660031459
271	0	0.0119263491076291
272	0	0.0119288208972283
273	0	0.0119312814656431
274	0	0.0119337309054506
275	0	0.011936169308123
276	0	0.0119385967640447
277	0	0.0119410133625288
278	0	0.0119434191918345
279	0	0.0119458143391827
280	0	0.011948198890772
281	0	0.0119505729317946
282	0	0.0119529365464514
283	0	0.0119552898179673
284	0	0.0119576328286057
285	0	0.0119599656596832
286	0	0.0119622883915835
287	0	0.011964601103772
288	0	0.011966903874809
289	0	0.011969196782363
290	0	0.0119714799032246
291	0	0.0119737533133187
292	0	0.0119760170877179
293	0	0.0119782713006545
294	0	0.011980516025533
295	0	0.0119827513349421
296	0	0.0119849773006668
297	0	0.0119871939936994
298	0	0.0119894014842515
299	0	0.0119915998417652
300	0	0.0119937891349237
301	0	0.0119959694316625
302	0	0.0119981407991799
303	0	0.0120003033039473
304	0	0.0120024570117199
305	0	0.0120046019875464
306	0	0.0120067382957789
307	0	0.0120088660000828
308	0	0.0120109851634466
309	0	0.0120130958481907
310	0	0.0120151981159772
311	0	0.0120172920278188
312	0	0.0120193776440875
313	0	0.012021455024524
314	0	0.012296785956327
315	0	0.0122988938852725
316	0	0.0123009935707101
317	0	0.0123030850712405
318	0	0.0123051684448612
319	0	0.0123072437489747
320	0	0.012309311040396
321	0	0.0123113703753606
322	0	0.0123134218095327
323	0	0.012315465398012
324	0	0.0123175011953419
325	0	0.0123195292555164
326	0	0.0123215496319874
327	0	0.0123235623776721
328	0	0.0123255675449595
329	0	0.0123275651857179
330	0	0.0123295553513009
331	0	0.0123315380925548
332	0	0.0123335134598248
333	0	0.0123354815029615
334	0	0.0123374422713272
335	0	0.0123393958138023
336	0	0.0123413421787912
337	0	0.0123432814142288
338	0	0.0123452135675858
339	0	0.0123471386858753
340	0	0.0123490568156581
341	0	0.0123509680030483
342	0	0.0123528722937194
343	0	0.0123547697329094
344	0	0.0123566603654263
345	0	0.0123585442356535
346	0	0.0123604213875552
347	0	0.0123622918646811
348	0	0.0123641557101722
349	0	0.0123660129667651
350	0	0.0123678636767976
351	0	0.0123697078822131
352	0	0.0123715456245656
353	0	0.0123733769450244
354	0	0.0123752018843789
355	0	0.0123770204830428
356	0	0.012378832781059
357	0	0.012380638818104
358	0	0.0123824386334921
359	0	0.0123842322661797
360	0	0.01238601975477
361	0	0.0123878011375166
362	0	0.012389576452328
363	0	0.0123913457367717
364	0	0.012393109028078
365	0	0.0123948663631441
366	0	0.0123966177785378
367	0	0.0123983633105018
368	0	0.0124001029949569
369	0	0.0124018368675061
370	0	0.0124035649634384
371	0	0.012405287317732
372	0	0.0124070039650581
373	0	0.0124087149397846
374	0	0.0124104202759793
375	0	0.0124121200074134
376	0	0.0124138141675649
377	0	0.012415502789622
378	0	0.0124171859064864
379	0	0.0124188635507762
380	0	0.0124205357548296
381	0	0.0124222025507077
382	0	0.0124238639701977
383	0	0.0124255200448159
384	0	0.0124271708058108
385	0	0.0124288162841662
386	0	0.0124304565106039
387	0	0.0124320915155867
388	0	0.0124337213293212
389	0	0.0124353459817607
390	0	0.012436965502608
391	0	0.012438579921318
392	0	0.0124401892671006
393	0	0.0124417935689232
394	0	0.0124433928555133
395	0	0.0124449871553614
396	0	0.0124465764967233
397	0	0.0124481609076226
398	0	0.0124497404158533
399	0	0.0124513150489824
400	0	0.0124528848343518
401	0	0.0124544497990816
402	0	0.0124560099700714
403	0	0.0124575653740036
404	0	0.0124591160373451
405	0	0.0124606619863496
406	0	0.0124622032470603
407	0	0.0124637398453116
408	0	0.0124652718067316
409	0	0.0124667991567441
410	0	0.0124683219205707
411	0	0.0124698401232332
412	0	0.0124713537895553
413	0	0.0124728629441648
414	0	0.0124743676114958
415	0	0.0124758678157904
416	0	0.012754638183512
417	0	0.0127561626751642
418	0	0.0127576826777857
419	0	0.0127591982153925
420	0	0.0127607093118148
421	0	0.0127622159906979
422	0	0.0127637182755049
423	0	0.0127652161895181
424	0	0.0127667097558409
425	0	0.0127681989973995
426	0	0.0127696839369452
427	0	0.0127711645970552
428	0	0.0127726410001354
429	0	0.0127741131684213
430	0	0.0127755811239801
431	0	0.0127770448887121
432	0	0.0127785044843528
433	0	0.0127799599324739
434	0	0.0127814112544855
435	0	0.0127828584716374
436	0	0.0127843016050206
437	0	0.0127857406755691
438	0	0.0127871757040611
439	0	0.0127886067111208
440	0	0.01279003371722
441	0	0.0127914567426791
442	0	0.0127928758076688
443	0	0.012794290932212
444	0	0.0127957021361843
445	0	0.0127971094393163
446	0	0.0127985128611945
447	0	0.0127999124212625
448	0	0.0128013081388232
449	0	0.0128027000330391
450	0	0.0128040881229345
451	0	0.012805472427396
452	0	0.0128068529651747
453	0	0.0128082297548867
454	0	0.0128096028150146
455	0	0.0128109721639092
456	0	0.01281233781979
457	0	0.0128136998007471
458	0	0.0128150581247418
459	0	0.0128164128096082
460	0	0.0128177638730545
461	0	0.0128191113326636
462	0	0.0128204552058947
463	0	0.0128217955100845
464	0	0.0128231322624481
465	0	0.0128244654800799
466	0	0.0128257951799555
467	0	0.0128271213789319
468	0	0.012828444093749
469	0	0.0128297633410308
470	0	0.0128310791372861
471	0	0.0128323914989096
472	0	0.0128337004421836
473	0	0.0128350059832777
474	0	0.0128363081382512
475	0	0.0128376069230532
476	0	0.0128389023535239
477	0	0.0128401944453954
478	0	0.0128414832142931
479	0	0.0128427686757361
480	0	0.0128440508451385
481	0	0.0128453297378101
482	0	0.0128466053689576
483	0	0.0128478777536852
484	0	0.0128491469069959
485	0	0.012850412843792
486	0	0.0128516755788759
487	0	0.0128529351269518
488	0	0.0128541915026253
489	0	0.0128554447204055
490	0	0.0128566947947049
491	0	0.0128579417398407
492	0	0.0128591855700356
493	0	0.0128604262994185
494	0	0.0128616639420254
495	0	0.0128628985118001
496	0	0.012864130022595
497	0	0.0128653584881723
498	0	0.0128665839222038
499	0	0.0128678063382728
500	0	0.0128690257498742
501	0	0.0128702421704154
502	0	0.0128714556132167
503	0	0.0128726660915129
504	0	0.0128738736184532
505	0	0.0128750782071023
506	0	0.012876279870441
507	0	0.0128774786213668
508	0	0.012878674472695
509	0	0.0128798674371591
510	0	0.0128810575274112
511	0	0.0128822447560233
512	0	0.0128834291354876
513	0	0.012884610678217
514	0	0.0128857893965463
515	0	0.0128869653027322
516	0	0.0128881384089546
517	0	0.0128893087273165
518	0	0.0128904762698455
519	0	0.0128916410484936
520	0	0.0128928030751382
521	0	0.0128939623615828
522	0	0.0128951189195574
523	0	0.0128962727607193
524	0	0.0128974238966535
525	0	0.0128985723388733
526	0	0.012899718098821
527	0	0.0129008611878685
528	0	0.0129020016173175
529	0	0.0129031393984007
530	0	0.0129042745422818
531	0	0.0129054070600564
532	0	0.0129065369627521
533	0	0.0129076642613297
534	0	0.0129087889666833
535	0	0.0129099110896407
536	0	0.0129110306409643
537	0	0.0129121476313515
538	0	0.0129132620714351
539	0	0.0129143739717839
540	0	0.0129154833429031
541	0	0.012916590195235
542	0	0.0129176945391594
543	0	0.0129187963849939
544	0	0.0132007629297326
545	0	0.0132018836555298
546	0	0.0132030018601809
547	0	0.0132041175539792
548	0	0.0132052307471572
549	0	0.013206341449887
550	0	0.0132074496722806
551	0	0.0132085554243904
552	0	0.0132096587162099
553	0	0.0132107595576738
554	0	0.0132118579586586
555	0	0.0132129539289833
556	0	0.0132140474784095
557	0	0.0132151386166418
558	0	0.0132162273533287
559	0	0.0132173136980624
560	0	0.0132183976603797
561	0	0.0132194792497623
562	0	0.013220558475637
563	0	0.0132216353473766
564	0	0.0132227098742997
565	0	0.0132237820656716
566	0	0.0132248519307043
567	0	0.0132259194785574
568	0	0.0132269847183381
569	0	0.0132280476591015
570	0	0.0132291083098515
571	0	0.0132301666795406
572	0	0.0132312227770708
573	0	0.0132322766112934
574	0	0.0132333281910101
575	0	0.0132343775249725
576	0	0.0132354246218835
577	0	0.0132364694903966
578	0	0.0132375121391171
579	0	0.0132385525766018
580	0	0.01323959081136
581	0	0.0132406268518532
582	0	0.0132416607064961
583	0	0.0132426923836564
584	0	0.0132437218916554
585	0	0.0132447492387682
586	0	0.0132457744332244
587	0	0.0132467974832078
588	0	0.0132478183968573
589	0	0.0132488371822669
590	0	0.0132498538474864
591	0	0.0132508684005212
592	0	0.0132518808493328
593	0	0.0132528912018394
594	0	0.013253899465916
595	0	0.0132549056493945
596	0	0.0132559097600643
597	0	0.0132569118056727
598	0	0.0132579117939247
599	0	0.013258909732484
600	0	0.0132599056289725
601	0	0.0132608994909713
602	0	0.0132618913260206
603	0	0.01326288114162
604	0	0.0132638689452291
605	0	0.0132648547442672
606	0	0.0132658385461142
607	0	0.0132668203581105
608	0	0.0132678001875575
609	0	0.0132687780417177
610	0	0.0132697539278149
611	0	0.0132707278530347
612	0	0.0132716998245247
613	0	0.0132726698493947
614	0	0.0132736379347169
615	0	0.0132746040875264
616	0	0.0132755683148212
617	0	0.0132765306235626
618	0	0.0132774910206754
619	0	0.0132784495130481
620	0	0.0132794061075334
621	0	0.013280360810948
622	0	0.0132813136300732
623	0	0.0132822645716553
624	0	0.0132832136424051
625	0	0.0132841608489991
626	0	0.0132851061980788
627	0	0.0132860496962519
628	0	0.0132869913500916
629	0	0.0132879311661375
630	0	0.0132888691508953
631	0	0.0132898053108378
632	0	0.0132907396524041
633	0	0.0132916721820007
634	0	0.0132926029060014
635	0	0.0132935318307472
636	0	0.013294458962547
637	0	0.0132953843076776
638	0	0.0132963078723842
639	0	0.0132972296628798
640	0	0.0132981496853466
641	0	0.013299067945935
642	0	0.0132999844507648
643	0	0.0133008992059246
644	0	0.013301812217473
645	0	0.0133027234914374
646	0	0.0133036330338157
647	0	0.0133045408505754
648	0	0.0133054469476541
649	0	0.0133063513309602
650	0	0.0133072540063723
651	0	0.0133081549797399
652	0	0.0133090542568835
653	0	0.0133099518435947
654	0	0.0133108477456363
655	0	0.0133117419687429
656	0	0.0133126345186206
657	0	0.0133135254009475
658	0	0.0133144146213736
659	0	0.0133153021855213
660	0	0.0133161880989854
661	0	0.0133170723673334
662	0	0.0133179549961053
663	0	0.0133188359908143
664	0	0.0133197153569466
665	0	0.0133205930999619
666	0	0.013321469225293
667	0	0.0133223437383468
668	0	0.0133232166445036
669	0	0.013324087949118
670	0	0.0133249576575184
671	0	0.0133258257750077
672	0	0.0133266923068634
673	0	0.0133275572583373
674	0	0.0133284206346563
675	0	0.0133292824410219
676	0	0.0133301426826111
677	0	0.0133310013645759
678	0	0.0133318584920436
679	0	0.0133327140701175
680	0	0.0133335681038762
681	0	0.0133344205983742
682	0	0.0133352715586424
683	0	0.0133361209896875
684	0	0.0133369688964925
685	0	0.0133378152840172
686	0	0.0133386601571977
687	0	0.0133395035209469
688	0	0.0133403453801547
689	0	0.013341185739688
690	0	0.0133420246043909
691	0	0.0133428619790847
692	0	0.0133436978685684
693	0	0.0133445322776183
694	0	0.0133453652109887
695	0	0.0133461966734116
696	0	0.0133470266695971
697	0	0.0133478552042333
698	0	0.0133486822819869
699	0	0.0133495079075025
700	0	0.0133503320854038
701	0	0.0133511548202928
702	0	0.0133519761167503
703	0	0.0136368979335253
704	0	0.0136377337803809
705	0	0.0136385681721063
706	0	0.0136394011132944
707	0	0.0136402326085173
708	0	0.013641062662326
709	0	0.0136418912792509
710	0	0.0136427184638018
711	0	0.0136435442204679
712	0	0.0136443685537181
713	0	0.0136451914680008
714	0	0.0136460129677445
715	0	0.0136468330573575
716	0	0.0136476517412284
717	0	0.0136484690237259
718	0	0.0136492849091988
719	0	0.0136500994019767
720	0	0.0136509125063696
721	0	0.0136517242266681
722	0	0.0136525345671437
723	0	0.0136533435320488
724	0	0.0136541511256166
725	0	0.0136549573520616
726	0	0.0136557622155797
727	0	0.0136565657203478
728	0	0.0136573678705243
729	0	0.0136581686702495
730	0	0.0136589681236448
731	0	0.013659766234814
732	0	0.0136605630078422
733	0	0.0136613584467969
734	0	0.0136621525557275
735	0	0.0136629453386655
736	0	0.0136637367996249
737	0	0.013664526942602
738	0	0.0136653157715756
739	0	0.013666103290507
740	0	0.0136668895033403
741	0	0.0136676744140024
742	0	0.0136684580264031
743	0	0.013669240344435
744	0	0.0136700213719741
745	0	0.0136708011128794
746	0	0.0136715795709931
747	0	0.0136723567501409
748	0	0.013673132654132
749	0	0.0136739072867591
750	0	0.0136746806517985
751	0	0.0136754527530103
752	0	0.0136762235941384
753	0	0.0136769931789108
754	0	0.0136777615110392
755	0	0.0136785285942197
756	0	0.0136792944321326
757	0	0.0136800590284422
758	0	0.0136808223867975
759	0	0.0136815845108317
760	0	0.0136823454041627
761	0	0.013683105070393
762	0	0.0136838635131098
763	0	0.0136846207358852
764	0	0.0136853767422761
765	0	0.0136861315358244
766	0	0.013686885120057
767	0	0.0136876374984859
768	0	0.0136883886746086
769	0	0.0136891386519076
770	0	0.013689887433851
771	0	0.0136906350238921
772	0	0.01369138142547
773	0	0.0136921266420093
774	0	0.0136928706769203
775	0	0.0136936135335992
776	0	0.0136943552154279
777	0	0.0136950957257744
778	0	0.0136958350679924
779	0	0.0136965732454221
780	0	0.0136973102613896
781	0	0.0136980461192073
782	0	0.0136987808221739
783	0	0.0136995143735746
784	0	0.0137002467766808
785	0	0.0137009780347508
786	0	0.0137017081510292
787	0	0.0137024371287474
788	0	0.0137031649711235
789	0	0.0137038916813625
790	0	0.0137046172626562
791	0	0.0137053417181836
792	0	0.0137060650511103
793	0	0.0137067872645894
794	0	0.013707508361761
795	0	0.0137082283457524
796	0	0.0137089472196783
797	0	0.0137096649866409
798	0	0.0137103816497294
799	0	0.013711097212021
800	0	0.0137118116765802
801	0	0.0137125250464591
802	0	0.0137132373246979
803	0	0.013713948514324
804	0	0.013714658618353
805	0	0.0137153676397885
806	0	0.0137160755816216
807	0	0.0137167824468318
808	0	0.0137174882383867
809	0	0.0137181929592419
810	0	0.0137188966123411
811	0	0.0137195992006167
812	0	0.013720300726989
813	0	0.0137210011943669
814	0	0.0137217006056478
815	0	0.0137223989637174
816	0	0.0137230962714502
817	0	0.0137237925317092
818	0	0.0137244877473463
819	0	0.0137251819212019
820	0	0.0137258750561052
821	0	0.0137265671548747
822	0	0.0137272582203171
823	0	0.0137279482552288
824	0	0.0137286372623949
825	0	0.0137293252445896
826	0	0.0137300122045762
827	0	0.0137306981451073
828	0	0.0137313830689249
829	0	0.01373206697876
830	0	0.0137327498773333
831	0	0.0137334317673547
832	0	0.0137341126515237
833	0	0.0137347925325292
834	0	0.0137354714130498
835	0	0.0137361492957538
836	0	0.0137368261832991
837	0	0.0137375020783333
838	0	0.0137381769834938
839	0	0.0137388509014081
840	0	0.0137395238346932
841	0	0.0137401957859563
842	0	0.0137408667577946
843	0	0.0137415367527954
844	0	0.0137422057735357
845	0	0.0137428738225833
846	0	0.0137435409024956
847	0	0.0137442070158207
848	0	0.0137448721650967
849	0	0.0137455363528522
850	0	0.013746199581606
851	0	0.0137468618538677
852	0	0.013747523172137
853	0	0.0137481835389045
854	0	0.013748842956651
855	0	0.0137495014278482
856	0	0.0137501589549585
857	0	0.0137508155404348
858	0	0.013751471186721
859	0	0.0137521258962517
860	0	0.0137527796714523
861	0	0.0137534325147392
862	0	0.0137540844285198
863	0	0.0137547354151923
864	0	0.0137553854771462
865	0	0.0137560346167618
866	0	0.0137566828364107
867	0	0.0137573301384558
868	0	0.0137579765252508
869	0	0.013758621999141
870	0	0.013759266562463
871	0	0.0137599102175445
872	0	0.0137605529667048
873	0	0.0137611948122545
874	0	0.0137618357564957
875	0	0.0137624758017221
876	0	0.0137631149502188
877	0	0.0137637532042625
878	0	0.0137643905661216
879	0	0.0137650270380563
880	0	0.0137656626223181
881	0	0.0137662973211507
882	0	0.0137669311367893
883	0	0.0137675640714611
884	0	0.0137681961273851
885	0	0.0137688273067721
886	0	0.013769457611825
887	0	0.0137700870447387
888	0	0.0137707156076999
889	0	0.0137713433028875
890	0	0.0137719701324726
891	0	0.0137725960986184
892	0	0.0137732212034801
893	0	0.0137738454492052
894	0	0.0137744688379335
895	0	0.0137750913717971
896	0	0.0137757130529204
897	0	0.0137763338834199
898	0	0.013776953865405
899	0	0.0140646057023395
900	0	0.0140652368747412
901	0	0.0140658671873638
902	0	0.0140664966423295
903	0	0.0140671252417533
904	0	0.0140677529877421
905	0	0.0140683798823959
906	0	0.0140690059278068
907	0	0.0140696311260595
908	0	0.0140702554792315
909	0	0.0140708789893927
910	0	0.0140715016586057
911	0	0.0140721234889261
912	0	0.0140727444824017
913	0	0.0140733646410734
914	0	0.0140739839669748
915	0	0.0140746024621324
916	0	0.0140752201285656
917	0	0.0140758369682864
918	0	0.0140764529833001
919	0	0.0140770681756046
920	0	0.0140776825471912
921	0	0.0140782961000438
922	0	0.0140789088361396
923	0	0.014079520757449
924	0	0.0140801318659352
925	0	0.0140807421635548
926	0	0.0140813516522574
927	0	0.014081960333986
928	0	0.0140825682106767
929	0	0.0140831752842589
930	0	0.0140837815566554
931	0	0.0140843870297822
932	0	0.0140849917055488
933	0	0.0140855955858579
934	0	0.0140861986726059
935	0	0.0140868009676824
936	0	0.0140874024729707
937	0	0.0140880031903474
938	0	0.0140886031216827
939	0	0.0140892022688406
940	0	0.0140898006336785
941	0	0.0140903982180473
942	0	0.0140909950237918
943	0	0.0140915910527504
944	0	0.0140921863067553
945	0	0.0140927807876323
946	0	0.014093374497201
947	0	0.0140939674372748
948	0	0.0140945596096611
949	0	0.0140951510161609
950	0	0.0140957416585693
951	0	0.0140963315386752
952	0	0.0140969206582613
953	0	0.0140975090191046
954	0	0.0140980966229758
955	0	0.0140986834716397
956	0	0.0140992695668552
957	0	0.0140998549103752
958	0	0.0141004395039468
959	0	0.0141010233493111
960	0	0.0141016064482034
961	0	0.0141021888023532
962	0	0.0141027704134842
963	0	0.0141033512833142
964	0	0.0141039314135554
965	0	0.0141045108059142
966	0	0.0141050894620914
967	0	0.014105667383782
968	0	0.0141062445726754
969	0	0.0141068210304554
970	0	0.0141073967588001
971	0	0.0141079717593822
972	0	0.0141085460338686
973	0	0.014109119583921
974	0	0.0141096924111953
975	0	0.0141102645173421
976	0	0.0141108359040065
977	0	0.014111406572828
978	0	0.014111976525441
979	0	0.0141125457634743
980	0	0.0141131142885514
981	0	0.0141136821022904
982	0	0.0141142492063043
983	0	0.0141148156022004
984	0	0.0141153812915812
985	0	0.0141159462760435
986	0	0.0141165105571793
987	0	0.0141170741365752
988	0	0.0141176370158124
989	0	0.0141181991964675
990	0	0.0141187606801113
991	0	0.01411932146831
992	0	0.0141198815626244
993	0	0.0141204409646104
994	0	0.0141209996758189
995	0	0.0141215576977955
996	0	0.0141221150320811
997	0	0.0141226716802113
998	0	0.0141232276437171
999	0	0.0141237829241243
1000	0	0.0141399186972226
1001	0	0.0141248914417217
