1	0	0.00265952523462339
2	0	0.00337925503143824
3	0	0.00385271124662063
4	0	0.00412770288068438
5	0	0.00425463983358893
6	0	0.00443508292880614
7	0	0.00459548161348814
8	0	0.00464964068108184
9	0	0.00478671276094707
10	0	0.0048227094690012
11	0	0.00494781457057684
12	0	0.00497363059228706
13	0	0.00499574078702453
14	0	0.00511133138088125
15	0	0.00512840248025408
16	0	0.00514346012512587
17	0	0.00525414027504401
18	0	0.00526633698295514
19	0	0.00527731295695565
20	0	0.0053851550160473
21	0	0.00539434971800828
22	0	0.00540274525757636
23	0	0.0054104417825735
24	0	0.00551602372409103
25	0	0.0055226803398908
26	0	0.0055288448691276
27	0	0.00553457012477401
28	0	0.00553990161848171
29	0	0.00564389441578758
30	0	0.00564863474458858
31	0	0.0056530799295153
32	0	0.00565725682824539
33	0	0.00566118913369338
34	0	0.00576428194919238
35	0	0.00576784714732096
36	0	0.0057712207039883
37	0	0.00577441775598339
38	0	0.00577745188587872
39	0	0.00578033531658619
40	0	0.00578307907739388
41	0	0.00588544643370697
42	0	0.00588798285068293
43	0	0.00589040491215771
44	0	0.00589272024137949
45	0	0.00589493579827277
46	0	0.00589705795007224
47	0	0.00589909253311712
48	0	0.00600106258013636
49	0	0.00600296945771014
50	0	0.00600480236787689
51	0	0.00600656557588042
52	0	0.00600826302495062
53	0	0.00600989836613857
54	0	0.00601147498489419
55	0	0.00601299602479405
56	0	0.00611470544968283
57	0	0.00611614754043168
58	0	0.00611754144338691
59	0	0.00611888956566949
60	0	0.00612019415654491
61	0	0.00612145732015817
62	0	0.00612268102705547
63	0	0.00612386712462506
64	0	0.00612501734657389
65	0	0.00622656170804098
66	0	0.0062276627262214
67	0	0.00622873195747657
68	0	0.00622977078186457
69	0	0.00623078050059561
70	0	0.00623176234158577
71	0	0.00623271746454767
72	0	0.00623364696566265
73	0	0.00623455188187396
74	0	0.00623543319483638
75	0	0.00633687716146545
76	0	0.00633772750752421
77	0	0.00633855656056036
78	0	0.00633936512755113
79	0	0.00634015397514043
80	0	0.00634092383212854
81	0	0.00634167539177967
82	0	0.00634240931396266
83	0	0.00634312622713881
84	0	0.00634382673020922
85	0	0.00634451139423342
86	0	0.0064458978965904
87	0	0.00644656288288627
88	0	0.00644721336509577
89	0	0.0064478498253972
90	0	0.00644847272478731
91	0	0.00644908250423229
92	0	0.00644967958574455
93	0	0.00645026437339077
94	0	0.00645083725423625
95	0	0.00645139859923025
96	0	0.00645194876403655
97	0	0.00645248808981316
98	0	0.00645301690394485
99	0	0.00655437199342559
100	0	0.00649583562405881
101	0	0.00655539557843174
102	0	0.0065558930207686
103	0	0.00655638126296472
104	0	0.00655686056691547
105	0	0.00655733118464267
106	0	0.00655779335875593
107	0	0.00655824732288821
108	0	0.00655869330210741
109	0	0.00655913151330569
110	0	0.00655956216556752
111	0	0.00655998546051813
112	0	0.00656040159265353
113	0	0.0066617462819954
114	0	0.00666215483537154
115	0	0.00666255666785558
116	0	0.0066629519509931
117	0	0.00666334085052171
118	0	0.00666372352661502
119	0	0.00666410013411429
120	0	0.00666447082274871
121	0	0.00666483573734482
122	0	0.00666519501802575
123	0	0.00666554880040068
124	0	0.00666589721574541
125	0	0.0066662403911742
126	0	0.00666657844980351
127	0	0.00666691151090809
128	0	0.00676825845741764
129	0	0.00676858676692955
130	0	0.00676891034451747
131	0	0.00676922929710665
132	0	0.00676954372841173
133	0	0.00676985373905642
134	0	0.00677015942668797
135	0	0.0067704608860865
136	0	0.00677075820926957
137	0	0.00677105148559223
138	0	0.0067713408018427
139	0	0.00677162624233402
140	0	0.00677190788899171
141	0	0.00677218582143786
142	0	0.00677246011707152
143	0	0.00677273085114589
144	0	0.00677299809684226
145	0	0.00687435537271547
146	0	0.00687461974112974
147	0	0.00687488078000795
148	0	0.00687513855590323
149	0	0.00687539313359766
150	0	0.00687564457616084
151	0	0.00687589294500625
152	0	0.0068761382999452
153	0	0.00687638069923896
154	0	0.0068766201996486
155	0	0.00687685685648308
156	0	0.00687709072364545
157	0	0.00687732185367727
158	0	0.00687755029780148
159	0	0.00687777610596341
160	0	0.00687799932687058
161	0	0.00687822000803075
162	0	0.00687843819578878
163	0	0.00687865393536196
164	0	0.00698002707093717
165	0	0.00698024114809527
166	0	0.00698045287218717
167	0	0.00698066228485284
168	0	0.00698086942674928
169	0	0.00698107433757945
170	0	0.00698127705612013
171	0	0.00698147762024879
172	0	0.00698167606696956
173	0	0.00698187243243833
174	0	0.0069820667519869
175	0	0.00698225906014643
176	0	0.00698244939066997
177	0	0.00698263777655431
178	0	0.00698282425006113
179	0	0.0069830088427373
180	0	0.00698319158543467
181	0	0.00698337250832914
182	0	0.00698355164093904
183	0	0.00698372901214309
184	0	0.00698390465019751
185	0	0.00708529710147298
186	0	0.00708547185208838
187	0	0.00708564492681095
188	0	0.00708581635194491
189	0	0.00708598615324263
190	0	0.0070861543559189
191	0	0.00708632098466506
192	0	0.00708648606366243
193	0	0.00708664961659557
194	0	0.00708681166666484
195	0	0.00708697223659885
196	0	0.00708713134866637
197	0	0.0070872890246879
198	0	0.007087445286047
199	0	0.0070876001537011
200	0	0.00708775364819213
201	0	0.00708790578965679
202	0	0.00708805659783652
203	0	0.00708820609208714
204	0	0.00708835429138827
205	0	0.00708850121435244
206	0	0.00708864687923391
207	0	0.0071900597407424
208	0	0.00719020498862519
209	0	0.00719034901390316
210	0	0.0071904918337227
211	0	0.00719063346490796
212	0	0.00719077392396851
213	0	0.00719091322710657
214	0	0.00719105139022425
215	0	0.00719118842893042
216	0	0.00719132435854745
217	0	0.00719145919411781
218	0	0.0071915929504104
219	0	0.00719172564192681
220	0	0.0071918572829073
221	0	0.00719198788733671
222	0	0.00719211746895014
223	0	0.00719224604123863
224	0	0.00719237361745436
225	0	0.00719250021061612
226	0	0.00719262583351436
227	0	0.00719275049871616
228	0	0.00719287421857015
229	0	0.00719299700521123
230	0	0.00719311887056519
231	0	0.00719323982635319
232	0	0.00729467480263669
233	0	0.00729479565216506
234	0	0.00729491561377396
235	0	0.00729503469856294
236	0	0.00729515291744517
237	0	0.00729527028115132
238	0	0.00729538680023343
239	0	0.00729550248506855
240	0	0.00729561734586239
241	0	0.00729573139265286
242	0	0.00729584463531349
243	0	0.00729595708355684
244	0	0.00729606874693771
245	0	0.00729617963485642
246	0	0.00729628975656182
247	0	0.00729639912115444
248	0	0.00729650773758943
249	0	0.0072966156146794
250	0	0.00729672276109735
251	0	0.00729682918537938
252	0	0.00729693489592737
253	0	0.00729703990101164
254	0	0.00729714420877357
255	0	0.007297247827228
256	0	0.00729735076426576
257	0	0.00729745302765611
258	0	0.00729755462504897
259	0	0.00739901188271497
260	0	0.00739911356351707
261	0	0.00739921459163733
262	0	0.00739931497437084
263	0	0.00739941471890282
264	0	0.00739951383231074
265	0	0.00739961232156626
266	0	0.00739971019353726
267	0	0.00739980745498974
268	0	0.00739990411258972
269	0	0.00740000017290509
270	0	0.00740009564240741
271	0	0.0074001905274737
272	0	0.00740028483438811
273	0	0.00740037856934364
274	0	0.00740047173844384
275	0	0.00740056434770433
276	0	0.00740065640305446
277	0	0.00740074791033882
278	0	0.00740083887531878
279	0	0.00740092930367393
280	0	0.00740101920100357
281	0	0.00740110857282812
282	0	0.00740119742459049
283	0	0.00740128576165747
284	0	0.00740137358932103
285	0	0.00740146091279965
286	0	0.00740154773723958
287	0	0.0074016340677161
288	0	0.00750311332486599
289	0	0.0075031998516715
290	0	0.00750328589276179
291	0	0.00750337145300602
292	0	0.00750345653720736
293	0	0.00750354115010411
294	0	0.00750362529637078
295	0	0.00750370898061918
296	0	0.00750379220739946
297	0	0.00750387498120116
298	0	0.00750395730645418
299	0	0.00750403918752983
300	0	0.00750412062874174
301	0	0.00750420163434686
302	0	0.00750428220854634
303	0	0.00750436235548649
304	0	0.00750444207925967
305	0	0.00750452138390514
306	0	0.00750460027340996
307	0	0.0075046787517098
308	0	0.00750475682268977
309	0	0.00750483449018527
310	0	0.00750491175798274
311	0	0.00750498862982049
312	0	0.00750506510938942
313	0	0.00750514120033377
314	0	0.00750521690625192
315	0	0.00750529223069703
316	0	0.00750536717717783
317	0	0.00750544174915926
318	0	0.00750551595006314
319	0	0.00750558978326894
320	0	0.00760709112680314
321	0	0.00760716522254982
322	0	0.00760723895565331
323	0	0.00760731232937332
324	0	0.0076073853469297
325	0	0.00760745801150322
326	0	0.00760753032623603
327	0	0.00760760229423227
328	0	0.00760767391855872
329	0	0.00760774520224527
330	0	0.00760781614828551
331	0	0.00760788675963733
332	0	0.00760795703922334
333	0	0.00760802698993149
334	0	0.00760809661461557
335	0	0.00760816591609567
336	0	0.00760823489715872
337	0	0.00760830356055895
338	0	0.00760837190901842
339	0	0.00760843994522743
340	0	0.00760850767184502
341	0	0.00760857509149943
342	0	0.00760864220678849
343	0	0.00760870902028015
344	0	0.00760877553451284
345	0	0.00760884175199592
346	0	0.0076089076752101
347	0	0.00760897330660785
348	0	0.00760903864861377
349	0	0.00760910370362507
350	0	0.00760916847401184
351	0	0.00760923296211754
352	0	0.0076092971702593
353	0	0.00760936110072835
354	0	0.00771088374603696
355	0	0.00771094797304266
356	0	0.00771101192548455
357	0	0.0077110756055829
358	0	0.00771113901553352
359	0	0.00771120215750804
360	0	0.0077112650336543
361	0	0.00771132764609661
362	0	0.00771138999693612
363	0	0.00771145208825113
364	0	0.00771151392209739
365	0	0.00771157550050841
366	0	0.00771163682549574
367	0	0.00771169789904937
368	0	0.00771175872313785
369	0	0.00771181929970871
370	0	0.0077118796306887
371	0	0.00771193971798406
372	0	0.00771199956348079
373	0	0.00771205916904499
374	0	0.007712118536523
375	0	0.00771217766774173
376	0	0.00771223656450897
377	0	0.00771229522861353
378	0	0.00771235366182555
379	0	0.00771241186589678
380	0	0.00771246984256072
381	0	0.00771252759353296
382	0	0.00771258512051134
383	0	0.00771264242517623
384	0	0.00771269950919071
385	0	0.00771275637420085
386	0	0.00771281302183586
387	0	0.00771286945370835
388	0	0.00771292567141456
389	0	0.0077129816765345
390	0	0.00771303747063225
391	0	0.00781458111581627
392	0	0.00781463722115468
393	0	0.00781469311735295
394	0	0.007814748805933
395	0	0.00781480428840149
396	0	0.00781485956625011
397	0	0.00781491464095573
398	0	0.00781496951398058
399	0	0.00781502418677243
400	0	0.00781507866076481
401	0	0.00781513293737708
402	0	0.00781518701801479
403	0	0.00781524090406963
404	0	0.00781529459691976
405	0	0.00781534809792995
406	0	0.00781540140845167
407	0	0.00781545452982329
408	0	0.00781550746337031
409	0	0.0078155602104054
410	0	0.00781561277222865
411	0	0.00781566515012763
412	0	0.00781571734537765
413	0	0.00781576935924181
414	0	0.0078158211929712
415	0	0.00781587284780503
416	0	0.00781592432497077
417	0	0.00781597562568429
418	0	0.00781602675114999
419	0	0.00781607770256095
420	0	0.00781612848109907
421	0	0.00781617908793518
422	0	0.00781622952422914
423	0	0.00781627979113008
424	0	0.00781632988977639
425	0	0.00781637982129596
426	0	0.0078164295868062
427	0	0.00781647918741426
428	0	0.00781652862421705
429	0	0.00781657789830145
430	0	0.00791814164176476
431	0	0.00791819122938462
432	0	0.00791824065541573
433	0	0.00791828992091938
434	0	0.00791833902694729
435	0	0.00791838797454163
436	0	0.00791843676473517
437	0	0.00791848539855141
438	0	0.00791853387700457
439	0	0.00791858220109985
440	0	0.0079186303718334
441	0	0.00791867839019252
442	0	0.00791872625715568
443	0	0.0079187739736927
444	0	0.00791882154076475
445	0	0.00791886895932453
446	0	0.00791891623031635
447	0	0.00791896335467615
448	0	0.0079190103333317
449	0	0.00791905716720262
450	0	0.00791910385720047
451	0	0.00791915040422888
452	0	0.00791919680918361
453	0	0.00791924307295265
454	0	0.00791928919641624
455	0	0.00791933518044709
456	0	0.00791938102591032
457	0	0.00791942673366361
458	0	0.00791947230455731
459	0	0.00791951773943444
460	0	0.00791956303913084
461	0	0.00791960820447519
462	0	0.00791965323628915
463	0	0.00791969813538738
464	0	0.00791974290257763
465	0	0.00791978753866082
466	0	0.00791983204443113
467	0	0.00791987642067604
468	0	0.00791992066817641
469	0	0.00791996478770655
470	0	0.00792000878003431
471	0	0.00792005264592113
472	0	0.00792009638612206
473	0	0.00802168025276956
474	0	0.00802172430142755
475	0	0.0080217682250447
476	0	0.00802181202436076
477	0	0.00802185570010936
478	0	0.00802189925301813
479	0	0.00802194268380871
480	0	0.00802198599319682
481	0	0.00802202918189235
482	0	0.0080220722505994
483	0	0.00802211520001635
484	0	0.00802215803083588
485	0	0.00802220074374511
486	0	0.00802224333942554
487	0	0.00802228581855323
488	0	0.00802232818179877
489	0	0.00802237042982736
490	0	0.00802241256329889
491	0	0.00802245458286794
492	0	0.0080224964891839
493	0	0.00802253828289094
494	0	0.00802257996462816
495	0	0.00802262153502955
496	0	0.00802266299472409
497	0	0.00802270434433583
498	0	0.00802274558448383
499	0	0.00802278671578233
500	0	0.00802282773884073
501	0	0.00802286865426367
502	0	0.00802290946265103
503	0	0.00802295016459802
504	0	0.00802299076069525
505	0	0.00802303125152867
506	0	0.00802307163767977
507	0	0.00802311191972545
508	0	0.00802315209823823
509	0	0.00802319217378616
510	0	0.00802323214693296
511	0	0.00802327201823798
512	0	0.00802331178825631
513	0	0.00802335145753881
514	0	0.00802339102663209
515	0	0.00802343049607863
516	0	0.00802346986641679
517	0	0.00802350913818082
518	0	0.00812511220992253
519	0	0.00812515178076949
520	0	0.00812519125339315
521	0	0.0081252306283184
522	0	0.00812526990606616
523	0	0.00812530908715342
524	0	0.00812534817209339
525	0	0.00812538716139533
526	0	0.00812542605556481
527	0	0.00812546485510356
528	0	0.00812550356050962
529	0	0.00812554217227733
530	0	0.0081255806908974
531	0	0.00812561911685688
532	0	0.00812565745063924
533	0	0.0081256956927244
534	0	0.00812573384358878
535	0	0.00812577190370527
536	0	0.00812580987354333
537	0	0.00812584775356898
538	0	0.00812588554424484
539	0	0.0081259232460302
540	0	0.00812596085938099
541	0	0.00812599838474984
542	0	0.00812603582258611
543	0	0.00812607317333591
544	0	0.00812611043744217
545	0	0.0081261476153446
546	0	0.00812618470747977
547	0	0.00812622171428114
548	0	0.00812625863617904
549	0	0.00812629547360075
550	0	0.0081263322269705
551	0	0.00812636889670952
552	0	0.00812640548323604
553	0	0.00812644198696534
554	0	0.00812647840830973
555	0	0.00812651474767865
556	0	0.00812655100547865
557	0	0.00812658718211342
558	0	0.00812662327798382
559	0	0.00812665929348788
560	0	0.00812669522902088
561	0	0.00812673108497532
562	0	0.00812676686174099
563	0	0.00812680255970496
564	0	0.0081268381792516
565	0	0.00812687372076265
566	0	0.00812690918461717
567	0	0.00822853137402428
568	0	0.00822856712507109
569	0	0.0082286027986263
570	0	0.00822863839506329
571	0	0.00822867391475287
572	0	0.00822870935806329
573	0	0.00822874472536034
574	0	0.00822878001700727
575	0	0.00822881523336488
576	0	0.00822885037479151
577	0	0.00822888544164308
578	0	0.00822892043427313
579	0	0.00822895535303275
580	0	0.00822899019827071
581	0	0.00822902497033342
582	0	0.00822905966956497
583	0	0.00822909429630714
584	0	0.00822912885089942
585	0	0.00822916333367902
586	0	0.00822919774498093
587	0	0.0082292320851379
588	0	0.00822926635448045
589	0	0.00822930055333694
590	0	0.0082293346820335
591	0	0.00822936874089418
592	0	0.00822940273024083
593	0	0.00822943665039321
594	0	0.00822947050166898
595	0	0.00822950428438369
596	0	0.00822953799885085
597	0	0.00822957164538189
598	0	0.00822960522428625
599	0	0.0082296387358713
600	0	0.00822967218044244
601	0	0.00822970555830311
602	0	0.00822973886975473
603	0	0.00822977211509678
604	0	0.00822980529462685
605	0	0.00822983840864056
606	0	0.00822987145743165
607	0	0.00822990444129196
608	0	0.00822993736051147
609	0	0.00822997021537828
610	0	0.00823000300617868
611	0	0.00823003573319711
612	0	0.00823006839671618
613	0	0.00823010099701675
614	0	0.00823013353437784
615	0	0.00823016600907674
616	0	0.00823019842138898
617	0	0.00823023077158834
618	0	0.00823026305994685
619	0	0.00833190386653146
620	0	0.00833193642912891
621	0	0.00833196892993791
622	0	0.00833200136922702
623	0	0.00833203374726312
624	0	0.00833206606431142
625	0	0.00833209832063545
626	0	0.00833213051649713
627	0	0.00833216265215675
628	0	0.00833219472787297
629	0	0.00833222674390287
630	0	0.0083322587005019
631	0	0.00833229059792398
632	0	0.00833232243642144
633	0	0.00833235421624503
634	0	0.00833238593764404
635	0	0.00833241760086614
636	0	0.00833244920615752
637	0	0.00833248075376289
638	0	0.00833251224392543
639	0	0.00833254367688688
640	0	0.00833257505288743
641	0	0.00833260637216589
642	0	0.0083326376349596
643	0	0.00833266884150443
644	0	0.00833269999203488
645	0	0.00833273108678399
646	0	0.0083327621259834
647	0	0.0083327931098634
648	0	0.00833282403865284
649	0	0.00833285491257922
650	0	0.00833288573186869
651	0	0.00833291649674603
652	0	0.00833294720743471
653	0	0.0083329778641568
654	0	0.00833300846713314
655	0	0.0083330390165832
656	0	0.00833306951272516
657	0	0.00833309995577591
658	0	0.00833313034595104
659	0	0.00833316068346492
660	0	0.00833319096853061
661	0	0.00833322120135992
662	0	0.00833325138216343
663	0	0.0083332815111505
664	0	0.00833331158852921
665	0	0.0083333416145065
666	0	0.00833337158928803
667	0	0.00833340151307831
668	0	0.00833343138608065
669	0	0.00833346120849715
670	0	0.00833349098052877
671	0	0.0083335207023753
672	0	0.00833355037423537
673	0	0.00833357999630648
674	0	0.00833360956878496
675	0	0.00843526883318877
676	0	0.0084352986665096
677	0	0.0084353284502224
678	0	0.00843535818452138
679	0	0.00843538786959966
680	0	0.00843541750564922
681	0	0.008435447092861
682	0	0.0084354766314248
683	0	0.00843550612152935
684	0	0.00843553556336238
685	0	0.00843556495711043
686	0	0.0084355943029591
687	0	0.00843562360109289
688	0	0.00843565285169524
689	0	0.00843568205494861
690	0	0.00843571121103439
691	0	0.00843574032013298
692	0	0.00843576938242373
693	0	0.00843579839808505
694	0	0.00843582736729428
695	0	0.00843585629022785
696	0	0.00843588516706111
697	0	0.00843591399796853
698	0	0.00843594278312353
699	0	0.00843597152269866
700	0	0.00843600021686541
701	0	0.00843602886579439
702	0	0.00843605746965527
703	0	0.00843608602861673
704	0	0.00843611454284659
705	0	0.00843614301251168
706	0	0.00843617143777798
707	0	0.00843619981881052
708	0	0.00843622815577343
709	0	0.00843625644882996
710	0	0.00843628469814244
711	0	0.00843631290387235
712	0	0.00843634106618027
713	0	0.00843636918522592
714	0	0.00843639726116815
715	0	0.00843642529416494
716	0	0.00843645328437342
717	0	0.00843648123194988
718	0	0.00843650913704977
719	0	0.00843653699982769
720	0	0.0084365648204374
721	0	0.00843659259903187
722	0	0.00843662033576322
723	0	0.00843664803078277
724	0	0.00843667568424103
725	0	0.00843670329628769
726	0	0.00843673086707167
727	0	0.00843675839674107
728	0	0.00843678588544322
729	0	0.00843681333332468
730	0	0.00843684074053121
731	0	0.00843686810720781
732	0	0.0084368954334987
733	0	0.00843692271954736
734	0	0.00853859996164095
735	0	0.00853862749542034
736	0	0.00853865498890366
737	0	0.0085386824422331
738	0	0.00853870985555008
739	0	0.00853873722899529
740	0	0.0085387645627087
741	0	0.00853879185682951
742	0	0.00853881911149623
743	0	0.00853884632684664
744	0	0.0085388735030178
745	0	0.00853890064014606
746	0	0.00853892773836707
747	0	0.00853895479781578
748	0	0.00853898181862644
749	0	0.00853900880093262
750	0	0.00853903574486717
751	0	0.00853906265056227
752	0	0.00853908951814947
753	0	0.00853911634775955
754	0	0.00853914313952272
755	0	0.00853916989356846
756	0	0.00853919661002562
757	0	0.00853922328902237
758	0	0.00853924993068624
759	0	0.00853927653514414
760	0	0.00853930310252228
761	0	0.00853932963294627
762	0	0.00853935612654108
763	0	0.00853938258343101
764	0	0.00853940900373982
765	0	0.00853943538759053
766	0	0.00853946173510564
767	0	0.008539488046407
768	0	0.00853951432161583
769	0	0.00853954056085275
770	0	0.00853956676423779
771	0	0.00853959293189039
772	0	0.00853961906392937
773	0	0.00853964516047296
774	0	0.00853967122163881
775	0	0.00853969724754398
776	0	0.00853972323830496
777	0	0.00853974919403765
778	0	0.00853977511485739
779	0	0.00853980100087893
780	0	0.00853982685221647
781	0	0.00853985266898363
782	0	0.00853987845129351
783	0	0.0085399041992586
784	0	0.00853992991299087
785	0	0.00853995559260175
786	0	0.00853998123820211
787	0	0.00854000684990227
788	0	0.00854003242781201
789	0	0.00854005797204061
790	0	0.00854008348269678
791	0	0.00854010895988872
792	0	0.00854013440372408
793	0	0.00854015981431004
794	0	0.0085401851917532
795	0	0.00854021053615969
796	0	0.00854023584763512
797	0	0.00864193089839548
798	0	0.00864195644487434
799	0	0.00864198195834759
800	0	0.00864200743892003
801	0	0.00864203288669596
802	0	0.00864205830177921
803	0	0.0086420836842731
804	0	0.00864210903428045
805	0	0.00864213435190358
806	0	0.00864215963724436
807	0	0.00864218489040413
808	0	0.00864221011148377
809	0	0.00864223530058371
810	0	0.00864226045780383
811	0	0.00864228558324362
812	0	0.00864231067700204
813	0	0.00864233573917763
814	0	0.0086423607698684
815	0	0.00864238576917199
816	0	0.00864241073718548
817	0	0.00864243567400558
818	0	0.00864246057972851
819	0	0.00864248545445001
820	0	0.00864251029826544
821	0	0.00864253511126965
822	0	0.00864255989355711
823	0	0.00864258464522178
824	0	0.00864260936635722
825	0	0.00864263405705658
826	0	0.00864265871741255
827	0	0.00864268334751737
828	0	0.00864270794746288
829	0	0.0086427325173405
830	0	0.00864275705724123
831	0	0.00864278156725561
832	0	0.00864280604747383
833	0	0.0086428304979856
834	0	0.00864285491888026
835	0	0.00864287931024672
836	0	0.0086429036721735
837	0	0.0086429280047487
838	0	0.00864295230806002
839	0	0.00864297658219478
840	0	0.00864300082723986
841	0	0.00864302504328179
842	0	0.00864304923040668
843	0	0.00864307338870026
844	0	0.00864309751824786
845	0	0.00864312161913444
846	0	0.00864314569144457
847	0	0.00864316973526242
848	0	0.00864319375067183
849	0	0.00864321773775619
850	0	0.00864324169659859
851	0	0.00864326562728169
852	0	0.00864328952988779
853	0	0.00864331340449886
854	0	0.00864333725119647
855	0	0.0086433610700618
856	0	0.00864338486117574
857	0	0.00864340862461876
858	0	0.00864343236047099
859	0	0.00864345606881219
860	0	0.00864347974972181
861	0	0.0086435034032789
862	0	0.00864352702956217
863	0	0.00864355062865001
864	0	0.00874526330587822
865	0	0.00874528712781159
866	0	0.00874531092246534
867	0	0.0087453346899174
868	0	0.00874535843024528
869	0	0.00874538214352626
870	0	0.00874540582983718
871	0	0.00874542948925459
872	0	0.0087454531218547
873	0	0.00874547672771341
874	0	0.00874550030690624
875	0	0.00874552385950843
876	0	0.00874554738559484
877	0	0.00874557088524006
878	0	0.00874559435851834
879	0	0.00874561780550357
880	0	0.00874564122626937
881	0	0.00874566462088901
882	0	0.00874568798943546
883	0	0.00874571133198137
884	0	0.0087457346485991
885	0	0.00874575793936063
886	0	0.00874578120433772
887	0	0.00874580444360175
888	0	0.00874582765722385
889	0	0.00874585084527479
890	0	0.00874587400782509
891	0	0.00874589714494492
892	0	0.00874592025670422
893	0	0.00874594334317255
894	0	0.00874596640441921
895	0	0.00874598944051323
896	0	0.00874601245152332
897	0	0.00874603543751791
898	0	0.00874605839856511
899	0	0.00874608133473278
900	0	0.00874610424608848
901	0	0.00874612713269949
902	0	0.00874614999463281
903	0	0.00874617283195513
904	0	0.00874619564473287
905	0	0.00874621843303222
906	0	0.00874624119691902
907	0	0.00874626393645889
908	0	0.00874628665171713
909	0	0.00874630934275881
910	0	0.0087463320096487
911	0	0.00874635465245131
912	0	0.00874637727123089
913	0	0.0087463998660514
914	0	0.00874642243697657
915	0	0.00874644498406982
916	0	0.00874646750739434
917	0	0.00874649000701307
918	0	0.00874651248298864
919	0	0.00874653493538348
920	0	0.00874655736425971
921	0	0.00874657976967924
922	0	0.00874660215170369
923	0	0.00874662451039446
924	0	0.00874664684581266
925	0	0.00874666915801919
926	0	0.00874669144707464
927	0	0.00874671371303945
928	0	0.00874673595597373
929	0	0.00874675817593737
930	0	0.00874678037299001
931	0	0.00874680254719107
932	0	0.00874682469859972
933	0	0.00874684682727487
934	0	0.00884857670877934
935	0	0.00884859904894989
936	0	0.00884862136629996
937	0	0.00884864366088823
938	0	0.0088486659327731
939	0	0.00884868818201276
940	0	0.00884871040866513
941	0	0.00884873261278795
942	0	0.0088487547944387
943	0	0.00884877695367461
944	0	0.00884879909055272
945	0	0.00884882120512981
946	0	0.00884884329746245
947	0	0.00884886536760699
948	0	0.00884888741561954
949	0	0.00884890944155599
950	0	0.00884893144547201
951	0	0.00884895342742306
952	0	0.00884897538746436
953	0	0.00884899732565092
954	0	0.00884901924203753
955	0	0.00884904113667879
956	0	0.00884906300962904
957	0	0.00884908486094242
958	0	0.00884910669067288
959	0	0.00884912849887415
960	0	0.00884915028559973
961	0	0.00884917205090291
962	0	0.0088491937948368
963	0	0.00884921551745426
964	0	0.008849237218808
965	0	0.00884925889895048
966	0	0.00884928055793395
967	0	0.00884930219581049
968	0	0.00884932381263196
969	0	0.00884934540845001
970	0	0.0088493669833161
971	0	0.0088493885372815
972	0	0.00884941007039726
973	0	0.00884943158271426
974	0	0.00884945307428313
975	0	0.00884947454515438
976	0	0.00884949599537827
977	0	0.00884951742500487
978	0	0.00884953883408409
979	0	0.00884956022266562
980	0	0.00884958159079896
981	0	0.00884960293853344
982	0	0.00884962426591819
983	0	0.00884964557300214
984	0	0.00884966685983404
985	0	0.00884968812646248
986	0	0.00884970937293582
987	0	0.00884973059930227
988	0	0.00884975180560984
989	0	0.00884977299190638
990	0	0.00884979415823952
991	0	0.00884981530465674
992	0	0.00884983643120532
993	0	0.00884985753793239
994	0	0.00884987862488488
995	0	0.00884989969210954
996	0	0.00884992073965295
997	0	0.00884994176756153
998	0	0.00884996277588151
999	0	0.00884998376465893
1000	0	0.00887108271920016
1001	0	0.0088500256837695
