1	0.868949938543933	0.661318833815793
2	0.859857304807098	0.636694683783239
3	0.853717117555993	0.620256454956107
4	0.849044257320079	0.607854177218305
5	0.845259577104286	0.59787946364074
6	0.842073202792539	0.589531346212668
7	0.839318361251571	0.582351003302329
8	0.836889987252685	0.576050489960121
9	0.834717488985293	0.570437006813811
10	0.832751091588838	0.565375036269189
11	0.830954353008691	0.560765647440033
12	0.829299774837794	0.556534389229032
13	0.82776608650827	0.552623816321218
14	0.826336490074625	0.548988669145707
15	0.824997484077967	0.545592650600272
16	0.823738051030384	0.542406203560794
17	0.822549081251462	0.539404937751201
18	0.821422954959326	0.536568490676953
19	0.820353233090935	0.533879686305717
20	0.819334424533402	0.531323902673632
21	0.818361808139241	0.52888858906354
22	0.817431294726198	0.526562892195682
23	0.816539318730721	0.524337363155015
24	0.815682752172994	0.522203724985608
25	0.814858835630509	0.520154686474106
26	0.814065122333114	0.51818379152276
27	0.813299432491921	0.516285296246942
28	0.812559815690346	0.514454067888582
29	0.811844519685404	0.512685501056216
30	0.81115196434961	0.510975447844718
31	0.810480719768118	0.509320159162389
32	0.809829487719498	0.507716235174863
33	0.809197085930863	0.506160583216646
34	0.808582434622418	0.504650381859061
35	0.807984544952728	0.503183050084412
36	0.807402509050934	0.501756220719449
37	0.806835491380995	0.500367717440749
38	0.806282721229654	0.499015534790657
39	0.805743486146856	0.497697820742772
40	0.805217126197107	0.496412861436289
41	0.804703028904203	0.495159067763232
42	0.804200624791204	0.493934963545022
43	0.803709383433375	0.492739175077616
44	0.803228809954782	0.49157042185935
45	0.802758441909946	0.490427508344486
46	0.802297846500789	0.489309316589224
47	0.801846618086466	0.488214799676704
48	0.801404375949799	0.487142975824026
49	0.800970762289195	0.48609292308811
50	0.800545440409225	0.485063774598803
51	0.800128093086703	0.48405471425746
52	0.799718421092211	0.483064972847481
53	0.799316141849623	0.482093824510352
54	0.798920988218428	0.481140583546726
55	0.798532707385592	0.480204601507208
56	0.798151059855314	0.479285264541929
57	0.797775818526468	0.47838199098175
58	0.797406767848745	0.477494229127239
59	0.797043703049558	0.476621455224333
60	0.796686429424698	0.475763171608119
61	0.79633476168653	0.474918904998218
62	0.795988523364199	0.474088204931174
63	0.795647546250958	0.473270642316831
64	0.795311669894208	0.472465808107117
65	0.794980741124374	0.471673312066886
66	0.794654613619098	0.470892781637582
67	0.794333147499613	0.470123860885419
68	0.794016208956503	0.469366209526664
69	0.793703669902291	0.468619502023327
70	0.793395407648588	0.467883426743238
71	0.793091304605754	0.467157685179099
72	0.792791248003193	0.466441991221597
73	0.792495129628609	0.465736070482163
74	0.792202845584711	0.465039659661344
75	0.791914296061956	0.464352505959166
76	0.791629385126103	0.463674366524179
77	0.791348020519419	0.463005007938165
78	0.791070113474494	0.462344205733799
79	0.790795578539723	0.461691743942736
80	0.790524333415588	0.461047414671876
81	0.790256298800938	0.460411017705708
82	0.789991398248548	0.459782360132834
83	0.789729558029297	0.459161255994938
84	0.78947070700434	0.458547525956587
85	0.789214776504731	0.457940996994406
86	0.78896170021797	0.457341502104279
87	0.788711414081005	0.456748880025331
88	0.788463856179253	0.456162974979557
89	0.788218966651237	0.455583636426035
90	0.787976687598466	0.455010718828769
91	0.787736963000219	0.454444081437244
92	0.787499738632912	0.45388358807889
93	0.787264961993759	0.453329106962668
94	0.787032582228448	0.452780510493084
95	0.786802550062594	0.452237675093961
96	0.786574817736717	0.45170048104138
97	0.786349338944542	0.451168812305197
98	0.786126068774418	0.450642556398639
99	0.785904963653663	0.450121604235476
100	0.785685981295664	0.449605849994308
101	0.785469080649571	0.449095190989575
102	0.785254221852432	0.448589527548854
103	0.785041366183628	0.448088762896117
104	0.784830476021478	0.447592803040575
105	0.784621514801886	0.447101556670818
106	0.784414446978926	0.446614935053923
107	0.784209237987242	0.446132851939277
108	0.784005854206182	0.445655223466838
109	0.78380426292555	0.445181968079596
110	0.783604432312904	0.444713006440007
111	0.783406331382318	0.444248261350181
112	0.783209929964514	0.443787657675625
113	0.78301519867831	0.443331122272357
114	0.782822108903305	0.442878583917208
115	0.782630632753743	0.442429973241143
116	0.782440743053486	0.441985222665462
117	0.782252413312053	0.441544266340713
118	0.782065617701662	0.44110704008819
119	0.781880331035223	0.440673481343884
120	0.781696528745244	0.44024352910477
121	0.781514186863599	0.439817123877301
122	0.781333282002116	0.439394207628016
123	0.781153791333944	0.438974723736146
124	0.780975692575672	0.438558616948134
125	0.780798963970143	0.438145833333963
126	0.78062358426996	0.437736320245223
127	0.780449532721619	0.437330026274816
128	0.780276789050264	0.436926901218241
129	0.780105333445029	0.43652689603637
130	0.779935146544931	0.436129962819658
131	0.779766209425302	0.435736054753714
132	0.779598503584729	0.435345126086173
133	0.779432010932476	0.434957132094814
134	0.779266713776376	0.434572029056865
135	0.779102594811167	0.434189774219438
136	0.778939637107246	0.43381032577106
137	0.778777824099835	0.433433642814227
138	0.778617139578539	0.433059685338962
139	0.778457567677265	0.432688414197317
140	0.778299092864509	0.432319791078788
141	0.778141699933978	0.431953778486594
142	0.777985373995538	0.431590339714798
143	0.777830100466479	0.43122943882622
144	0.77767586506308	0.430871040631118
145	0.777522653792458	0.430515110666604
146	0.777370452944699	0.430161615176765
147	0.77721924908525	0.42981052109345
148	0.777069029047566	0.42946179601772
149	0.776919779926004	0.429115408201907
150	0.776771489068948	0.428771326532275
151	0.776624144072163	0.428429520512256
152	0.776477732772361	0.428089960246229
153	0.77633224324098	0.427752616423842
154	0.77618766377816	0.427417460304825
155	0.776043982906911	0.427084463704307
156	0.77590118936747	0.426753598978596
157	0.775759272111832	0.42642483901141
158	0.775618220298452	0.426098157200545
159	0.775478023287116	0.425773527444967
160	0.775338670633969	0.425450924132293
161	0.775200152086691	0.425130322126677
162	0.77506245757983	0.424811696757055
163	0.774925577230267	0.424495023805762
164	0.774789501332825	0.424180279497483
165	0.774654220356009	0.42386744048855
166	0.774519724937865	0.423556483856555
167	0.774386005881975	0.423247387090273
168	0.774253054153557	0.422940128079887
169	0.774120860875691	0.4226346851075
170	0.773989417325644	0.422331036837928
171	0.77385871493131	0.422029162309759
172	0.773728745267749	0.421729040926674
173	0.773599500053823	0.421430652449015
174	0.773470971148932	0.421133976985599
175	0.77334315054984	0.420838994985765
176	0.773216030387587	0.420545687231642
177	0.773089602924499	0.420254034830642
178	0.772963860551263	0.419964019208158
179	0.772838795784102	0.419675622100469
180	0.772714401262013	0.419388825547841
181	0.772590669744088	0.419103611887816
182	0.772467594106907	0.41881996374869
183	0.772345167342001	0.418537864043163
184	0.772223382553379	0.418257295962167
185	0.77210223295513	0.417978242968857
186	0.771981711869084	0.417700688792765
187	0.77186181272253	0.417424617424107
188	0.771742529046005	0.417150013108248
189	0.771623854471129	0.416876860340304
190	0.771505782728509	0.416605143859895
191	0.771388307645686	0.416334848646029
192	0.771271423145139	0.41606595991212
193	0.771155123242347	0.41579846310114
194	0.771039402043888	0.415532343880885
195	0.770924253745593	0.415267588139377
196	0.770809672630753	0.415004181980367
197	0.770695653068355	0.414742111718967
198	0.770582189511379	0.414481363877382
199	0.770469276495125	0.414221925180753
200	0.77035690863559	0.4139637825531
201	0.770245080627877	0.413706923113377
202	0.770133787244651	0.413451334171608
203	0.770023023334628	0.413197003225131
204	0.7699127838211	0.412943917954929
205	0.769803063700499	0.412692066222049
206	0.769693858040991	0.412441436064114
207	0.769585161981111	0.412192015691911
208	0.769476970728423	0.411943793486065
209	0.769369279558212	0.411696757993793
210	0.769262083812215	0.411450897925738
211	0.769155378897373	0.411206202152867
212	0.769049160284615	0.410962659703456
213	0.768943423507672	0.410720259760137
214	0.768838164161916	0.410478991657015
215	0.768733377903229	0.410238844876855
216	0.768629060446892	0.409999809048329
217	0.768525207566506	0.409761873943335
218	0.768421815092936	0.409525029474366
219	0.768318878913271	0.409289265691948
220	0.768216394969823	0.409054572782133
221	0.768114359259132	0.408820941064048
222	0.768012767831003	0.408588360987501
223	0.767911616787563	0.408356823130636
224	0.767810902282337	0.40812631819765
225	0.767710620519343	0.407896837016548
226	0.767610767752214	0.407668370536958
227	0.767511340283329	0.40744090982799
228	0.767412334462969	0.40721444607614
229	0.767313746688494	0.406988970583242
230	0.767215573403527	0.406764474764467
231	0.76711781109717	0.406540950146361
232	0.767020456303225	0.406318388364923
233	0.766923505599433	0.406096781163736
234	0.76682695560674	0.405876120392121
235	0.766730802988562	0.405656398003346
236	0.766635044450079	0.405437606052863
237	0.766539676737534	0.405219736696583
238	0.766444696637556	0.405002782189195
239	0.766350100976489	0.404786734882508
240	0.766255886619738	0.404571587223841
241	0.76616205047113	0.404357331754433
242	0.766068589472283	0.404143961107894
243	0.765975500601997	0.403931468008689
244	0.765882780875646	0.403719845270646
245	0.765790427344589	0.403509085795501
246	0.765698437095597	0.403299182571469
247	0.765606807250279	0.403090128671846
248	0.76551553496453	0.402881917253636
249	0.765424617427989	0.402674541556209
250	0.7653340518635	0.402467994899986
251	0.765243835526596	0.402262270685144
252	0.76515396570498	0.402057362390356
253	0.765064439718025	0.401853263571549
254	0.764975254916281	0.401649967860688
255	0.764886408680993	0.401447468964586
256	0.764797898423625	0.401245760663736
257	0.764709721585395	0.40104483681116
258	0.764621875636822	0.400844691331294
259	0.764534358077276	0.40064531821888
260	0.76444716643454	0.400446711537888
261	0.764360298264379	0.400248865420453
262	0.764273751150122	0.40005177406584
263	0.764187522702241	0.39985543173942
264	0.76410161055795	0.399659832771671
265	0.764016012380803	0.399464971557197
266	0.763930725860305	0.399270842553761
267	0.763845748711526	0.399077440281345
268	0.763761078674723	0.398884759321218
269	0.763676713514974	0.398692794315026
270	0.76359265102181	0.3985015399639
271	0.763508889008859	0.398310991027578
272	0.763425425313501	0.398121142323544
273	0.763342257796516	0.397931988726182
274	0.763259384341753	0.397743525165946
275	0.763176802855795	0.397555746628548
276	0.763094511267633	0.397368648154153
277	0.76301250752835	0.397182224836596
278	0.762930789610802	0.396996471822614
279	0.762849355509313	0.396811384311079
280	0.76276820323937	0.396626957552265
281	0.762687330837327	0.396443186847106
282	0.762606736360111	0.396260067546489
283	0.762526417884935	0.396077595050538
284	0.762446373509014	0.395895764807929
285	0.762366601349294	0.395714572315206
286	0.762287099542169	0.395534013116111
287	0.762207866243221	0.395354082800929
288	0.762128899626957	0.395174777005842
289	0.762050197886542	0.394996091412291
290	0.761971759233554	0.394818021746357
291	0.761893581897729	0.394640563778144
292	0.761815664126716	0.39446371332118
293	0.761738004185834	0.394287466231821
294	0.761660600357839	0.394111818408671
295	0.761583450942683	0.39393676579201
296	0.761506554257293	0.393762304363229
297	0.761429908635336	0.393588430144279
298	0.761353512427005	0.393415139197126
299	0.761277363998794	0.393242427623216
300	0.76120146173329	0.393070291562951
301	0.761125804028953	0.392898727195167
302	0.761050389299916	0.392727730736631
303	0.760975215975777	0.392557298441537
304	0.760900282501399	0.392387426601015
305	0.760825587336709	0.392218111542648
306	0.760751128956509	0.392049349629994
307	0.760676905850278	0.391881137262117
308	0.760602916521991	0.391713470873131
309	0.760529159489925	0.39154634693174
310	0.760455633286485	0.391379761940799
311	0.760382336458018	0.391213712436868
312	0.760309267564639	0.391048194989785
313	0.760236425180058	0.390883206202241
314	0.760163807891407	0.390718742709359
315	0.760091414299073	0.390554801178285
316	0.76001924301653	0.390391378307781
317	0.759947292670179	0.390228470827829
318	0.759875561899183	0.390066075499234
319	0.759804049355315	0.389904189113245
320	0.759732753702795	0.389742808491167
321	0.759661673618143	0.389581930483992
322	0.759590807790023	0.389421551972028
323	0.759520154919097	0.389261669864537
324	0.75944971371788	0.389102281099378
325	0.759379482910592	0.388943382642656
326	0.759309461233019	0.388784971488373
327	0.759239647432372	0.38862704465809
328	0.75917004026715	0.388469599200589
329	0.759100638507001	0.388312632191545
330	0.759031440932596	0.388156140733197
331	0.758962446335488	0.388000121954028
332	0.758893653517991	0.387844573008452
333	0.758825061293045	0.387689491076499
334	0.758756668484095	0.38753487336351
335	0.758688473924965	0.387380717099835
336	0.758620476459737	0.387227019540535
337	0.75855267494263	0.387073777965091
338	0.75848506823788	0.386920989677112
339	0.758417655219625	0.386768652004053
340	0.758350434771792	0.386616762296931
341	0.758283405787978	0.386465317930057
342	0.758216567171341	0.386314316300752
343	0.758149917834492	0.386163754829089
344	0.758083456699384	0.386013630957624
345	0.758017182697203	0.385863942151136
346	0.757951094768267	0.38571468589637
347	0.757885191861919	0.385565859701786
348	0.757819472936425	0.385417461097306
349	0.757753936958872	0.385269487634072
350	0.757688582905072	0.385121936884201
351	0.757623409759459	0.384974806440547
352	0.757558416514995	0.384828093916466
353	0.757493602173073	0.384681796945582
354	0.757428965743424	0.384535913181563
355	0.757364506244025	0.384390440297887
356	0.757300222701004	0.384245375987628
357	0.757236114148552	0.384100717963233
358	0.757172179628836	0.383956463956302
359	0.757108418191908	0.383812611717383
360	0.757044828895617	0.383669159015755
361	0.756981410805529	0.383526103639221
362	0.756918162994838	0.383383443393907
363	0.756855084544285	0.383241176104059
364	0.756792174542076	0.383099299611841
365	0.756729432083801	0.382957811777144
366	0.756666856272351	0.382816710477385
367	0.756604446217847	0.382675993607326
368	0.756542201037554	0.382535659078876
369	0.756480119855809	0.382395704820911
370	0.756418201803945	0.382256128779089
371	0.756356446020216	0.38211692891567
372	0.756294851649722	0.381978103209335
373	0.75623341784434	0.381839649655013
374	0.756172143762647	0.381701566263706
375	0.756111028569856	0.38156385106232
376	0.75605007143774	0.38142650209349
377	0.755989271544568	0.38128951741542
378	0.755928628075032	0.381152895101713
379	0.755868140220186	0.381016633241214
380	0.755807807177376	0.380880729937843
381	0.755747628150174	0.380745183310444
382	0.755687602348315	0.380609991492623
383	0.755627728987636	0.380475152632597
384	0.755568007290007	0.380340664893041
385	0.755508436483275	0.380206526450938
386	0.7554490158012	0.38007273549743
387	0.755389744483394	0.379939290237675
388	0.755330621775263	0.379806188890696
389	0.755271646927947	0.379673429689247
390	0.755212819198262	0.379541010879666
391	0.755154137848642	0.379408930721737
392	0.755095602147087	0.379277187488556
393	0.755037211367098	0.379145779466393
394	0.754978964787631	0.379014704954556
395	0.754920861693035	0.378883962265267
396	0.754862901373005	0.378753549723523
397	0.754805083122522	0.37862346566697
398	0.754747406241805	0.378493708445781
399	0.754689870036259	0.378364276422523
400	0.754632473816421	0.378235167972037
401	0.754575216897911	0.378106381481316
402	0.754518098601382	0.377977915349382
403	0.754461118252471	0.37784976798717
404	0.75440427518175	0.377721937817405
405	0.754347568724677	0.377594423274492
406	0.754290998221548	0.377467222804396
407	0.754234563017453	0.37734033486453
408	0.754178262462226	0.377213757923644
409	0.754122095910402	0.377087490461711
410	0.754066062721168	0.376961530969822
411	0.754010162258323	0.376835877950074
412	0.75395439389023	0.376710529915468
413	0.753898756989774	0.376585485389795
414	0.753843250934317	0.376460742907541
415	0.75378787510566	0.37633630101378
416	0.753732628889993	0.376212158264069
417	0.753677511677862	0.376088313224356
418	0.753622522864121	0.375964764470869
419	0.753567661847896	0.375841510590031
420	0.75351292803254	0.375718550178351
421	0.7534583208256	0.375595881842336
422	0.753403839638769	0.375473504198395
423	0.753349483887857	0.37535141587274
424	0.753295252992745	0.375229615501302
425	0.753241146377349	0.375108101729634
426	0.753187163469584	0.374986873212821
427	0.753133303701328	0.374865928615394
428	0.753079566508381	0.374745266611237
429	0.753025951330434	0.374624885883504
430	0.752972457611028	0.374504785124531
431	0.752919084797524	0.374384963035752
432	0.752865832341063	0.374265418327612
433	0.752812699696535	0.374146149719488
434	0.752759686322544	0.374027155939602
435	0.752706791681375	0.373908435724943
436	0.752654015238956	0.373789987821187
437	0.752601356464833	0.373671810982616
438	0.752548814832129	0.373553903972037
439	0.752496389817519	0.37343626556071
440	0.752444080901191	0.373318894528268
441	0.752391887566823	0.373201789662641
442	0.752339809301543	0.37308494975998
443	0.752287845595904	0.372968373624586
444	0.752235995943852	0.372852060068834
445	0.752184259842695	0.372736007913101
446	0.752132636793074	0.372620215985696
447	0.752081126298932	0.372504683122785
448	0.752029727867489	0.372389408168326
449	0.751978441009208	0.372274389973995
450	0.751927265237768	0.37215962739912
451	0.75187620007004	0.372045119310615
452	0.751825245026052	0.371930864582907
453	0.751774399628967	0.371816862097875
454	0.751723663405054	0.371703110744784
455	0.75167303588366	0.371589609420216
456	0.751622516597183	0.37147635702801
457	0.751572105081049	0.371363352479197
458	0.751521800873682	0.371250594691938
459	0.75147160351648	0.37113808259146
460	0.75142151255379	0.371025815109996
461	0.75137152753288	0.370913791186726
462	0.751321648003917	0.370802009767713
463	0.751271873519941	0.370690469805845
464	0.751222203636841	0.370579170260778
465	0.751172637913329	0.370468110098876
466	0.751123175910918	0.370357288293155
467	0.751073817193899	0.370246703823224
468	0.751024561329313	0.370136355675229
469	0.750975407886935	0.370026242841799
470	0.750926356439244	0.369916364321991
471	0.750877406561403	0.369806719121231
472	0.75082855783124	0.369697306251267
473	0.750779809829218	0.369588124730109
474	0.750731162138423	0.36947917358198
475	0.750682614344531	0.369370451837264
476	0.750634166035795	0.369261958532451
477	0.750585816803022	0.36915369271009
478	0.750537566239548	0.369045653418734
479	0.750489413941221	0.368937839712893
480	0.75044135950638	0.368830250652985
481	0.750393402535831	0.368722885305282
482	0.750345542632831	0.368615742741868
483	0.750297779403067	0.368508822040585
484	0.750250112454634	0.368402122284991
485	0.750202541398018	0.368295642564308
486	0.750155065846074	0.368189381973376
487	0.750107685414009	0.368083339612612
488	0.750060399719361	0.367977514587958
489	0.750013208381983	0.36787190601084
490	0.74996611102402	0.367766512998119
491	0.749919107269896	0.367661334672052
492	0.749872196746289	0.367556370160245
493	0.74982537908212	0.367451618595609
494	0.749778653908529	0.36734707911632
495	0.749732020858863	0.367242750865773
496	0.749685479568652	0.367138632992543
497	0.749639029675596	0.367034724650342
498	0.749592670819549	0.366931024997976
499	0.749546402642495	0.366827533199309
500	0.749500224788541	0.366724248423215
501	0.749454136903891	0.366621169843548
502	0.749408138636836	0.366518296639091
503	0.749362229637733	0.366415627993528
504	0.749316409558992	0.366313163095397
505	0.749270678055059	0.366210901138054
506	0.7492250347824	0.366108841319636
507	0.749179479399484	0.366006982843023
508	0.74913401156677	0.365905324915801
509	0.749088630946688	0.365803866750221
510	0.749043337203628	0.36570260756317
511	0.748998130003921	0.365601546576127
512	0.748953009015827	0.365500683015132
513	0.748907973909517	0.36540001611075
514	0.748863024357061	0.365299545098033
515	0.748818160032413	0.365199269216487
516	0.748773380611395	0.365099187710041
517	0.748728685771684	0.364999299827004
518	0.748684075192797	0.36489960482004
519	0.748639548556079	0.36480010194613
520	0.748595105544686	0.364700790466541
521	0.748550745843574	0.364601669646789
522	0.748506469139483	0.364502738756611
523	0.748462275120927	0.364403997069932
524	0.748418163478175	0.364305443864831
525	0.748374133903243	0.364207078423509
526	0.74833018608988	0.364108900032263
527	0.748286319733553	0.364010907981447
528	0.748242534531433	0.363913101565448
529	0.748198830182388	0.363815480082651
530	0.748155206386964	0.363718042835413
531	0.748111662847377	0.363620789130027
532	0.748068199267496	0.363523718276701
533	0.748024815352837	0.36342682958952
534	0.747981510810546	0.363330122386422
535	0.747938285349386	0.363233595989169
536	0.747895138679731	0.363137249723316
537	0.747852070513548	0.363041082918185
538	0.747809080564388	0.362945094906836
539	0.747766168547374	0.362849285026041
540	0.747723334179191	0.362753652616251
541	0.747680577178073	0.362658197021578
542	0.747637897263789	0.362562917589759
543	0.747595294157638	0.362467813672135
544	0.747552767582433	0.362372884623622
545	0.747510317262492	0.362278129802686
546	0.747467942923626	0.362183548571315
547	0.747425644293131	0.362089140294996
548	0.747383421099771	0.361994904342689
549	0.747341273073776	0.361900840086798
550	0.747299199946825	0.361806946903152
551	0.747257201452036	0.361713224170975
552	0.747215277323961	0.361619671272864
553	0.74717342729857	0.361526287594764
554	0.747131651113241	0.361433072525943
555	0.747089948506756	0.361340025458971
556	0.747048319219284	0.361247145789691
557	0.747006762992374	0.361154432917202
558	0.746965279568948	0.361061886243831
559	0.746923868693285	0.36096950517511
560	0.746882530111017	0.360877289119755
561	0.746841263569116	0.360785237489644
562	0.746800068815889	0.360693349699792
563	0.746758945600963	0.36060162516833
564	0.746717893675277	0.360510063316484
565	0.746676912791079	0.360418663568549
566	0.746636002701907	0.360327425351872
567	0.746595163162588	0.360236348096831
568	0.746554393929224	0.360145431236807
569	0.746513694759188	0.360054674208169
570	0.74647306541111	0.359964076450254
571	0.74643250564487	0.359873637405339
572	0.746392015221593	0.359783356518627
573	0.746351593903635	0.359693233238227
574	0.746311241454578	0.359603267015126
575	0.746270957639219	0.359513457303179
576	0.746230742223565	0.359423803559083
577	0.746190594974822	0.359334305242357
578	0.746150515661387	0.359244961815326
579	0.746110504052841	0.359155772743099
580	0.746070559919942	0.359066737493552
581	0.746030683034613	0.358977855537305
582	0.745990873169937	0.358889126347708
583	0.74595113010015	0.358800549400819
584	0.74591145360063	0.358712124175387
585	0.745871843447892	0.358623850152831
586	0.74583229941958	0.358535726817227
587	0.745792821294458	0.358447753655284
588	0.745753408852402	0.358359930156332
589	0.745714061874396	0.358272255812296
590	0.745674780142522	0.35818473011769
591	0.745635563439953	0.358097352569586
592	0.745596411550943	0.35801012266761
593	0.745557324260826	0.357923039913913
594	0.745518301356004	0.357836103813164
595	0.745479342623941	0.357749313872526
596	0.745440447853157	0.357662669601641
597	0.745401616833219	0.357576170512617
598	0.745362849354735	0.357489816120006
599	0.74532414520935	0.357403605940792
600	0.745285504189733	0.357317539494373
601	0.745246926089576	0.357231616302545
602	0.745208410703584	0.357145835889485
603	0.745169957827471	0.357060197781738
604	0.74513156725795	0.356974701508199
605	0.745093238792728	0.356889346600099
606	0.745054972230502	0.356804132590987
607	0.745016767370949	0.356719059016718
608	0.744978624014721	0.356634125415437
609	0.744940541963437	0.35654933132756
610	0.744902521019682	0.356464676295767
611	0.744864560986993	0.356380159864979
612	0.744826661669861	0.356295781582349
613	0.744788822873718	0.356211540997244
614	0.744751044404933	0.356127437661234
615	0.74471332607081	0.356043471128072
616	0.744675667679576	0.355959640953688
617	0.744638069040379	0.355875946696167
618	0.74460052996328	0.35579238791574
619	0.744563050259248	0.355708964174769
620	0.744525629740154	0.35562567503773
621	0.744488268218768	0.355542520071207
622	0.744450965508749	0.35545949884387
623	0.744413721424639	0.355376610926465
624	0.744376535781862	0.355293855891804
625	0.744339408396717	0.355211233314746
626	0.744302339086368	0.355128742772188
627	0.744265327668846	0.355046383843052
628	0.744228373963035	0.354964156108266
629	0.744191477788674	0.354882059150763
630	0.744154638966349	0.354800092555455
631	0.744117857317486	0.35471825590923
632	0.744081132664348	0.354636548800936
633	0.744044464830029	0.354554970821369
634	0.744007853638448	0.35447352156326
635	0.743971298914345	0.354392200621263
636	0.743934800483276	0.354311007591945
637	0.743898358171607	0.35422994207377
638	0.743861971806509	0.354149003667093
639	0.743825641215955	0.354068191974141
640	0.743789366228711	0.353987506599006
641	0.743753146674336	0.353906947147634
642	0.743716982383173	0.353826513227809
643	0.743680873186347	0.353746204449146
644	0.743644818915758	0.353666020423078
645	0.743608819404079	0.353585960762845
646	0.743572874484748	0.35350602508348
647	0.743536983991965	0.353426213001804
648	0.743501147760688	0.353346524136408
649	0.743465365626627	0.353266958107648
650	0.743429637426241	0.353187514537631
651	0.743393962996731	0.353108193050204
652	0.743358342176038	0.353028993270944
653	0.743322774802838	0.352949914827149
654	0.743287260716535	0.352870957347825
655	0.743251799757261	0.352792120463678
656	0.743216391765868	0.3527134038071
657	0.743181036583925	0.352634807012163
658	0.743145734053715	0.352556329714606
659	0.743110484018227	0.352477971551825
660	0.743075286321155	0.352399732162866
661	0.743040140806894	0.35232161118841
662	0.743005047320534	0.352243608270767
663	0.742970005707856	0.352165723053866
664	0.742935015815328	0.352087955183241
665	0.742900077490104	0.352010304306028
666	0.742865190580014	0.351932770070951
667	0.742830354933565	0.351855352128313
668	0.742795570399935	0.351778050129986
669	0.74276083682897	0.351700863729405
670	0.742726154071177	0.351623792581554
671	0.742691521977725	0.351546836342961
672	0.742656940400438	0.351469994671684
673	0.742622409191789	0.351393267227309
674	0.742587928204903	0.351316653670933
675	0.742553497293547	0.35124015366516
676	0.742519116312127	0.351163766874091
677	0.742484785115688	0.351087492963316
678	0.742450503559907	0.351011331599902
679	0.742416271501089	0.350935282452388
680	0.742382088796166	0.350859345190775
681	0.742347955302691	0.350783519486516
682	0.742313870878836	0.35070780501251
683	0.742279835383386	0.350632201443092
684	0.742245848675739	0.350556708454025
685	0.742211910615899	0.350481325722491
686	0.742178021064476	0.350406052927083
687	0.742144179882679	0.350330889747799
688	0.742110386932315	0.35025583586603
689	0.742076642075783	0.350180890964554
690	0.742042945176074	0.35010605472753
691	0.742009296096767	0.350031326840484
692	0.741975694702021	0.349956706990309
693	0.741942140856579	0.349882194865249
694	0.741908634425758	0.349807790154899
695	0.74187517527545	0.349733492550191
696	0.741841763272118	0.349659301743389
697	0.74180839828279	0.349585217428083
698	0.741775080175061	0.349511239299177
699	0.741741808817084	0.349437367052886
700	0.74170858407757	0.349363600386725
701	0.741675405825786	0.349289938999504
702	0.741642273931549	0.34921638259132
703	0.741609188265224	0.349142930863549
704	0.741576148697722	0.34906958351884
705	0.741543155100495	0.348996340261105
706	0.741510207345535	0.348923200795515
707	0.741477305305369	0.348850164828492
708	0.741444448853059	0.348777232067701
709	0.741411637862194	0.348704402222044
710	0.741378872206893	0.348631675001652
711	0.741346151761796	0.34855905011788
712	0.741313476402067	0.348486527283297
713	0.741280846003387	0.348414106211683
714	0.741248260441953	0.348341786618018
715	0.741215719594475	0.34826956821848
716	0.74118322333817	0.348197450730434
717	0.741150771550766	0.348125433872429
718	0.741118364110493	0.348053517364186
719	0.741086000896081	0.3479817009266
720	0.741053681786762	0.347909984281725
721	0.74102140666226	0.347838367152773
722	0.740989175402796	0.347766849264105
723	0.74095698788908	0.347695430341226
724	0.740924844002308	0.347624110110776
725	0.740892743624163	0.347552888300529
726	0.74086068663681	0.347481764639381
727	0.740828672922895	0.347410738857348
728	0.740796702365539	0.347339810685557
729	0.740764774848339	0.347268979856243
730	0.740732890255364	0.347198246102739
731	0.740701048471153	0.347127609159473
732	0.740669249380711	0.347057068761961
733	0.740637492869508	0.346986624646802
734	0.740605778823476	0.34691627655167
735	0.740574107129005	0.346846024215309
736	0.740542477672945	0.346775867377531
737	0.740510890342598	0.346705805779202
738	0.740479345025719	0.346635839162244
739	0.740447841610513	0.346565967269626
740	0.740416379985632	0.346496189845359
741	0.740384960040173	0.346426506634489
742	0.740353581663674	0.346356917383093
743	0.740322244746116	0.346287421838274
744	0.740290949177916	0.346218019748153
745	0.740259694849926	0.346148710861866
746	0.740228481653433	0.346079494929556
747	0.740197309480154	0.346010371702372
748	0.740166178222234	0.345941340932458
749	0.740135087772246	0.345872402372952
750	0.740104038023184	0.345803555777979
751	0.740073028868467	0.345734800902645
752	0.740042060201933	0.345666137503034
753	0.740011131917835	0.3455975653362
754	0.739980243910846	0.345529084160165
755	0.739949396076047	0.345460693733912
756	0.739918588308933	0.345392393817379
757	0.739887820505406	0.345324184171456
758	0.739857092561777	0.345256064557978
759	0.739826404374759	0.345188034739723
760	0.739795755841469	0.345120094480404
761	0.739765146859423	0.345052243544665
762	0.739734577326537	0.344984481698077
763	0.739704047141121	0.344916808707133
764	0.739673556201881	0.34484922433924
765	0.739643104407913	0.34478172836272
766	0.739612691658706	0.3447143205468
767	0.739582317854135	0.344647000661612
768	0.73955198289446	0.344579768478182
769	0.739521686680328	0.344512623768432
770	0.739491429112766	0.344445566305172
771	0.739461210093181	0.344378595862094
772	0.739431029523359	0.34431171221377
773	0.739400887305463	0.344244915135648
774	0.739370783342027	0.344178204404046
775	0.739340717535962	0.344111579796144
776	0.739310689790547	0.344045041089989
777	0.739280700009428	0.343978588064479
778	0.73925074809662	0.343912220499369
779	0.739220833956503	0.34384593817526
780	0.739190957493819	0.343779740873595
781	0.739161118613672	0.343713628376659
782	0.739131317221524	0.343647600467572
783	0.739101553223196	0.343581656930282
784	0.739071826524864	0.343515797549566
785	0.739042137033057	0.343450022111023
786	0.739012484654659	0.343384330401068
787	0.738982869296901	0.343318722206934
788	0.738953290867364	0.34325319731666
789	0.738923749273978	0.343187755519092
790	0.738894244425014	0.343122396603878
791	0.738864776229089	0.343057120361464
792	0.738835344595162	0.342991926583089
793	0.73880594943253	0.34292681506078
794	0.738776590650831	0.342861785587353
795	0.738747268160037	0.342796837956404
796	0.738717981870456	0.342731971962304
797	0.738688731692729	0.342667187400203
798	0.73865951753783	0.342602484066017
799	0.738630339317061	0.342537861756429
800	0.738601196942054	0.342473320268885
801	0.738572090324765	0.34240885940159
802	0.738543019377479	0.342344478953501
803	0.738513984012801	0.342280178724328
804	0.73848498414366	0.342215958514528
805	0.738456019683305	0.342151818125302
806	0.738427090545303	0.342087757358588
807	0.738398196643539	0.342023776017064
808	0.738369337892213	0.341959873904138
809	0.738340514205839	0.341896050823947
810	0.738311725499244	0.341832306581354
811	0.738282971687566	0.341768640981943
812	0.738254252686252	0.341705053832016
813	0.738225568411059	0.341641544938591
814	0.738196918778047	0.341578114109395
815	0.738168303703584	0.341514761152865
816	0.73813972310434	0.34145148587814
817	0.738111176897288	0.341388288095059
818	0.738082664999701	0.341325167614162
819	0.73805418732915	0.341262124246679
820	0.738025743803507	0.341199157804533
821	0.737997334340937	0.341136268100332
822	0.737968958859902	0.341073454947369
823	0.737940617279156	0.341010718159618
824	0.737912309517745	0.340948057551728
825	0.737884035495007	0.340885472939024
826	0.737855795130568	0.340822964137502
827	0.737827588344343	0.340760530963821
828	0.737799415056531	0.34069817323531
829	0.737771275187619	0.340635890769955
830	0.737743168658377	0.340573683386401
831	0.737715095389855	0.340511550903947
832	0.737687055303388	0.340449493142544
833	0.737659048320587	0.340387509922791
834	0.737631074363344	0.340325601065933
835	0.737603133353827	0.340263766393856
836	0.737575225214479	0.340202005729085
837	0.73754734986802	0.340140318894782
838	0.737519507237439	0.340078705714741
839	0.737491697246001	0.340017166013385
840	0.73746391981724	0.339955699615767
841	0.737436174874958	0.339894306347562
842	0.737408462343226	0.339832986035064
843	0.737380782146383	0.33977173850519
844	0.737353134209032	0.339710563585466
845	0.737325518456041	0.339649461104035
846	0.73729793481254	0.339588430889648
847	0.737270383203922	0.339527472771662
848	0.73724286355584	0.339466586580036
849	0.737215375794208	0.339405772145333
850	0.737187919845194	0.339345029298711
851	0.737160495635228	0.339284357871926
852	0.737133103090993	0.339223757697322
853	0.737105742139427	0.339163228607838
854	0.737078412707721	0.339102770436994
855	0.737051114723318	0.339042383018899
856	0.737023848113915	0.338982066188239
857	0.736996612807455	0.338921819780283
858	0.736969408732131	0.338861643630872
859	0.736942235816386	0.338801537576422
860	0.736915093988906	0.33874150145392
861	0.736887983178624	0.338681535100919
862	0.736860903314717	0.338621638355538
863	0.736833854326606	0.33856181105646
864	0.736806836143952	0.338502053042927
865	0.736779848696658	0.338442364154738
866	0.736752891914868	0.338382744232247
867	0.736725965728962	0.338323193116361
868	0.73669907006956	0.338263710648536
869	0.736672204867516	0.338204296670776
870	0.736645370053923	0.338144951025628
871	0.736618565560105	0.338085673556183
872	0.736591791317621	0.338026464106072
873	0.736565047258261	0.337967322519461
874	0.736538333314048	0.337908248641053
875	0.736511649417233	0.337849242316082
876	0.736484995500299	0.337790303390313
877	0.736458371495953	0.337731431710036
878	0.736431777337133	0.337672627122071
879	0.736405212957	0.337613889473755
880	0.736378678288942	0.337555218612949
881	0.736352173266571	0.337496614388032
882	0.736325697823719	0.337438076647895
883	0.736299251894445	0.337379605241947
884	0.736272835413024	0.337321200020106
885	0.736246448313954	0.337262860832797
886	0.736220090531952	0.337204587530953
887	0.736193762001951	0.337146379966012
888	0.736167462659102	0.337088237989911
889	0.736141192438774	0.33703016145509
890	0.736114951276548	0.336972150214484
891	0.736088739108222	0.336914204121523
892	0.736062555869805	0.336856323030131
893	0.736036401497519	0.336798506794722
894	0.736010275927798	0.336740755270198
895	0.735984179097286	0.336683068311948
896	0.735958110942837	0.336625445775845
897	0.735932071401511	0.336567887518245
898	0.73590606041058	0.33651039339598
899	0.735880077907519	0.336452963266365
900	0.73585412383001	0.336395596987186
901	0.73582819811594	0.336338294416705
902	0.735802300703401	0.336281055413655
903	0.735776431530686	0.336223879837236
904	0.735750590536293	0.336166767547119
905	0.735724777658917	0.336109718403437
906	0.735698992837459	0.336052732266787
907	0.735673236011015	0.335995808998227
908	0.735647507118882	0.335938948459274
909	0.735621806100554	0.335882150511903
910	0.735596132895723	0.335825415018543
911	0.735570487444275	0.335768741842074
912	0.735544869686294	0.33571213084583
913	0.735519279562057	0.335655581893594
914	0.735493717012034	0.335599094849593
915	0.735468181976889	0.335542669578502
916	0.735442674397477	0.335486305945437
917	0.735417194214844	0.335430003815958
918	0.735391741370228	0.335373763056061
919	0.735366315805055	0.335317583532182
920	0.735340917460939	0.33526146511119
921	0.735315546279682	0.33520540766039
922	0.735290202203275	0.335149411047517
923	0.735264885173893	0.335093475140737
924	0.735239595133898	0.335037599808643
925	0.735214332025836	0.334981784920254
926	0.735189095792435	0.334926030345015
927	0.735163886376609	0.334870335952791
928	0.735138703721453	0.334814701613869
929	0.735113547770243	0.334759127198954
930	0.735088418466437	0.33470361257917
931	0.735063315753671	0.334648157626054
932	0.735038239575762	0.334592762211558
933	0.735013189876704	0.334537426208043
934	0.734988166600671	0.334482149488284
935	0.734963169692011	0.334426931925461
936	0.734938199095249	0.334371773393161
937	0.734913254755088	0.334316673765376
938	0.734888336616401	0.334261632916501
939	0.734863444624239	0.334206650721333
940	0.734838578723825	0.334151727055067
941	0.734813738860553	0.334096861793296
942	0.73478892497999	0.33404205481201
943	0.734764137027875	0.333987305987594
944	0.734739374950116	0.333932615196823
945	0.73471463869279	0.333877982316867
946	0.734689928202145	0.333823407225282
947	0.734665243424595	0.333768889800014
948	0.734640584306723	0.333714429919393
949	0.734615950795278	0.333660027462137
950	0.734591342837176	0.333605682307344
951	0.734566760379496	0.333551394334494
952	0.734542203369485	0.333497163423447
953	0.734517671754553	0.333442989454441
954	0.734493165482271	0.333388872308092
955	0.734468684500375	0.333334811865388
956	0.734444228756763	0.333280808007693
957	0.734419798199493	0.333226860616741
958	0.734395392776786	0.333172969574637
959	0.73437101243702	0.333119134763856
960	0.734346657128734	0.333065356067239
961	0.734322326800625	0.333011633367992
962	0.73429802140155	0.332957966549686
963	0.734273740880521	0.332904355496255
964	0.734249485186707	0.332850800091993
965	0.734225254269434	0.332797300221556
966	0.734201048078184	0.332743855769955
967	0.734176866562592	0.332690466622559
968	0.734152709672448	0.332637132665094
969	0.734128577357696	0.332583853783637
970	0.734104469568432	0.332530629864619
971	0.734080386254906	0.33247746079482
972	0.734056327367518	0.332424346461372
973	0.734032292856819	0.332371286751753
974	0.734008282673511	0.332318281553788
975	0.733984296768447	0.332265330755648
976	0.733960335092627	0.332212434245846
977	0.733936397597201	0.332159591913238
978	0.733912484233466	0.332106803647022
979	0.733888594952869	0.332054069336734
980	0.733864729707	0.332001388872248
981	0.733840888447598	0.331948762143776
982	0.733817071126547	0.331896189041866
983	0.733793277695876	0.331843669457396
984	0.733769508107758	0.331791203281581
985	0.73374576231451	0.331738790405965
986	0.733722040268593	0.331686430722423
987	0.73369834192261	0.331634124123158
988	0.733674667229306	0.331581870500701
989	0.733651016141569	0.331529669747906
990	0.733627388612426	0.331477521757957
991	0.733603784595047	0.331425426424356
992	0.73358020404274	0.331373383640931
993	0.733556646908951	0.331321393301827
994	0.733533113147269	0.331269455301513
995	0.733509602711418	0.331217569534771
996	0.733486115555259	0.331165735896704
997	0.733462651632794	0.331113954282729
998	0.733439210898158	0.331062224588577
999	0.733415793305623	0.331010546710292
1000	0.733392398809598	0.330958920544231
1001	0.733369027364625	0.330907345987061
