1	0.000302739395331297	2.13087310808509e-08
2	0.000444865014561844	2.06684628161273e-08
3	0.000515985862906752	1.91688845037223e-08
4	0.000565425951170975	1.70336026152377e-08
5	0.00060301624590803	1.60735100074614e-08
6	0.000633254085122286	1.46156318574119e-08
7	0.00065853166776382	1.40634597739721e-08
8	0.000680257478965578	1.30135821011965e-08
9	0.000699324176032215	1.21232793965146e-08
10	0.000716330077149048	1.18928705667322e-08
11	0.000731694276603756	1.11970396492688e-08
12	0.000745720962000204	1.05864301824815e-08
13	0.000758637489671758	1.05077544531187e-08
14	0.000770618019359966	1.00034852730292e-08
15	0.000781798777640051	9.5506329121961e-09
16	0.000792288251907636	9.14149064619832e-09
17	0.000802174198056421	8.76983323202489e-09
18	0.000811528580135642	8.80943081280179e-09
19	0.000820411129707491	8.48440340815661e-09
20	0.000828871960963585	8.18520296099995e-09
21	0.000836953525647293	7.90876774092015e-09
22	0.000844692097297735	7.65250822234945e-09
23	0.000852118914001888	7.41421886637596e-09
24	0.000859261069434234	7.50810303971785e-09
25	0.000866142215677669	7.29121105188255e-09
26	0.000872783123448673	7.08792721117259e-09
27	0.000937754768811493	6.89696504212896e-09
28	0.000944382718152105	6.71719784955131e-09
29	0.000950806802149781	6.54763445298101e-09
30	0.000957040881979427	6.38739923322192e-09
31	0.000963097419422525	6.23571562048913e-09
32	0.000968987660131388	6.35387899349714e-09
33	0.000974721787828114	6.21142486374242e-09
34	0.000980309054793693	6.07594794136825e-09
35	0.000985757892887475	5.94692940749868e-09
36	0.000991076008479729	5.82390151702503e-09
37	0.000996270464014319	5.7064414046555e-09
38	0.00100134774839867	5.59416577626127e-09
39	0.00100631383800846	5.48672634078773e-09
40	0.00101117424976997	5.38380586448795e-09
41	0.00101593408752369	5.28511475038203e-09
42	0.00102059808266522	5.40890662332437e-09
43	0.00102517062989102	5.31407012691315e-09
44	0.0010296558187408	5.22287939361596e-09
45	0.00103405746151633	5.13512049623067e-09
46	0.00103837911806593	5.05059622006563e-09
47	0.0010426241178479	4.96912444547487e-09
48	0.0010467955796244	4.89053671589505e-09
49	0.00105089642908518	4.81467696692145e-09
50	0.00105492941465737	4.74140039559002e-09
51	0.00105889712172127	4.67057245206549e-09
52	0.00106280198542165	4.60206793848126e-09
53	0.0010666463022382	4.53577020181726e-09
54	0.00107043224045688	4.655945606995e-09
55	0.00107416184966543	4.59117727736363e-09
56	0.00107783706938059	4.52838853854353e-09
57	0.0010814597369007	4.46748669046672e-09
58	0.00108503159446593	4.40838483603807e-09
59	0.00108855429579842	4.35100142925436e-09
60	0.0010920294120858	4.29525986519121e-09
61	0.00109545843746415	4.24108810737961e-09
62	0.00109884279405007	4.18841834863495e-09
63	0.00110218383656568	4.13718670186958e-09
64	0.00110548285659563	4.0873329178267e-09
65	0.00110874108651086	4.03880012702683e-09
66	0.00111195970308992	3.99153460352605e-09
67	0.00111513983086568	3.945485548355e-09
68	0.00111828254522198	3.90060489074209e-09
69	0.0011213888752625	4.01266355210202e-09
70	0.00112445980647167	3.96826130195827e-09
71	0.0011274962831856	3.92493981834829e-09
72	0.00113049921088911	3.88265868640896e-09
73	0.00113346945835336	3.84137951785047e-09
74	0.00113640785962728	3.8010658241409e-09
75	0.00113931521589471	3.76168289916301e-09
76	0.00114219229720797	3.72319771052395e-09
77	0.00114503984410762	3.68557879877866e-09
78	0.00114785856913738	3.64879618389958e-09
79	0.00115064915826231	3.61282127838898e-09
80	0.00115341227219737	3.57762680648714e-09
81	0.00115614854765341	3.54318672898081e-09
82	0.00115885859850655	3.5094761731617e-09
83	0.00116154301689653	3.47647136752659e-09
84	0.00116420237425924	3.44414958084624e-09
85	0.00116683722229814	3.41248906526461e-09
86	0.00116944809389878	3.38146900311906e-09
87	0.00117203550399051	3.35106945719919e-09
88	0.00117459995035899	3.45279405944309e-09
89	0.00117714191441276	3.42242210884468e-09
90	0.00117966186190711	3.39263808970878e-09
91	0.00118216024362797	3.3634244820523e-09
92	0.00118463749603851	3.33476446764868e-09
93	0.00118709404189088	3.30664189486255e-09
94	0.00118953029080533	3.27904124559335e-09
95	0.00119194663981874	3.25194760418052e-09
96	0.00119434347390453	3.22534662813548e-09
97	0.00119672116646583	3.1992245205757e-09
98	0.00119908007980327	3.17356800424586e-09
99	0.00120142056555932	3.14836429701989e-09
100	0.001192905539281	3.12684891658447e-09
101	0.00120604761011737	3.09926651962393e-09
102	0.00120833482260836	3.07534915919046e-09
103	0.00121060491564038	3.05183798723542e-09
104	0.00121285819349557	3.02872237517629e-09
105	0.00121509495204013	3.00599206866446e-09
106	0.00121731547903795	2.98363717108102e-09
107	0.00121952005444966	2.96164812790479e-09
108	0.00122170895071772	2.94001571189861e-09
109	0.00122388243303862	2.91873100906439e-09
110	0.00122604075962266	3.01031027224749e-09
111	0.00122818418194212	2.98889494016007e-09
112	0.00123031294496833	2.96781486046611e-09
113	0.00123242728739836	2.94706194308429e-09
114	0.00123452744187177	2.92662836078598e-09
115	0.00123661363517796	2.90650653849173e-09
116	0.00123868608845472	2.8866891430899e-09
117	0.00124074501737822	2.86716907374862e-09
118	0.0012427906323451	2.84793945269252e-09
119	0.00124482313864684	2.8289936164188e-09
120	0.00124684273663705	2.81032510732804e-09
121	0.00124884962189176	2.79192766574701e-09
122	0.0012508439853633	2.77379522232226e-09
123	0.00125282601352781	2.75592189076423e-09
124	0.00125479588852708	2.73830196092314e-09
125	0.00125675378830451	2.72092989217912e-09
126	0.00125869988673589	2.7038003071299e-09
127	0.00126063435375501	2.68690798556035e-09
128	0.00126255735547438	2.67024785867952e-09
129	0.00126446905430139	2.65381500361104e-09
130	0.00126636960904994	2.63760463812406e-09
131	0.00126825917504795	2.62161211559265e-09
132	0.00127013790424073	2.60583292017187e-09
133	0.00127200594529062	2.59026266217969e-09
134	0.00127386344367282	2.57489707367485e-09
135	0.00127571054176784	2.55973200422056e-09
136	0.00127754737895047	2.64169809728678e-09
137	0.00127937409167561	2.62635921890153e-09
138	0.00128119081356098	2.61121626269732e-09
139	0.00128299767546695	2.59626536762806e-09
140	0.00128479480557345	2.5815027752237e-09
141	0.00128658232945428	2.56692482617009e-09
142	0.0012883603701488	2.55252795702575e-09
143	0.00129012904823114	2.53830869706919e-09
144	0.001291888481877	2.52426366527065e-09
145	0.00129363878692826	2.51038956738268e-09
146	0.00129538007695532	2.49668319314398e-09
147	0.00129711246331743	2.48314141359145e-09
148	0.00129883605522088	2.46976117847554e-09
149	0.00130055095977545	2.45653951377434e-09
150	0.0013022572820488	2.44347351930187e-09
151	0.00130395512511927	2.43056036640653e-09
152	0.00130564459012679	2.41779729575579e-09
153	0.00130732577632232	2.40518161520315e-09
154	0.00130899878111558	2.39271069773409e-09
155	0.00131066370012131	2.38038197948727e-09
156	0.0013123206272041	2.36819295784819e-09
157	0.00131396965452174	2.35614118961172e-09
158	0.0013156108725673	2.34422428921106e-09
159	0.00131724437020981	2.33243992701001e-09
160	0.00131887023473382	2.32078582765608e-09
161	0.00132048855187764	2.30925976849185e-09
162	0.00132209940587043	2.29785957802218e-09
163	0.00132370287946822	2.28658313443502e-09
164	0.00132529905398881	2.27542836417357e-09
165	0.0013268880093457	2.26439324055783e-09
166	0.00132846982408087	2.25347578245327e-09
167	0.00133004457539674	2.24267405298525e-09
168	0.00133161233918712	2.31541769711762e-09
169	0.0013331731900673	2.30444645832197e-09
170	0.0013347272014032	2.29358950907901e-09
171	0.00133627444533978	2.28284501131125e-09
172	0.0013378149928286	2.27221116683039e-09
173	0.00133934891365448	2.26168621624982e-09
174	0.00134087627646166	2.25126843793256e-09
175	0.00134239714877899	2.24095614697366e-09
176	0.00134391159704452	2.23074769421539e-09
177	0.00134541968662942	2.22064146529432e-09
178	0.00134692148186117	2.21063587971887e-09
179	0.00134841704604621	2.20072938997628e-09
180	0.00134990644149193	2.19092048066787e-09
181	0.00135138972952799	2.18120766767153e-09
182	0.00135286697052718	2.17158949733054e-09
183	0.00135433822392567	2.16206454566764e-09
184	0.00135580354824273	2.15263141762346e-09
185	0.00135726300109989	2.14328874631851e-09
186	0.00135871663923968	2.1340351923377e-09
187	0.00136016451854374	2.12486944303683e-09
188	0.00136160669405064	2.11579021187009e-09
189	0.00136304321997308	2.1067962377378e-09
190	0.00136447414971471	2.0978862843539e-09
191	0.00136589953588656	2.08905913963219e-09
192	0.00136731943032294	2.08031361509094e-09
193	0.00136873388409706	2.07164854527506e-09
194	0.00137014294753619	2.0630627871953e-09
195	0.00137154667023642	2.05455521978384e-09
196	0.00137294510107709	2.04612474336584e-09
197	0.00137433828823487	2.03777027914615e-09
198	0.00137572627919749	2.02949076871103e-09
199	0.00137710912077704	2.02128517354398e-09
200	0.00137848685912312	2.01315247455555e-09
201	0.00137985953973547	2.00509167162645e-09
202	0.00138122720747649	1.99710178316354e-09
203	0.0013825899065833	1.98918184566843e-09
204	0.0013839476806796	1.98133091331809e-09
205	0.0013853005727872	2.0459658232481e-09
206	0.00138664862533734	2.03796701144431e-09
207	0.00138799188018166	2.03003690105885e-09
208	0.00138933037860293	2.02217458074721e-09
209	0.00139066416132567	2.01437915548907e-09
210	0.00139199326852625	2.00664974622074e-09
211	0.00139331773984302	1.99898548947736e-09
212	0.00139463761438603	1.99138553704489e-09
213	0.0013959529307467	1.98384905562134e-09
214	0.00139726372700698	1.97637522648718e-09
215	0.0013985700407487	1.96896324518434e-09
216	0.00139987190906233	1.9616123212039e-09
217	0.00140116936855578	1.95432167768184e-09
218	0.00140246245536293	1.9470905511029e-09
219	0.00140375120515196	1.9399181910121e-09
220	0.00140503565313348	1.9328038597338e-09
221	0.00140631583406858	1.92574683209799e-09
222	0.00140759178227653	1.91874639517371e-09
223	0.00140886353164248	1.91180184800918e-09
224	0.00141013111562491	1.90491250137873e-09
225	0.00141139456726293	1.89807767753603e-09
226	0.00141265391918341	1.89129670997361e-09
227	0.00141390920360797	1.88456894318852e-09
228	0.00141516045235985	1.87789373245372e-09
229	0.00141640769687059	1.87127044359529e-09
230	0.00141765096818657	1.86469845277521e-09
231	0.00141889029697542	1.8581771462794e-09
232	0.00142012571353236	1.85170592031108e-09
233	0.00142135724778627	1.84528418078923e-09
234	0.00142258492930575	1.83891134315188e-09
235	0.00142380878730503	1.83258683216428e-09
236	0.00142502885064973	1.82631008173169e-09
237	0.00142624514786248	1.82008053471666e-09
238	0.00142745770712854	1.8138976427608e-09
239	0.00142866655630113	1.8077608661107e-09
240	0.00142987172290686	1.8016696734481e-09
241	0.00143107323415081	1.79562354172405e-09
242	0.00143227111692177	1.789621955997e-09
243	0.00143346539779712	1.78366440927467e-09
244	0.00143465610304781	1.77775040235974e-09
245	0.00143584325864316	1.77187944369902e-09
246	0.00143702689025553	1.76605104923621e-09
247	0.00143820702326496	1.76026474226806e-09
248	0.00143938368276372	1.7545200533038e-09
249	0.00144055689356071	1.81183188868964e-09
250	0.00144172668018584	1.80596500579519e-09
251	0.00144289306689427	1.80013982473543e-09
252	0.00144405607767062	1.79435588760173e-09
253	0.00144521573623309	1.78861274327845e-09
254	0.00144637206603741	1.78290994731605e-09
255	0.0014475250902809	1.77724706180723e-09
256	0.00144867483190625	1.77162365526569e-09
257	0.00144982131360537	1.76603930250773e-09
258	0.00145096455782311	1.76049358453637e-09
259	0.00145210458676092	1.7549860884281e-09
260	0.00145324142238041	1.74951640722211e-09
261	0.00145437508640696	1.74408413981191e-09
262	0.00145550560033308	1.73868889083941e-09
263	0.00145663298542184	1.73333027059123e-09
264	0.00145775726271023	1.7280078948973e-09
265	0.00145887845301241	1.7227213850316e-09
266	0.00145999657692292	1.71747036761514e-09
267	0.00146111165481982	1.71225447452095e-09
268	0.00146222370686782	1.70707334278106e-09
269	0.00146333275302131	1.7019266144956e-09
270	0.00146443881302729	1.69681393674369e-09
271	0.00146554190642842	1.69173496149629e-09
272	0.00146664205256578	1.68668934553088e-09
273	0.00146773927058174	1.6816767503479e-09
274	0.00146883357942278	1.67669684208902e-09
275	0.00146992499784218	1.67174929145695e-09
276	0.00147101354440267	1.66683377363715e-09
277	0.00147209923747914	1.6619499682209e-09
278	0.00147318209526118	1.6570975591302e-09
279	0.00147426213575562	1.65227623454405e-09
280	0.00147533937678904	1.6474856868263e-09
281	0.00147641383601024	1.64272561245495e-09
282	0.00147748553089264	1.63799571195295e-09
283	0.00147855447873665	1.6332956898203e-09
284	0.001479620696672	1.62862525446763e-09
285	0.00148068420166004	1.62398411815103e-09
286	0.001481745010496	1.61937199690823e-09
287	0.00148280313981118	1.61478861049604e-09
288	0.00148385860607515	1.61023368232907e-09
289	0.0014849114255979	1.6057069394196e-09
290	0.00148596161453189	1.60120811231873e-09
291	0.00148700918887422	1.59673693505859e-09
292	0.00148805416446857	1.59229314509578e-09
293	0.00148909655700723	1.58787648325581e-09
294	0.00149013638203309	1.58348669367878e-09
295	0.00149117365494161	1.57912352376593e-09
296	0.00149220839098261	1.5747867241274e-09
297	0.00149324060526225	1.57047604853084e-09
298	0.00149427031274484	1.56619125385118e-09
299	0.00149529752825466	1.56193210002117e-09
300	0.00149632226647773	1.55769834998309e-09
301	0.00149734454196355	1.60847631016374e-09
302	0.00149836436912689	1.60414458631631e-09
303	0.00149938176224943	1.59983844730324e-09
304	0.00150039673548147	1.59555765965748e-09
305	0.00159520114789816	1.59130199279131e-09
306	0.0015962744712757	1.58707121895154e-09
307	0.00159734526773765	1.58286511317575e-09
308	0.00159841355177799	1.57868345324914e-09
309	0.00159947933775958	1.57452601966238e-09
310	0.00160054263991574	1.57039259557007e-09
311	0.00160160347235187	1.56628296675009e-09
312	0.00160266184904699	1.56219692156363e-09
313	0.00160371778385533	1.55813425091598e-09
314	0.00160477129050777	1.55409474821802e-09
315	0.00160582238261341	1.55007820934845e-09
316	0.00160687107366101	1.54608443261665e-09
317	0.00160791737702041	1.54211321872625e-09
318	0.00160896130594403	1.53816437073934e-09
319	0.00161000287356821	1.53423769404136e-09
320	0.00161104209291463	1.53033299630659e-09
321	0.00161207897689164	1.52645008746421e-09
322	0.00161311353829566	1.52258877966509e-09
323	0.00161414578981246	1.51874888724906e-09
324	0.00161517574401845	1.51493022671279e-09
325	0.00161620341338199	1.51113261667826e-09
326	0.00161722881026469	1.50735587786176e-09
327	0.00161825194692255	1.50359983304345e-09
328	0.00161927283550733	1.49986430703747e-09
329	0.00162029148806762	1.49614912666251e-09
330	0.00162130791655015	1.49245412071293e-09
331	0.00162232213280085	1.48877911993045e-09
332	0.00162333414856614	1.48512395697618e-09
333	0.00162434397549393	1.48148846640328e-09
334	0.00162535162513485	1.47787248462997e-09
335	0.00162635710894335	1.4742758499131e-09
336	0.00162736043827868	1.47069840232212e-09
337	0.00162836162440614	1.46713998371352e-09
338	0.001629360678498	1.46360043770564e-09
339	0.00163035761163459	1.46007960965399e-09
340	0.00163135243480538	1.45657734662698e-09
341	0.00163234515890989	1.45309349738198e-09
342	0.00163333579475883	1.44962791234187e-09
343	0.00163432435307495	1.4461804435719e-09
344	0.00163531084449412	1.44275094475708e-09
345	0.00163629527956622	1.43933927117971e-09
346	0.00163727766875612	1.43594527969758e-09
347	0.00163825802244463	1.43256882872224e-09
348	0.00163923635092935	1.42920977819784e-09
349	0.0016402126644257	1.42586798958022e-09
350	0.00164118697306767	1.42254332581637e-09
351	0.00164215928690881	1.41923565132421e-09
352	0.00164312961592308	1.41594483197272e-09
353	0.00164409797000567	1.4126707350624e-09
354	0.00164506435897388	1.40941322930598e-09
355	0.00164602879256794	1.40617218480958e-09
356	0.00164699128045187	1.40294747305401e-09
357	0.00164795183221425	1.39973896687649e-09
358	0.00164891045736904	1.39654654045262e-09
359	0.00164986716535635	1.39337006927861e-09
360	0.0016508219655433	1.43856093496263e-09
361	0.00165177486722467	1.43530662532987e-09
362	0.00165272587962375	1.43206844738867e-09
363	0.00165367501189306	1.42884627759354e-09
364	0.0016546222731151	1.42563999367805e-09
365	0.00165556767230307	1.42244947463822e-09
366	0.00165651121840158	1.41927460071605e-09
367	0.00165745292028741	1.41611525338336e-09
368	0.00165839278677012	1.41297131532594e-09
369	0.00165933082659286	1.40984267042782e-09
370	0.00166026704843298	1.40672920375594e-09
371	0.00166120146090267	1.40363080154489e-09
372	0.00166213407254974	1.40054735118204e-09
373	0.00166306489185818	1.3974787411928e-09
374	0.00166399392724884	1.39442486122613e-09
375	0.0016649211870801	1.39138560204029e-09
376	0.00166584667964844	1.38836085548881e-09
377	0.00166677041318911	1.38535051450664e-09
378	0.00166769239587673	1.38235447309653e-09
379	0.00166861263582593	1.37937262631565e-09
380	0.00166953114109191	1.37640487026234e-09
381	0.00167044791967104	1.37345110206313e-09
382	0.00167136297950145	1.3705112198599e-09
383	0.00167227632846363	1.36758512279731e-09
384	0.00167318797438097	1.36467271101032e-09
385	0.00167409792502035	1.36177388561193e-09
386	0.00167500618809266	1.35888854868119e-09
387	0.00167591277125339	1.35601660325124e-09
388	0.00167681768210317	1.35315795329765e-09
389	0.00167772092818829	1.35031250372683e-09
390	0.00167862251700119	1.34748016036477e-09
391	0.00167952245598109	1.34466082994571e-09
392	0.00168042075251437	1.34185442010121e-09
393	0.00168131741393524	1.33906083934922e-09
394	0.00168221244752609	1.3362799970834e-09
395	0.00168310586051808	1.33351180356254e-09
396	0.00168399766009162	1.33075616990017e-09
397	0.00168488785337681	1.32801300805431e-09
398	0.00168577644745399	1.32528223081735e-09
399	0.00168666344935415	1.3225637518061e-09
400	0.00168754886605946	1.31985748545198e-09
401	0.00168843270450365	1.31716334699134e-09
402	0.00168931497157257	1.31448125245591e-09
403	0.00169019567410456	1.31181111866343e-09
404	0.00169107481889092	1.30915286320834e-09
405	0.00169195241267637	1.30650640445272e-09
406	0.00169282846215948	1.30387166151719e-09
407	0.00169370297399309	1.30124855427211e-09
408	0.00169457595478472	1.29863700332876e-09
409	0.00169544741109702	1.29603693003079e-09
410	0.0016963173494482	1.29344825644564e-09
411	0.00169718577631238	1.2908709053562e-09
412	0.00169805269812007	1.28830480025248e-09
413	0.00169891812125851	1.28574986532354e-09
414	0.00169978205207207	1.28320602544936e-09
415	0.00170064449686273	1.28067320619296e-09
416	0.00170150546189035	1.27815133379256e-09
417	0.0017023649533731	1.27564033515389e-09
418	0.00170322297748786	1.27314013784252e-09
419	0.00170407954037059	1.27065067007644e-09
420	0.00170493464811667	1.26817186071858e-09
421	0.00170578830678129	1.26570363926958e-09
422	0.00170664052237979	1.26324593586054e-09
423	0.00170749130088804	1.26079868124594e-09
424	0.00170834064824281	1.25836180679664e-09
425	0.00170918857034204	1.25593524449296e-09
426	0.0017100350730453	1.25351892691784e-09
427	0.00171088016217405	1.25111278725017e-09
428	0.00171172384351198	1.2487167592581e-09
429	0.0017125661228054	1.28893730720718e-09
430	0.00171340700576348	1.28648008126468e-09
431	0.0017142464980587	1.28403311077232e-09
432	0.00171508460532707	1.28159632960498e-09
433	0.00171592133316845	1.27916967221406e-09
434	0.00171675668714697	1.27675307362107e-09
435	0.0017175906727912	1.27434646941145e-09
436	0.00171842329559458	1.27194979572834e-09
437	0.00171925456101567	1.26956298926656e-09
438	0.00172008447447842	1.26718598726655e-09
439	0.00172091304137255	1.26481872750848e-09
440	0.00172174026705378	1.26246114830643e-09
441	0.00172256615684413	1.26011318850254e-09
442	0.00172339071603228	1.25777478746137e-09
443	0.00172421394987372	1.2554458850643e-09
444	0.00172503586359118	1.25312642170393e-09
445	0.0017258564623748	1.25081633827863e-09
446	0.00172667575138248	1.24851557618713e-09
447	0.00172749373574007	1.24622407732318e-09
448	0.00172831042054178	1.2439417840703e-09
449	0.00172912581085027	1.24166863929655e-09
450	0.00172993991169706	1.23940458634943e-09
451	0.00173075272808273	1.23714956905079e-09
452	0.00173156426497718	1.23490353169182e-09
453	0.00173237452731991	1.23266641902816e-09
454	0.00173318352002023	1.23043817627495e-09
455	0.00173399124795756	1.22821874910206e-09
456	0.00173479771598167	1.22600808362935e-09
457	0.0017356029289129	1.22380612642191e-09
458	0.00173640689154242	1.22161282448553e-09
459	0.00173720960863247	1.21942812526199e-09
460	0.0017380110849166	1.21725197662467e-09
461	0.00173881132509988	1.21508432687398e-09
462	0.00173961033385922	1.21292512473304e-09
463	0.00174040811584348	1.21077431934325e-09
464	0.00174120467567376	1.20863186026006e-09
465	0.00174200001794365	1.20649769744868e-09
466	0.00174279414721942	1.20437178127988e-09
467	0.00174358706804025	1.2022540625259e-09
468	0.00174437878491842	1.2001444923563e-09
469	0.00174516930233961	1.19804302233397e-09
470	0.001745958624763	1.19594960441109e-09
471	0.00174674675662159	1.19386419092524e-09
472	0.00174753370232234	1.19178673459546e-09
473	0.0017483194662464	1.18971718851845e-09
474	0.00174910405274933	1.18765550616471e-09
475	0.00174988746616129	1.18560164137485e-09
476	0.00175066971078725	1.18355554835584e-09
477	0.00175145079090717	1.18151718167735e-09
478	0.00175223071077621	1.17948649626818e-09
479	0.00175300947462496	1.1774634474126e-09
480	0.00175378708665956	1.17544799074688e-09
481	0.00175456355106197	1.1734400822558e-09
482	0.00175533887199013	1.17143967826914e-09
483	0.0017561130535781	1.16944673545838e-09
484	0.00175688609993632	1.16746121083319e-09
485	0.00175765801515177	1.16548306173827e-09
486	0.00175842880328815	1.16351224584989e-09
487	0.00175919846838604	1.16154872117279e-09
488	0.00175996701446312	1.15959244603688e-09
489	0.00176073444551428	1.15764337909409e-09
490	0.00176150076551192	1.15570147931525e-09
491	0.00176226597840598	1.15376670598697e-09
492	0.0017630300881242	1.1518390187086e-09
493	0.00176379309857227	1.14991837738919e-09
494	0.001764555013634	1.14800474224448e-09
495	0.00176531583717147	1.146098073794e-09
496	0.00176607557302524	1.14419833285809e-09
497	0.00176683422501446	1.14230548055505e-09
498	0.00176759179693706	1.14041947829826e-09
499	0.00176834829256992	1.13854028779336e-09
500	0.001769103715669	1.1366678710355e-09
501	0.00176985806996954	1.13480219030655e-09
502	0.00177061135918617	1.13294320817235e-09
503	0.00177136358701312	1.13109088748006e-09
504	0.00177211475712429	1.1292451913555e-09
505	0.00177286487317348	1.12740608320048e-09
506	0.00177361393879455	1.12557352669022e-09
507	0.00177436195760145	1.12374748577078e-09
508	0.00177510893318852	1.1596371618745e-09
509	0.00177585486913056	1.15776310419952e-09
510	0.00177659976898294	1.15589567096766e-09
511	0.0017773436362818	1.15403482600691e-09
512	0.00177808647454422	1.15218053341233e-09
513	0.00177882828726825	1.15033275754361e-09
514	0.00177956907793318	1.14849146302253e-09
515	0.00178030884999957	1.14665661473064e-09
516	0.00178104760690947	1.14482817780677e-09
517	0.00178178535208648	1.14300611764468e-09
518	0.00178252208893596	1.14119039989073e-09
519	0.00178325782084509	1.13938099044154e-09
520	0.00178399255118307	1.1375778554417e-09
521	0.00178472628330121	1.13578096128149e-09
522	0.00178545902053307	1.13399027459465e-09
523	0.00178619076619458	1.13220576225613e-09
524	0.00178692152358415	1.13042739137992e-09
525	0.0017876512959829	1.12865512931687e-09
526	0.00178838008665461	1.12688894365253e-09
527	0.001789107898846	1.12512880220505e-09
528	0.00178983473578677	1.12337467302303e-09
529	0.00179056060068975	1.12162652438349e-09
530	0.00179128549675101	1.11988432478979e-09
531	0.00179200942714999	1.11814804296961e-09
532	0.0017927323950496	1.1164176478729e-09
533	0.00179345440359635	1.11469310866993e-09
534	0.00179417545592048	1.11297439474931e-09
535	0.00179489555513604	1.11126147571602e-09
536	0.00179561470434102	1.10955432138952e-09
537	0.00179633290661751	1.10785290180182e-09
538	0.00179705016503171	1.10615718719558e-09
539	0.00179776648263415	1.10446714802229e-09
540	0.00179848186245972	1.10278275494038e-09
541	0.0017991963075278	1.1011039788134e-09
542	0.00179990982084242	1.09943079070824e-09
543	0.00180062240539229	1.09776316189332e-09
544	0.00180133406415095	1.09610106383683e-09
545	0.00180204480007684	1.09444446820497e-09
546	0.00180275461611351	1.09279334686023e-09
547	0.00180346351518954	1.09114767185966e-09
548	0.00180417150021881	1.08950741545322e-09
549	0.00180487857410055	1.08787255008202e-09
550	0.00180558473971937	1.08624304837676e-09
551	0.00180628999994545	1.084618883156e-09
552	0.00180699435763464	1.08300002742459e-09
553	0.00180769781562848	1.08138645437203e-09
554	0.00180840037675434	1.07977813737091e-09
555	0.00180910204382556	1.07817504997532e-09
556	0.00180980281964147	1.07657716591925e-09
557	0.00181050270698753	1.07498445911514e-09
558	0.00181120170863543	1.07339690365225e-09
559	0.00181189982734315	1.07181447379523e-09
560	0.00181259706585505	1.07023714398259e-09
561	0.00181329342690205	1.0686648888252e-09
562	0.00181398891320157	1.06709768310487e-09
563	0.00181468352745774	1.06553550177288e-09
564	0.00181537727236146	1.06397831994854e-09
565	0.00181607015059048	1.06242611291776e-09
566	0.00181676216480947	1.06087885613167e-09
567	0.00181745331767012	1.05933652520522e-09
568	0.00181814361181125	1.05779909591579e-09
569	0.00181883304985888	1.05626654420184e-09
570	0.00181952163442627	1.05473884616156e-09
571	0.00182020936811411	1.05321597805152e-09
572	0.00182089625351051	1.05169791628537e-09
573	0.00182158229319108	1.0501846374325e-09
574	0.00182226748971908	1.04867611821677e-09
575	0.00182295184564547	1.04717233551525e-09
576	0.00182363536350895	1.04567326635687e-09
577	0.00182431804583613	1.04417888792124e-09
578	0.00182499989514149	1.04268917753737e-09
579	0.00182568091392757	1.04120411268245e-09
580	0.001826361104685	1.03972367098062e-09
581	0.00182704046989256	1.03824783020176e-09
582	0.00182771901201727	1.03677656826031e-09
583	0.00182839673351452	1.03530986321407e-09
584	0.00182907363682804	1.03384769326304e-09
585	0.00182974972439007	1.03239003674825e-09
586	0.00183042499862137	1.0309368721506e-09
587	0.00183109946193135	1.02948817808974e-09
588	0.00183177311671809	1.02804393332296e-09
589	0.00183244596536845	1.02660411674401e-09
590	0.00183311801025812	1.02516870738206e-09
591	0.00183378925375172	1.0237376844006e-09
592	0.00183445969820281	1.02231102709629e-09
593	0.00183512934595403	1.02088871489797e-09
594	0.00183579819933713	1.01947072736556e-09
595	0.00183646626067306	1.01805704418899e-09
596	0.00183713353227202	1.0166476451872e-09
597	0.00183780001643352	1.01524251030706e-09
598	0.00183846571544651	1.01384161962239e-09
599	0.00183913063158932	1.04591195405836e-09
600	0.0018397947671299	1.04447346381038e-09
601	0.00184045812432571	1.04303929707415e-09
602	0.00184112070542393	1.04160943377895e-09
603	0.0018417825126614	1.04018385398009e-09
604	0.0018424435482648	1.03876253785787e-09
605	0.00184310381445064	1.0373454657166e-09
606	0.00184376331342534	1.03593261798364e-09
607	0.00184442204738529	1.0345239752084e-09
608	0.00184508001851693	1.03311951806141e-09
609	0.0018457372289968	1.03171922733336e-09
610	0.00184639368099158	1.03032308393416e-09
611	0.0018470493766582	1.02893106889199e-09
612	0.00184770431814387	1.02754316335243e-09
613	0.0018483585075861	1.02615934857745e-09
614	0.00184901194711284	1.02477960594461e-09
615	0.00184966463884251	1.0234039169461e-09
616	0.00185031658488401	1.02203226318785e-09
617	0.00185096778733685	1.02066462638868e-09
618	0.00185161824829116	1.01930098837939e-09
619	0.00185226796982775	1.01794133110195e-09
620	0.00185291695401819	1.01658563660858e-09
621	0.00185356520292486	1.01523388706093e-09
622	0.00185421271860099	1.01388606472926e-09
623	0.00185485950309072	1.01254215199157e-09
624	0.00185550555842918	1.01120213133281e-09
625	0.0018561508866425	1.00986598534401e-09
626	0.00185679548974789	1.00853369672155e-09
627	0.00185743936975373	1.00720524826627e-09
628	0.00185808252865954	1.00588062288273e-09
629	0.0018587249684561	1.00455980357843e-09
630	0.00185936669112546	1.00324277346297e-09
631	0.00186000769864108	1.00192951574734e-09
632	0.0018606479929677	1.00062001374313e-09
633	0.0018612875760616	9.99314250861741e-10
634	0.00186192644987053	9.98012210613686e-10
635	0.00186256461633378	9.96713876607809e-10
636	0.00186320207738224	9.95419232550545e-10
637	0.00186383883493844	9.94128262245214e-10
638	0.00186447489091663	9.92840949591261e-10
639	0.00186511024722277	9.91557278583568e-10
640	0.00186574490575466	9.90277233311722e-10
641	0.00186637886840189	9.89000797959317e-10
642	0.00186701213704598	9.87727956803245e-10
643	0.00186764471356038	9.86458694213016e-10
644	0.0018682765998105	9.85192994650062e-10
645	0.00186890779765383	9.83930842667057e-10
646	0.00186953830893989	9.8267222290724e-10
647	0.00187016813551034	9.81417120103754e-10
648	0.00187079727919903	9.80165519078971e-10
649	0.00187142574183198	9.78917404743847e-10
650	0.00187205352522756	9.77672762097253e-10
651	0.00187268063119634	9.76431576225352e-10
652	0.00187330706154129	9.75193832300951e-10
653	0.0018739328180578	9.73959515582851e-10
654	0.00187455790253365	9.72728611415238e-10
655	0.00187518231674912	9.71501105227051e-10
656	0.00187580606247703	9.70276982531371e-10
657	0.00187642914148276	9.69056228924796e-10
658	0.00187705155552428	9.67838830086854e-10
659	0.00187767330635224	9.66624771779372e-10
660	0.00187829439570999	9.65414039845913e-10
661	0.00187891482533356	9.64206620211168e-10
662	0.00187953459695184	9.63002498880361e-10
663	0.00188015371228647	9.61801661938689e-10
664	0.00188077217305199	9.60604095550737e-10
665	0.00188138998095582	9.59409785959893e-10
666	0.00188200713769835	9.58218719487812e-10
667	0.00188262364497289	9.57030882533827e-10
668	0.00188323950446584	9.5584626157441e-10
669	0.00188385471785662	9.54664843162615e-10
670	0.00188446928681774	9.53486613927529e-10
671	0.00188508321301488	9.52311560573739e-10
672	0.00188569649810687	9.51139669880783e-10
673	0.00188630914374576	9.49970928702621e-10
674	0.00188692115157686	9.48805323967119e-10
675	0.00188753252323875	9.47642842675512e-10
676	0.00188814326036337	9.46483471901888e-10
677	0.00188875336457596	9.45327198792671e-10
678	0.00188936283749526	9.4417401056612e-10
679	0.00188997168073337	9.43023894511818e-10
680	0.00189057989589585	9.41876837990165e-10
681	0.00189118748458186	9.4073282843189e-10
682	0.00189179444838402	9.3959185333755e-10
683	0.00189240078888855	9.38453900277048e-10
684	0.00189300650767531	9.37318956889147e-10
685	0.00189361160631781	9.3618701088098e-10
686	0.00189421608638324	9.35058050027585e-10
687	0.00189481994943248	9.33932062171434e-10
688	0.00189542319702023	9.32809035221947e-10
689	0.00189602583069491	9.31688957155047e-10
690	0.00189662785199882	9.30571816012689e-10
691	0.00189722926246807	9.29457599902404e-10
692	0.00189783006363271	9.28346296996843e-10
693	0.00189843025701668	9.27237895533341e-10
694	0.00189902984413789	9.26132383813452e-10
695	0.00189962882650822	9.25029750202525e-10
696	0.00190022720563361	9.23929983129249e-10
697	0.00190082498301401	9.22833071085232e-10
698	0.0019014221601435	9.21739002624567e-10
699	0.00190201873851026	9.20647766363394e-10
700	0.00190261471959659	9.19559350979495e-10
701	0.00190321010487903	9.18473745211856e-10
702	0.00190380489582829	9.47222845176993e-10
703	0.00190439909390933	9.4610770479251e-10
704	0.0019049927005814	9.44995430881254e-10
705	0.00190558571729806	9.43886012064551e-10
706	0.00190617814550716	9.42779437024826e-10
707	0.00190676998665097	9.41675694505164e-10
708	0.00190736124216613	9.40574773308916e-10
709	0.00190795191348371	9.39476662299279e-10
710	0.00190854200202923	9.38381350398912e-10
711	0.00190913150922269	9.37288826589509e-10
712	0.00190972043647863	9.36199079911441e-10
713	0.00191030878520612	9.35112099463314e-10
714	0.00191089655680877	9.34027874401624e-10
715	0.00191148375268483	9.32946393940338e-10
716	0.00191207037422718	9.3186764735053e-10
717	0.00191265642282332	9.30791623959985e-10
718	0.00191324189985544	9.29718313152837e-10
719	0.0019138268067005	9.28647704369177e-10
720	0.00191441114473015	9.27579787104697e-10
721	0.00191499491531078	9.26514550910307e-10
722	0.00191557811980367	9.25451985391787e-10
723	0.00191616075956481	9.243920802094e-10
724	0.0019167428359451	9.23334825077552e-10
725	0.00191732435029033	9.22280209764427e-10
726	0.00191790530394115	9.21228224091634e-10
727	0.00191848569823318	9.20178857933857e-10
728	0.00191906553449695	9.19132101218492e-10
729	0.00191964481405801	9.18087943925336e-10
730	0.00192022353823689	9.17046376086203e-10
731	0.00192080170834916	9.16007387784602e-10
732	0.00192137932570547	9.14970969155408e-10
733	0.00192195639161151	9.13937110384513e-10
734	0.00192253290736813	9.12905801708495e-10
735	0.00192310887427128	9.11877033414297e-10
736	0.00192368429361206	9.10850795838889e-10
737	0.00192425916667677	9.09827079368949e-10
738	0.00192483349474694	9.08805874440541e-10
739	0.0019254072790993	9.07787171538792e-10
740	0.00192598052100582	9.06770961197584e-10
741	0.00192655322173381	9.05757233999218e-10
742	0.00192712538254585	9.04745980574126e-10
743	0.00192769700469981	9.03737191600551e-10
744	0.001928268089449	9.02730857804239e-10
745	0.00192883863804202	9.01726969958131e-10
746	0.00192940865172293	9.00725518882065e-10
747	0.00192997813173118	8.99726495442473e-10
748	0.00193054707930166	8.98729890552091e-10
749	0.00193111549566478	8.9773569516965e-10
750	0.00193168338204633	8.9674390029959e-10
751	0.00193225073966776	8.9575449699177e-10
752	0.00193281756974592	8.94767476341177e-10
753	0.00193338387349332	8.93782829487634e-10
754	0.00193394965211799	8.92800547615529e-10
755	0.00193451490682358	8.91820621953521e-10
756	0.00193507963880936	8.90843043774256e-10
757	0.00193564384927027	8.89867804394108e-10
758	0.00193620753939689	8.88894895172882e-10
759	0.00193677071037547	8.87924307513553e-10
760	0.00193733336338804	8.86956032861992e-10
761	0.00193789549961229	8.85990062706691e-10
762	0.00193845712022169	8.85026388578498e-10
763	0.0019390182263855	8.8406500205036e-10
764	0.00193957881926875	8.83105894737039e-10
765	0.00194013890003228	8.82149058294878e-10
766	0.00194069846983282	8.81194484421514e-10
767	0.00194125752982287	8.80242164855645e-10
768	0.00194181608115087	8.79292091376748e-10
769	0.00194237412496115	8.78344255804851e-10
770	0.00194293166239393	8.7739865000026e-10
771	0.00194348869458539	8.76455265863324e-10
772	0.00194404522266764	8.75514095334183e-10
773	0.0019446012477688	8.74575130392514e-10
774	0.00194515677101296	8.73638363057291e-10
775	0.00194571179352025	8.72703785386551e-10
776	0.0019462663164068	8.71771389477141e-10
777	0.00194682034078481	8.70841167464481e-10
778	0.00194737386776258	8.69913111522336e-10
779	0.00194792689844444	8.6898721386257e-10
780	0.00194847943393087	8.68063466734913e-10
781	0.00194903147531851	8.67141862426741e-10
782	0.00194958302370008	8.66222393262823e-10
783	0.00195013408016449	8.65305051605119e-10
784	0.00195068464579688	8.64389829852536e-10
785	0.00195123472167852	8.63476720440705e-10
786	0.00195178430888697	8.62565715841753e-10
787	0.00195233340849597	8.61656808564103e-10
788	0.00195288202157555	8.60749991152223e-10
789	0.001953430149192	8.5984525618643e-10
790	0.00195397779240794	8.58942596282664e-10
791	0.00195452495228224	8.58042004092268e-10
792	0.00195507162987013	8.57143472301786e-10
793	0.00195561782622321	8.56246993632742e-10
794	0.00195616354238938	8.55352560841431e-10
795	0.001956708779413	8.54460166718706e-10
796	0.00195725353833473	8.53569804089777e-10
797	0.00195779782019174	8.5268146581401e-10
798	0.00195834162601757	8.51795144784694e-10
799	0.00195888495684223	8.50910833928882e-10
800	0.00195942781369218	8.50028526207141e-10
801	0.00195997019759038	8.49148214613393e-10
802	0.00196051210955626	8.48269892174686e-10
803	0.0019610535506058	8.47393551951018e-10
804	0.00196159452175147	8.46519187035126e-10
805	0.00196213502400233	8.456467905523e-10
806	0.00196267505836397	8.44776355660185e-10
807	0.00196321462583856	8.43907875548589e-10
808	0.00196375372742487	8.43041343439296e-10
809	0.0019642923641183	8.42176752585875e-10
810	0.00196483053691084	8.41314096273497e-10
811	0.00196536824679115	8.40453367818734e-10
812	0.00196590549474453	8.39594560569389e-10
813	0.00196644228175297	8.38737667904304e-10
814	0.00196697860879511	8.37882683233185e-10
815	0.00196751447684634	8.37029599996409e-10
816	0.00196804988687875	8.36178411664858e-10
817	0.00196858483986116	8.35329111739726e-10
818	0.00196911933675911	8.61183422829522e-10
819	0.00196965337853499	8.60310824693053e-10
820	0.00197018696614785	8.59440155453838e-10
821	0.00197072010055363	8.58571408528461e-10
822	0.00197125278270504	8.57704577363901e-10
823	0.0019717850135516	8.56839655437336e-10
824	0.0019723167940397	8.55976636255988e-10
825	0.00197284812511253	8.55115513356933e-10
826	0.00197337900771022	8.54256280306941e-10
827	0.00197390944276969	8.53398930702287e-10
828	0.00197443943122485	8.52543458168598e-10
829	0.00197496897400642	8.51689856360675e-10
830	0.00197549807204212	8.50838118962321e-10
831	0.00197602672625657	8.49988239686183e-10
832	0.00197655493757133	8.4914021227358e-10
833	0.00197708270690496	8.48294030494344e-10
834	0.00197761003517297	8.47449688146641e-10
835	0.00197813692328787	8.46607179056832e-10
836	0.00197866337215915	8.45766497079295e-10
837	0.00197918938269337	8.44927636096266e-10
838	0.00197971495579409	8.44090590017683e-10
839	0.00198024009236188	8.43255352781032e-10
840	0.00198076479329443	8.42421918351183e-10
841	0.00198128905948647	8.41590280720236e-10
842	0.00198181289182981	8.40760433907371e-10
843	0.00198233629121335	8.3993237195868e-10
844	0.00198285925852315	8.39106088947038e-10
845	0.00198338179464232	8.38281578971928e-10
846	0.00198390390045116	8.37458836159302e-10
847	0.0019844255768271	8.36637854661434e-10
848	0.00198494682464471	8.3581862865676e-10
849	0.00198546764477579	8.35001152349744e-10
850	0.00198598803808926	8.34185419970718e-10
851	0.00198650800545127	8.33371425775748e-10
852	0.00198702754772518	8.32559164046484e-10
853	0.00198754666577158	8.31748629090014e-10
854	0.00198806536044826	8.30939815238725e-10
855	0.00198858363261033	8.30132716850168e-10
856	0.00198910148311007	8.29327328306894e-10
857	0.00198961891279709	8.28523644016349e-10
858	0.00199013592251826	8.277216584107e-10
859	0.00199065251311777	8.26921365946723e-10
860	0.00199116868543707	8.26122761105652e-10
861	0.00199168444031499	8.25325838393054e-10
862	0.00199219977858763	8.2453059233867e-10
863	0.00199271470108847	8.23737017496324e-10
864	0.00199322920864835	8.22945108443741e-10
865	0.00199374330209543	8.22154859782448e-10
866	0.00199425698225531	8.21366266137629e-10
867	0.0019947702499509	8.20579322157996e-10
868	0.00199528310600259	8.19794022515663e-10
869	0.00199579555122814	8.19010361906011e-10
870	0.0019963075864427	8.18228335047568e-10
871	0.00199681921245892	8.17447936681868e-10
872	0.00199733043008686	8.16669161573346e-10
873	0.00199784124013402	8.15892004509184e-10
874	0.00199835164340539	8.15116460299219e-10
875	0.00199886164070344	8.14342523775787e-10
876	0.0019993712328281	8.13570189793628e-10
877	0.00199988042057681	8.12799453229743e-10
878	0.00200038920474453	8.12030308983286e-10
879	0.00200089758612373	8.11262751975428e-10
880	0.00200140556550442	8.1049677714926e-10
881	0.00200191314367415	8.09732379469648e-10
882	0.00200242032141799	8.08969553923137e-10
883	0.0020029270995186	8.08208295517822e-10
884	0.00200343347875623	8.0744859928323e-10
885	0.00200393945990866	8.06690460270211e-10
886	0.00200444504375132	8.05933873550814e-10
887	0.00200495023105719	8.05178834218182e-10
888	0.00200545502259691	8.04425337386433e-10
889	0.0020059594191387	8.03673378190546e-10
890	0.00200646342144845	8.02922951786251e-10
891	0.00200696703028967	8.02174053349921e-10
892	0.00200747024642353	8.01426678078448e-10
893	0.00200797307060886	8.00680821189152e-10
894	0.00200847550360216	7.99936477919655e-10
895	0.00200897754615762	7.99193643527779e-10
896	0.00200947919902714	7.98452313291445e-10
897	0.00200998046296026	7.97712482508548e-10
898	0.00201048133870431	7.96974146496871e-10
899	0.00201098182700427	7.96237300593961e-10
900	0.0020114819286029	7.95501940157039e-10
901	0.00201198164424067	7.94768060562882e-10
902	0.00201248097465584	7.9403565720773e-10
903	0.00201297992058438	7.93304725507178e-10
904	0.00201347848276002	7.92575260896071e-10
905	0.00201397666191434	7.91847258828408e-10
906	0.00201447445877666	7.91120714777235e-10
907	0.00201497187407405	7.90395624234544e-10
908	0.00201546890853149	7.89671982711187e-10
909	0.00201596556287167	7.88949785736755e-10
910	0.00201646183781518	7.88229028859492e-10
911	0.00201695773408039	7.87509707646197e-10
912	0.00201745325238354	7.8679181768213e-10
913	0.0020179483934387	7.86075354570892e-10
914	0.00201844315795781	7.85360313934369e-10
915	0.00201893754665067	7.84646691412596e-10
916	0.00201943156022499	7.8393448266369e-10
917	0.00201992519938631	7.83223683363742e-10
918	0.00202041846483807	7.82514289206725e-10
919	0.00202091135728166	7.81806295904404e-10
920	0.00202140387741636	7.81099699186241e-10
921	0.00202189602593934	7.80394494799308e-10
922	0.0020223878035457	7.79690678508185e-10
923	0.00202287921092852	7.78988246094877e-10
924	0.00202337024877879	7.78287193358726e-10
925	0.00202386091778547	7.77587516116315e-10
926	0.00202435121863544	7.76889210201372e-10
927	0.00202484115201359	7.76192271464707e-10
928	0.0020253307186028	7.75496695774096e-10
929	0.0020258199190839	7.74802479014209e-10
930	0.0020263087541357	7.74109617086512e-10
931	0.00202679722443507	7.73418105909198e-10
932	0.00202728533065685	7.72727941417084e-10
933	0.00202777307347389	7.7203911956153e-10
934	0.00202826045355709	7.71351636310361e-10
935	0.00202874747157538	7.70665487647776e-10
936	0.0020292341281957	7.69980669574262e-10
937	0.0020297204240831	7.69297178106524e-10
938	0.00203020635990063	7.68615009277379e-10
939	0.00203069193630943	7.67934159135703e-10
940	0.00203117715396871	7.67254623746322e-10
941	0.00203166201353576	7.66576399189946e-10
942	0.00203214651566597	7.65899481563091e-10
943	0.00203263066101278	7.6522386697798e-10
944	0.0020331144502278	7.64549551562485e-10
945	0.00203359788396071	7.63876531460036e-10
946	0.00203408096285931	7.63204802829549e-10
947	0.00203456368756951	7.62534361845331e-10
948	0.00203504605873542	7.61865204697026e-10
949	0.00203552807699922	7.61197327589523e-10
950	0.00203600974300123	7.84482985969874e-10
951	0.00203649105738002	7.83796703679434e-10
952	0.00203697202077222	7.83111730093237e-10
953	0.00203745263381269	7.82428061358775e-10
954	0.00203793289713441	7.81745693638868e-10
955	0.00203841281136862	7.81064623111606e-10
956	0.00203889237714469	7.80384845970254e-10
957	0.00203937159509022	7.7970635842319e-10
958	0.002039850465831	7.79029156693822e-10
959	0.00204032898999103	7.78353237020506e-10
960	0.00204080716819254	7.77678595656492e-10
961	0.00204128500105599	7.77005228869829e-10
962	0.00204176248920006	7.76333132943304e-10
963	0.00204223963324168	7.75662304174363e-10
964	0.00204271643379602	7.74992738875039e-10
965	0.00204319289147649	7.74324433371881e-10
966	0.00204366900689481	7.73657384005881e-10
967	0.0020441447806609	7.72991587132401e-10
968	0.00204462021338301	7.72327039121105e-10
969	0.00204509530566764	7.71663736355892e-10
970	0.00204557005811958	7.71001675234807e-10
971	0.00204604447134195	7.70340852169996e-10
972	0.00204651854593609	7.69681263587621e-10
973	0.00204699228250173	7.69022905927793e-10
974	0.00204746568163687	7.68365775644512e-10
975	0.00204793874393785	7.67709869205584e-10
976	0.00204841146999933	7.67055183092568e-10
977	0.00204888386041427	7.66401713800696e-10
978	0.00204935591577404	7.65749457838817e-10
979	0.00204982763666827	7.65098411729324e-10
980	0.00205029902368503	7.64448572008086e-10
981	0.00205077007741069	7.63799935224388e-10
982	0.00205124079842999	7.63152497940863e-10
983	0.00205171118732606	7.62506256733424e-10
984	0.00205218124468039	7.61861208191205e-10
985	0.00205265097107287	7.6121734891649e-10
986	0.00205312036708176	7.60574675524657e-10
987	0.00205358943328375	7.59933184644108e-10
988	0.00205405817025385	7.59292872916204e-10
989	0.00205452657856561	7.58653736995217e-10
990	0.00205499465879089	7.58015773548247e-10
991	0.00205546241149997	7.57378979255166e-10
992	0.00205592983726161	7.56743350808576e-10
993	0.00205639693664297	7.56108884913718e-10
994	0.00205686371020965	7.55475578288427e-10
995	0.00205733015852571	7.54843427663073e-10
996	0.00205779628215363	7.5421242978049e-10
997	0.00205826208165437	7.53582581395932e-10
998	0.00205872755758734	7.52953879276993e-10
999	0.00205919271051041	7.52326320203566e-10
1000	0.00204110859528935	7.49617630972177e-10
1001	0.00206012204955076	7.51074618373927e-10
