1	0.8778075081577	0.757553246949335
2	0.876747779678245	0.753015609173051
3	0.876024350787498	0.749796991394682
4	0.875470225798044	0.747269895438515
5	0.875020040959666	0.745181303591321
6	0.874640493775679	0.743386783099286
7	0.874312184577921	0.741817628504176
8	0.874022784035897	0.740417230757019
9	0.873763955707265	0.739146409721887
10	0.873529794153306	0.737993161298289
11	0.873315960794559	0.736929044759827
12	0.873119173277047	0.73593890551326
13	0.87293688759348	0.735014042501743
14	0.872767091627772	0.734152706778773
15	0.872608166256998	0.733339305235869
16	0.87245878907809	0.73256834328798
17	0.872317865952045	0.731835240263466
18	0.872184481237187	0.731138899977536
19	0.872057860899839	0.73047810483601
20	0.871937344697025	0.729844884438037
21	0.871822364877207	0.729236826240007
22	0.871712429646883	0.728651828345656
23	0.871607110177221	0.728088047810954
24	0.871506030277833	0.727544921312604
25	0.871408858106154	0.727024805974097
26	0.871315299448818	0.726521367992343
27	0.871226855549619	0.726033471318067
28	0.871141516353665	0.725560094992546
29	0.871059025578426	0.725100317937569
30	0.870979197108969	0.724653306193315
31	0.870901862559224	0.724218302144247
32	0.870826869085727	0.723796206227155
33	0.870754077528624	0.723387812157405
34	0.870683360822798	0.722989413256112
35	0.870614602633348	0.722600484019837
36	0.870547696178398	0.722220540392051
37	0.8704825432092	0.721849135465281
38	0.870419053122934	0.721485855729919
39	0.870357142188013	0.721130317787999
40	0.870296732865179	0.720782165464139
41	0.870237753210502	0.72044106725718
42	0.870180136348718	0.720108578796497
43	0.870123820007164	0.719784306440858
44	0.87006874610213	0.719466152050783
45	0.870014860370712	0.719153865441221
46	0.869962112042285	0.718847211878174
47	0.869910453544567	0.718545970816458
48	0.869859840240016	0.71824993476467
49	0.869810230188855	0.717958908262222
50	0.869761583935578	0.717672706955342
51	0.869713864316175	0.717391156760748
52	0.869667036283733	0.717114093107132
53	0.869621066750325	0.71684136024589
54	0.869575924443413	0.716573674261729
55	0.869531579775182	0.716312066299647
56	0.869488004723434	0.716054325968072
57	0.869445172722838	0.715800328441055
58	0.869403058565474	0.715549955008016
59	0.869361638309723	0.715303092675596
60	0.869320889196693	0.715059633801638
61	0.86928078957343	0.714819475758207
62	0.869241318822265	0.714582520620908
63	0.869202457295729	0.714348674882093
64	0.869164186256506	0.714117849185742
65	0.869126487821958	0.713889958082095
66	0.869089344912832	0.713664919800281
67	0.869052741205751	0.713442656037376
68	0.869016661089172	0.713223091762472
69	0.868981089622514	0.713006793170854
70	0.868946012498178	0.712794744264597
71	0.868911416006217	0.712585160547424
72	0.868877287001443	0.712377979067071
73	0.868843612872771	0.712173139321587
74	0.868810381514614	0.711970583132123
75	0.868777581300168	0.71177025452392
76	0.868745201056447	0.711572099614892
77	0.868713230040921	0.711376066511208
78	0.868681657919642	0.711182105209355
79	0.868650474746745	0.710990167504207
80	0.868619670945214	0.710800206902651
81	0.868589237288835	0.710612178542391
82	0.868559164885234	0.710426039115527
83	0.868529445159932	0.710241746796605
84	0.868500069841342	0.710059261174814
85	0.86847103094664	0.709878543190038
86	0.868442320768454	0.709699555072517
87	0.868413931862308	0.70952226028586
88	0.868385857034779	0.709348429680837
89	0.86835808933231	0.70917629190376
90	0.868330622030645	0.709005727583595
91	0.868303448624834	0.708836704953355
92	0.86827656281978	0.708669193226961
93	0.868249958521293	0.708503162558713
94	0.868223629827614	0.708338584004859
95	0.868197571021379	0.708175429487115
96	0.868171776562005	0.70801367175803
97	0.868146241078458	0.707853284368078
98	0.868120959362397	0.707694241634373
99	0.868095926361649	0.707536518610924
100	0.868069346474854	0.70738018551235
101	0.868046587041406	0.707224935426763
102	0.868022271344185	0.70707102881043
103	0.867998185595887	0.706918348942967
104	0.867974325438116	0.706766874164182
105	0.867950686635711	0.70661658339979
106	0.867927265072132	0.706467456140172
107	0.867904056745067	0.706319472420108
108	0.867881057762231	0.706172612799408
109	0.867858264337367	0.706026858344406
110	0.867835672786416	0.70588343654785
111	0.86781327952387	0.705741372848312
112	0.86779108105928	0.705600349140566
113	0.867769073993914	0.705460348530232
114	0.867747255017571	0.705321354543783
115	0.867725620905524	0.705183351114486
116	0.867704168515597	0.705046322568931
117	0.867682894785363	0.704910253614111
118	0.867661796729469	0.704775129325048
119	0.867640871437059	0.704640935132903
120	0.867620116069316	0.704507656813578
121	0.867599527857096	0.704375280476775
122	0.867579104098663	0.70424379255548
123	0.867558842157518	0.70411317979587
124	0.867538739460305	0.703983429247611
125	0.867518793494813	0.703854528254528
126	0.867499001808043	0.703726464445642
127	0.867479362004368	0.703599225726539
128	0.867459871743745	0.703472800271073
129	0.867440528740007	0.703347176513379
130	0.867421330759224	0.703222343140178
131	0.867402275618113	0.703098289083377
132	0.867383361182523	0.702975003512928
133	0.867364585365962	0.702852475829955
134	0.867345946128187	0.702730695660131
135	0.867327441473851	0.702609652847284
136	0.867309069451182	0.702489636280345
137	0.867290828150732	0.70237130742593
138	0.867272715704148	0.702253679195549
139	0.867254730283011	0.702136742345299
140	0.867236870097694	0.702020487818708
141	0.867219133396275	0.701904906741624
142	0.867201518463481	0.701789990417289
143	0.867184023619674	0.70167573032157
144	0.867166647219863	0.701562118098359
145	0.867149387652764	0.701449145555117
146	0.867132243339875	0.701336804658577
147	0.867115212734595	0.701225087530579
148	0.867098294321371	0.701113986444045
149	0.867081486614864	0.701003493819087
150	0.867064788159157	0.700893602219236
151	0.867048197526976	0.700784304347796
152	0.867031713318944	0.700675593044312
153	0.86701533416286	0.700567461281149
154	0.866999058712993	0.70045990216018
155	0.866982885649409	0.700352908909581
156	0.86696681367731	0.700246474880717
157	0.866950841526403	0.700140593545128
158	0.866934967950283	0.700035258491614
159	0.866919191725834	0.699930463423397
160	0.866903511652655	0.69982620215538
161	0.866887926552497	0.699722468611475
162	0.866872435268721	0.69961925682203
163	0.866857036665773	0.699516560921311
164	0.866841729628672	0.699414375145076
165	0.866826513062516	0.699312693828209
166	0.866811385892	0.69921151140243
167	0.866796347060954	0.699110822394064
168	0.866781395531887	0.699011243705228
169	0.866766530285548	0.698912575568176
170	0.866751750320506	0.698814379945121
171	0.866737054652727	0.69871665177368
172	0.866722442315181	0.698619386074976
173	0.866707912357445	0.698522577951784
174	0.866693463845332	0.698426222586729
175	0.866679095860512	0.698330315240534
176	0.866664807500164	0.698234851250316
177	0.866650597876624	0.698139826027931
178	0.866636466117046	0.698045235058357
179	0.866622411363075	0.697951073898131
180	0.866608432770528	0.697857338173819
181	0.866594529509081	0.697764023580531
182	0.866580700761967	0.697671125880477
183	0.866566945725685	0.697578640901557
184	0.866553263609709	0.697486564535989
185	0.866539653636213	0.69739489273898
186	0.866526115039798	0.697303621527419
187	0.86651264706723	0.697212746978615
188	0.866499248977181	0.697122265229062
189	0.866485920039982	0.697032172473234
190	0.866472659537373	0.69694246496242
191	0.866459466762274	0.696853139003573
192	0.866446341018548	0.696764190958208
193	0.866433281620779	0.696675617241304
194	0.866420287894049	0.696587414320257
195	0.866407359173728	0.696499578713842
196	0.866394494805265	0.696412106991208
197	0.866381694143982	0.696324995770897
198	0.866368956554879	0.696238241719887
199	0.86635628141244	0.696151841552655
200	0.866343668100444	0.696065792030266
201	0.866331116011781	0.695980089959487
202	0.866318624548276	0.695894732191913
203	0.86630619312051	0.695809715623123
204	0.866293821147654	0.695725037191851
205	0.866281508057296	0.695640838695166
206	0.866269253285287	0.695557705824716
207	0.866257056275578	0.695474898717275
208	0.866244916480062	0.695392414506587
209	0.866232833358432	0.69531025036528
210	0.866220806378024	0.695228403504164
211	0.866208835013681	0.695146871171529
212	0.866196918747607	0.695065650652472
213	0.866185057069231	0.69498473926823
214	0.866173249475076	0.694904134375533
215	0.866161495468624	0.694823833365969
216	0.86614979456019	0.694743833665367
217	0.866138146266795	0.694664132733191
218	0.866126550112049	0.694584728061946
219	0.866115005626025	0.6945056171766
220	0.866103512345146	0.694426797634018
221	0.86609206981207	0.694348267022406
222	0.86608067757558	0.694270022960773
223	0.866069335190471	0.694192063098396
224	0.866058042217449	0.694114385114306
225	0.866046798223021	0.694036986716778
226	0.866035602779398	0.693959865642834
227	0.86602445546439	0.693883019657758
228	0.866013355861314	0.693806446554621
229	0.866002303558896	0.693730144153812
230	0.865991298151175	0.693654110302587
231	0.865980339237417	0.693578342874619
232	0.86596942642202	0.69350283976956
233	0.86595855931443	0.693427598912619
234	0.865947737529057	0.693352618254136
235	0.865936960685185	0.693277895769176
236	0.865926228406896	0.693203429457126
237	0.865915540322985	0.693129217341299
238	0.865904896066887	0.69305525746855
239	0.865894295276593	0.6929815479089
240	0.865883737594579	0.692908086755162
241	0.865873222667732	0.692834872122579
242	0.865862750147276	0.692761902148469
243	0.865852319688703	0.692689174991878
244	0.8658419309517	0.692616688833235
245	0.865831583600086	0.692544441874018
246	0.865821277301741	0.692472432336427
247	0.865811011728542	0.692400658463062
248	0.865800786556302	0.692329118516606
249	0.865790601464701	0.692257949969153
250	0.865780456137231	0.692187610621615
251	0.865770350261131	0.692117497730902
252	0.86576028352733	0.69204760965423
253	0.865750255630391	0.691977944767215
254	0.865740266268448	0.691908501463597
255	0.865730315143158	0.691839278154967
256	0.865720401959641	0.691770273270499
257	0.865710526426428	0.691701485256688
258	0.86570068825541	0.691632912577093
259	0.865690887161784	0.691564553712084
260	0.865681122864003	0.69149640715859
261	0.865671395083729	0.691428471429863
262	0.865661703545782	0.691360745055232
263	0.865652047978091	0.691293226579873
264	0.865642428111652	0.691225914564577
265	0.865632843680475	0.691158807585522
266	0.865623294421546	0.691091904234056
267	0.86561378007478	0.691025203116474
268	0.865604300382975	0.690958702853807
269	0.865594855091774	0.690892402081609
270	0.865585443949619	0.690826299449755
271	0.865576066707713	0.690760393622234
272	0.865566723119978	0.690694683276953
273	0.865557412943017	0.690629167105539
274	0.865548135936073	0.690563843813149
275	0.865538891860993	0.690498712118278
276	0.865529680482188	0.690433770752578
277	0.865520501566598	0.690369018460674
278	0.865511354883658	0.690304453999982
279	0.865502240205257	0.690240076140538
280	0.865493157305708	0.690175883664821
281	0.865484105961712	0.690111875367586
282	0.865475085952323	0.690048050055697
283	0.865466097058918	0.689984406547958
284	0.865457139065161	0.68992094367496
285	0.865448211756976	0.689857660278915
286	0.865439314922509	0.689794555213503
287	0.865430448352102	0.689731627343719
288	0.865421611838264	0.689668875545722
289	0.865412805175636	0.689606298706688
290	0.865404028160965	0.689543895724661
291	0.865395280593074	0.689481665508412
292	0.865386562272838	0.689419606977299
293	0.865377873003149	0.689357719061127
294	0.865369212588893	0.68929600070001
295	0.865360580836925	0.689234450844241
296	0.865351977556039	0.689173068454157
297	0.865343402556941	0.68911185250001
298	0.86533485565223	0.689050801961841
299	0.865326336656365	0.688989915829352
300	0.865317845385646	0.688929193101783
301	0.865309381658186	0.688869151935957
302	0.865300945293891	0.688809375814095
303	0.865292536114434	0.688749758496457
304	0.86528415394323	0.688690299029176
305	0.865275869861971	0.688630996467247
306	0.865267704213313	0.688571849874409
307	0.86525956453645	0.688512858323038
308	0.86525145066486	0.688454020894041
309	0.865243362433623	0.688395336676749
310	0.865235299679402	0.688336804768811
311	0.865227262240419	0.688278424276094
312	0.86521924995644	0.688220194312581
313	0.865211262668754	0.688162114000272
314	0.865203300220151	0.688104182469083
315	0.865195362454906	0.688046398856756
316	0.86518744921876	0.687988762308758
317	0.865179560358901	0.687931271978189
318	0.865171695723945	0.687873927025693
319	0.86516385516392	0.687816726619363
320	0.865156038530248	0.687759669934654
321	0.865148245675726	0.687702756154296
322	0.865140476454512	0.687645984468206
323	0.865132730722106	0.6875893540734
324	0.865125008335335	0.687532864173915
325	0.865117309152334	0.687476513980722
326	0.865109633032536	0.687420302711645
327	0.865101979836648	0.687364229591281
328	0.865094349426642	0.687308293850919
329	0.865086741665739	0.687252494728468
330	0.865079156418389	0.687196831468372
331	0.865071593550263	0.687141303321539
332	0.865064052928235	0.687085909545266
333	0.865056534420365	0.687030649403166
334	0.865049037895891	0.686975522165092
335	0.865041563225211	0.686920527107069
336	0.865034110279869	0.686865663511222
337	0.865026678932544	0.686810930665708
338	0.865019269057034	0.686756327864646
339	0.865011880528244	0.686701854408051
340	0.865004513222175	0.686647509601765
341	0.864997167015908	0.686593292757394
342	0.864989841787592	0.686539203192243
343	0.864982537416435	0.686485240229252
344	0.864975253782687	0.686431403196932
345	0.864967990767631	0.686377691429305
346	0.864960748253572	0.686324104265841
347	0.86495352612382	0.686270641051399
348	0.864946324262687	0.686217301136169
349	0.864939142555466	0.686164083875609
350	0.864931980888428	0.686110988630393
351	0.864924839148807	0.68605801476635
352	0.864917717224789	0.686005161654409
353	0.864910615005502	0.685952428670543
354	0.864903532381006	0.685899815195715
355	0.864896469242282	0.685847320615826
356	0.864889425481221	0.685794944321657
357	0.864882400990617	0.685742685708822
358	0.864875395664151	0.685690544177712
359	0.864868409396388	0.685638519133447
360	0.864861442082761	0.685586717612259
361	0.864854493619567	0.685535454287553
362	0.864847563903955	0.685484304517771
363	0.864840652833914	0.68543326773235
364	0.86483376030827	0.685382343365165
365	0.86482688622667	0.685331530854482
366	0.86482003048958	0.685280829642907
367	0.864813192998269	0.685230239177349
368	0.864806373654806	0.685179758908969
369	0.86479957236205	0.685129388293137
370	0.864792789023639	0.685079126789391
371	0.864786023543985	0.685028973861391
372	0.864779275828262	0.684978928976876
373	0.864772545782403	0.684928991607627
374	0.864765833313088	0.684879161229418
375	0.864759138327736	0.684829437321984
376	0.864752460734499	0.684779819368973
377	0.864745800442255	0.684730306857908
378	0.864739157360596	0.684680899280153
379	0.864732531399826	0.684631596130866
380	0.864725922470951	0.684582396908967
381	0.864719330485669	0.684533301117097
382	0.86471275535637	0.684484308261582
383	0.864706196996121	0.684435417852395
384	0.864699655318661	0.684386629403122
385	0.8646931302384	0.684337942430922
386	0.864686621670405	0.684289356456494
387	0.864680129530394	0.684240871004044
388	0.864673653734734	0.684192485601245
389	0.864667194200431	0.684144199779209
390	0.864660750845122	0.684096013072447
391	0.864654323587072	0.684047925018842
392	0.864647912345166	0.683999935159611
393	0.864641517038904	0.683952043039273
394	0.86463513758839	0.68390424820562
395	0.864628773914335	0.683856550209684
396	0.86462242593804	0.683808948605703
397	0.8646160935814	0.683761442951093
398	0.864609776766892	0.683714032806418
399	0.86460347541757	0.683666717735355
400	0.864597189457061	0.68361949730467
401	0.864590918809559	0.683572371084185
402	0.864584663399818	0.68352533864675
403	0.864578423153149	0.683478399568213
404	0.86457219799541	0.683431553427394
405	0.864565987853005	0.683384799806054
406	0.864559792652878	0.683338138288869
407	0.864553612322506	0.683291568463403
408	0.864547446789896	0.683245089920078
409	0.864541295983576	0.683198702252151
410	0.864535159832594	0.683152405055685
411	0.864529038266512	0.683106197929524
412	0.864522931215399	0.683060080475267
413	0.86451683860983	0.68301405229724
414	0.864510760380877	0.682968113002476
415	0.864504696460106	0.682922262200683
416	0.864498646779572	0.682876499504227
417	0.864492611271817	0.682830824528103
418	0.86448658986986	0.682785236889909
419	0.864480582507198	0.682739736209827
420	0.864474589117796	0.682694322110597
421	0.86446860963609	0.682648994217495
422	0.864462643996974	0.682603752158307
423	0.864456692135801	0.68255859556331
424	0.864450753988379	0.682513524065246
425	0.864444829490963	0.682468537299303
426	0.864438918580255	0.68242363490309
427	0.864433021193396	0.682378816516619
428	0.864427137267967	0.682334081782278
429	0.864421266741979	0.682289588071177
430	0.864415409553871	0.682245473157256
431	0.864409565642511	0.682201439996139
432	0.864403734947184	0.682157488243069
433	0.864397917407593	0.682113617555538
434	0.864392112963856	0.682069827593273
435	0.864386321556498	0.68202611801821
436	0.864380543126452	0.681982488494482
437	0.864374777615052	0.681938938688395
438	0.864369024964029	0.681895468268408
439	0.864363285115512	0.681852076905118
440	0.864357558012018	0.681808764271238
441	0.864351843596454	0.681765530041581
442	0.864346141812111	0.681722373893042
443	0.86434045260266	0.681679295504577
444	0.864334775912148	0.681636294557187
445	0.864329111684999	0.681593370733903
446	0.864323459866007	0.681550523719762
447	0.864317820400331	0.681507753201797
448	0.864312193233497	0.681465058869017
449	0.864306578311389	0.681422440412388
450	0.864300975580252	0.681379897524818
451	0.864295384986684	0.681337429901142
452	0.864289806477634	0.681295037238106
453	0.864284240000399	0.681252719234345
454	0.864278685502622	0.681210475590375
455	0.86427314293229	0.681168306008572
456	0.864267612237726	0.681126210193157
457	0.864262093367592	0.681084187850183
458	0.864256586270881	0.681042238687517
459	0.86425109089692	0.681000362414826
460	0.864245607195361	0.680958558743563
461	0.86424013511618	0.680916827386948
462	0.864234674609679	0.68087516805996
463	0.864229225626476	0.680833580479317
464	0.864223788117506	0.680792064363463
465	0.864218362034019	0.680750619432556
466	0.864212947327575	0.68070924540845
467	0.864207543950044	0.680667942014685
468	0.864202151853601	0.68062670897647
469	0.864196770990724	0.680585546020672
470	0.864191401314193	0.680544452875801
471	0.864186042777084	0.680503429271996
472	0.864180695332771	0.680462474941014
473	0.864175358934921	0.680421589616215
474	0.86417003353749	0.680380773032549
475	0.864164719094725	0.680340024926544
476	0.864159415561156	0.680299345036295
477	0.864154122891599	0.680258733101446
478	0.864148841041149	0.680218188863185
479	0.864143569965183	0.680177712064224
480	0.864138309619351	0.680137302448793
481	0.86413305995958	0.680096959762625
482	0.864127820942067	0.680056683752944
483	0.864122592523281	0.680016474168455
484	0.864117374659957	0.679976330759329
485	0.864112167309094	0.679936253277195
486	0.864106970427957	0.679896241475126
487	0.864101783974072	0.679856295107628
488	0.864096607905221	0.679816413930632
489	0.864091442179446	0.679776597701478
490	0.864086286755042	0.679736846178905
491	0.864081141590557	0.679697159123044
492	0.864076006644789	0.679657536295402
493	0.864070881876786	0.679617977458856
494	0.864065767245842	0.679578482377638
495	0.864060662711495	0.679539050817327
496	0.864055568233527	0.679499682544839
497	0.86405048377196	0.679460377328414
498	0.864045409287054	0.679421134937611
499	0.864040344739306	0.679381955143291
500	0.864035290089451	0.679342837717612
501	0.864030245298454	0.679303782434018
502	0.864025210327511	0.679264789067228
503	0.864020185138049	0.679225857393229
504	0.864015169691724	0.679186987189262
505	0.864010163950415	0.679148178233816
506	0.864005167876226	0.679109430306617
507	0.864000181431484	0.679070743188621
508	0.863995204578737	0.679032214056202
509	0.863990237280751	0.678994037955159
510	0.863985279500509	0.678955921405023
511	0.86398033120121	0.678917864193734
512	0.863975392346267	0.678879866110407
513	0.863970462899305	0.678841926945316
514	0.863965542824159	0.678804046489889
515	0.863960632084874	0.6787662245367
516	0.863955730645701	0.678728460879458
517	0.863950838471098	0.678690755313001
518	0.863945955525727	0.678653107633286
519	0.86394108177445	0.67861551763738
520	0.863936217182333	0.678577985123455
521	0.863931361714641	0.678540509890776
522	0.863926515336837	0.678503091739698
523	0.863921678014579	0.678465730471651
524	0.863916849713721	0.678428425889141
525	0.863912030400312	0.678391177795731
526	0.863907220040588	0.678353985996045
527	0.863902418600983	0.678316850295753
528	0.863897626048113	0.678279770501564
529	0.863892842348787	0.678242746421221
530	0.863888067469997	0.678205777863492
531	0.863883301378922	0.678168864638163
532	0.863878544042924	0.678132006556031
533	0.863873795429545	0.678095203428895
534	0.863869055506512	0.67805845506955
535	0.863864324241727	0.678021761291783
536	0.863859601603274	0.677985121910358
537	0.863854887559412	0.677948536741018
538	0.863850182078574	0.677912005600472
539	0.863845485129371	0.67787552830639
540	0.863840796680583	0.677839104677398
541	0.863836116701165	0.677802734533066
542	0.86383144516024	0.677766417693908
543	0.863826782027102	0.677730153981371
544	0.863822127271211	0.677693943217831
545	0.863817480862195	0.677657785226581
546	0.863812842769847	0.677621679831834
547	0.863808212964125	0.677585626858706
548	0.86380359141515	0.677549626133219
549	0.863798978093203	0.677513677482288
550	0.863794372968728	0.677477780733718
551	0.863789776012329	0.677441935716198
552	0.863785187194766	0.677406142259294
553	0.863780606486957	0.67737040019344
554	0.863776033859978	0.677334709349939
555	0.863771469285059	0.677299069560951
556	0.863766912733583	0.677263480659488
557	0.863762364177087	0.677227942479411
558	0.863757823587259	0.677192454855421
559	0.863753290935938	0.677157017623056
560	0.863748766195113	0.677121630618682
561	0.863744249336921	0.677086293679492
562	0.863739740333648	0.677051006643494
563	0.863735239157722	0.677015769349512
564	0.863730745781723	0.676980581637175
565	0.86372626017837	0.676945443346917
566	0.863721782320528	0.676910354319965
567	0.863717312181204	0.676875314398342
568	0.863712849733545	0.676840323424851
569	0.863708394950841	0.676805381243081
570	0.86370394780652	0.676770487697392
571	0.863699508274147	0.676735642632917
572	0.863695076327427	0.676700845895554
573	0.8636906519402	0.676666097331959
574	0.863686235086442	0.676631396789543
575	0.863681825740265	0.676596744116469
576	0.863677423875912	0.676562139161643
577	0.86367302946776	0.676527581774711
578	0.863668642490319	0.676493071806054
579	0.863664262918228	0.676458609106784
580	0.863659890726259	0.676424193528736
581	0.86365552588931	0.676389824924469
582	0.863651168382409	0.676355503147254
583	0.863646818180711	0.676321228051076
584	0.863642475259498	0.676286999490624
585	0.863638139594178	0.676252817321291
586	0.863633811160282	0.676218681399165
587	0.863629489933467	0.67618459158103
588	0.863625175889511	0.676150547724353
589	0.863620869004318	0.676116549687289
590	0.863616569253911	0.676082597328671
591	0.863612276614434	0.676048690508005
592	0.863607991062149	0.676014829085471
593	0.863603712573441	0.675981012921911
594	0.863599441124811	0.675947241878832
595	0.863595176692877	0.675913515818398
596	0.863590919254375	0.675879834603424
597	0.863586668786157	0.675846198097377
598	0.863582425265189	0.675812606164368
599	0.863578188668553	0.675779338818023
600	0.863573958973442	0.675746172423177
601	0.863569736157165	0.675713049753514
602	0.863565520197141	0.675679970677022
603	0.863561311070902	0.675646935062312
604	0.863557108756088	0.675613942778605
605	0.863552913230453	0.675580993695737
606	0.863548724471857	0.675548087684148
607	0.86354454245827	0.675515224614881
608	0.863540367167769	0.675482404359579
609	0.863536198578538	0.675449626790481
610	0.863532036668868	0.675416891780416
611	0.863527881417157	0.675384199202802
612	0.863523732801904	0.67535154893164
613	0.863519590801718	0.675318940841514
614	0.863515455395306	0.675286374807582
615	0.863511326561482	0.675253850705577
616	0.863507204279161	0.675221368411802
617	0.863503088527358	0.675188927803127
618	0.863498979285193	0.675156528756982
619	0.863494876531882	0.675124171151358
620	0.863490780246744	0.675091854864803
621	0.863486690409196	0.675059579776415
622	0.863482606998752	0.675027345765843
623	0.863478529995027	0.674995152713281
624	0.863474459377729	0.674963000499464
625	0.863470395126667	0.674930889005668
626	0.863466337221743	0.674898818113703
627	0.863462285642955	0.674866787705913
628	0.863458240370397	0.67483479766517
629	0.863454201384255	0.674802847874872
630	0.86345016866481	0.67477093821894
631	0.863446142192437	0.674739068581815
632	0.863442121947601	0.674707238848453
633	0.86343810791086	0.674675448904325
634	0.863434100062863	0.67464369863541
635	0.863430098384352	0.674611987928198
636	0.863426102856154	0.674580316669678
637	0.86342211345919	0.674548684747344
638	0.863418130174469	0.674517092049187
639	0.863414152983087	0.674485538463691
640	0.863410181866229	0.674454023879835
641	0.863406216805167	0.674422548187086
642	0.86340225778126	0.674391111275397
643	0.863398304775954	0.674359713035204
644	0.86339435777078	0.674328353357424
645	0.863390416747352	0.674297032133451
646	0.863386481687374	0.674265749255156
647	0.863382552572628	0.674234504614878
648	0.863378629384984	0.674203298105429
649	0.863374712106394	0.674172129620086
650	0.863370800718892	0.674140999052588
651	0.863366895204594	0.674109906297137
652	0.863362995545698	0.674078851248394
653	0.863359101724485	0.674047833801472
654	0.863355213723312	0.674016853851941
655	0.863351331524621	0.673985911295818
656	0.863347455110931	0.67395500602957
657	0.86334358446484	0.673924137950107
658	0.863339719569027	0.673893306954782
659	0.863335860406246	0.67386251294139
660	0.863332006959332	0.673831755808159
661	0.863328159211194	0.673801035453756
662	0.863324317144821	0.673770351777278
663	0.863320480743276	0.673739704678251
664	0.863316649989698	0.673709094056631
665	0.863312824867304	0.673678519812796
666	0.863309005359382	0.673647981847549
667	0.863305191449299	0.673617480062111
668	0.863301383120491	0.67358701435812
669	0.863297580356473	0.673556584637631
670	0.86329378314083	0.673526190803111
671	0.863289991457219	0.673495832757438
672	0.863286205289373	0.673465510403896
673	0.863282424621093	0.673435223646178
674	0.863278649436254	0.673404972388377
675	0.863274879718802	0.67337475653499
676	0.863271115452751	0.673344575990912
677	0.863267356622189	0.673314430661433
678	0.863263603211271	0.67328432045224
679	0.863259855204224	0.673254245269411
680	0.863256112585341	0.673224205019413
681	0.863252375338985	0.673194199609103
682	0.863248643449589	0.673164228945721
683	0.863244916901651	0.673134292936892
684	0.863241195679738	0.673104391490623
685	0.863237479768484	0.673074524515299
686	0.863233769152588	0.673044691919681
687	0.863230063816818	0.673014893612908
688	0.863226363746006	0.672985129504489
689	0.863222668925051	0.672955399504306
690	0.863218979338914	0.672925703522606
691	0.863215294972624	0.672896041470009
692	0.863211615811273	0.672866413257493
693	0.863207941840017	0.672836818796402
694	0.863204273044077	0.672807257998442
695	0.863200609408735	0.672777730775674
696	0.863196950919338	0.672748237040519
697	0.863193297561294	0.672718776705751
698	0.863189649320074	0.672689349684496
699	0.863186006181211	0.672659955890234
700	0.863182368130298	0.67263059523679
701	0.863178735152992	0.672601267638339
702	0.863175107235008	0.672572251573985
703	0.863171484362122	0.672543282261693
704	0.863167866520173	0.672514345421192
705	0.863164253695055	0.672485440968869
706	0.863160645872726	0.672456568821445
707	0.8631570430392	0.672427728895976
708	0.86315344518055	0.672398921109846
709	0.86314985228291	0.672370145380768
710	0.86314626433247	0.672341401626784
711	0.863142681315477	0.672312689766259
712	0.863139103218238	0.672284009717885
713	0.863135530027114	0.672255361400673
714	0.863131961728526	0.672226744733955
715	0.863128398308951	0.672198159637381
716	0.86312483975492	0.67216960603092
717	0.863121286053021	0.672141083834853
718	0.863117737189898	0.672112592969776
719	0.863114193152251	0.672084133356597
720	0.863110653926834	0.672055704916534
721	0.863107119500455	0.672027307571112
722	0.863103589859977	0.671998941242165
723	0.863100064992318	0.67197060585183
724	0.863096544884448	0.67194230132255
725	0.863093029523392	0.671914027577067
726	0.863089518896227	0.671885784538426
727	0.863086012990085	0.671857572129969
728	0.863082511792147	0.671829390275336
729	0.86307901528965	0.671801238898463
730	0.863075523469881	0.67177311792358
731	0.863072036320178	0.671745027275208
732	0.863068553827934	0.671716966878162
733	0.863065075980589	0.671688936657543
734	0.863061602765637	0.671660936538742
735	0.86305813417062	0.671632966447437
736	0.863054670183132	0.671605026309591
737	0.863051210790818	0.671577116051448
738	0.863047755981371	0.671549235599538
739	0.863044305742534	0.671521384880667
740	0.863040860062099	0.671493563821925
741	0.863037418927908	0.671465772350676
742	0.863033982327853	0.671438010394562
743	0.86303055024987	0.671410277881499
744	0.863027122681947	0.671382574739678
745	0.86302369961212	0.671354900897561
746	0.86302028102847	0.671327256283879
747	0.863016866919129	0.671299640827635
748	0.863013457272273	0.671272054458099
749	0.863010052076127	0.671244497104807
750	0.863006651318963	0.67121696869756
751	0.863003254989097	0.671189469166424
752	0.862999863074893	0.671161998441726
753	0.862996475564761	0.671134556454055
754	0.862993092447158	0.67110714313426
755	0.862989713710583	0.671079758413447
756	0.862986339343583	0.671052402222981
757	0.862982969334749	0.671025074494483
758	0.862979603672718	0.670997775159826
759	0.862976242346171	0.670970504151138
760	0.862972885343831	0.670943261400801
761	0.862969532654468	0.670916046841444
762	0.862966184266896	0.670888860405948
763	0.86296284016997	0.670861702027441
764	0.862959500352591	0.670834571639299
765	0.862956164803702	0.670807469175143
766	0.862952833512288	0.670780394568839
767	0.862949506467379	0.670753347754496
768	0.862946183658047	0.670726328666465
769	0.862942865073403	0.670699337239338
770	0.862939550702605	0.670672373407948
771	0.86293624053485	0.670645437107365
772	0.862932934559377	0.670618528272896
773	0.862929632765467	0.670591646840085
774	0.86292633514244	0.670564792744711
775	0.862923041679662	0.670537965922786
776	0.862919752366534	0.670511166310557
777	0.862916467192501	0.6704843938445
778	0.862913186147047	0.670457648461321
779	0.862909909219698	0.670430930097959
780	0.862906636400018	0.670404238691577
781	0.862903367677612	0.670377574179567
782	0.862900103042123	0.670350936499547
783	0.862896842483235	0.670324325589359
784	0.86289358599067	0.670297741387068
785	0.86289033355419	0.670271183830966
786	0.862887085163596	0.670244652859559
787	0.862883840808725	0.670218148411581
788	0.862880600479456	0.670191670425981
789	0.862877364165702	0.670165218841928
790	0.862874131857419	0.670138793598806
791	0.862870903544597	0.670112394636219
792	0.862867679217265	0.670086021893982
793	0.862864458865489	0.670059675312128
794	0.862861242479372	0.6700333548309
795	0.862858030049055	0.670007060390756
796	0.862854821564715	0.669980791932361
797	0.862851617016566	0.669954549396595
798	0.862848416394859	0.669928332724543
799	0.86284521968988	0.6699021418575
800	0.862842026891952	0.669875976736967
801	0.862838837991435	0.669849837304652
802	0.862835652978722	0.669823723502468
803	0.862832471844245	0.669797635272532
804	0.862829294578468	0.669771572557163
805	0.862826121171893	0.669745535298884
806	0.862822951615056	0.669719523440418
807	0.862819785898527	0.669693536924687
808	0.862816624012912	0.669667575694816
809	0.862813465948851	0.669641639694125
810	0.862810311697019	0.669615728866133
811	0.862807161248125	0.669589843154554
812	0.862804014592911	0.6695639825033
813	0.862800871722154	0.669538146856476
814	0.862797732626664	0.669512336158379
815	0.862794597297286	0.669486550353503
816	0.862791465724897	0.669460789386531
817	0.862788337900408	0.669435053202337
818	0.862785213814761	0.669409446732305
819	0.862782093458934	0.669384015190096
820	0.862778976823935	0.669358608021802
821	0.862775863900808	0.669333225173591
822	0.862772754680626	0.669307866591819
823	0.862769649154496	0.669282532223025
824	0.862766547313556	0.66925722201393
825	0.862763449148977	0.669231935911438
826	0.862760354651962	0.669206673862635
827	0.862757263813744	0.669181435814787
828	0.862754176625591	0.669156221715338
829	0.862751093078797	0.669131031511912
830	0.862748013164693	0.669105865152313
831	0.862744936874636	0.669080722584519
832	0.862741864200017	0.669055603756686
833	0.862738795132257	0.669030508617147
834	0.862735729662808	0.669005437114406
835	0.862732667783152	0.668980389197144
836	0.8627296094848	0.668955364814213
837	0.862726554759296	0.668930363914641
838	0.862723503598212	0.668905386447624
839	0.86272045599315	0.66888043236253
840	0.862717411935743	0.668855501608897
841	0.862714371417652	0.668830594136432
842	0.862711334430569	0.668805709895011
843	0.862708300966214	0.668780848834678
844	0.862705271016337	0.668756010905643
845	0.862702244572716	0.668731196058283
846	0.862699221627161	0.668706404243139
847	0.862696202171506	0.668681635410919
848	0.862693186197618	0.668656889512493
849	0.86269017369739	0.668632166498896
850	0.862687164662744	0.668607466321323
851	0.862684159085631	0.668582788931134
852	0.862681156958028	0.668558134279847
853	0.862678158271943	0.668533502319142
854	0.862675163019409	0.668508893000857
855	0.862672171192489	0.668484306276992
856	0.862669182783272	0.668459742099703
857	0.862666197783876	0.668435200421302
858	0.862663216186444	0.66841068119426
859	0.862660237983149	0.668386184371205
860	0.862657263166189	0.668361709904917
861	0.862654291727789	0.668337257748334
862	0.862651323660203	0.668312827854545
863	0.862648358955709	0.668288420176795
864	0.862645397606614	0.66826403466848
865	0.86264243960525	0.668239671283149
866	0.862639484943975	0.6682153299745
867	0.862636533615174	0.668191010696385
868	0.862633585611258	0.668166713402804
869	0.862630640924665	0.668142438047907
870	0.862627699547857	0.66811818458599
871	0.862624761473322	0.668093952971502
872	0.862621826693576	0.668069743159034
873	0.862618895201157	0.668045555103328
874	0.862615966988631	0.66802138875927
875	0.862613042048588	0.667997244081891
876	0.862610120373644	0.667973121026368
877	0.86260720195644	0.66794901954802
878	0.862604286789641	0.667924939602314
879	0.862601374865938	0.667900881144854
880	0.862598466178045	0.667876844131391
881	0.862595560718704	0.667852828517816
882	0.862592658480677	0.667828834260159
883	0.862589759456754	0.667804861314595
884	0.862586863639747	0.667780909637434
885	0.862583971022493	0.667756979185128
886	0.862581081597855	0.667733069914268
887	0.862578195358716	0.667709181781581
888	0.862575312297987	0.667685314743933
889	0.862572432408599	0.667661468758325
890	0.862569555683508	0.667637643781897
891	0.862566682115696	0.667613839771922
892	0.862563811698164	0.66759005668581
893	0.862560944423941	0.667566294481105
894	0.862558080286074	0.667542553115484
895	0.862555219277638	0.667518832546758
896	0.862552361391728	0.66749513273287
897	0.862549506621464	0.667471453631898
898	0.862546654959986	0.667447795202048
899	0.862543806400459	0.66742415740166
900	0.862540960936071	0.667400540189202
901	0.862538118560029	0.667376943523274
902	0.862535279265567	0.667353367362604
903	0.862532443045939	0.66732981166605
904	0.86252960989442	0.667306276392598
905	0.86252677980431	0.667282761501361
906	0.862523952768929	0.667259266951581
907	0.862521128781619	0.667235792702626
908	0.862518307835744	0.667212338713988
909	0.862515489924691	0.667188904945287
910	0.862512675041867	0.667165491356268
911	0.862509863180701	0.667142097906801
912	0.862507054334644	0.667118724556878
913	0.862504248497166	0.667095371266616
914	0.862501445661764	0.667072037996256
915	0.862498645821949	0.667048724706159
916	0.862495848971257	0.66702543135681
917	0.862493055103245	0.667002157908815
918	0.862490264211491	0.666978904322901
919	0.862487476289592	0.666955670559915
920	0.862484691331166	0.666932456580824
921	0.862481909329855	0.666909262346717
922	0.862479130279316	0.666886087818797
923	0.862476354173231	0.66686293295839
924	0.8624735810053	0.666839797726939
925	0.862470810769245	0.666816682086003
926	0.862468043458806	0.666793585997259
927	0.862465279067745	0.6667705094225
928	0.862462517589844	0.666747452323638
929	0.862459759018902	0.666724414662695
930	0.862457003348742	0.666701396401813
931	0.862454250573204	0.666678397503248
932	0.862451500686148	0.666655417929368
933	0.862448753681455	0.666632457642656
934	0.862446009553025	0.666609516605708
935	0.862443268294775	0.666586594781233
936	0.862440529900644	0.666563692132053
937	0.862437794364591	0.6665408086211
938	0.862435061680591	0.66651794421142
939	0.862432331842641	0.666495098866167
940	0.862429604844754	0.666472272548608
941	0.862426880680966	0.666449465222119
942	0.862424159345328	0.666426676850186
943	0.862421440831912	0.666403907396403
944	0.862418725134808	0.666381156824473
945	0.862416012248125	0.66635842509821
946	0.86241330216599	0.666335712181532
947	0.862410594882547	0.666313018038467
948	0.862407890391963	0.666290342633149
949	0.862405188688418	0.666267685929818
950	0.862402489766114	0.666245260146244
951	0.862399793619269	0.666222864255829
952	0.862397100242119	0.666200486777007
953	0.862394409628921	0.66617812767479
954	0.862391721773946	0.666155786914293
955	0.862389036671484	0.666133464460735
956	0.862386354315845	0.666111160279435
957	0.862383674701354	0.666088874335817
958	0.862380997822355	0.666066606595406
959	0.862378323673209	0.666044357023826
960	0.862375652248295	0.666022125586806
961	0.862372983542009	0.665999912250173
962	0.862370317548764	0.665977716979853
963	0.862367654262991	0.665955539741875
964	0.862364993679138	0.665933380502365
965	0.86236233579167	0.665911239227549
966	0.862359680595068	0.66588911588375
967	0.862357028083833	0.665867010437392
968	0.86235437825248	0.665844922854994
969	0.862351731095542	0.665822853103173
970	0.862349086607567	0.665800801148645
971	0.862346444783124	0.665778766958221
972	0.862343805616794	0.665756750498807
973	0.862341169103178	0.665734751737407
974	0.86233853523689	0.66571277064112
975	0.862335904012564	0.66569080717714
976	0.862333275424848	0.665668861312756
977	0.862330649468407	0.665646933015349
978	0.862328026137923	0.665625022252398
979	0.862325405428093	0.665603128991474
980	0.862322787333631	0.665581253200239
981	0.862320171849267	0.665559394846451
982	0.862317558969745	0.665537553897959
983	0.862314948689828	0.665515730322705
984	0.862312341004293	0.665493924088723
985	0.862309735907933	0.665472135164137
986	0.862307133395557	0.665450363517162
987	0.862304533461989	0.665428609116107
988	0.86230193610207	0.665406871929369
989	0.862299341310655	0.665385151925433
990	0.862296749082616	0.665363449072878
991	0.862294159412838	0.66534176334037
992	0.862291572296223	0.665320094696665
993	0.86228898772769	0.665298443110606
994	0.862286405702169	0.665276808551125
995	0.862283826214609	0.665255190987244
996	0.862281249259972	0.66523359038807
997	0.862278674833236	0.665212006722799
998	0.862276102929393	0.665190439960713
999	0.862273533543451	0.665168890071182
1000	0.862269473096194	0.665147630894367
1001	0.862268402305375	0.66512584078769
