1	0.0118422659047361	62.460502962723
2	0.0196665829909447	166.784411961116
3	0.0273025914179852	309.959557876097
4	0.0348259092214777	485.576225649117
5	0.0394547625443995	723.999821960447
6	0.0463344011361783	959.673431009458
7	0.0531586094362246	1275.84991415723
8	0.05993367239401	1557.90607392707
9	0.066664317909673	1944.02434963852
10	0.0733542734313247	2372.72358473842
11	0.080006578256829	2844.00020243517
12	0.086623773626767	3199.85859931697
13	0.0932080259379675	3730.10084649789
14	0.0997612106701698	4300.90993225351
15	0.106284971879321	4912.28407437307
16	0.112780765768262	5308.43181376747
17	0.119249893470513	5969.09680340492
18	0.125693526284172	6668.45790822566
19	0.132112725473141	7406.51397657808
20	0.138508458065135	8183.26393817157
21	0.144881609638517	8594.32499517618
22	0.151232994803158	9410.07677133055
23	0.15756336588723	10262.7809038991
24	0.163873420208579	11152.436582575
25	0.170163806215384	12079.0430340376
26	0.176435128713433	13042.5995177565
27	0.182687953348047	14043.1053224935
28	0.188922810472233	14417.7626441719
29	0.195140198505202	15444.9445027277
30	0.201340586864472	16507.4498386361
31	0.2075244185387	17605.2780597415
32	0.213692112355868	18738.4285914034
33	0.219844064991602	19906.900875176
34	0.225980652754594	21110.6943676507
35	0.232102233179853	22349.8085394345
36	0.238209146455499	22608.2698248518
37	0.244301716704703	23861.6970555102
38	0.250380253141067	25148.9245281422
39	0.256445051112986	26469.9517819742
40	0.262496393050252	27824.7783661211
41	0.268534549324279	29213.4038390723
42	0.274559779031799	30635.8277682235
43	0.280572330710455	32092.0497294472
44	0.286572442993671	33582.0693066987
45	0.292560345211254	35105.8860916523
46	0.298536257941271	36663.4996833644
47	0.30450039351817	36644.3630669553
48	0.310452956501443	38201.1471949119
49	0.316394144108663	39790.3041544286
50	0.32232414661626	41411.8335869364
51	0.328243147731031	43065.7351396306
52	0.334151324935077	44752.0084652551
53	0.318817532980578	46470.6532219027
54	0.324336848270091	48221.6690728232
55	0.329846481446404	50005.0556862457
56	0.33534657841073	51820.8127352071
57	0.340837280539561	53668.9398973921
58	0.346318724897924	55549.4368549785
59	0.351791044439196	57462.3032944936
60	0.357254368192523	56958.0142593994
61	0.362708821438799	58854.076963353
62	0.368154525876103	60781.1735920305
63	0.373591599775338	62739.3038602952
64	0.379020158126862	64728.4674865736
65	0.384440312778669	66748.6641927498
66	0.389852172566833	68799.8937040638
67	0.395255843438665	70882.1557490166
68	0.400651428569154	72995.4500592743
69	0.406039028471119	75139.7763695795
70	0.411418741099493	77315.1344176673
71	0.416790661950151	79521.52394418
72	0.422154884153623	81758.9446925888
73	0.427511498564038	84027.3964091177
74	0.432860593843558	86326.8788426687
75	0.438202256542652	88657.3917447511
76	0.443536571176431	87341.7909645254
77	0.448863620297272	89637.7045844141
78	0.454183484563983	91963.3943459919
79	0.459496242807715	94318.8600201814
80	0.464801972094776	96704.1013801004
81	0.470100747786592	99119.1182010065
82	0.4753926435969	101563.910260244
83	0.480677731646408	104038.477337191
84	0.485956082515007	106542.81921321
85	0.491227765291693	109076.935671602
86	0.496492847622329	111640.826497556
87	0.501751395755368	114234.491478104
88	0.507003474585612	116857.930402079
89	0.51224914769615	119511.143060071
90	0.517488477398575	122194.129244386
91	0.522721524771507	124906.888749006
92	0.527948349697595	127649.42136955
93	0.533169010899002	130421.726903234
94	0.538383565971519	133223.80514884
95	0.543592071417284	130667.858878806
96	0.548794582676266	133416.161743549
97	0.553991154156523	136193.057749658
98	0.559181839263318	138998.546709555
99	0.564366690427123	141832.628436997
100	0.57471906711219	147338.081384638
101	0.574719095934378	147586.569456084
102	0.579886750502481	150506.428381682
103	0.585048771625992	153454.879342683
104	0.59020520724651	156431.922159114
105	0.595356104478509	159437.556652181
106	0.600501509630953	162471.782644236
107	0.605641468228162	165534.599958759
108	0.610776025029935	168626.008420327
109	0.615905224050997	171746.007854599
110	0.621029108579798	174894.598088286
111	0.626147721196627	178071.778949137
112	0.631261103791191	181277.55026591
113	0.636369297579541	184511.911868357
114	0.641472343120488	187774.8635872
115	0.646570280331476	191066.405254117
116	0.651663148503925	194386.536701712
117	0.656750986318102	197735.25776351
118	0.661833831857497	193303.130269096
119	0.666911722622773	196576.77488585
120	0.671984695545262	199877.898472243
121	0.677052787000049	203206.500871605
122	0.682116032818639	206562.581928065
123	0.687174468301263	209946.14148653
124	0.692228128228805	213357.179392673
125	0.697277046874326	216795.695492917
126	0.702321258014337	220261.689634418
127	0.707360794939642	223755.161665061
128	0.712395690465931	227276.111433434
129	0.717425976944007	230824.538788822
130	0.722451686269792	234400.443581192
131	0.727472849893958	238003.825661179
132	0.732489498831374	241634.684880079
133	0.737501663670189	245293.021089831
134	0.742509374580763	248978.834143004
135	0.747512661324257	252692.123892794
136	0.752511553261054	256432.890193004
137	0.757506079358919	260201.132898036
138	0.762496268200904	263996.851862885
139	0.767482147993125	267820.046943118
140	0.772463746572246	271670.717994874
141	0.777441091412796	275548.86487485
142	0.782414209634313	279454.487440288
143	0.787383128008258	283387.58554897
144	0.792347872964776	287348.159059208
145	0.797308470599281	291336.207829831
146	0.802264946678856	284101.286922694
147	0.807217326648506	287990.281086529
148	0.812165635637224	291905.703526424
149	0.817109898463948	295847.554108507
150	0.822050139643335	299815.832699362
151	0.826986383391395	303810.53916602
152	0.831918653630983	307831.673375958
153	0.83684697399718	311879.235197092
154	0.841771367842515	315953.224497764
155	0.846691858242057	320053.641146738
156	0.851608467998434	324180.485013191
157	0.856521219646641	328333.755966713
158	0.861430135458836	332513.453877289
159	0.866335237448923	336719.578615307
160	0.871236547377134	340952.130051535
161	0.876134086754389	345211.108057129
162	0.881027876846652	349496.51250362
163	0.885917938679119	353808.343262907
164	0.890804293040358	358146.600207257
165	0.895686960486304	362511.283209293
166	0.900565961344214	366902.392141993
167	0.905441315716503	371319.92687868
168	0.910313043484502	375763.887293022
169	0.915181164312126	380234.273259022
170	0.920045697649461	384731.084651015
171	0.924906662736299	389254.321343664
172	0.929764078605525	393803.983211952
173	0.93461796408654	398380.07013118
174	0.939468337808482	402982.581976962
175	0.944315218203488	407611.518625216
176	0.949158623509819	412266.879952166
177	0.953998571774953	416948.665834333
178	0.958835080858573	405895.416072027
179	0.963668168435546	410453.070816074
180	0.968497851998804	415036.162014472
181	0.973324148862145	419644.689549458
182	0.978147076163027	424278.653303551
183	0.982966650865287	428938.053159517
184	0.987782889761771	433622.889000398
185	0.992595809476962	438333.160709476
186	0.997405426469498	443068.868170295
187	1.00221175703469	447830.011266644
188	1.00701481730697	452616.589882555
189	1.01181462326228	457428.603902306
190	1.01661119072041	462266.053210409
191	1.02140453534732	467128.937691613
192	1.02619467265741	472017.257230897
193	1.0309816180157	476931.011713469
194	1.03576538664001	481870.201024762
195	1.0405459936031	486834.825050433
196	1.04532345383474	491824.883676357
197	1.05009778212378	496840.376788623
198	1.05486899312013	501881.304273538
199	1.05963710133676	506947.666017613
200	1.06440212115158	512039.461907574
201	1.06916406680941	517156.691830351
202	1.07392295242377	522299.355673069
203	1.07867879197874	527467.45332306
204	1.08343159933076	532660.984667848
205	1.08818138821035	537879.949595159
206	1.09292817222387	543124.347992905
207	1.09767196485519	548394.179749187
208	1.10241277946738	553689.444752298
209	1.10715062930432	559010.142890711
210	1.11188552749232	564356.274053082
211	1.11661748704166	569727.838128256
212	1.12134652084819	575124.835005238
213	1.1260726416948	580547.26457323
214	1.13079586225295	585995.12672159
215	1.13551619508408	591468.421339859
216	1.14023365264112	596967.14831774
217	1.14494824726987	580383.442896323
218	1.14965999121038	585729.397045933
219	1.15436889659832	591099.850019758
220	1.15907497546632	596494.801712187
221	1.16377823974533	601914.252017754
222	1.16847870126585	607358.200831163
223	1.17317637175926	612826.648047242
224	1.17787126285903	618319.59356099
225	1.18256338610197	623837.037267542
226	1.18725275292946	629378.97906218
227	1.19193937468861	634945.418840327
228	1.19662326263345	640536.356497547
229	1.20130442792608	646151.791929555
230	1.20598288163775	651791.725032186
231	1.21065863475008	657456.155701429
232	1.21533169815606	663145.083833393
233	1.22000208266116	668858.509324335
234	1.22466979898442	674596.432070635
235	1.22933485775942	680358.851968804
236	1.2339972695354	686145.768915488
237	1.23865704477816	691957.182807454
238	1.24331419387118	697793.093541604
239	1.24796872711648	703653.501014957
240	1.25262065473564	709538.405124661
241	1.25726998687075	715447.805767981
242	1.26191673358531	721381.70284231
243	1.2665609048652	727340.096245159
244	1.27120251061953	733322.985874154
245	1.27584156068153	739330.371627043
246	1.28047806480948	745362.253401685
247	1.28511203268752	751418.631096061
248	1.2897434739265	757499.504608259
249	1.29437239806483	763604.873836484
250	1.29899881456933	769734.738679052
251	1.30362273283599	775889.099034386
252	1.30824416219079	782067.954801022
253	1.31286311189047	788271.305877606
254	1.31747959112336	794499.152162886
255	1.32209360901007	800751.493555715
256	1.32670517460428	807028.329955061
257	1.33131429689347	813329.661259981
258	1.33592098479964	819655.487369652
259	1.34052524718009	826005.808183338
260	1.345127092828	832380.62360041
261	1.34972653047328	838779.933520346
262	1.35432356878314	814748.476970471
263	1.3589182163628	820964.423726126
264	1.36351048175621	827203.982082622
265	1.36810037344663	833467.151943438
266	1.37268789985732	839753.933212131
267	1.37727306935219	846064.325792357
268	1.38185589023638	852398.329587858
269	1.38643637075695	858755.944502467
270	1.39101451910342	865137.170440107
271	1.39559034340845	871542.007304791
272	1.40016385174836	877970.455000612
273	1.40473505214377	884422.513431757
274	1.40930395256015	890898.182502484
275	1.41387056090842	897397.462117161
276	1.41843488504545	903920.352180218
277	1.42299693277473	910466.852596172
278	1.42755671184678	917036.963269636
279	1.43211422995981	923630.684105286
280	1.43666949476014	930248.015007899
281	1.44122251384285	936888.955882313
282	1.44577329475218	943553.506633457
283	1.45032184498211	950241.667166334
284	1.45486817197688	956953.437386037
285	1.4594122831314	963688.817197721
286	1.46395418579182	970447.806506628
287	1.46849388725602	977230.405218073
288	1.47303139477402	984036.613237446
289	1.47756671554851	990866.430470219
290	1.48209985673528	997719.85682193
291	1.48663082544373	1004596.89219819
292	1.49115962873725	1011497.5365047
293	1.4956862736337	1018421.78964722
294	1.50021076710592	1025369.65153158
295	1.50473311608202	1032341.12206368
296	1.50925332744597	1039336.20114951
297	1.51377140803788	1046354.88869511
298	1.51828736465454	1053397.18460661
299	1.52280120404977	1060463.08879019
300	1.5273129329348	1067552.6011521
301	1.53182255797878	1074665.72159868
302	1.53633008580904	1081802.45003631
303	1.54083552301161	1088962.78637146
304	1.54533887613154	1096146.73051066
305	1.54984015167326	1103354.2823605
306	1.55433935610104	1110585.44182764
307	1.55883649583931	1117840.20881881
308	1.56333157727302	1125118.5832408
309	1.56782460674803	1132420.56500047
310	1.57231559057146	1139746.15400473
311	1.57680453501205	1147095.35016057
312	1.58129144630054	1154468.15337504
313	1.58577633062993	1161864.56355526
314	1.59025919415591	1127897.29182752
315	1.59474004299719	1135077.44560269
316	1.59921888323577	1142280.37049694
317	1.60369572091735	1149506.0664209
318	1.60817056205157	1156754.53328529
319	1.61264341261246	1164025.77100084
320	1.61711427853859	1171319.77947837
321	1.62158316573356	1178636.55862875
322	1.62605008006616	1185976.1083629
323	1.6305150273708	1193338.42859181
324	1.63497801344772	1200723.5192265
325	1.63943904406335	1208131.38017809
326	1.64389812495056	1215562.01135771
327	1.64835526180901	1223015.41267658
328	1.6528104603054	1230491.58404594
329	1.65726372607374	1237990.52537711
330	1.66171506471571	1245512.23658148
331	1.66616448180082	1253056.71757044
332	1.67061198286682	1260623.96825549
333	1.67505757341987	1268213.98854814
334	1.67950125893485	1275826.77835999
335	1.68394304485566	1283462.33760266
336	1.6883829365954	1291120.66618784
337	1.6928209395367	1298801.76402727
338	1.69725705903198	1306505.63103274
339	1.70169130040367	1314232.26711609
340	1.70612366894447	1321981.67218921
341	1.71055416991761	1329753.84616404
342	1.71498280855709	1337548.78895258
343	1.71940959006795	1345366.50046687
344	1.72383451962646	1353206.98061901
345	1.72825760238039	1361070.22932112
346	1.73267884344926	1368956.24648541
347	1.73709824792455	1376865.03202412
348	1.74151582086994	1384796.58584954
349	1.7459315673215	1392750.90787399
350	1.75034549228801	1400727.99800988
351	1.75475760075107	1408727.85616962
352	1.75916789766542	1416750.48226571
353	1.76357638795908	1424795.87621067
354	1.76798307653362	1432864.03791708
355	1.77238796826433	1440954.96729756
356	1.77679106800049	1449068.66426478
357	1.7811923805655	1457205.12873144
358	1.78559191075718	1465364.36061033
359	1.78998966334786	1473546.35981424
360	1.79438564308472	1481751.12625602
361	1.79877985468988	1489978.65984859
362	1.80317230286062	1498228.96050486
363	1.80756299226963	1506502.02813785
364	1.81195192756514	1514797.86266057
365	1.81633911337115	1523116.46398611
366	1.8207245542876	1531457.8320276
367	1.82510825489059	1539821.96669819
368	1.82949021973249	1548208.86791109
369	1.83387045334225	1556618.53557957
370	1.83824896022543	1565050.96961691
371	1.84262574486452	1573506.16993646
372	1.84700081171903	1581984.1364516
373	1.85137416522568	1590484.86907577
374	1.85574580979863	1543394.98322497
375	1.86011574982957	1551644.00934714
376	1.86448398968797	1559915.00952413
377	1.86885053372118	1568207.98367256
378	1.87321538625464	1576522.93170905
379	1.87757855159205	1584859.85355029
380	1.88194003401551	1593218.74911301
381	1.88629983778567	1601599.61831396
382	1.89065796714196	1610002.46106994
383	1.89501442630267	1618427.2772978
384	1.89936921946514	1626874.06691442
385	1.90372235080595	1635342.8298367
386	1.908073824481	1643833.56598162
387	1.91242364462576	1652346.27526617
388	1.91677181535528	1660880.95760738
389	1.92111834076453	1669437.61292232
390	1.92546322492837	1678016.24112812
391	1.92980647190183	1686616.8421419
392	1.93414808572014	1695239.41588088
393	1.93848807039896	1703883.96226228
394	1.94282642993452	1712550.48120334
395	1.94716316830371	1721238.97262138
396	1.95149828946425	1729949.43643375
397	1.95583179735484	1738681.8725578
398	1.96016369589526	1747436.28091096
399	1.96449398898657	1756212.66141066
400	1.96882268051115	1765011.01397441
401	1.97314977433295	1773831.33851974
402	1.97747527429752	1782673.63496417
403	1.98179918423219	1791537.90322533
404	1.98612150794621	1800424.14322085
405	1.99044224923081	1809332.35486838
406	1.99476141185945	1818262.53808564
407	1.99907899958782	1827214.69279037
408	2.00339501615404	1836188.81890033
409	2.00770946527876	1845184.91633335
410	2.01202235066526	1854202.98500727
411	2.01633367599964	1863243.02483998
412	2.02064344495086	1872305.03574938
413	2.02495166117093	1881389.01765343
414	2.02925832829495	1890494.97047013
415	2.03356344994132	1899622.89411749
416	2.03786702971176	1908772.78851356
417	2.0421690711915	1917944.65357644
418	2.04646957794937	1927138.48922427
419	2.05076855353786	1936354.29537519
420	2.05506600149334	1945592.07194739
421	2.05936192533607	1954851.81885911
422	2.06365632857039	1964133.53602861
423	2.06794921468475	1973437.2233742
424	2.07224058715184	1982762.88081419
425	2.07653044942878	1992110.50826695
426	2.0808188049571	2001480.10565088
427	2.08510565716293	2010871.6728844
428	2.08939100945704	2020285.20988599
429	2.09367486523504	2029720.71657413
430	2.09795722787738	2039178.19286737
431	2.1022381007495	2048657.63868426
432	2.10651748720193	2058159.05394339
433	2.11079539057038	2067682.4385634
434	2.11507181417581	2077227.79246295
435	2.11934676132462	2086795.11556073
436	2.12362023530863	2096384.40777547
437	2.12789223940525	2105995.66902592
438	2.13216277687757	2115628.89923088
439	2.13643185097443	2125284.09830918
440	2.14069946493048	2134961.26617965
441	2.14496562196636	2144660.4027612
442	2.14923032528876	2154381.50797274
443	2.15349357809049	2164124.58173323
444	2.15775538355052	2099574.15494345
445	2.16201574483419	2109026.59181191
446	2.1662746650932	2118500.24598897
447	2.1705321474658	2127995.11739646
448	2.1747881950767	2137511.20595627
449	2.17904281103736	2147048.51159029
450	2.18329599844593	2156607.03422044
451	2.18754776038741	2166186.77376872
452	2.19179809993368	2175787.73015709
453	2.19604702014369	2185409.90330759
454	2.20029452406336	2195053.29314227
455	2.20454061472587	2204717.89958323
456	2.20878529515157	2214403.72255256
457	2.21302856834813	2224110.76197241
458	2.21727043731068	2233839.01776496
459	2.22151090502178	2243588.4898524
460	2.22574997445155	2253359.17815697
461	2.22998764855777	2263151.08260091
462	2.23422393028592	2272964.20310653
463	2.23845882256924	2282798.53959615
464	2.24269232832891	2292654.0919921
465	2.24692445047396	2302530.86021677
466	2.2511551919015	2312428.84419255
467	2.25538455549673	2322348.04384189
468	2.25961254413294	2332288.45908724
469	2.26383916067175	2342250.0898511
470	2.26806440796304	2352232.93605598
471	2.27228828884508	2362236.99762444
472	2.27651080614457	2372262.27447905
473	2.28073196267675	2382308.76654241
474	2.15060844748793	2392376.47373716
475	2.15457882477173	2402465.39598595
476	2.15854792915015	2412575.53321148
477	2.16251576323051	2422706.88533648
478	2.16648232960956	2432859.45228365
479	2.17044763087371	2443033.23397583
480	2.17441166959896	2453228.23033576
481	2.17837444835107	2463444.4412863
482	2.18233596968554	2473681.8667503
483	2.18629623614771	2483940.50665065
484	2.19025525027278	2494220.36091027
485	2.19421301458594	2504521.42945207
486	2.19816953160237	2514843.71219903
487	2.20212480382733	2525187.20907416
488	2.20607883375619	2535551.92000046
489	2.21003162387456	2545937.84490102
490	2.21398317665821	2556344.98369886
491	2.21793349457328	2566773.33631712
492	2.22188258007625	2577222.90267894
493	2.22583043561402	2587693.68270745
494	2.22977706362394	2598185.67632584
495	2.23372246653391	2608698.88345734
496	2.23766664676241	2619233.30402517
497	2.24160960671855	2629788.9379526
498	2.24555134880213	2640365.78516294
499	2.24949187540373	2650963.8455795
500	2.25343118890466	2661583.11912562
501	2.25736929167715	2672223.60572468
502	2.26130618608429	2682885.30530007
503	2.26524187448016	2693568.21777523
504	2.26917635920984	2704272.3430736
505	2.27310964260945	2714997.68111867
506	2.27704172700623	2725744.23183394
507	2.28097261471863	2736511.99514293
508	2.28490230805623	2747300.97096923
509	2.28883080931996	2758111.1592364
510	2.29275812080197	2768942.55986805
511	2.29668424478584	2779795.17278783
512	2.30060918354654	2790668.99791939
513	2.30453293935052	2801564.03518643
514	2.30845551445568	2812480.28451267
515	2.31237691111152	2823417.74582183
516	2.31629713155916	2834376.41903768
517	2.32021617803129	2845356.30408404
518	2.32413405275238	2856357.4008847
519	2.32805075793861	2867379.70936351
520	2.33196629579795	2878423.22944435
521	2.33588066853017	2889487.96105111
522	2.33979387832699	2900573.90410771
523	2.34370592737196	2813816.4781756
524	2.34761681784069	2824570.80809298
525	2.35152655190075	2835345.63630106
526	2.35543513171178	2846140.96272642
527	2.35934255942553	2856956.78729568
528	2.36324883718586	2867793.10993544
529	2.36715396712885	2878649.93057238
530	2.3710579513828	2889527.24913315
531	2.37496079206829	2900425.06554447
532	2.37886249129818	2911343.37973303
533	2.38276305117771	2922282.19162561
534	2.38666247380454	2933241.50114898
535	2.39056076126874	2944221.30822993
536	2.39445791565281	2955221.61279527
537	2.39835393903189	2966242.41477187
538	2.40224883347358	2977283.71408656
539	2.40614260103811	2988345.51066627
540	2.41003524377837	2999427.80443792
541	2.41392676373987	3010530.59532841
542	2.41781716296089	3021653.88326475
543	2.42170644347247	3032797.6681739
544	2.42559460729843	3043961.94998288
545	2.42948165645537	3055146.72861874
546	2.43336759295288	3066352.00400852
547	2.43725241879336	3077577.77607932
548	2.4411361359722	3088824.04475824
549	2.44501874647776	3100090.80997242
550	2.4489002522914	3111378.071649
551	2.4527806553876	3122685.82971518
552	2.45665995773387	3134014.08409814
553	2.4605381612909	3145362.83472513
554	2.4644152680125	3156732.08152338
555	2.46829127984571	3168121.82442016
556	2.4721661987308	3179532.06334278
557	2.47604002660135	3190962.79821858
558	2.47991276538414	3202414.02897487
559	2.48378441699943	3213885.75553901
560	2.48765498336076	3225377.97783842
561	2.49152446637513	3236890.6958005
562	2.49539286794295	3248423.90935269
563	2.49926018995814	3259977.61842245
564	2.50312643430811	3271551.82293727
565	2.50699160287382	3283146.52282462
566	2.51085569752981	3294761.71801207
567	2.51471872014425	3306397.40842718
568	2.51858067257894	3318053.59399748
569	2.52244155668933	3329730.2746506
570	2.52630137432461	3341427.45031415
571	2.53016012732771	3353145.12091578
572	2.53401781753532	3364883.28638318
573	2.53787444677795	3376641.946644
574	2.54173001687995	3388421.10162597
575	2.54558452965947	3400220.75125683
576	2.54943798692864	3412040.89546434
577	2.55329039049349	3423881.53417627
578	2.55714174215399	3435742.66732044
579	2.56099204370412	3447624.29482467
580	2.56484129693187	3459526.41661681
581	2.56868950361929	3471449.03262473
582	2.57253666554249	3483392.14277633
583	2.57638278447168	3495355.74699952
584	2.58022786217123	3507339.84522226
585	2.5840719003997	3519344.4373725
586	2.58791490090977	3531369.52337821
587	2.59175686544843	3543415.10316743
588	2.59559779575684	3555481.17666817
589	2.59943769357049	3567567.74380848
590	2.60327656061917	3579674.80451645
591	2.60711439862701	3591802.35872017
592	2.61095120931253	3603950.40634777
593	2.61478699438856	3616118.94732737
594	2.61862175556241	3628307.98158715
595	2.62245549453584	3640517.50905531
596	2.62628821300509	3652747.52966004
597	2.63011991266083	3664998.04332956
598	2.63395059518836	3677269.04999216
599	2.63778026226745	3689560.5495761
600	2.6416089155725	3701872.54200966
601	2.64543655677249	3714205.0272212
602	2.64926318753104	3726558.00513901
603	2.65308880950642	3738931.47569151
604	2.65691342435162	3751325.43880705
605	2.6607370337143	3763739.89441406
606	2.66455963923684	3776174.84244094
607	2.66838124255644	3788630.28281616
608	2.67220184530506	3801106.21546823
609	2.67602144910941	3813602.64032559
610	2.67984005559115	3826119.55731679
611	2.68365766636668	3838656.96637036
612	2.68747428304735	3851214.86741487
613	2.69128990723945	3736073.45299904
614	2.69510454054411	3748255.87471035
615	2.69891818455747	3760458.11083135
616	2.70273084087068	3772680.16129302
617	2.70654251106981	3784922.02602643
618	2.71035319673602	3797183.70496258
619	2.71416289944552	3809465.19803259
620	2.71797162076956	3821766.50516753
621	2.7217793622745	3834087.62629851
622	2.72558612552182	3846428.56135667
623	2.72939191206816	3858789.31027316
624	2.73319672346531	3871169.87297916
625	2.73700056126022	3883570.24940586
626	2.7408034269951	3895990.43948449
627	2.74460532220736	3908430.44314629
628	2.74840624842968	3920890.26032249
629	2.75220620718998	3933369.8909444
630	2.75600520001152	3945869.33494331
631	2.75980322841287	3958388.59225054
632	2.76360029390792	3970927.66279744
633	2.76739639800593	3983486.54651539
634	2.77119154221158	3996065.24333571
635	2.77498572802491	4008663.75318987
636	2.77877895694136	4021282.07600927
637	2.78257123045194	4033920.21172534
638	2.78636255004295	4046578.16026958
639	2.7901529171963	4059255.92157343
640	2.79394233338942	4071953.49556845
641	2.79773080009518	4084670.88218614
642	2.80151831878207	4097408.08135805
643	2.80530489091414	4110165.09301574
644	2.80909051795096	4122941.91709082
645	2.81287520134779	4135738.55351488
646	2.81665894255551	4148555.00221957
647	2.82044174302063	4161391.26313653
648	2.82422360418531	4174247.33619741
649	2.8280045274874	4187123.22133394
650	2.83178451436049	4200018.9184778
651	2.83556356623391	4212934.42756074
652	2.83934168453265	4225869.74851452
653	2.84311887067753	4238824.88127086
654	2.84689512608515	4251799.82576163
655	2.85067045216791	4264794.5819186
656	2.854444850334	4277809.14967361
657	2.85821832198748	4290843.5289585
658	2.86199086852826	4303897.71970515
659	2.86576249135211	4316971.72184549
660	2.8695331918507	4330065.53531139
661	2.87330297141163	4343179.16003479
662	2.87707183141844	4356312.59594768
663	2.88083977325052	4369465.84298198
664	2.88460679828336	4382638.90106973
665	2.88837290788835	4395831.77014292
666	2.89213810343292	4409044.4501336
667	2.89590238628047	4422276.94097383
668	2.89966575779049	4435529.24259566
669	2.90342821931847	4448801.3549312
670	2.90718977221604	4462093.27791257
671	2.91095041783081	4475405.01147189
672	2.91471015750662	4488736.55554133
673	2.91846899258332	4502087.91005304
674	2.92222692439697	4515459.07493926
675	2.92598395427974	4528850.05013217
676	2.92974008356001	4542260.83556403
677	2.93349531356231	4555691.43116707
678	2.93724964560739	4569141.83687357
679	2.94100308101224	4582612.05261582
680	2.94475562109003	4596102.07832616
681	2.94850726715024	4609611.91393689
682	2.9522580204986	4623141.55938041
683	2.95600788243706	4636691.01458903
684	2.959756854264	4650260.27949521
685	2.96350493727399	4663849.35403131
686	2.96725213275804	4677458.2381298
687	2.97099844200337	4691086.93172311
688	2.97474386629373	4704735.43474372
689	2.97848840690908	4718403.74712412
690	2.98223206512592	4732091.86879684
691	2.98597484221704	4745799.79969438
692	2.98971673945173	4759527.53974933
693	2.99345775809568	4773275.08889421
694	2.99719789941104	4787042.44706166
695	3.00093716465644	4800829.61418426
696	3.00467555508699	4814636.59019466
697	3.00841307195426	4828463.37502549
698	3.01214971650642	4842309.96860943
699	3.01588548998806	4856176.37087917
700	3.01962039364038	4870062.58176742
701	3.02335442870112	4883968.6012069
702	3.02708759640458	4897894.42913035
703	3.03081989798165	4911840.06547056
704	3.03455133465983	4925805.5101603
705	3.03828190766321	4939790.76313236
706	3.04201161821251	4953795.82431961
707	3.04574046752511	4967820.69365483
708	3.04946845681503	4981865.37107095
709	3.05319558729295	4995929.85650083
710	3.05692186016625	5010014.14987736
711	3.06064727663898	5024118.25113347
712	3.0643718379119	5038242.16020209
713	3.06809554518256	5052385.87701621
714	3.07181839964513	5066549.40150878
715	3.07554040249062	5080732.73361282
716	3.07926155490678	4929258.06190312
717	3.08298185807808	4943018.50527321
718	3.08670131318585	4956798.11195373
719	3.0904199214082	4970596.8818799
720	3.09413768392006	4984414.81498702
721	3.09785460189313	4998251.91121036
722	3.10157067649605	5012108.17048524
723	3.10528590889421	5025983.59274699
724	3.10900030024996	5039878.17793093
725	3.11271385172243	5053791.92597246
726	3.11642656446774	5067724.83680693
727	3.12013843963882	5081676.91036978
728	3.12384947838558	5095648.1465964
729	3.12755968185485	5109638.54542223
730	3.13126905119034	5123648.10678275
731	3.13497758753283	5137676.83061342
732	3.13868529201991	5151724.71684974
733	3.14239216578631	5165791.7654272
734	3.14609820996362	5179877.97628136
735	3.14980342568049	5193983.34934775
736	3.15350781406256	5208107.88456194
737	3.15721137623249	5222251.58185954
738	3.16091411331006	5236414.44117611
739	3.16461602641193	5250596.46244733
740	3.168317116652	5264797.6456088
741	3.17201738514109	5279017.99059618
742	3.17571683298723	5293257.49734519
743	3.17941546129544	5307516.16579149
744	3.18311327116789	5321793.9958708
745	3.18681026370388	5336090.98751884
746	3.19050643999983	5350407.14067139
747	3.19420180114927	5364742.4552642
748	3.19789634824291	5379096.93123307
749	3.2015900823686	5393470.5685138
750	3.20528300461139	5407863.36704222
751	3.20897511605349	5422275.32675418
752	3.21266641777433	5436706.44758551
753	3.21635691085048	5451156.72947211
754	3.22004659635582	5465626.1723499
755	3.2237354753614	5480114.77615477
756	3.22742354893549	5494622.54082264
757	3.23111081814368	5509149.46628951
758	3.23479728404873	5523695.55249127
759	3.23848294771073	5538260.79936401
760	3.24216781018703	5552845.20684366
761	3.24585187253227	5567448.77486629
762	3.24953513579838	5582071.50336791
763	3.25321760103467	5596713.3922846
764	3.25689926928764	5611374.44155245
765	3.26058014160122	5626054.65110753
766	3.26426021901669	5640754.02088597
767	3.2679395025726	5655472.5508239
768	3.27161799330492	5670210.24085747
769	3.27529569224702	5684967.09092285
770	3.27897260042959	5699743.10095624
771	3.28264871888071	5714538.27089386
772	3.28632404862595	5729352.60067186
773	3.28999859068814	5744186.09022655
774	3.29367234608767	5759038.73949419
775	3.29734531584232	5773910.54841103
776	3.3010175009673	5788801.51691336
777	3.30468890247523	5803711.64493752
778	3.30835952137625	5818640.93241983
779	3.31202935867797	5833589.37929664
780	3.31569841538541	5848556.98550432
781	3.31936669250117	5863543.75097926
782	3.32303419102529	5878549.67565787
783	3.32670091195533	5893574.75947652
784	3.33036685628633	5908619.00237169
785	3.33403202501096	5923682.40427986
786	3.33769641911928	5938764.96513745
787	3.34136003959903	5953866.68488101
788	3.34502288743541	5968987.56344702
789	3.34868496361122	5984127.60077198
790	3.3523462691068	5999286.79679251
791	3.35600680490016	6014465.1514451
792	3.35966657196677	6029662.66466638
793	3.36332557127979	6044879.33639292
794	3.36698380380992	6060115.16656135
795	3.37064127052557	6075370.15510831
796	3.37429797239267	6090644.30197045
797	3.37795391037486	6105937.60708445
798	3.38160908543335	6121250.07038697
799	3.3852634985271	6136581.69181474
800	3.38891715061261	6151932.47130447
801	3.39257004264414	6167302.40879292
802	3.39622217557358	6182691.50421684
803	3.39987355035053	6198099.75751302
804	3.40352416792226	6213527.1686182
805	3.40717402923373	6228973.73746927
806	3.41082313522763	6244439.46400301
807	3.41447148684442	6259924.3481563
808	3.41811908502217	6275428.38986597
809	3.4217659306968	6290951.58906892
810	3.42541202480185	6306493.94570205
811	3.42905736826874	6322055.45970228
812	3.43270196202655	6337636.13100655
813	3.4363458070022	6353235.9595518
814	3.43998890412034	6368854.94527504
815	3.44363125430336	6384493.0881132
816	3.44727285847156	6400150.38800332
817	3.45091371754292	6415826.84488241
818	3.45455383243331	6431522.45868754
819	3.45819320405637	6447237.22935576
820	3.46183183332355	6462971.15682412
821	3.46546972114419	6478724.24102973
822	3.46910686842541	6494496.48190969
823	3.47274327607218	6510287.87940115
824	3.47637894498737	6526098.43344127
825	3.48001387607163	6541928.14396716
826	3.48364807022359	6557777.01091605
827	3.48728152833964	6573645.03422512
828	3.49091425131411	6589532.21383159
829	3.49454624003923	6605438.54967268
830	3.49817749540512	6621364.04168566
831	3.50180801829976	6424928.6560182
832	3.50543780960911	6440381.65170876
833	3.50906687021702	6455853.19043147
834	3.51269520100526	6471343.27212564
835	3.51632280285353	6486851.8967306
836	3.5199496766395	6502379.06418571
837	3.52357582323877	6517924.77443036
838	3.52720124352489	6533489.02740392
839	3.53082593836941	6549071.82304581
840	3.53444990864176	6564673.16129551
841	3.53807315520949	6580293.04209236
842	3.54169567893799	6595931.4653759
843	3.54531748069074	6611588.4310856
844	3.54893856132916	6627263.93916095
845	3.55255892171272	6642957.98954143
846	3.55617856269888	6658670.58216659
847	3.5597974851431	6674401.71697598
848	3.56341568989892	6690151.39390916
849	3.56703317781784	6705919.61290571
850	3.57064994974945	6721706.37390522
851	3.57426600654141	6737511.6768473
852	3.57788134903934	6753335.5216716
853	3.58149597808705	6769177.90831773
854	3.58510989452626	6785038.83672537
855	3.58872309919692	6800918.30683419
856	3.59233559293694	6816816.3185839
857	3.59594737658238	6832732.87191421
858	3.59955845096736	6848667.96676483
859	3.60316881692413	6864621.60307554
860	3.60677847528305	6880593.78078605
861	3.61038742687251	6896584.49983619
862	3.61399567251915	6912593.76016573
863	3.61760321304761	6928621.56171447
864	3.62121004928076	6944667.90442227
865	3.6248161820395	6960732.78822896
866	3.62842161214302	6976816.2130744
867	3.63202634040854	6992918.17889844
868	3.63563036765145	7009038.68564102
869	3.63923369468534	7025177.73324205
870	3.64283632232198	7041335.32164141
871	3.64643825137125	7057511.45077908
872	3.6500394826413	7073706.12059502
873	3.65364001693837	7089919.33102919
874	3.65723985506697	7106151.08202164
875	3.66083899782978	7122401.3735123
876	3.66443744602765	7138670.20544122
877	3.66803520045971	7154957.57774847
878	3.6716322619233	7171263.49037412
879	3.67522863121389	7187587.94325818
880	3.67882430912529	7203930.9363408
881	3.68241929644949	7220292.46956209
882	3.68601359397674	7236672.54286214
883	3.68960720249552	7253071.15618111
884	3.69320012279256	7269488.30945917
885	3.69679235565289	7285924.00263647
886	3.70038390185976	7302378.23565325
887	3.70397476219467	7318851.00844966
888	3.70756493743749	7335342.32096594
889	3.71115442836627	7351852.17314234
890	3.71474323575738	7368380.5649191
891	3.7183313603855	7384927.49623653
892	3.72191880302359	7401492.96703488
893	3.72550556444293	7418076.9772545
894	3.72909164541312	7434679.52683567
895	3.73267704670203	7451300.61571874
896	3.73626176907587	7467940.24384409
897	3.73984581329918	7484598.41115205
898	3.74342918013485	7501275.11758304
899	3.74701187034407	7517970.36307745
900	3.75059388468638	7534684.14757568
901	3.75417522391973	7551416.47101822
902	3.7577558888003	7568167.33334549
903	3.76133588008276	7584936.73449795
904	3.76491519852002	7601724.6744161
905	3.76849384486349	7618531.15304042
906	3.77207181986282	7635356.1703115
907	3.77564912426615	7652199.72616978
908	3.77922575881994	7669061.82055586
909	3.78280172426909	7685942.45341029
910	3.78637702135679	7702841.62467366
911	3.78995165082476	7719759.3342866
912	3.79352561341303	7736695.58218966
913	3.79709890986016	7753650.36832355
914	3.80067154090292	7770623.69262884
915	3.80424350727674	7787615.55504623
916	3.8078148097153	7804625.95551643
917	3.81138544895077	7821654.89398008
918	3.8149554257138	7838702.37037791
919	3.81852474073339	7855768.3846507
920	3.82209339473706	7872852.93673914
921	3.82566138845073	7889956.026584
922	3.82922872259881	7907077.65412606
923	3.83279539790416	7924217.8193061
924	3.83636141508812	7941376.52206497
925	3.83992677487049	7958553.76234346
926	3.84349147796948	7975749.54008241
927	3.84705552510189	7992963.85522271
928	3.85061891698298	8010196.70770522
929	3.85418165432639	8027448.09747081
930	3.85774373784441	8044718.0244604
931	3.86130516824773	8062006.48861493
932	3.86486594624555	8079313.48987531
933	3.86842607254564	8096639.02818252
934	3.87198554785419	8113983.1034775
935	3.87554437287604	8131345.71570129
936	3.8791025483144	8148726.86479483
937	3.88266007487109	8166126.55069916
938	3.88621695324648	8183544.77335532
939	3.8897731841394	8200981.53270435
940	3.89332876824729	8218436.82868735
941	3.89688370626613	8235910.6612454
942	3.90043799889042	8253403.03031954
943	3.90399164681321	8270913.93585094
944	3.90754465072614	8288443.37778072
945	3.91109701131939	8305991.35605
946	3.91464872928171	8323557.87059998
947	3.91819980530045	8341142.92137184
948	3.9217502400615	8358746.50830674
949	3.92530003424935	8376368.63134592
950	3.92884918854708	8394009.29043058
951	3.93239770363633	8411668.48550199
952	3.93594558019735	8429346.21650139
953	3.93949281890903	8447042.48337006
954	3.9430394204488	8464757.28604932
955	3.94658538549271	8482490.62448039
956	3.95013071471545	8500242.49860469
957	3.95367540879032	8518012.90836352
958	3.95721946838921	8535801.8536982
959	3.96076289418268	8553609.3345502
960	3.96430568683986	8571435.35086076
961	3.96784784702855	8318768.4757571
962	3.9713893754152	8336068.98136271
963	3.97493027266488	8353387.4384995
964	3.97847053944128	8370723.8471108
965	3.98201017640679	8388078.20713997
966	3.9855491842224	8405450.51853023
967	3.98908756354782	8422840.78122501
968	3.99262531504137	8440248.99516762
969	3.99616243936006	8457675.16030142
970	3.99969893715954	8475119.27656987
971	4.00323480909418	8492581.34391627
972	4.00677005581699	8510061.36228407
973	4.01030467797967	8527559.33161673
974	4.0138386762326	8545075.25185768
975	4.01737205122489	8562609.12295038
976	4.02090480360429	8580160.94483831
977	4.02443693401726	8597730.71746495
978	4.027968443109	8615318.44077381
979	4.03149933152337	8632924.1147084
980	4.03502959990292	8650547.73921234
981	4.03855924888902	8668189.31422905
982	4.0420882791216	8685848.83970223
983	4.04561669123945	8703526.31557538
984	4.04914448588001	8721221.74179213
985	4.05267166367945	8738935.11829606
986	4.05619822527272	8756666.44503085
987	4.05972417129343	8774415.72194011
988	4.06324950237401	8792182.9489675
989	4.0667742191456	8809968.12605673
990	4.07029832223803	8827771.25315146
991	4.07382181227997	8845592.33019538
992	4.07734468989882	8863431.35713224
993	4.08086695572071	8881288.33390576
994	4.08438861037056	8899163.26045972
995	4.087909654472	8917056.13673785
996	4.09143008864752	8934966.96268396
997	4.09494991351827	8952895.73824183
998	4.09846912970431	8970842.46335525
999	4.10198773782438	8988807.13796809
1000	4.14281324520613	9027432.73168654
1001	4.1090231323356	9024790.33546733
