1	0.800300652085417	0.546487382356638
2	0.789995068216282	0.524212964534257
3	0.784642005880953	0.50891080880638
4	0.779322481776491	0.497620477983304
5	0.775007027749342	0.487645501258621
6	0.771370078097244	0.480386139791931
7	0.768223692058115	0.474272147799826
8	0.765449145272059	0.467971531284196
9	0.762966487699497	0.463402905936243
10	0.762305751837337	0.458340869256409
11	0.760257673394606	0.454755672252278
12	0.758371809880125	0.450524368093042
13	0.756623994474759	0.446613755981003
14	0.754995121138573	0.443982932304028
15	0.753469818417522	0.440586884330019
16	0.75203553207729	0.437400411401034
17	0.750681873822389	0.435384348397304
18	0.749400148392812	0.432547880893057
19	0.748183003351515	0.429859058172975
20	0.747024165183168	0.427303257970545
21	0.745918237333851	0.425834738746371
22	0.744860543499043	0.423509028208502
23	0.743847004496678	0.421283486654564
24	0.74287404042935	0.419149836987749
25	0.741938492138854	0.418049856796791
26	0.741037557554221	0.416078952069465
27	0.740168739663068	0.414180447725141
28	0.739329803645198	0.412349210931627
29	0.738518741295311	0.410580636233348
30	0.737733741294212	0.409802543425973
31	0.736973164209889	0.40814724787614
32	0.737772704725717	0.406543317441958
33	0.737058020026922	0.404987659420399
34	0.736363626149868	0.403477452349587
35	0.735688391688228	0.40201011518235
36	0.735031277759357	0.401498752695113
37	0.734391328154728	0.400110244603279
38	0.733767660769526	0.398758057389207
39	0.733159460116825	0.39744033900764
40	0.732565970765493	0.396155375580772
41	0.73198649156816	0.394901577985257
42	0.731420370567619	0.393677470028594
43	0.730867000488068	0.393381227984681
44	0.730325814732293	0.39221247136917
45	0.729796283818087	0.391069554605954
46	0.729277912197224	0.389951359741655
47	0.728770235408687	0.388856839850638
48	0.728272817524818	0.387785013141953
49	0.727785248854895	0.386734957665117
50	0.727307143875588	0.385705806543158
51	0.726838139361869	0.38558091604505
52	0.726377892695508	0.384591172207748
53	0.725926080331241	0.383620021533818
54	0.72548239640329	0.38266677831894
55	0.725046551457076	0.381730794109108
56	0.724618271292846	0.380811455050164
57	0.724197295909564	0.379908179468982
58	0.72378337853879	0.37902041566241
59	0.72337628475949	0.379016951545713
60	0.722975791685779	0.378158666110551
61	0.722581687220474	0.377314397740734
62	0.722193769368164	0.376483695969978
63	0.721811845602194	0.375666131705479
64	0.721435732280534	0.374861295896677
65	0.721065254106095	0.374068798306094
66	0.720700243627461	0.373288266372978
67	0.720340540776482	0.37251934416148
68	0.719985992439481	0.371761691385924
69	0.719636452059205	0.371869924773119
70	0.719291779264885	0.371133848159872
71	0.718951839528076	0.370408105299803
72	0.718616503842131	0.369692410082063
73	0.718285648423401	0.368986488116628
74	0.717959154432396	0.368290076102668
75	0.717636907713352	0.367602921238908
76	0.717318798550732	0.36692478067266
77	0.717004721441388	0.366255420984536
78	0.716694574881165	0.365594617706099
79	0.716388261164869	0.364942154867946
80	0.71608568619861	0.364297824575975
81	0.715786759323608	0.364502466799098
82	0.715491393150626	0.363873808257147
83	0.715199503404283	0.363252703173356
84	0.714911008776526	0.362638972211469
85	0.714625830788649	0.362032442347328
86	0.714343893661237	0.361432946576068
87	0.714065124191516	0.360840323636104
88	0.713789451637602	0.360254417748748
89	0.713516807609186	0.359675078372429
90	0.713247125964227	0.359102159970527
91	0.712980342711268	0.358535521791935
92	0.712716395917012	0.357975027663513
93	0.712455225618805	0.358248128784097
94	0.712196773741745	0.357699531579037
95	0.711940984020095	0.357156695459824
96	0.711687801922756	0.356619500702062
97	0.711437174582547	0.35608783127515
98	0.71118905072905	0.355561574691874
99	0.71094338062482	0.355040621865581
100	0.711232177595637	0.354465662121238
101	0.710459210018409	0.354014207332585
102	0.710220617175183	0.353508543267135
103	0.709984293292048	0.35300777800173
104	0.711235776702657	0.352511817545236
105	0.711004170092068	0.35202057058591
106	0.710774703475339	0.351533948390508
107	0.710547337504447	0.351866414376373
108	0.710322033910107	0.35138878534831
109	0.710098755462619	0.350915529415584
110	0.709877465934479	0.350446567240377
111	0.709658130064655	0.349981821624534
112	0.709440713524449	0.349521217433305
113	0.709225182884846	0.349064681522463
114	0.709011505585291	0.348612142668598
115	0.708799649903803	0.348163531502448
116	0.708589584928371	0.347718780445091
117	0.708381280529558	0.347277823646858
118	0.708174707334255	0.346840596928837
119	0.707969836700529	0.34640703772682
120	0.707766640693512	0.345977085037587
121	0.707565092062266	0.345550679367404
122	0.707365164217603	0.345127762682628
123	0.707166831210786	0.34551019886431
124	0.70697006771309	0.345094091656003
125	0.706774848996162	0.344681307628232
126	0.706581150913168	0.344271794132428
127	0.706388949880663	0.343865499761339
128	0.706198222861166	0.343462374310315
129	0.706008947346411	0.343062368740085
130	0.705821101341226	0.342665435140962
131	0.70563466334803	0.342271526698421
132	0.705449612351908	0.341880597659965
133	0.705265927806244	0.341492603303246
134	0.705083589618882	0.341107499905367
135	0.704902578138799	0.340725244713322
136	0.704722874143262	0.340345795915518
137	0.704544458825449	0.339969112614341
138	0.704367313782517	0.339595154799701
139	0.704191421004089	0.339223883323547
140	0.70401676286116	0.338855259875268
141	0.703843322095379	0.339278923937237
142	0.703671081808717	0.33891548484588
143	0.703500025453488	0.338554583642192
144	0.703330136822711	0.338196185136341
145	0.703161400040806	0.337840254865349
146	0.702993799554607	0.337486759073214
147	0.70282732012467	0.337135664691701
148	0.70266194681688	0.336786939321789
149	0.702497664994337	0.336440551215728
150	0.702334460309503	0.336096469259705
151	0.702172318696614	0.335754662957074
152	0.702011226364338	0.335415102412142
153	0.701851169788669	0.335077758314482
154	0.70169213570605	0.334742601923755
155	0.701534111106718	0.334409605055022
156	0.701377083228258	0.334078740064523
157	0.701221039549363	0.33374997983591
158	0.701065967783787	0.333423297766917
159	0.70091185587449	0.333098667756447
160	0.700758691987961	0.333553865892794
161	0.700606464508718	0.333233263639331
162	0.700455162033976	0.332914638024914
163	0.700304773368477	0.332597964831819
164	0.700155287519475	0.332283220284678
165	0.700006693691874	0.33197038103977
166	0.699858981283513	0.331659424174634
167	0.69971213988058	0.331350327177994
168	0.699566159253181	0.331043067939985
169	0.699421029351016	0.33073762474266
170	0.699276740299203	0.33043397625079
171	0.699133282394204	0.330132101502915
172	0.698990646099886	0.32983197990267
173	0.698848822043678	0.329533591210356
174	0.698707801012852	0.329236915534745
175	0.698567573950898	0.328941933325133
176	0.698428131954012	0.328648625363611
177	0.698289466267672	0.328356972757548
178	0.698151568283316	0.328066956932299
179	0.698014429535111	0.327778559624105
180	0.697878041696809	0.327491762873193
181	0.69774239657869	0.32720654901707
182	0.69760748612459	0.327689178984736
183	0.697473302409007	0.327407079087956
184	0.697339837634289	0.327126510817782
185	0.697207084127889	0.326847457637333
186	0.697075034339706	0.326569903276109
187	0.696943680839483	0.326293831724294
188	0.696813016314285	0.326019227227222
189	0.696683033566035	0.325746074279978
190	0.696553725509119	0.325474357622152
191	0.696425085168052	0.325204062232722
192	0.696297105675203	0.324935173325074
193	0.69616978026858	0.32466767634215
194	0.696043102289672	0.32440155695172
195	0.695917065181345	0.324136801041778
196	0.69579166248579	0.323873394716049
197	0.695666887842525	0.323611324289619
198	0.695542734986447	0.323350576284667
199	0.695419197745929	0.323091137426309
200	0.69529627004097	0.322832994638542
201	0.695173945881388	0.322576135040293
202	0.695052219365051	0.322320545941565
203	0.694931084676164	0.322066214839671
204	0.694810536083588	0.321813129415573
205	0.694690567939203	0.322316368896612
206	0.694571174676309	0.322065738588216
207	0.694452350808068	0.321816318067002
208	0.694334090925978	0.321568095713575
209	0.694216389698392	0.321321060075132
210	0.694099241869062	0.321075199862295
211	0.693982642255725	0.320830503946011
212	0.693866585748717	0.320586961354539
213	0.693751067309623	0.320344561270489
214	0.693636081969954	0.320103293027949
215	0.69352162482986	0.319863146109665
216	0.693407691056869	0.319624110144292
217	0.693294275884655	0.319386174903709
218	0.693181374611834	0.319149330300393
219	0.693068982600789	0.318913566384853
220	0.69295709527652	0.318678873343124
221	0.692845708125521	0.318445241494317
222	0.692734816694681	0.318212661288223
223	0.692624416590206	0.317981123302971
224	0.692514503476577	0.317750618242742
225	0.692405073075514	0.317521136935526
226	0.692296121164977	0.317292670330937
227	0.692187643578181	0.317065209498069
228	0.692079636202634	0.316838745623403
229	0.6919720949792	0.316613270008761
230	0.691865015901174	0.316388774069299
231	0.691758395013386	0.316909475705559
232	0.691652228411316	0.31668691380587
233	0.691546512240235	0.316465306487444
234	0.691441242694359	0.316244645599591
235	0.691336416016022	0.316024923095565
236	0.691232028494871	0.315806131030806
237	0.691128076467068	0.315588261561214
238	0.691024556314521	0.315371306941464
239	0.690921464464119	0.315155259523356
240	0.690818797386993	0.314940111754193
241	0.690716551597785	0.314725856175204
242	0.690614723653935	0.314512485419989
243	0.690513310154983	0.314299992213002
244	0.690412307741884	0.314088369368058
245	0.690311713096338	0.313877609786884
246	0.690211522940131	0.313667706457684
247	0.690111734034492	0.313458652453743
248	0.690012343179465	0.313250440932056
249	0.689913347213284	0.313043065131981
250	0.689814743011772	0.31283651837393
251	0.689716527487747	0.312630794058071
252	0.689618697590436	0.312425885663066
253	0.689521250304905	0.312221786744834
254	0.689424182651503	0.312018490935329
255	0.689327491685306	0.311815991941357
256	0.689231174495585	0.311614283543399
257	0.689135228205275	0.311413359594471
258	0.689039649970457	0.311213214018999
259	0.688944436979853	0.311747510434617
260	0.688849586454323	0.311548903659772
261	0.688755095646381	0.311351057449204
262	0.688660961839712	0.311153966002168
263	0.688567182348705	0.310957623584027
264	0.688473754517988	0.310762024525251
265	0.688380675721979	0.310567163220436
266	0.688287943364436	0.310373034127338
267	0.688195554878028	0.310179631765931
268	0.6881035077239	0.309986950717475
269	0.688011799391257	0.309794985623611
270	0.687920427396952	0.309603731185462
271	0.687829389285078	0.309413182162758
272	0.687738682626571	0.309223333372977
273	0.687648305018823	0.309034179690495
274	0.687558254085296	0.30884571604576
275	0.687468527475146	0.308657937424477
276	0.687379122862853	0.308470838866804
277	0.687290037947861	0.308284415466571
278	0.687201270454218	0.308098662370505
279	0.687112818130228	0.307913574777475
280	0.687024678748105	0.307729147937747
281	0.68693685010364	0.307545377152251
282	0.686849330015864	0.307362257771864
283	0.686762116326723	0.307179785196708
284	0.686675206900761	0.306997954875451
285	0.686588599624802	0.306816762304631
286	0.686502292407641	0.306636203027985
287	0.686416283179742	0.306456272635791
288	0.686330569892938	0.306276966764227
289	0.686245150520136	0.306098281094728
290	0.686160023055033	0.306643619532728
291	0.686075185511826	0.306466161489839
292	0.685990635924941	0.30628931095871
293	0.68590637234875	0.306113063795691
294	0.685822392857311	0.305937415899383
295	0.685738695544096	0.305762363210058
296	0.685655278521732	0.305587901709105
297	0.685572139921749	0.305414027418468
298	0.685489277894322	0.305240736400109
299	0.68540669060803	0.305068024755469
300	0.685324376249606	0.304895888624944
301	0.685242333023703	0.304724324187368
302	0.685160559152653	0.304553327659501
303	0.685079052876242	0.304382895295534
304	0.684997812451476	0.304213023386592
305	0.68491683615236	0.304043708260253
306	0.684836122269676	0.303874946280071
307	0.684755669110767	0.303706733845106
308	0.684675474999324	0.303539067389466
309	0.684595538275174	0.303371943381854
310	0.684515857294075	0.303205358325118
311	0.684436430427513	0.303039308755815
312	0.684357256062498	0.302873791243779
313	0.684278332601372	0.302708802391697
314	0.684199658461613	0.302544338834687
315	0.684121232075644	0.302380397239892
316	0.684043051890646	0.302216974306071
317	0.683965116368371	0.3020540667632
318	0.683887423984963	0.301891671372083
319	0.683809973230778	0.301729784923963
320	0.683732762610204	0.301568404240142
321	0.683655790641493	0.301407526171609
322	0.683579055856589	0.301247147598667
323	0.683502556800955	0.301087265430576
324	0.683426292033412	0.301641306428202
325	0.683350260125974	0.301482407911809
326	0.683274459663687	0.301323996698221
327	0.683198889244473	0.301166069808996
328	0.683123547478972	0.301008624292912
329	0.683048432990386	0.300851657225641
330	0.682973544414334	0.300695165709418
331	0.682898880398698	0.300539146872725
332	0.682824439603479	0.300383597869971
333	0.682750220700652	0.300228515881182
334	0.68267622237402	0.300073898111698
335	0.68260244331908	0.299919741791865
336	0.68252888224288	0.299766044176743
337	0.682455537863886	0.299612802545806
338	0.682382408911844	0.299460014202663
339	0.682309494127653	0.299307676474765
340	0.682236792263229	0.299155786713128
341	0.682164302081382	0.299004342292056
342	0.682092022355686	0.298853340608872
343	0.682019951870354	0.298702779083643
344	0.681948089420119	0.298552655158924
345	0.68187643381011	0.298402966299491
346	0.683234451027568	0.298253709992085
347	0.68316326457817	0.298104883745165
348	0.683092281211078	0.297956485088649
349	0.683021499773403	0.297808511573678
350	0.682950919122056	0.297660960772365
351	0.682880538123641	0.297513830277562
352	0.682810355654343	0.297367117702623
353	0.682740370599818	0.297220820681169
354	0.682670581855092	0.297074936866865
355	0.682600988324453	0.296929463933188
356	0.682531588921347	0.29678439957321
357	0.682462382568279	0.296639741499372
358	0.682393368196708	0.296495487443276
359	0.682324544746954	0.296351635155466
360	0.682255911168094	0.296911905403678
361	0.68218746641787	0.296768849978943
362	0.682119209462592	0.296626189685694
363	0.682051139277045	0.296483922348175
364	0.681983254844397	0.296342045808549
365	0.681915555156105	0.296200557926702
366	0.681848039211828	0.296059456580053
367	0.681780706019338	0.295918739663357
368	0.681713554594431	0.295778405088525
369	0.68164658396084	0.295638450784429
370	0.681579793150154	0.295498874696725
371	0.681513181201729	0.295359674787672
372	0.681446747162607	0.295220849035947
373	0.681380490087435	0.29508239543648
374	0.681314409038383	0.29494431200027
375	0.681248503085063	0.294806596754218
376	0.681182771304456	0.294669247740962
377	0.681117212780827	0.2945322630187
378	0.681051826605653	0.294395640661036
379	0.680986611877547	0.294259378756811
380	0.680921567702181	0.294123475409945
381	0.680856693192215	0.293987928739279
382	0.680791987467224	0.293852736878418
383	0.680727449653625	0.293717897975576
384	0.680663078884607	0.293583410193427
385	0.68059887430006	0.293449271708952
386	0.680534835046509	0.293315480713293
387	0.680470960277043	0.293182035411603
388	0.680407249151248	0.293048934022907
389	0.680343700835141	0.292916174779955
390	0.680280314501108	0.292783755929083
391	0.680217089327832	0.292651675730076
392	0.680154024500235	0.292519932456025
393	0.680091119209415	0.2923885243932
394	0.680028372652579	0.292257449840909
395	0.679965784032986	0.292126707111369
396	0.679903352559885	0.291996294529578
397	0.679841077448453	0.291866210433181
398	0.679778957919741	0.291736453172347
399	0.679716993200609	0.291607021109643
400	0.679655182523672	0.292172189391174
401	0.679593525127244	0.292043402861521
402	0.679532020255279	0.291914936690849
403	0.679470667157317	0.291786789290091
404	0.679409465088426	0.291658959081972
405	0.679348413309155	0.291531444500894
406	0.679287511085471	0.291404243992821
407	0.679226757688714	0.291277356015165
408	0.67916615239554	0.291150779036673
409	0.679105694487871	0.291024511537318
410	0.679045383252844	0.290898552008191
411	0.67898521798276	0.290772898951386
412	0.678925197975035	0.290647550879902
413	0.67886532253215	0.290522506317531
414	0.678805590961602	0.290397763798756
415	0.678746002575857	0.290273321868649
416	0.678686556692305	0.290149179082768
417	0.678627252633205	0.290025334007057
418	0.678568089725649	0.289901785217746
419	0.678509067301508	0.289778531301254
420	0.67845018469739	0.28965557085409
421	0.678391441254599	0.289532902482761
422	0.678332836319081	0.289410524803671
423	0.678274369241392	0.289288436443035
424	0.678216039376645	0.289166636036781
425	0.678157846084474	0.289045122230461
426	0.678099788728989	0.288923893679158
427	0.678041866678734	0.288802949047403
428	0.677984079306648	0.288682287009078
429	0.677926425990021	0.288561906247337
430	0.677868906110456	0.288441805454514
431	0.67781151905383	0.288321983332043
432	0.677754264210253	0.288202438590366
433	0.67769714097403	0.28808316994886
434	0.677640148743622	0.287964176135746
435	0.677583286921607	0.287845455888013
436	0.677526554914646	0.287727007951334
437	0.677469952133443	0.287608831079989
438	0.677413477992707	0.287490924036788
439	0.677357131911121	0.287373285592987
440	0.677300913311301	0.287255914528219
441	0.677244821619762	0.287138809630412
442	0.677188856266883	0.287707050481456
443	0.677133016686875	0.287590474314272
444	0.677077302317743	0.287474160726874
445	0.677021712601251	0.287358108539637
446	0.676966246982896	0.287242316580869
447	0.676910904911865	0.287126783686735
448	0.676855685841009	0.287011508701193
449	0.67680058922681	0.286896490475918
450	0.676745614529344	0.286781727870236
451	0.676690761212257	0.286667219751061
452	0.676636028742726	0.286552964992819
453	0.676581416591433	0.286438962477388
454	0.676526924232532	0.286325211094031
455	0.676472551143622	0.28621170973933
456	0.67641829680571	0.286098457317124
457	0.67636416070319	0.285985452738442
458	0.676310142323806	0.285872694921445
459	0.67625624115863	0.285760182791359
460	0.676202456702025	0.285647915280416
461	0.676148788451626	0.285535891327794
462	0.676095235908303	0.285424109879556
463	0.676041798576141	0.28531256988859
464	0.675988475962405	0.28520127031455
465	0.67593526757752	0.285090210123801
466	0.675882172935038	0.284979388289355
467	0.675829191551616	0.284868803790823
468	0.675776322946986	0.28475845561435
469	0.675723566643931	0.284648342752563
470	0.67567092216826	0.284538464204518
471	0.67561838904878	0.284428818975642
472	0.675565966817272	0.28431940607768
473	0.675513655008467	0.284210224528643
474	0.675461453160018	0.284101273352754
475	0.67540936081248	0.283992551580394
476	0.675357377509283	0.283884058248054
477	0.675305502796708	0.28377579239828
478	0.675253736223864	0.283667753079627
479	0.675202077342665	0.283559939346603
480	0.675150525707806	0.283452350259624
481	0.67509908087674	0.283344984884964
482	0.675047742409654	0.283237842294705
483	0.674996509869451	0.283130921566688
484	0.674945382821723	0.28302422178447
485	0.674894360834729	0.282917742037273
486	0.674843443479378	0.282811481419937
487	0.674792630329201	0.282705439032877
488	0.674741920960335	0.283275739210226
489	0.674691314951499	0.283170130607108
490	0.674640811883973	0.283064737568494
491	0.674590411341579	0.28295955921664
492	0.674540112910657	0.28285459467915
493	0.67448991618005	0.282749843088936
494	0.67443982074108	0.282645303584172
495	0.674389826187527	0.282540975308253
496	0.674339932115615	0.282436857409754
497	0.674290138123985	0.282332949042386
498	0.674240443813681	0.282229249364954
499	0.674190848788131	0.28212575754132
500	0.674141352653123	0.282022472740361
501	0.674091955016792	0.281919394135927
502	0.674042655489599	0.281816520906803
503	0.673993453684311	0.28171385223667
504	0.673944349215985	0.281611387314067
505	0.673895341701951	0.281509125332349
506	0.673846430761791	0.281407065489653
507	0.673797616017323	0.281305206988858
508	0.673748897092583	0.281203549037548
509	0.67370027361381	0.281102090847976
510	0.673651745209426	0.281000831637026
511	0.673603311510017	0.280899770626178
512	0.673554972148323	0.280798907041472
513	0.673506726759217	0.280698240113471
514	0.673458574979686	0.280597769077226
515	0.673410516448821	0.280497493172246
516	0.673362550807795	0.280397411642454
517	0.673314677699849	0.280297523736163
518	0.67326689677028	0.280197828706035
519	0.673219207666418	0.28009832580905
520	0.673171610037616	0.279999014306474
521	0.673124103535231	0.279899893463824
522	0.673076687812613	0.279800962550837
523	0.673029362525086	0.279702220841435
524	0.672982127329934	0.279603667613698
525	0.672934981886386	0.279505302149827
526	0.672887925855604	0.279407123736117
527	0.672840958900664	0.279309131662923
528	0.672794080686546	0.27921132522463
529	0.672747290880114	0.279113703719624
530	0.672700589150108	0.279016266450261
531	0.672653975167128	0.278919012722833
532	0.672607448603617	0.278821941847548
533	0.672561009133851	0.278725053138491
534	0.672514656433923	0.278628345913599
535	0.672468390181732	0.278531819494633
536	0.672422210056967	0.278435473207148
537	0.672376115741095	0.278339306380466
538	0.672330106917349	0.278910719138861
539	0.67228418327071	0.278814909236742
540	0.672238344487902	0.278719276805708
541	0.672192590257372	0.278623821189868
542	0.672146920269282	0.278528541736961
543	0.672101334215495	0.278433437798327
544	0.67205583178956	0.278338508728881
545	0.672010412686704	0.278243753887088
546	0.671965076603818	0.278149172634938
547	0.671919823239444	0.278054764337916
548	0.671874652293763	0.277960528364981
549	0.671829563468586	0.277866464088538
550	0.671784556467337	0.277772570884414
551	0.671739630995046	0.277678848131834
552	0.671694786758338	0.277585295213394
553	0.671650023465416	0.277491911515038
554	0.671605340826054	0.277398696426035
555	0.671560738551585	0.277305649338953
556	0.671516216354891	0.277212769649636
557	0.671471773950389	0.277120056757182
558	0.671427411054021	0.277027510063917
559	0.671383127383246	0.276935128975373
560	0.671338922657025	0.276842912900267
561	0.671294796595814	0.276750861250476
562	0.671250748921549	0.276658973441013
563	0.671206779357642	0.276567248890011
564	0.671162887628965	0.276475687018692
565	0.671119073461842	0.276384287251355
566	0.671075336584037	0.276293049015345
567	0.671031676724747	0.276201971741037
568	0.670988093614591	0.276111054861816
569	0.670944586985597	0.276020297814048
570	0.670901156571196	0.27592970003707
571	0.670857802106211	0.275839260973159
572	0.670814523326846	0.275748980067518
573	0.670771319970679	0.275658856768254
574	0.670728191776649	0.275568890526356
575	0.67068513848505	0.275479080795677
576	0.67064215983752	0.275389427032914
577	0.670599255577032	0.275299928697586
578	0.670556425447883	0.275210585252017
579	0.67051366919569	0.275121396161317
580	0.670470986567374	0.27503236089336
581	0.670428377311158	0.274943478918767
582	0.670385841176552	0.274854749710887
583	0.670343377914349	0.274766172745778
584	0.670300987276612	0.274677747502187
585	0.670258669016671	0.274589473461536
586	0.670216422889107	0.274501350107898
587	0.670174248649751	0.274413376927983
588	0.67013214605567	0.27432555341112
589	0.670090114865162	0.274237879049234
590	0.670048154837745	0.274150353336838
591	0.670006265734151	0.27472187441266
592	0.669964447316318	0.27463464449307
593	0.669922699347379	0.274547561721819
594	0.669881021591658	0.274460625603575
595	0.669839413814658	0.274373835645501
596	0.669797875783057	0.274287191357238
597	0.669756407264697	0.274200692250895
598	0.669715008028579	0.274114337841023
599	0.669673677844852	0.274028127644606
600	0.669632416484808	0.273942061181041
601	0.669591223720875	0.273856137972123
602	0.669550099326605	0.273770357542032
603	0.669509043076675	0.273684719417309
604	0.669468054746868	0.273599223126851
605	0.669427134114078	0.273513868201888
606	0.669386280956292	0.273428654175969
607	0.669345495052591	0.273343580584948
608	0.669304776183137	0.27325864696697
609	0.669264124129171	0.273173852862452
610	0.669223538673001	0.273089197814071
611	0.669183019597999	0.273004681366751
612	0.669142566688592	0.272920303067642
613	0.669102179730254	0.272836062466112
614	0.669061858509505	0.27275195911373
615	0.669021602813896	0.272667992564251
616	0.668981412432008	0.272584162373602
617	0.668941287153445	0.272500468099869
618	0.668901226768824	0.272416909303283
619	0.668861231069772	0.272333485546204
620	0.668821299848919	0.272250196393111
621	0.668781432899888	0.272167041410584
622	0.668741630017295	0.272084020167295
623	0.668701890996737	0.27200113223399
624	0.668662215634788	0.271918377183479
625	0.668622603728993	0.271835754590623
626	0.668583055077861	0.271753264032317
627	0.668543569480861	0.271670905087482
628	0.668504146738413	0.27158867733705
629	0.668464786651882	0.271506580363948
630	0.668425489023575	0.271424613753092
631	0.668386253656734	0.271342777091368
632	0.668347080355528	0.271261069967625
633	0.668307968925048	0.271179491972657
634	0.668268919171304	0.271098042699195
635	0.668229930901216	0.271016721741895
636	0.66819100392261	0.270935528697321
637	0.66815213804421	0.270854463163939
638	0.668113333075635	0.270773524742102
639	0.668074588827394	0.270692713034038
640	0.668035905110878	0.270612027643838
641	0.667997281738355	0.270531468177448
642	0.667958718522966	0.270451034242652
643	0.667920215278718	0.270370725449065
644	0.66788177182048	0.270290541408119
645	0.667843387963976	0.270210481733054
646	0.667805063525783	0.270130546038904
647	0.66776679832332	0.270050733942487
648	0.667728592174851	0.270621655453351
649	0.667690444899471	0.270542089409988
650	0.667652356317108	0.270462645825413
651	0.667614326248513	0.270383324323473
652	0.667576354515258	0.270304124529744
653	0.66753844093973	0.270225046071526
654	0.667500585345126	0.270146088577822
655	0.667462787555448	0.270067251679339
656	0.667425047395497	0.269988535008469
657	0.667387364690872	0.269909938199284
658	0.66734973926796	0.269831460887522
659	0.667312170953937	0.269753102710579
660	0.667274659576756	0.269674863307501
661	0.667237204965148	0.269596742318969
662	0.667199806948619	0.269518739387293
663	0.667162465357436	0.2694408541564
664	0.667125180022634	0.269363086271827
665	0.667087950776002	0.269285435380708
666	0.667050777450084	0.269207901131766
667	0.667013659878173	0.269130483175304
668	0.666976597894307	0.269053181163195
669	0.666939591333262	0.268975994748874
670	0.666902640030552	0.268898923587323
671	0.66686574382242	0.268821967335071
672	0.666828902545837	0.268745125650177
673	0.666792116038497	0.268668398192225
674	0.666755384138812	0.268591784622312
675	0.666718706685908	0.268515284603042
676	0.66668208351962	0.268438897798517
677	0.66664551448049	0.268362623874325
678	0.666608999409762	0.268286462497534
679	0.666572538149375	0.268210413336682
680	0.666536130541965	0.26813447606177
681	0.666499776430855	0.268058650344252
682	0.666463475660053	0.267982935857026
683	0.666427228074249	0.267907332274426
684	0.666391033518811	0.267831839272216
685	0.66635489183978	0.267756456527577
686	0.666318802883865	0.267681183719104
687	0.666282766498444	0.267606020526791
688	0.666246782531554	0.267530966632032
689	0.66621085083189	0.267456021717604
690	0.666174971248803	0.267381185467665
691	0.666139143632293	0.267306457567742
692	0.666103367833006	0.267231837704727
693	0.666067643702234	0.267157325566865
694	0.666031971091905	0.267082920843748
695	0.665996349854584	0.267008623226311
696	0.665960779843468	0.266934432406817
697	0.665925260912382	0.266860348078855
698	0.665889792915776	0.266786369937329
699	0.665854375708721	0.266712497678455
700	0.665819009146906	0.266638730999746
701	0.665783693086635	0.266565069600014
702	0.66574842738482	0.266491513179355
703	0.665713211898984	0.266418061439144
704	0.66567804648725	0.266344714082029
705	0.665642931008344	0.266271470811925
706	0.665607865321589	0.266198331334
707	0.6655728492869	0.266125295354678
708	0.665537882764783	0.266052362581622
709	0.665502965616331	0.266622060791063
710	0.665468097703223	0.266549333558514
711	0.665433278887714	0.26647670866262
712	0.66539850903264	0.266404185815948
713	0.66536378800141	0.26633176473228
714	0.665329115658002	0.266259445126595
715	0.665294491866963	0.26618722671507
716	0.665259916493406	0.26611510921507
717	0.665225389403002	0.266043092345145
718	0.665190910461983	0.265971175825016
719	0.665156479537135	0.265899359375576
720	0.665122096495795	0.265827642718881
721	0.665087761205852	0.265756025578141
722	0.665053473535738	0.265684507677718
723	0.665019233354429	0.265613088743116
724	0.664985040531441	0.265541768500976
725	0.664950894936828	0.265470546679071
726	0.664916796441176	0.265399423006298
727	0.664882744915604	0.265328397212671
728	0.664848740231758	0.265257469029319
729	0.664814782261811	0.265186638188475
730	0.664780870878456	0.265115904423473
731	0.664747005954908	0.265045267468741
732	0.664713187364897	0.264974727059794
733	0.664679414982669	0.264904282933231
734	0.664645688682979	0.264833934826726
735	0.664612008341092	0.264763682479024
736	0.664578373832779	0.264693525629934
737	0.664544785034313	0.264623464020325
738	0.664511241822467	0.264553497392118
739	0.664477744074513	0.264483625488282
740	0.664444291668217	0.264413848052826
741	0.664410884481836	0.264344164830798
742	0.664377522394119	0.264274575568274
743	0.6643442052843	0.264205080012357
744	0.6643109330321	0.264135677911167
745	0.664277705517718	0.264066369013842
746	0.664244522621836	0.263997153070524
747	0.66421138422561	0.26392802983236
748	0.664178290210671	0.263858999051497
749	0.664145240459122	0.26379006048107
750	0.664112234853534	0.263721213875206
751	0.664079273276946	0.26365245898901
752	0.664046355612861	0.263583795578565
753	0.664013481745242	0.263515223400927
754	0.663980651558513	0.263446742214117
755	0.663947864937554	0.263378351777116
756	0.6639151217677	0.263310051849865
757	0.663882421934738	0.263241842193251
758	0.663849765324904	0.263173722569112
759	0.663817151824883	0.263105692740223
760	0.663784581321801	0.263037752470298
761	0.663752053703232	0.262969901523982
762	0.663719568857186	0.262902139666844
763	0.663687126672113	0.262834466665377
764	0.663654727036899	0.262766882286989
765	0.663622369840862	0.262699386300002
766	0.663590054973753	0.262631978473643
767	0.66355778232575	0.262564658578042
768	0.66352555178746	0.262497426384227
769	0.663493363249913	0.262430281664119
770	0.663461216604562	0.262363224190528
771	0.663429111743279	0.262296253737145
772	0.663397048558356	0.262229370078544
773	0.663365026942499	0.262162572990171
774	0.663333046788829	0.26273050633862
775	0.663301107990879	0.262663881720553
776	0.663269210442589	0.262597343004258
777	0.663237354038308	0.262530889968635
778	0.663205538672792	0.262464522393438
779	0.663173764241197	0.262398240059267
780	0.663142030639082	0.262332042747568
781	0.663110337762405	0.262265930240623
782	0.663078685507521	0.262199902321551
783	0.66304707377118	0.262133958774303
784	0.663015502450525	0.262068099383654
785	0.66298397144309	0.262002323935204
786	0.662952480646798	0.261936632215367
787	0.66292102995996	0.261871024011376
788	0.662889619281271	0.261805499111269
789	0.66285824850981	0.261740057303895
790	0.662826917545037	0.261674698378899
791	0.662795626286791	0.261609422126727
792	0.662764374635289	0.26154422833862
793	0.662733162491124	0.261479116806603
794	0.662701989755262	0.261414087323493
795	0.662670856329041	0.261349139682884
796	0.662639762114169	0.26128427367915
797	0.662608707012721	0.261219489107438
798	0.662577690927141	0.261154785763666
799	0.662546713760235	0.261090163444516
800	0.662515775415171	0.261025621947434
801	0.662484875795482	0.260961161070624
802	0.662454014805056	0.260896780613044
803	0.662423192348138	0.260832480374405
804	0.662392408329333	0.260768260155162
805	0.662361662653595	0.260704119756515
806	0.662330955226231	0.260640058980406
807	0.662300285952901	0.260576077629509
808	0.662269654739611	0.260512175507233
809	0.662239061492713	0.260448352417715
810	0.662208506118907	0.260384608165818
811	0.662177988525235	0.260320942557127
812	0.662147508619079	0.260257355397943
813	0.662117066308164	0.260193846495283
814	0.662086661500552	0.260130415656875
815	0.662056294104642	0.260067062691155
816	0.662025964029166	0.260003787407263
817	0.661995671183194	0.259940589615039
818	0.661965415476123	0.259877469125019
819	0.661935196817684	0.259814425748437
820	0.661905015117935	0.259751459297213
821	0.66187487028726	0.259688569583957
822	0.661844762236369	0.259625756421962
823	0.661814690876299	0.259563019625199
824	0.661784656118404	0.259500359008321
825	0.661754657874363	0.25943777438665
826	0.661724696056173	0.259375265576181
827	0.661694770576146	0.259312832393577
828	0.661664881346915	0.259250474656164
829	0.661635028281424	0.259188192181928
830	0.661605211292932	0.259125984789515
831	0.661575430295007	0.259063852298223
832	0.66154568520153	0.259001794528004
833	0.66151597592669	0.258939811299456
834	0.661486302384983	0.258877902433824
835	0.661456664491209	0.258816067752994
836	0.661427062160474	0.258754307079491
837	0.661397495308187	0.258692620236476
838	0.661367963850058	0.258631007047745
839	0.661338467702097	0.25856946733772
840	0.661309006780611	0.258508000931453
841	0.661279581002207	0.258446607654619
842	0.661250190283784	0.258385287333515
843	0.661220834542539	0.258324039795052
844	0.66119151369596	0.258889816113645
845	0.661162227661826	0.258828713623695
846	0.661132976358207	0.258767683400809
847	0.661103759703463	0.258706725274344
848	0.661074577616239	0.258645839074259
849	0.661045430015467	0.258585024631117
850	0.661016316820364	0.258524281776077
851	0.660987237950432	0.258463610340892
852	0.660958193325451	0.258403010157909
853	0.660929182865486	0.258342481060065
854	0.660900206490879	0.258282022880881
855	0.660871264122251	0.258221635454465
856	0.660842355680499	0.258161318615505
857	0.660813481086797	0.258101072199267
858	0.660784640262593	0.258040896041594
859	0.660755833129607	0.257980789978901
860	0.660727059609831	0.257920753848175
861	0.660698319625528	0.257860787486969
862	0.660669613099231	0.257800890733404
863	0.660640939953739	0.257741063426159
864	0.66061230011212	0.257681305404479
865	0.660583693497706	0.257621616508161
866	0.660555120034093	0.257561996577561
867	0.660526579645142	0.257502445453584
868	0.660498072254975	0.257442962977686
869	0.660469597787973	0.257383548991872
870	0.66044115616878	0.257324203338689
871	0.660412747322294	0.257264925861228
872	0.660384371173675	0.257205716403119
873	0.660356027648335	0.257146574808528
874	0.660327716671943	0.257087500922158
875	0.66029943817042	0.257028494589244
876	0.660271192069942	0.25696955565555
877	0.660242978296934	0.256910683967367
878	0.660214796778071	0.256851879371512
879	0.66018664744028	0.256793141715326
880	0.660158530210732	0.256734470846667
881	0.660130445016849	0.256675866613914
882	0.660102391786294	0.256617328865961
883	0.66007437044698	0.256558857452214
884	0.660046380927059	0.25650045222259
885	0.660018423154928	0.256442113027517
886	0.659990497059223	0.256383839717927
887	0.659962602568823	0.256325632145256
888	0.659934739612844	0.256267490161445
889	0.659906908120642	0.256209413618929
890	0.659879108021807	0.256151402370646
891	0.659851339246169	0.256093456270026
892	0.659823601723789	0.256035575170991
893	0.659795895384965	0.255977758927957
894	0.659768220160226	0.255920007395825
895	0.659740575980333	0.255862320429984
896	0.659712962776279	0.255804697886307
897	0.659685380479284	0.25574713962115
898	0.6596578290208	0.255689645491345
899	0.659630308332504	0.255632215354206
900	0.659602818346301	0.255574849067521
901	0.659575358994323	0.25551754648955
902	0.659547930208923	0.255460307479026
903	0.659520531922681	0.255403131895151
904	0.659493164068399	0.255346019597594
905	0.6594658265791	0.255288970446488
906	0.659438519388028	0.255231984302431
907	0.659411242428647	0.25517506102648
908	0.659383995634639	0.255118200480153
909	0.659356778939906	0.255061402525424
910	0.659329592278565	0.255004667024721
911	0.659302435584948	0.254947993840927
912	0.659275308793606	0.254891382837374
913	0.659248211839299	0.254834833877843
914	0.659221144657005	0.254778346826565
915	0.659194107181911	0.254721921548212
916	0.659167099349416	0.254665557907902
917	0.65914012109513	0.254609255771193
918	0.659113172354871	0.255172457673805
919	0.659086253064669	0.25511627814275
920	0.659059363160757	0.255060159714598
921	0.659032502579579	0.255004102256654
922	0.659005671257781	0.254948105636653
923	0.658978869132217	0.25489216972276
924	0.658952096139945	0.254836294383568
925	0.658925352218223	0.254780479488097
926	0.658898637304516	0.25472472490579
927	0.658871951336486	0.254669030506514
928	0.658845294251999	0.254613396160556
929	0.658818665989119	0.254557821738621
930	0.658792066486109	0.25450230711183
931	0.658765495681431	0.254446852151724
932	0.658738953513743	0.254391456730251
933	0.658712439921901	0.254336120719776
934	0.658685954844954	0.254280843993071
935	0.658659498222147	0.254225626423316
936	0.658633069992921	0.2541704678841
937	0.658606670096906	0.254115368249414
938	0.658580298473927	0.254060327393653
939	0.658553955064	0.254005345191612
940	0.65852763980733	0.253950421518489
941	0.658501352644315	0.253895556249875
942	0.658475093515538	0.253840749261762
943	0.658448862361772	0.253786000430532
944	0.65842265912398	0.253731309632962
945	0.658396483743306	0.253676676746221
946	0.658370336161086	0.253622101647866
947	0.658344216318835	0.253567584215841
948	0.658318124158257	0.25351312432848
949	0.658292059621238	0.253458721864496
950	0.658266022649845	0.25340437670299
951	0.65824001318633	0.253350088723441
952	0.658214031173123	0.253295857805709
953	0.658188076552836	0.253241683830033
954	0.658162149268262	0.253187566677026
955	0.65813624926237	0.25313350622768
956	0.65811037647831	0.253079502363355
957	0.658084530859407	0.253025554965788
958	0.658058712349164	0.252971663917084
959	0.658032920891261	0.252917829099716
960	0.658007156429551	0.252864050396525
961	0.657981418908063	0.252810327690718
962	0.657955708270999	0.252756660865866
963	0.657930024462735	0.252703049805903
964	0.657904367427817	0.252649494395122
965	0.657878737110967	0.252595994518179
966	0.657853133457073	0.252542550060087
967	0.657827556411197	0.252489160906213
968	0.657802005918569	0.252435826942283
969	0.657776481924587	0.252382548054374
970	0.657750984374818	0.252329324128917
971	0.657725513214998	0.252276155052694
972	0.657700068391027	0.252223040712834
973	0.657674649848972	0.252169980996817
974	0.657649257535067	0.252116975792467
975	0.657623891395709	0.252064024987954
976	0.657598551377458	0.252011128471793
977	0.657573237427041	0.25195828613284
978	0.657547949491345	0.251905497860291
979	0.657522687517419	0.251852763543682
980	0.657497451452474	0.25180008307289
981	0.657472241243883	0.251747456338124
982	0.657447056839176	0.251694883229932
983	0.657421898186046	0.251642363639194
984	0.657396765232343	0.251589897457123
985	0.657371657926074	0.251537484575265
986	0.657346576215405	0.251485124885493
987	0.65732152004866	0.25143281828001
988	0.657296489374316	0.251380564651348
989	0.657271484141009	0.251328363892361
990	0.657246504297528	0.251276215896232
991	0.657221549792817	0.251224120556464
992	0.657196620575973	0.251172077766884
993	0.657171716596247	0.251120087421638
994	0.657146837803043	0.251068149415193
995	0.657121984145915	0.251016263642334
996	0.65709715557457	0.25157654181467
997	0.657072352038866	0.251524760194622
998	0.657047573488809	0.251473030494408
999	0.657022819874555	0.251421352610075
1000	0.657462490618008	0.251205003862994
1001	0.656973387254832	0.251318151874782
