1	0.00103743907638228	1.39641713399132e-07
2	0.00133842895661099	1.22593814258082e-07
3	0.00151477433755068	1.10445595958668e-07
4	0.00163839743355967	9.63962880216317e-08
5	0.00173311253157133	9.10059393801229e-08
6	0.00180964491745669	8.23186446832286e-08
7	0.00187371561857288	7.53287758083219e-08
8	0.00192872852316678	6.95636130491013e-08
9	0.00197687022112836	6.84644023834162e-08
10	0.00201962740821383	6.4078061928246e-08
11	0.0020580561055029	6.02781181898201e-08
12	0.00209293291082978	5.69491727328948e-08
13	0.00212484526943046	5.40049352503933e-08
14	0.00215424804952149	5.42735085478006e-08
15	0.0021815004607541	5.17826848539209e-08
16	0.00237631672591869	4.95314887768532e-08
17	0.00240191260225586	4.74854998634756e-08
18	0.00242596513558899	4.56167449633442e-08
19	0.00244864865187723	4.39022338386805e-08
20	0.00247011006543044	4.23228804071536e-08
21	0.00249047428958009	4.31013238661593e-08
22	0.0025098483800689	4.16725959159048e-08
23	0.00252832475090159	4.03431966449735e-08
24	0.00254598370072982	3.91027388898703e-08
25	0.00256289541951983	3.79422666508496e-08
26	0.00257912159845017	3.68540132184135e-08
27	0.00259471673337141	3.58312072515715e-08
28	0.00260972918906835	3.48679159896265e-08
29	0.00262420207498003	3.39589174966819e-08
30	0.00263817397096166	3.30995958078463e-08
31	0.00265167953277804	3.22858542907094e-08
32	0.00266475000039187	3.31944940210021e-08
33	0.00267741362711885	3.2422258111195e-08
34	0.00268969604392842	3.16876707235349e-08
35	0.00270162057025683	3.09879590957408e-08
36	0.00271320848044652	3.03206213197335e-08
37	0.00272447923316853	2.96833936303402e-08
38	0.00273545066980399	2.90742223678666e-08
39	0.00274613918666714	2.84912398479076e-08
40	0.00275655988508245	2.79327435130032e-08
41	0.00276672670263008	2.73971778532262e-08
42	0.00277665252831116	2.68831186729162e-08
43	0.00278634930392806	2.63892593533879e-08
44	0.00279582811360284	2.59143988202529e-08
45	0.00280509926305208	2.54574309718786e-08
46	0.00281417234998545	2.50173353646748e-08
47	0.00282305632678807	2.45931689830831e-08
48	0.00283175955647362	2.54401632149051e-08
49	0.00284028986275245	2.50247914649499e-08
50	0.0028486545749374	2.4623616484863e-08
51	0.00285686056830961	2.42359034254173e-08
52	0.00286491430048116	2.38609680902779e-08
53	0.0028728218442186	2.34981725981839e-08
54	0.00288058891713033	2.31469214870192e-08
55	0.00288822090856907	2.28066582077984e-08
56	0.0028957229040545	2.2476861963502e-08
57	0.00290309970748436	2.215704485358e-08
58	0.00291035586136843	2.18467492899734e-08
59	0.00291749566529168	2.15455456548205e-08
60	0.00292452319278791	2.12530301737182e-08
61	0.00293144230678505	2.09688229816058e-08
62	0.00293825667376313	2.06925663610981e-08
63	0.00294496977675143	2.04239231354862e-08
64	0.00295158492727602	2.0162575200698e-08
65	0.00295810527635765	1.99082221823182e-08
66	0.00296453382464813	1.96605802053383e-08
67	0.00297087343178505	1.94193807656898e-08
68	0.00297712682503478	1.91843696938089e-08
69	0.00298329660728855	1.99149163685102e-08
70	0.00298938526446736	1.96802654278003e-08
71	0.00299539517238788	1.94513957656592e-08
72	0.00300132860313516	1.92280913310832e-08
73	0.00300718773098392	1.90101468514578e-08
74	0.0030129746379059	1.87973671625137e-08
75	0.00301869131869754	1.85895665879947e-08
76	0.00302433968575863	1.83865683647668e-08
77	0.00302992157354991	1.81882041095053e-08
78	0.00303543874275509	1.79943133234825e-08
79	0.00304089288417046	1.78047429322939e-08
80	0.00304628562234271	1.76193468576705e-08
81	0.00305161851897473	1.7437985618781e-08
82	0.00305689307611631	1.72605259606712e-08
83	0.00306211073915612	1.70868405076975e-08
84	0.0030672728996293	1.6916807440004e-08
85	0.00307238089785439	1.67503101912696e-08
86	0.0030774360254113	1.65872371660981e-08
87	0.00308243952747228	1.64274814755752e-08
88	0.00308739260499569	1.62709406896347e-08
89	0.00309229641679224	1.61175166049952e-08
90	0.00309715208147256	1.59671150275314e-08
91	0.00310196067928401	1.58196455680379e-08
92	0.00310672325384429	1.56750214504297e-08
93	0.00311144081377853	1.55331593314993e-08
94	0.0031161143342663	1.53939791314233e-08
95	0.00312074475850459	1.52574038742741e-08
96	0.00312533299909175	1.51233595378505e-08
97	0.00312987993933775	1.57319981197429e-08
98	0.00313438643450537	1.55964257225977e-08
99	0.00313885331298632	1.54632933341431e-08
100	0.00311499062225806	1.50575172575445e-08
101	0.00314767140573625	1.52040842953221e-08
102	0.00315202415219116	1.50778814818261e-08
103	0.00315634034829036	1.49538661344426e-08
104	0.0031606207037113	1.48319806759874e-08
105	0.00316486590716251	1.47121695562273e-08
106	0.00316907662720369	1.45943791627614e-08
107	0.0031732535130265	1.4478557736593e-08
108	0.00317739719519745	1.43646552921003e-08
109	0.00318150828636626	1.4252623541144e-08
110	0.00318558738194039	1.41424158210595e-08
111	0.00318963506072847	1.40339870263063e-08
112	0.00319365188555401	1.39272935435549e-08
113	0.00319763840384088	1.38222931900144e-08
114	0.0032015951481727	1.37189451548091e-08
115	0.00320552263682653	1.36172099432316e-08
116	0.00320942137428329	1.35170493237066e-08
117	0.00321329185171541	1.34184262773133e-08
118	0.00321713454745324	1.33213049497226e-08
119	0.00322094992743116	1.32256506054145e-08
120	0.00322473844561453	1.31314295840503e-08
121	0.00322850054440862	1.30386092588814e-08
122	0.00323223665504975	1.29471579970849e-08
123	0.00323594719798063	1.28570451219212e-08
124	0.00323963258320971	1.27682408766169e-08
125	0.00324329321065573	1.26807163898814e-08
126	0.00324692947047835	1.2594443642972e-08
127	0.00325054174339506	1.25093954382243e-08
128	0.00325413040098572	1.24255453689756e-08
129	0.00325769580598455	1.23428677908065e-08
130	0.00326123831256078	1.22613377940353e-08
131	0.0032647582665881	1.2180931177401e-08
132	0.00326825600590381	1.21016244228751e-08
133	0.00327173186055761	1.20233946715466e-08
134	0.00327518615305124	1.19462197005261e-08
135	0.00327861919856845	1.24420480609451e-08
136	0.00328203130519684	1.23632982333566e-08
137	0.00328542277414094	1.22855879031733e-08
138	0.00328879389992741	1.22088962208652e-08
139	0.00329214497060286	1.21332028968181e-08
140	0.00329547626792414	1.20584881825305e-08
141	0.00329878806754179	1.19847328525664e-08
142	0.00330208063917691	1.19119181872301e-08
143	0.00330535424679152	1.1840025955928e-08
144	0.00330860914875284	1.17690384011862e-08
145	0.00331184559799205	1.16989382232947e-08
146	0.00331506384215702	1.16297085655476e-08
147	0.00331826412375983	1.15613330000548e-08
148	0.00332144668031948	1.14937955140977e-08
149	0.00332461174449924	1.14270804970046e-08
150	0.00332775954423949	1.13611727275247e-08
151	0.0033308903028861	1.12960573616762e-08
152	0.00333400423931436	1.1231719921049e-08
153	0.00333710156804876	1.11681462815425e-08
154	0.00334018249937884	1.11053226625192e-08
155	0.00334324723947117	1.10432356163559e-08
156	0.00334629599047759	1.09818720183761e-08
157	0.00334932895063999	1.09212190571473e-08
158	0.00335234631439169	1.08612642251279e-08
159	0.00335534827245534	1.08019953096485e-08
160	0.00335833501193811	1.07434003842139e-08
161	0.00336130671642332	1.06854678001136e-08
162	0.00336426356605969	1.06281861783262e-08
163	0.0033672057376473	1.05715444017067e-08
164	0.00337013340472116	1.05155316074459e-08
165	0.00337304673763219	1.04601371797895e-08
166	0.00337594590362552	1.04053507430069e-08
167	0.00337883106691651	1.03511621546008e-08
168	0.00338170238876442	1.02975614987458e-08
169	0.00338456002754391	1.02445390799501e-08
170	0.0033874041388142	1.01920854169276e-08
171	0.00339023487538639	1.01401912366764e-08
172	0.00339305238738865	1.00888474687521e-08
173	0.00339585682232945	1.00380452397305e-08
174	0.00339864832515899	9.98777586785199e-09
175	0.00340142703832891	9.9380308578401e-09
176	0.00340419310185	9.88880189588829e-09
177	0.00340694665334862	9.84008084480828e-09
178	0.00340968782812107	9.79185973933384e-09
179	0.00341241675918683	9.74413078157458e-09
180	0.00341513357733992	9.69688633661372e-09
181	0.00341783841119913	9.65011892824475e-09
182	0.00342053138725655	9.60382123484192e-09
183	0.00342321262992493	9.55798608535927e-09
184	0.00342588226158368	9.51260645545467e-09
185	0.00342854040262352	9.9131524783577e-09
186	0.00343118717149013	9.86657006549591e-09
187	0.00343382268472622	9.82044342380275e-09
188	0.00343644705701288	9.77476577470073e-09
189	0.00343906040120953	9.72953047471666e-09
190	0.00344166282839285	9.68473101211056e-09
191	0.00344425444789491	9.64036100360564e-09
192	0.00344683536733969	9.59641419121548e-09
193	0.00344940569267944	9.55288443916546e-09
194	0.00345196552822934	9.50976573090467e-09
195	0.00345451497670182	9.4670521662058e-09
196	0.00345705413923957	9.4247379583491e-09
197	0.00345958311544799	9.38281743138878e-09
198	0.00346210200342662	9.3412850174979e-09
199	0.00346461089979979	9.30013525438994e-09
200	0.0034671098997467	9.25936278281373e-09
201	0.00346959909703029	9.21896234412037e-09
202	0.00347207858402597	9.17892877789829e-09
203	0.003474548451749	9.13925701967563e-09
204	0.00347700878988176	9.09994209868676e-09
205	0.00347945968679993	9.06097913570148e-09
206	0.00348190122959828	9.02236334091417e-09
207	0.00348433350411553	8.98409001189162e-09
208	0.00348675659495904	8.9461545315774e-09
209	0.00348917058552851	8.9085523663506e-09
210	0.0034915755580392	8.87127906413797e-09
211	0.00349397159354481	8.83433025257698e-09
212	0.0034963587719594	8.79770163722874e-09
213	0.00349873717207925	8.7613889998388e-09
214	0.00350110687160379	8.72538819664468e-09
215	0.00350346794715641	8.68969515672857e-09
216	0.0035058204743043	8.65430588041343e-09
217	0.00350816452757848	8.61921643770194e-09
218	0.00351050018049263	8.58442296675612e-09
219	0.00351282750556211	8.54992167241694e-09
220	0.00351514657432216	8.51570882476235e-09
221	0.0035174574573458	8.48178075770293e-09
222	0.00351976022426141	8.44813386761392e-09
223	0.00352205494376967	8.41476461200178e-09
224	0.0035243416836604	8.38166950820599e-09
225	0.0035266205108288	8.34884513213279e-09
226	0.00352889149129143	8.31628811702197e-09
227	0.00353115469020187	8.28399515224434e-09
228	0.0035334101718659	8.25196298212965e-09
229	0.0035356579997564	8.22018840482385e-09
230	0.00353789823652803	8.18866827117473e-09
231	0.00354013094403145	8.15739948364571e-09
232	0.00354235618332722	8.12637899525578e-09
233	0.00354457401469952	8.09560380854628e-09
234	0.00354678449766953	8.06507097457261e-09
235	0.00354898769100839	8.03477759192057e-09
236	0.00355118365275005	8.00472080574709e-09
237	0.00355337244020385	7.97489780684337e-09
238	0.00355555410996662	7.94530583072164e-09
239	0.00355772871793474	7.91594215672296e-09
240	0.00355989631931591	7.88680410714717e-09
241	0.00356205696864061	7.85788904640275e-09
242	0.00356421071977331	7.82919438017765e-09
243	0.00356635762592346	7.80071755462918e-09
244	0.00356849773965644	7.77245605559343e-09
245	0.00357063111290388	7.74440740781259e-09
246	0.00357275779697417	7.71656917418109e-09
247	0.00357487784256257	7.68893895500877e-09
248	0.00357699129976105	8.01372218716431e-09
249	0.0035790982180681	7.98524955602513e-09
250	0.00358119864639823	7.95698719932417e-09
251	0.00358329263309126	7.92893275624175e-09
252	0.00358538022592157	7.90108390149927e-09
253	0.00358746147210689	7.87343834468894e-09
254	0.00358953641831727	7.84599382961883e-09
255	0.00359160511068362	7.81874813367219e-09
256	0.00359366759480608	7.79169906718182e-09
257	0.00359572391576243	7.7648444728177e-09
258	0.00359777411811599	7.73818222498903e-09
259	0.00359981824592386	7.7117102292589e-09
260	0.00360185634274448	7.68542642177246e-09
261	0.00360388845164543	7.65932876869729e-09
262	0.0036059146152108	7.63341526567609e-09
263	0.00360793487554866	7.60768393729196e-09
264	0.00360994927429823	7.58213283654416e-09
265	0.00361195785263692	7.55676004433657e-09
266	0.00361396065128736	7.53156366897621e-09
267	0.00361595771052414	7.50654184568309e-09
268	0.00361794907018058	7.48169273611046e-09
269	0.00361993476965507	7.45701452787539e-09
270	0.00362191484791787	7.43250543409917e-09
271	0.00362388934351708	7.40816369295766e-09
272	0.00362585829458506	7.38398756724111e-09
273	0.0036278217388444	7.35997534392334e-09
274	0.00362977971361393	7.3361253337397e-09
275	0.00363173225581462	7.31243587077434e-09
276	0.00363367940197524	7.28890531205547e-09
277	0.00363562118823815	7.26553203715982e-09
278	0.00363755765036469	7.2423144478245e-09
279	0.00363948882374076	7.21925096756738e-09
280	0.00364141474338213	7.19634004131519e-09
281	0.00364333544393969	7.17358013503915e-09
282	0.00364525095970452	7.15096973539807e-09
283	0.00364716132461316	7.12850734938886e-09
284	0.00364906657225241	7.10619150400385e-09
285	0.00365096673586434	7.08402074589527e-09
286	0.00365286184835097	7.06199364104652e-09
287	0.00365475194227912	7.04010877444988e-09
288	0.00365663704988499	7.01836474979075e-09
289	0.00365851720307864	6.99676018913814e-09
290	0.00366039243344869	6.97529373264145e-09
291	0.00366226277226648	6.95396403823303e-09
292	0.00366412825049052	6.93276978133693e-09
293	0.00366598889877067	6.91170965458307e-09
294	0.00366784474745248	6.89078236752717e-09
295	0.00366969582658104	6.86998664637614e-09
296	0.00367154216590526	6.84932123371882e-09
297	0.00367338379488174	6.82878488826203e-09
298	0.0036752207426786	6.80837638457141e-09
299	0.00367705303817939	6.78809451281773e-09
300	0.00367888070998691	6.76793807852774e-09
301	0.00368070378642689	6.7479059023399e-09
302	0.00368252229555153	6.72799681976482e-09
303	0.00368433626514318	6.70820968095007e-09
304	0.00368614572271799	6.68854335044991e-09
305	0.0036879506955291	6.66899670699869e-09
306	0.0036897512105702	6.64956864328913e-09
307	0.00395504853820178	6.63025806575455e-09
308	0.0039569683011038	6.61106389435505e-09
309	0.00395888337245173	6.59198506236787e-09
310	0.0039607937800948	6.5730205161816e-09
311	0.00396269955162166	6.5541692150942e-09
312	0.00396460071436361	6.53543013111477e-09
313	0.00396649729539798	6.51680224876882e-09
314	0.00396838932155121	6.49828456490745e-09
315	0.00397027681940209	6.47987608851975e-09
316	0.00397215981528491	6.46157584054876e-09
317	0.00397403833529239	6.44338285371068e-09
318	0.0039759124052788	6.42529617231748e-09
319	0.00397778205086288	6.40731485210261e-09
320	0.00397964729743075	6.38943796005001e-09
321	0.00398150817013886	6.37166457422599e-09
322	0.00398336469391666	6.35399378361424e-09
323	0.00398521689346954	6.33642468795393e-09
324	0.00398706479328149	6.31895639758032e-09
325	0.00398890841761786	6.30158803326868e-09
326	0.0039907477905279	6.28431872608056e-09
327	0.0039925829358475	6.26714761721294e-09
328	0.00399441387720174	6.25007385785016e-09
329	0.00399624063800732	6.51320104706991e-09
330	0.00399806324147528	6.49556085190588e-09
331	0.00399988171061312	6.47801978118624e-09
332	0.0040016960682276	6.46057698820066e-09
333	0.00400350633692693	6.4432316359404e-09
334	0.00400531253912308	6.42598289695892e-09
335	0.00400711469703418	6.40882995323505e-09
336	0.00400891283268683	6.3917719960383e-09
337	0.00401070696791827	6.37480822579662e-09
338	0.0040124971243786	6.35793785196645e-09
339	0.004014283323533	6.34116009290493e-09
340	0.00401606558666396	6.3244741757441e-09
341	0.00401784393487314	6.30787933626764e-09
342	0.00401961838908379	6.29137481878941e-09
343	0.0040213889700425	6.274959876034e-09
344	0.00402315569832143	6.25863376901949e-09
345	0.00402491859432031	6.242395766942e-09
346	0.00402667767826822	6.22624514706226e-09
347	0.00402843297022577	6.21018119459403e-09
348	0.00403018449008678	6.1942032025945e-09
349	0.00403193225758038	6.17831047185622e-09
350	0.00403367629227272	6.1625023108012e-09
351	0.0040354166135689	6.1467780353763e-09
352	0.00403715324071471	6.13113696895083e-09
353	0.00403888619279837	6.11557844221544e-09
354	0.00404061548875244	6.10010179308285e-09
355	0.00404234114735539	6.08470636659023e-09
356	0.00404406318723336	6.06939151480293e-09
357	0.00404578162686196	6.05415659672011e-09
358	0.00404749648456771	6.03900097818163e-09
359	0.0040492077785298	6.02392403177649e-09
360	0.00405091552678181	6.00892513675288e-09
361	0.00405261974721298	5.99400367892952e-09
362	0.00405432045757018	5.97915905060845e-09
363	0.00405601767545919	5.96439065048933e-09
364	0.00405771141834621	5.94969788358484e-09
365	0.00405940170355961	5.93508016113779e-09
366	0.00406108854829112	5.92053690053916e-09
367	0.00406277196959752	5.90606752524763e-09
368	0.00406445198440192	5.89167146471051e-09
369	0.00406612860949537	5.8773481542856e-09
370	0.00406780186153803	5.86309703516449e-09
371	0.0040694717570608	5.84891755429692e-09
372	0.00407113831246654	5.83480916431651e-09
373	0.00407280154403135	5.8207713234675e-09
374	0.00407446146790615	5.80680349553256e-09
375	0.00407611810011783	5.79290514976191e-09
376	0.00407777145657053	5.7790757608033e-09
377	0.00407942155304692	5.76531480863338e-09
378	0.00408106840520959	5.7516217784897e-09
379	0.00408271202860218	5.73799616080422e-09
380	0.00408435243865062	5.72443745113745e-09
381	0.00408598965066439	5.71094515011366e-09
382	0.00408762367983765	5.69751876335737e-09
383	0.00408925454125053	5.68415780143048e-09
384	0.0040908822498702	5.67086177977036e-09
385	0.00409250682055202	5.65763021862899e-09
386	0.0040941282680408	5.64446264301315e-09
387	0.00409574660697177	5.63135858262509e-09
388	0.00409736185187179	5.61831757180453e-09
389	0.00409897401716037	5.60533914947122e-09
390	0.00410058311715083	5.59242285906843e-09
391	0.00410218916605133	5.57956824850752e-09
392	0.00410379217796586	5.56677487011277e-09
393	0.0041053921668954	5.55404228056773e-09
394	0.00410698914673893	5.54137004086174e-09
395	0.00410858313129427	5.5287577162376e-09
396	0.00411017413425933	5.51620487613994e-09
397	0.00411176216923292	5.50371109416415e-09
398	0.00411334724971583	5.49127594800644e-09
399	0.00411492938911168	5.47889901941415e-09
400	0.00411650860072804	5.4665798941372e-09
401	0.00411808489777718	5.45431816187993e-09
402	0.00411965829337719	5.44211341625393e-09
403	0.00412122880055272	5.42996525473124e-09
404	0.00412279643223601	5.41787327859841e-09
405	0.00412436120126769	5.40583709291121e-09
406	0.00412592312039778	5.39385630644993e-09
407	0.00412748220228647	5.38193053167533e-09
408	0.00412903845950496	5.37005938468529e-09
409	0.00413059190453647	5.35824248517186e-09
410	0.00413214254977691	5.34647945637927e-09
411	0.00413369040753578	5.33476992506213e-09
412	0.00413523549003694	5.32311352144457e-09
413	0.00413677780941955	5.31150987917976e-09
414	0.00413831737773876	5.29995863530995e-09
415	0.00413985420696656	5.28845943022731e-09
416	0.0041413883089925	5.277011907635e-09
417	0.00414291969562444	5.26561571450913e-09
418	0.00414444837858954	5.25427050106085e-09
419	0.00414597436953469	5.2429759206994e-09
420	0.00414749768002753	5.23173162999522e-09
421	0.00414901832155698	5.220537288644e-09
422	0.00415053630553414	5.20939255943087e-09
423	0.00415205164329289	5.19829710819532e-09
424	0.00415356434609063	5.18725060379648e-09
425	0.00415507442510906	5.17625271807888e-09
426	0.00415658189145478	5.16530312583875e-09
427	0.00415808675616002	5.15440150479072e-09
428	0.00415958903018327	5.14354753553489e-09
429	0.00416108872441008	5.13274090152459e-09
430	0.00416258584965354	5.34709663059071e-09
431	0.00416408041665511	5.33591288795529e-09
432	0.00416557243608513	5.32477758714913e-09
433	0.00416706191854361	5.31369040929804e-09
434	0.0041685488745607	5.30265103834404e-09
435	0.0041700333145974	5.29165916101408e-09
436	0.0041715152490462	5.28071446678927e-09
437	0.0041729946882317	5.26981664787462e-09
438	0.00417447164241109	5.25896539916893e-09
439	0.00417594612177497	5.24816041823541e-09
440	0.00417741813644765	5.23740140527223e-09
441	0.00417888769648804	5.22668806308409e-09
442	0.00418035481189007	5.21602009705347e-09
443	0.00418181949258318	5.2053972151128e-09
444	0.00418328174843311	5.19481912771672e-09
445	0.00418474158924227	5.18428554781476e-09
446	0.00418619902475034	5.17379619082434e-09
447	0.00418765406463492	5.16335077460429e-09
448	0.00418910671851195	5.15294901942847e-09
449	0.00419055699593622	5.14259064795991e-09
450	0.00419200490640209	5.13227538522514e-09
451	0.00419345045934377	5.12200295858904e-09
452	0.00419489366413603	5.11177309772982e-09
453	0.0041963345300946	5.10158553461453e-09
454	0.00419777306647677	5.0914400034745e-09
455	0.00419920928248174	5.08133624078166e-09
456	0.00420064318725135	5.07127398522464e-09
457	0.0042020747898703	5.06125297768552e-09
458	0.00420350409936683	5.05127296121661e-09
459	0.00420493112471317	5.04133368101774e-09
460	0.00420635587482591	5.03143488441379e-09
461	0.00420777835856656	5.02157632083234e-09
462	0.0042091985847421	5.01175774178188e-09
463	0.0042106165621052	5.00197890082998e-09
464	0.00421203229935485	4.99223955358202e-09
465	0.00421344580513685	4.98253945765996e-09
466	0.00421485708804411	4.97287837268162e-09
467	0.0042162661566171	4.96325606023985e-09
468	0.00421767301934456	4.95367228388239e-09
469	0.00421907768466341	4.94412680909165e-09
470	0.00422048016095971	4.93461940326492e-09
471	0.00422188045656881	4.92514983569464e-09
472	0.00422327857977578	4.91571787754926e-09
473	0.00422467453881588	4.90632330185389e-09
474	0.00422606834187492	4.8969658834715e-09
475	0.00422745999708966	4.88764539908429e-09
476	0.00422884951254837	4.87836162717522e-09
477	0.00423023689629097	4.86911434800976e-09
478	0.0042316221563096	4.85990334361795e-09
479	0.00423300530054896	4.85072839777663e-09
480	0.00423438633690674	4.84158929599191e-09
481	0.0042357652732338	4.83248582548172e-09
482	0.00423714211733484	4.8234177751588e-09
483	0.00423851687696865	4.81438493561372e-09
484	0.00423988955984839	4.80538709909808e-09
485	0.00424126017364206	4.79642405950819e-09
486	0.00424262872597275	4.7874956123685e-09
487	0.00424399522441922	4.77860155481563e-09
488	0.00424535967651605	4.76974168558238e-09
489	0.00424672208975399	4.76091580498193e-09
490	0.00424808247158048	4.75212371489244e-09
491	0.00424944082939978	4.74336521874142e-09
492	0.0042507971705735	4.73464012149076e-09
493	0.00425215150242076	4.72594822962163e-09
494	0.0042535038322187	4.71728935111954e-09
495	0.00425485416720271	4.70866329545989e-09
496	0.00425620251456676	4.70006987359323e-09
497	0.00425754888146366	4.69150889793109e-09
498	0.00425889327500556	4.6829801823318e-09
499	0.00426023570226417	4.67448354208649e-09
500	0.00426157617027095	4.66601879390518e-09
501	0.00426291468601768	4.65758575590327e-09
502	0.00426425125645651	4.64918424758783e-09
503	0.00426558588850046	4.6408140898444e-09
504	0.00426691858902362	4.63247510492377e-09
505	0.0042682493648614	4.62416711642882e-09
506	0.00426957822281106	4.61588994930173e-09
507	0.00427090516963163	4.60764342981122e-09
508	0.00427223021204467	4.59942738553988e-09
509	0.00427355335673402	4.59124164537173e-09
510	0.00427487461034662	4.58308603947996e-09
511	0.00427619397949233	4.57496039931467e-09
512	0.00427751147074453	4.56686455759084e-09
513	0.0042788270906403	4.55879834827652e-09
514	0.00428014084568059	4.55076160658094e-09
515	0.00428145274233066	4.54275416894287e-09
516	0.00428276278702021	4.53477587301926e-09
517	0.00428407098614373	4.52682655767369e-09
518	0.00428537734606079	4.51890606296523e-09
519	0.00428668187309608	4.51101423013728e-09
520	0.00428798457354002	4.50315090160658e-09
521	0.00428928545364881	4.4953159209523e-09
522	0.0042905845196446	4.48750913290534e-09
523	0.00429188177771595	4.47973038333763e-09
524	0.0042931772340179	4.47197951925171e-09
525	0.00429447089467236	4.46425638877024e-09
526	0.00429576276576829	4.45656084112571e-09
527	0.0042970528533619	4.44889272665037e-09
528	0.00429834116347699	4.44125189676607e-09
529	0.00429962770210504	4.43363820397433e-09
530	0.00430091247520568	4.42605150184649e-09
531	0.00430219548870658	4.41849164501411e-09
532	0.00430347674850405	4.41095848915913e-09
533	0.00430475626046307	4.40345189100444e-09
534	0.00430603403041747	4.39597170830461e-09
535	0.00430731006417033	4.3885177998363e-09
536	0.00430858436749403	4.38109002538924e-09
537	0.00430985694613057	4.3736882457571e-09
538	0.00431112780579177	4.36631232272839e-09
539	0.0043123969521595	4.35896211907764e-09
540	0.00431366439088584	4.35163749855646e-09
541	0.00431493012759331	4.34433832588498e-09
542	0.00431619416787518	4.33706446674302e-09
543	0.00431745651729553	4.32981578776172e-09
544	0.00431871718138961	4.32259215651501e-09
545	0.00431997616566382	4.31539344151126e-09
546	0.00432123347559618	4.30821951218496e-09
547	0.00432248911663636	4.30107023888865e-09
548	0.00432374309420592	4.29394549288475e-09
549	0.00432499541369855	4.28684514633759e-09
550	0.00432624608048019	4.2797690723054e-09
551	0.00432749509988927	4.27271714473254e-09
552	0.00432874247723695	4.26568923844182e-09
553	0.00432998821780715	4.25868522912665e-09
554	0.00433123232685697	4.25170499334353e-09
555	0.0043324748096167	4.24474840850455e-09
556	0.00433371567129012	4.23781535286997e-09
557	0.00433495491705445	4.41285949139953e-09
558	0.00433619255206094	4.40567697854969e-09
559	0.00433742858143467	4.39851863110283e-09
560	0.00433866301027494	4.39138432554614e-09
561	0.00433989584365538	4.38427393921383e-09
562	0.00434112708662412	4.37718735027981e-09
563	0.00434235674420399	4.37012443775062e-09
564	0.0043435848213927	4.36308508145809e-09
565	0.00434481132316297	4.35606916205237e-09
566	0.00434603625446275	4.34907656099505e-09
567	0.00434725962021533	4.34210716055203e-09
568	0.00434848142531956	4.33516084378685e-09
569	0.00434970167465003	4.32823749455382e-09
570	0.00435092037305715	4.32133699749137e-09
571	0.0043521375253674	4.31445923801531e-09
572	0.00435335313638343	4.30760410231241e-09
573	0.00435456721088434	4.30077147733375e-09
574	0.00435577975362558	4.2939612507884e-09
575	0.00435699076933945	4.28717331113693e-09
576	0.00435820026273499	4.28040754758522e-09
577	0.00435940823849818	4.2736638500781e-09
578	0.00436061470129225	4.26694210929329e-09
579	0.00436181965575769	4.26024221663517e-09
580	0.00436302310651234	4.25356406422873e-09
581	0.00436422505815184	4.24690754491372e-09
582	0.00436542551524935	4.24027255223846e-09
583	0.00436662448235603	4.2336589804542e-09
584	0.00436782196400107	4.22706672450914e-09
585	0.00436901796469183	4.22049568004277e-09
586	0.00437021248891396	4.21394574338011e-09
587	0.00437140554113171	4.20741681152606e-09
588	0.00437259712578777	4.2009087821598e-09
589	0.00437378724730363	4.19442155362935e-09
590	0.00437497591007977	4.1879550249459e-09
591	0.00437616311849553	4.18150909577862e-09
592	0.00437734887690953	4.17508366644906e-09
593	0.0043785331896597	4.16867863792593e-09
594	0.00437971606106328	4.1622939118199e-09
595	0.00438089749541719	4.15592939037827e-09
596	0.00438207749699799	4.14958497647976e-09
597	0.00438325607006212	4.14326057362963e-09
598	0.00438443321884592	4.13695608595429e-09
599	0.00438560894756586	4.13067141819658e-09
600	0.00438678326041857	4.12440647571061e-09
601	0.00438795616158112	4.11816116445687e-09
602	0.00438912765521093	4.11193539099744e-09
603	0.00439029774544609	4.1057290624911e-09
604	0.00439146643640545	4.0995420866885e-09
605	0.00439263373218859	4.09337437192756e-09
606	0.00439379963687613	4.08722582712868e-09
607	0.0043949641545297	4.08109636179009e-09
608	0.00439612728919224	4.07498588598332e-09
609	0.00439728904488789	4.06889431034862e-09
610	0.0043984494256223	4.06282154609038e-09
611	0.00439960843538271	4.05676750497282e-09
612	0.00440076607813798	4.05073209931535e-09
613	0.00440192235783874	4.04471524198839e-09
614	0.00440307727841758	4.0387168464089e-09
615	0.00440423084378904	4.03273682653611e-09
616	0.00440538305784985	4.02677509686731e-09
617	0.00440653392447895	4.02083157243355e-09
618	0.00440768344753763	4.01490616879551e-09
619	0.00440883163086962	4.00899880203934e-09
620	0.00440997847830129	4.00310938877259e-09
621	0.00441112399364166	3.99723784612013e-09
622	0.00441226818068239	3.99138409172005e-09
623	0.00441341104319828	3.98554804371982e-09
624	0.00441455258494698	3.97972962077223e-09
625	0.00441569280966922	3.97392874203149e-09
626	0.00441683172108898	3.96814532714938e-09
627	0.00441796932291358	3.96237929627142e-09
628	0.00441910561883372	3.95663057003302e-09
629	0.0044202406125236	3.95089906955571e-09
630	0.00442137430764096	3.94518471644351e-09
631	0.00442250670782746	3.93948743277904e-09
632	0.00442363781670837	3.93380714112006e-09
633	0.00442476763789299	3.92814376449566e-09
634	0.00442589617497453	3.92249722640277e-09
635	0.00442702343153034	3.91686745080258e-09
636	0.00442814941112206	3.91125436211696e-09
637	0.00442927411729553	3.90565788522501e-09
638	0.00443039755358102	3.90007794545954e-09
639	0.00443151972349324	3.89451446860368e-09
640	0.00443264063053152	3.88896738088745e-09
641	0.00443376027817983	3.88343660898442e-09
642	0.00443487866990694	3.87792208000826e-09
643	0.00443599580916647	3.87242372150954e-09
644	0.00443711169939693	3.86694146147244e-09
645	0.00443822634402194	3.86147522831141e-09
646	0.00443933974645021	3.85602495086801e-09
647	0.0044404519100756	3.8505905584077e-09
648	0.0044415628382774	3.84517198061668e-09
649	0.00444267253442019	3.83976914759872e-09
650	0.004443781001854	3.8343819898721e-09
651	0.00444488824391452	3.82901043836649e-09
652	0.00444599426392297	3.82365442441987e-09
653	0.00444709906518645	3.81831387977558e-09
654	0.00444820265099768	3.81298873657927e-09
655	0.00444930502463543	3.80767892737586e-09
656	0.00445040618936434	3.80238438510677e-09
657	0.00445150614843523	3.79710504310682e-09
658	0.00445260490508489	3.79184083510141e-09
659	0.00445370246253654	3.78659169520365e-09
660	0.00445479882399956	3.78135755791153e-09
661	0.00445589399266971	3.77613835810501e-09
662	0.00445698797172927	3.7709340310434e-09
663	0.00445808076434704	3.76574451236238e-09
664	0.00445917237367845	3.76056973807143e-09
665	0.00446026280286558	3.75540964455098e-09
666	0.00446135205503735	3.75026416854982e-09
667	0.00446244013330942	3.74513324718232e-09
668	0.00446352704078451	3.74001681792586e-09
669	0.00446461278055223	3.73491481861818e-09
670	0.00446569735568931	3.72982718745475e-09
671	0.00446678076925963	3.72475386298621e-09
672	0.00446786302431423	3.71969478411581e-09
673	0.00446894412389155	3.71464989009686e-09
674	0.0044700240710173	3.70961912053023e-09
675	0.0044711028687047	3.70460241536183e-09
676	0.00447218051995439	3.69959971488017e-09
677	0.00447325702775465	3.69461095971388e-09
678	0.00447433239508143	3.6896360908293e-09
679	0.00447540662489838	3.68467504952807e-09
680	0.00447647972015683	3.67972777744474e-09
681	0.00447755168379621	3.67479421654436e-09
682	0.00447862251874361	3.66987430912019e-09
683	0.00447969222791432	3.66496799779135e-09
684	0.0044807608142116	3.66007522550054e-09
685	0.00448182828052679	3.65519593551165e-09
686	0.00448289462973948	3.65033007140765e-09
687	0.00448395986471758	3.64547757708817e-09
688	0.00448502398831723	3.64063839676743e-09
689	0.00448608700338297	3.63581247497191e-09
690	0.00448714891274788	3.63099975653819e-09
691	0.00448820971923348	3.62620018661081e-09
692	0.00448926942564988	3.62141371064007e-09
693	0.00449032803479581	3.61664027437996e-09
694	0.00449138554945885	3.61187982388589e-09
695	0.00449244197241517	3.60713230551278e-09
696	0.00449349730642989	3.60239766591285e-09
697	0.00449455155425696	3.59767585203356e-09
698	0.00449560471863936	3.59296681111564e-09
699	0.004496656802309	3.58827049069094e-09
700	0.00449770780798689	3.58358683858053e-09
701	0.00449875773838324	3.57891580289262e-09
702	0.00449980659619742	3.57425733202064e-09
703	0.00450085438411797	3.56961137464116e-09
704	0.00450190110482289	3.56497787971211e-09
705	0.00450294676097939	3.5603567964707e-09
706	0.00450399135524429	3.55574807443159e-09
707	0.00450503489026378	3.55115166338493e-09
708	0.00450607736867357	3.54656751339452e-09
709	0.00450711879309903	3.54199557479589e-09
710	0.0045081591661552	3.53743579819454e-09
711	0.00450919849044672	3.53288813446397e-09
712	0.00451023676856821	3.67689858928663e-09
713	0.00451127400310385	3.67218455904513e-09
714	0.00451231019662794	3.66748299970722e-09
715	0.00451334535170448	3.66279386117668e-09
716	0.00451437947088765	3.65811709362734e-09
717	0.00451541255672157	3.65345264750114e-09
718	0.00451644461174049	3.64880047350643e-09
719	0.00451747563846871	3.64416052261611e-09
720	0.00451850563942087	3.63953274606586e-09
721	0.00451953461710175	3.63491709535237e-09
722	0.00452056257400654	3.63031352223161e-09
723	0.00452158951262063	3.62572197871704e-09
724	0.00452261543541993	3.621142417078e-09
725	0.00452364034487073	3.61657478983782e-09
726	0.0045246642434299	3.6120190497723e-09
727	0.00452568713354481	3.6074751499079e-09
728	0.00452670901765348	3.60294304352017e-09
729	0.00452772989818449	3.598422684132e-09
730	0.0045287497775572	3.59391402551203e-09
731	0.00452976865818174	3.58941702167303e-09
732	0.00453078654245902	3.58493162687028e-09
733	0.00453180343278066	3.58045779559991e-09
734	0.00453281933152939	3.57599548259736e-09
735	0.0045338342410788	3.57154464283581e-09
736	0.00453484816379338	3.5671052315246e-09
737	0.00453586110202878	3.56267720410762e-09
738	0.00453687305813164	3.55826051626188e-09
739	0.00453788403443988	3.55385512389587e-09
740	0.00453889403328231	3.54946098314815e-09
741	0.00453990305697931	3.54507805038574e-09
742	0.00454091110784222	3.54070628220269e-09
743	0.00454191818817395	3.5363456354186e-09
744	0.00454292430026849	3.53199606707714e-09
745	0.00454392944641147	3.52765753444452e-09
746	0.00454493362887988	3.52332999500817e-09
747	0.00454593684994214	3.51901340647523e-09
748	0.0045469391118583	3.51470772677113e-09
749	0.00454794041687987	3.51041291403819e-09
750	0.00454894076725006	3.50612892663421e-09
751	0.00454994016520376	3.50185572313108e-09
752	0.00455093861296749	3.49759326231337e-09
753	0.00455193611275957	3.49334150317707e-09
754	0.00455293266679001	3.48910040492806e-09
755	0.00455392827726086	3.4848699269809e-09
756	0.00455492294636575	3.48065002895743e-09
757	0.00455591667629044	3.47644067068547e-09
758	0.00455690946921259	3.47224181219745e-09
759	0.00455790132730183	3.46805341372919e-09
760	0.00455889225271978	3.46387543571851e-09
761	0.00455988224762023	3.45970783880401e-09
762	0.00456087131414902	3.45555058382372e-09
763	0.00456185945444411	3.45140363181395e-09
764	0.00456284667063572	3.44726694400791e-09
765	0.0045638329648463	3.44314048183453e-09
766	0.00456481833919054	3.43902420691717e-09
767	0.00456580279577537	3.43491808107246e-09
768	0.00456678633670017	3.430822066309e-09
769	0.00456776896405671	3.42673612482625e-09
770	0.00456875067992906	3.42266021901321e-09
771	0.00456973148639389	3.41859431144732e-09
772	0.00457071138552029	3.4145383648932e-09
773	0.00457169037936989	3.41049234230158e-09
774	0.00457266846999683	3.40645620680799e-09
775	0.00457364565944805	3.40242992173177e-09
776	0.0045746219497629	3.39841345057477e-09
777	0.00457559734297355	3.39440675702026e-09
778	0.00457657184110487	3.39040980493191e-09
779	0.00457754544617444	3.38642255835245e-09
780	0.00457851816019263	3.38244498150278e-09
781	0.00457948998516267	3.37847703878064e-09
782	0.0045804609230806	3.37451869475975e-09
783	0.00458143097593544	3.37056991418855e-09
784	0.00458240014570904	3.36663066198916e-09
785	0.00458336843437622	3.36270090325632e-09
786	0.00458433584390486	3.35878060325634e-09
787	0.00458530237625578	3.354869727426e-09
788	0.00458626803338299	3.35096824137156e-09
789	0.00458723281723344	3.34707611086762e-09
790	0.0045881967297473	3.3431933018562e-09
791	0.00458915977285792	3.33931978044563e-09
792	0.00459012194849179	3.3354555129096e-09
793	0.00459108325856867	3.33160046568606e-09
794	0.00459204370500157	3.32775460537628e-09
795	0.0045930032896968	3.32391789874388e-09
796	0.00459396201455393	3.32009031271374e-09
797	0.004594919881466	3.3162718143711e-09
798	0.00459587689231937	3.31246237096058e-09
799	0.00459683304899381	3.30866194988515e-09
800	0.00459778835336257	3.30487051870528e-09
801	0.00459874280729246	3.30108804513785e-09
802	0.0045996964126436	3.29731449705531e-09
803	0.00460064917126984	3.29354984248471e-09
804	0.00460160108501855	3.28979404960672e-09
805	0.00460255215573072	3.28604708675477e-09
806	0.00460350238524088	3.28230892241412e-09
807	0.0046044517753774	3.2785795252209e-09
808	0.00460540032796221	3.27485886396123e-09
809	0.00460634804481103	3.27114690757037e-09
810	0.00460729492773327	3.26744362513172e-09
811	0.00460824097853222	3.26374898587604e-09
812	0.00460918619900492	3.26006295918049e-09
813	0.00461013059094226	3.25638551456784e-09
814	0.00461107415612905	3.25271662170545e-09
815	0.00461201689634392	3.24905625040465e-09
816	0.00461295881335952	3.24540437061961e-09
817	0.00461389990894237	3.24176095244673e-09
818	0.00461484018485302	3.23812596612362e-09
819	0.00461577964284606	3.23449938202836e-09
820	0.00461671828467013	3.23088117067863e-09
821	0.00461765611206781	3.22727130273095e-09
822	0.00461859312677596	3.22366974897971e-09
823	0.00461952933052541	3.22007648035657e-09
824	0.00462046472504128	3.21649146792942e-09
825	0.00462139931204275	3.21291468290177e-09
826	0.00462233309324326	3.20934609661185e-09
827	0.00462326607035049	3.20578568053186e-09
828	0.00462419824506638	3.20223340626716e-09
829	0.0046251296190871	3.19868924555548e-09
830	0.00462606019410322	3.19515317026624e-09
831	0.00462698997179959	3.1916251523996e-09
832	0.00462791895385544	3.1881051640859e-09
833	0.00462884714194437	3.18459317758473e-09
834	0.00462977453773441	3.18108916528431e-09
835	0.00463070114288807	3.17759309970067e-09
836	0.00463162695906224	3.1741049534769e-09
837	0.00463255198790839	3.17062469938247e-09
838	0.00463347623107245	3.16715231031242e-09
839	0.00463439969019491	3.16368775928674e-09
840	0.00463532236691083	3.16023101944953e-09
841	0.00463624426284982	3.15678206406836e-09
842	0.0046371653796362	3.15334086653353e-09
843	0.00463808571888882	3.14990740035738e-09
844	0.00463900528222129	3.14648163917359e-09
845	0.00463992407124188	3.14306355673642e-09
846	0.00464084208755347	3.13965312692012e-09
847	0.00464175933275379	3.13625032371815e-09
848	0.00464267580843534	3.13285512124259e-09
849	0.00464359151618532	3.12946749372337e-09
850	0.00464450645758583	3.12608741550763e-09
851	0.00464542063421367	3.12271486105908e-09
852	0.00464633404764066	3.11934980495732e-09
853	0.00464724669943334	3.11599222189713e-09
854	0.00464815859115328	3.11264208668792e-09
855	0.00464906972435681	3.10929937425296e-09
856	0.00464998010059536	3.10596405962884e-09
857	0.0046508897214153	3.10263611796473e-09
858	0.00465179858835789	3.09931552452184e-09
859	0.00465270670295949	3.09600225467271e-09
860	0.00465361406675149	3.09269628390061e-09
861	0.00465452068126028	3.08939758779894e-09
862	0.00465542654800743	3.08610614207054e-09
863	0.00465633166850944	3.08282192252719e-09
864	0.0046572360442781	3.07954490508884e-09
865	0.00465813967682022	3.07627506578316e-09
866	0.0046590425676379	3.07301238074483e-09
867	0.00465994471822828	3.06975682621499e-09
868	0.00466084613008378	3.06650837854064e-09
869	0.00466174680469208	3.063267014174e-09
870	0.00466264674353607	3.060032709672e-09
871	0.00466354594809388	3.05680544169565e-09
872	0.00466444441983892	3.05358518700944e-09
873	0.00466534216024002	3.05037192248086e-09
874	0.00466623917076124	3.04716562507966e-09
875	0.00466713545286197	3.04396627187746e-09
876	0.00466803100799707	3.0407738400471e-09
877	0.00466892583761669	3.03758830686206e-09
878	0.00466981994316645	3.03440964969592e-09
879	0.00467071332608746	3.03123784602185e-09
880	0.00467160598781612	3.02807287341205e-09
881	0.00467249792978438	3.02491470953708e-09
882	0.00467338915341972	3.02176333216554e-09
883	0.00467427966014506	3.01861871916332e-09
884	0.00467516945137892	3.01548084849321e-09
885	0.00467605852853537	3.0123496982143e-09
886	0.00467694689302387	3.00922524648144e-09
887	0.00467783454624975	3.00610747154479e-09
888	0.00467872148961369	3.00299635174918e-09
889	0.00467960772451215	2.99989186553375e-09
890	0.00468049325233714	2.99679399143127e-09
891	0.00468137807447639	2.99370270806775e-09
892	0.0046822621923133	2.99061799416188e-09
893	0.00468314560722697	2.98753982852453e-09
894	0.00468402832059219	2.98446819005826e-09
895	0.00468491033377949	2.98140305775681e-09
896	0.00468579164815516	2.97834441070463e-09
897	0.00468667226508126	2.97529222807636e-09
898	0.00468755218591561	2.97224648913634e-09
899	0.00468843141201195	2.96920717323817e-09
900	0.00468930994471966	2.96617425982414e-09
901	0.00469018778538407	2.96314772842489e-09
902	0.00469106493534641	3.08218194017336e-09
903	0.00469194139594371	3.07904384315601e-09
904	0.00469281716850892	3.07591232790797e-09
905	0.00469369225437086	3.07278737347855e-09
906	0.00469456665485433	3.0696689590065e-09
907	0.00469544037128014	3.06655706371956e-09
908	0.00469631340496486	3.063451666934e-09
909	0.00469718575722123	3.06035274805409e-09
910	0.00469805742935793	3.05726028657171e-09
911	0.0046989284226796	3.0541742620658e-09
912	0.00469979873848695	3.05109465420198e-09
913	0.00470066837807675	3.04802144273198e-09
914	0.00470153734274186	3.0449546074933e-09
915	0.00470240563377111	3.04189412840869e-09
916	0.00470327325244946	3.03883998548566e-09
917	0.0047041402000581	3.03579215881616e-09
918	0.00470500647787421	3.03275062857599e-09
919	0.00470587208717118	3.02971537502443e-09
920	0.00470673702921855	3.02668637850382e-09
921	0.00470760130528199	3.02366361943905e-09
922	0.00470846491662341	3.02064707833718e-09
923	0.0047093278645009	3.01763673578699e-09
924	0.00471019015016881	3.01463257245855e-09
925	0.00471105177487768	3.01163456910281e-09
926	0.00471191273987436	3.00864270655115e-09
927	0.00471277304640186	3.00565696571497e-09
928	0.00471363269569963	3.00267732758524e-09
929	0.00471449168900329	2.99970377323216e-09
930	0.00471535002754479	2.99673628380468e-09
931	0.00471620771255248	2.99377484053012e-09
932	0.00471706474525105	2.9908194247137e-09
933	0.00471792112686145	2.98787001773827e-09
934	0.00471877685860108	2.98492660106375e-09
935	0.00471963194168374	2.98198915622681e-09
936	0.00472048637731952	2.97905766484051e-09
937	0.00472134016671512	2.97613210859378e-09
938	0.00472219331107352	2.97321246925116e-09
939	0.00472304581159422	2.97029872865231e-09
940	0.00472389766947308	2.96739086871171e-09
941	0.00472474888590259	2.96448887141818e-09
942	0.00472559946207161	2.96159271883455e-09
943	0.00472644939916552	2.95870239309729e-09
944	0.00472729869836628	2.95581787641611e-09
945	0.00472814736085235	2.95293915107357e-09
946	0.0047289953877987	2.95006619942471e-09
947	0.00472984278037688	2.94719900389672e-09
948	0.00473068953975503	2.94433754698851e-09
949	0.00473153566709791	2.9414818112704e-09
950	0.00473238116356678	2.93863177938369e-09
951	0.00473322603031958	2.93578743404036e-09
952	0.00473407026851086	2.93294875802266e-09
953	0.00473491387929186	2.93011573418282e-09
954	0.00473575686381042	2.92728834544258e-09
955	0.00473659922321106	2.92446657479294e-09
956	0.00473744095863503	2.92165040529378e-09
957	0.00473828207122013	2.91883982007349e-09
958	0.00473912256210102	2.91603480232863e-09
959	0.00473996243240907	2.91323533532359e-09
960	0.00474080168327232	2.91044140239024e-09
961	0.00474164031581547	2.90765298692759e-09
962	0.00474247833116022	2.90487007240148e-09
963	0.00474331573042486	2.90209264234418e-09
964	0.00474415251472451	2.89932068035413e-09
965	0.00474498868517111	2.89655417009554e-09
966	0.00474582424287331	2.89379309529808e-09
967	0.00474665918893677	2.89103743975659e-09
968	0.00474749352446382	2.8882871873307e-09
969	0.00474832725055372	2.88554232194452e-09
970	0.00474916036830257	2.88280282758635e-09
971	0.0047499928788033	2.88006868830829e-09
972	0.00475082478314576	2.87733988822601e-09
973	0.0047516560824167	2.87461641151833e-09
974	0.00475248677769982	2.87189824242701e-09
975	0.00475331687007566	2.86918536525636e-09
976	0.00475414636062173	2.86647776437297e-09
977	0.00475497525041251	2.86377542420536e-09
978	0.00475580354051936	2.86107832924368e-09
979	0.00475663123201068	2.85838646403948e-09
980	0.00475745832595185	2.85569981320531e-09
981	0.00475828482340516	2.85301836141446e-09
982	0.00475911072542999	2.85034209340063e-09
983	0.00475993603308274	2.84767099395768e-09
984	0.00476076074741679	2.84500504793928e-09
985	0.00476158486948252	2.84234424025869e-09
986	0.00476240840032746	2.83968855588837e-09
987	0.00476323134099613	2.83703797985975e-09
988	0.00476405369253015	2.83439249726291e-09
989	0.00476487545596816	2.83175209324635e-09
990	0.00476569663234602	2.82911675301662e-09
991	0.00476651722269665	2.82648646183807e-09
992	0.00476733722804995	2.82386120503262e-09
993	0.00476815664943314	2.82124096797938e-09
994	0.00476897548787046	2.81862573611442e-09
995	0.00476979374438332	2.81601549493056e-09
996	0.00477061141999034	2.81341022997694e-09
997	0.00477142851570729	2.81080992685887e-09
998	0.00477224503254704	2.80821457123751e-09
999	0.00477306097151979	2.80562414882961e-09
1000	0.0047308884637527	2.80809143960767e-09
1001	0.0047746911198907	2.80045804679746e-09
