1	0.893512697509527	0.744616645065968
2	0.891180042547793	0.737947787704139
3	0.889552056490483	0.733353040769919
4	0.888307061704156	0.72979638302923
5	0.887291842501644	0.726873057513007
6	0.886426914399815	0.724381664928513
7	0.885672132654828	0.722208086429113
8	0.885001803866537	0.720265672421079
9	0.884398427713364	0.718521972023809
10	0.883849515964034	0.716922700304242
11	0.883345827949231	0.715456771786036
12	0.882883135903783	0.714094286644702
13	0.882459742370353	0.712820685487782
14	0.882063999845869	0.711632291367817
15	0.881692457686482	0.710508825077292
16	0.881342281400383	0.709443584215306
17	0.881011113006137	0.708439741092203
18	0.880696969046065	0.707481400851286
19	0.880398164645764	0.706564161404661
20	0.880113255994557	0.70568761146718
21	0.879840996112446	0.704850802726645
22	0.879580300369449	0.704044880542727
23	0.879330219276496	0.703267381386538
24	0.879089916775425	0.702516149649446
25	0.878858652741401	0.701796940633858
26	0.878635768750082	0.701100103878869
27	0.878420676402287	0.700424121622738
28	0.878212847671917	0.699767630051486
29	0.878011806869035	0.699129398882355
30	0.877817123903189	0.698514227389847
31	0.877628408601614	0.697915647845101
32	0.877445305889474	0.697332120596844
33	0.877267491679293	0.696762811641343
34	0.877094669347556	0.696206956553997
35	0.87692656670029	0.695663852851612
36	0.876762933348149	0.695138308550859
37	0.876603538426226	0.694624246808524
38	0.876449678040838	0.694121024235873
39	0.876301040229484	0.693628133394414
40	0.87615597151514	0.693145102795874
41	0.876014305232394	0.692671493535997
42	0.875875886180579	0.692207565027996
43	0.875740569591007	0.691756331060921
44	0.875608220208352	0.691313283202976
45	0.875478711471328	0.690878089723291
46	0.875351924780018	0.690450439311626
47	0.875227748839065	0.690030039411384
48	0.87510607906744	0.689616614720733
49	0.874986817066861	0.689209905841795
50	0.874869870141958	0.688810796012055
51	0.874755150866255	0.688420860613958
52	0.874642576688799	0.688036884538298
53	0.874532069576948	0.687658663029893
54	0.874423555691371	0.68728600206126
55	0.874316965089857	0.686918717584761
56	0.874212231456886	0.686556634849344
57	0.874109291856337	0.686199587775283
58	0.874008086504966	0.685847418381063
59	0.873908558564619	0.685500971974233
60	0.873810653951326	0.685161625605249
61	0.873714321159653	0.684826680955775
62	0.873619511100886	0.684496008916224
63	0.873526176953736	0.684169486170336
64	0.873434274026433	0.683846994848312
65	0.87334375962917	0.683528422205753
66	0.873254592955982	0.683213660326112
67	0.873166734975232	0.682902605844634
68	0.87308014832796	0.682595159691911
69	0.872994797233424	0.682291366930763
70	0.872910647401237	0.681993914564242
71	0.872827665949541	0.681699762850408
72	0.872745821328738	0.681408828530609
73	0.872665083250325	0.681121031567842
74	0.872585422620428	0.680836294980019
75	0.872506811477668	0.680554544683987
76	0.872429222935019	0.680275709349455
77	0.872352631125368	0.679999720262101
78	0.872277011150474	0.67972651119515
79	0.872202339033093	0.679456018288818
80	0.872128591672036	0.679188179937032
81	0.872055746799927	0.67892413885322
82	0.871983782943493	0.678664090230807
83	0.871912679386189	0.678406498728195
84	0.871842416133	0.678151311291596
85	0.871772973877275	0.677898476628866
86	0.871704333969441	0.6776479451311
87	0.87163647838748	0.677399668798579
88	0.871569389709052	0.67715360117079
89	0.87150305108515	0.676909697260234
90	0.871437446215183	0.676667913489796
91	0.871372559323407	0.676428207633433
92	0.871308375136605	0.676190538759982
93	0.871244878862952	0.675954867179881
94	0.871182056171969	0.675722017123688
95	0.87111989317552	0.67549255590066
96	0.871058376409773	0.675264960908205
97	0.870997492818082	0.675039197296588
98	0.870937229734712	0.674815231218982
99	0.870877574869378	0.674593029792719
100	0.870825535856607	0.674372606477417
101	0.870760042421425	0.674153793964799
102	0.870702142006681	0.673936698295362
103	0.870644804119717	0.673721244676362
104	0.870588018140611	0.673507404526477
105	0.870531773746583	0.673295150031775
106	0.870476060901015	0.673084454118035
107	0.870420869842959	0.672875290424303
108	0.870366191077136	0.67266763327764
109	0.870312015364371	0.672462841116386
110	0.870258333712471	0.672260168563539
111	0.870205137367489	0.672058915105846
112	0.870152417805387	0.671859057822732
113	0.870100166724047	0.671660574365229
114	0.870048376035637	0.671463442936809
115	0.869997037859296	0.671267642275014
116	0.869946144514136	0.671073151633857
117	0.869895688512525	0.670879950766941
118	0.869845662553665	0.670688019911281
119	0.869796059517424	0.670497339771769
120	0.869746872458425	0.670307891506274
121	0.869698596682736	0.670119656711327
122	0.869651056514051	0.66993261740838
123	0.869603905333093	0.669746756030604
124	0.869557136957122	0.669562055410192
125	0.869510745349104	0.669378910609949
126	0.869464724613163	0.669198294271394
127	0.869419068990223	0.669018778416425
128	0.869373772853802	0.668840347511795
129	0.869328830705979	0.66866298636334
130	0.869284237173505	0.668486680106012
131	0.869239987004067	0.668311414194278
132	0.869196075062682	0.66813717439287
133	0.869152496328233	0.667963946767874
134	0.869109245890129	0.667791717678129
135	0.869066318945083	0.667620473766953
136	0.869023710794014	0.667450201954142
137	0.868981416839053	0.667280889428261
138	0.86893943258066	0.667112523639206
139	0.868897753614841	0.666945092291018
140	0.868856375630463	0.666778583334953
141	0.868815294406666	0.666612984962776
142	0.868774505810358	0.666448285600298
143	0.868734005793805	0.666284473901121
144	0.868693790392291	0.666122971798784
145	0.868653855721873	0.665962503771819
146	0.868614197977197	0.665802882228232
147	0.868574813429399	0.665644096778027
148	0.868535698424066	0.665486137228746
149	0.86849684937927	0.665328993580405
150	0.868458262783669	0.665172656020596
151	0.868419935194658	0.665017114919737
152	0.868381863236599	0.664862360826486
153	0.868344043599087	0.664708384463286
154	0.868306473035288	0.664555176722058
155	0.868269148360322	0.664402728660025
156	0.868232066449696	0.664251031495665
157	0.868195224237791	0.664100076604793
158	0.868158618716392	0.66394985551675
159	0.86812224693327	0.663800359910725
160	0.868086105990795	0.663651581612174
161	0.868050193044606	0.663503512589352
162	0.868014505302311	0.663356144949949
163	0.867979040022235	0.663209470937821
164	0.867943794512194	0.663064226894306
165	0.867908766128318	0.662920345551369
166	0.8678739522739	0.662777128756817
167	0.867839350398284	0.662634569339567
168	0.867804957995785	0.662492660248559
169	0.867770772604635	0.66235139455004
170	0.867736791805971	0.662210765424935
171	0.867703013222838	0.662070766166286
172	0.867669434519233	0.661931390176759
173	0.867636053399167	0.661792630966233
174	0.867602867605762	0.661654482149441
175	0.867569874920365	0.661516937443687
176	0.867537073161694	0.66137999066662
177	0.867504460185002	0.661243635734073
178	0.867472033881271	0.661107866657953
179	0.867439792176417	0.660972677544195
180	0.867407733030531	0.660838062590771
181	0.867375854437132	0.660704016085744
182	0.867344154422437	0.660570532405384
183	0.867312631044661	0.660437606012326
184	0.867281282393328	0.660305231453777
185	0.867250106588605	0.660173403359776
186	0.867219101780645	0.660042116441491
187	0.867188266148961	0.659912596295379
188	0.867157597901806	0.659783649328928
189	0.867127095275571	0.659655223001648
190	0.867096756534201	0.659527312381786
191	0.867066579968628	0.659399912610134
192	0.86703656389621	0.659273018898592
193	0.867006706660193	0.659146626528759
194	0.866977006629185	0.659020730850565
195	0.866947462196639	0.658895327280933
196	0.866918071780355	0.658770411302475
197	0.866888833821988	0.658645978462217
198	0.866859746786576	0.658522024370365
199	0.86683080916207	0.658398544699086
200	0.866802019458886	0.658275535181332
201	0.866773376209463	0.658152991609681
202	0.866744877967827	0.658030909835217
203	0.866716523309175	0.657909285766425
204	0.866688310829463	0.657788115368124
205	0.866660239145007	0.65766739466041
206	0.866632306892089	0.657547119717642
207	0.866604512726579	0.657427286667434
208	0.86657685532356	0.657307891689685
209	0.866549333376964	0.65718893101562
210	0.86652194559922	0.65707040092686
211	0.866494690720905	0.656952375262969
212	0.866467567490403	0.656835840078423
213	0.86644057467358	0.656719720534704
214	0.866413711053455	0.656604013140405
215	0.866386975429888	0.656488714449715
216	0.866360366619269	0.656373821061613
217	0.866333883454218	0.656259329619078
218	0.86630752478329	0.656145236808323
219	0.866281289470687	0.656031539358043
220	0.866255176395974	0.655918234038672
221	0.86622918445381	0.655805317661672
222	0.866203312553671	0.655692787078821
223	0.866177559619594	0.655580639181527
224	0.866151924589913	0.655468870900153
225	0.866126406417012	0.655357479203357
226	0.86610100406708	0.655246461097443
227	0.866075716519863	0.655135813625733
228	0.866050542768437	0.655025533867948
229	0.866025481818971	0.654915618939596
230	0.866000532690505	0.654806065991386
231	0.865975694414729	0.654696872208644
232	0.865950966035764	0.65458803481074
233	0.865926346609956	0.654479551050541
234	0.865901835205662	0.654371418213854
235	0.865877430903056	0.654263633618901
236	0.865853132793922	0.654156194615788
237	0.865828939981466	0.654049098585997
238	0.865804851580121	0.653942342941882
239	0.865780866715368	0.653836619903004
240	0.865756984523544	0.653731564166962
241	0.865733204151671	0.653626838012802
242	0.865709524757278	0.653522438995434
243	0.865685945508231	0.653418364698003
244	0.865662465582561	0.65331461273144
245	0.865639084168305	0.653211180734034
246	0.865615800463342	0.653108066371009
247	0.865592613675235	0.653005267334104
248	0.865569523021075	0.65290278134117
249	0.865546527727332	0.652800606135767
250	0.865523627029706	0.652698739486775
251	0.865500820172977	0.652597179188007
252	0.865478106410867	0.652495923057832
253	0.865455485005899	0.65239496893881
254	0.865432955229255	0.65229431469732
255	0.865410516360649	0.652193958223212
256	0.865388167688186	0.652093897429455
257	0.86536590850824	0.651994130251793
258	0.865343738125325	0.65189465464841
259	0.865321655851965	0.651795468599598
260	0.865299661008578	0.651696570107436
261	0.865277752923356	0.651597957195471
262	0.865255930932142	0.651499627908401
263	0.865234194378318	0.651401580311779
264	0.865212542612694	0.651303812491699
265	0.865190974993391	0.651206322554511
266	0.865169490885735	0.651109108626528
267	0.865148089662153	0.651012168853736
268	0.865126770702062	0.650915501401523
269	0.865105533391769	0.650819682228138
270	0.865084377124369	0.650724479946545
271	0.865063301299647	0.650629542024143
272	0.865042305323978	0.65053486671816
273	0.865021388610232	0.650440452303721
274	0.865000550577682	0.6503462970736
275	0.864979790651907	0.650252399337976
276	0.864959108264706	0.65015875742419
277	0.864938502854005	0.650065369676513
278	0.864917973863775	0.649972234455912
279	0.864897520743936	0.649879350139822
280	0.864877142950285	0.64978671512192
281	0.864856839944403	0.64969432781191
282	0.864836611193578	0.6496021866353
283	0.864816456170724	0.649510290033196
284	0.864796374354304	0.649418636462088
285	0.864776365228249	0.649327224393644
286	0.864756428281886	0.649236052314512
287	0.864736563009858	0.649145118726119
288	0.864716768912059	0.649054422144474
289	0.864697045493553	0.648963961099977
290	0.864677392264508	0.648873734137232
291	0.864657808740127	0.648783739814857
292	0.864638294440575	0.648693976705306
293	0.864618848890916	0.648604443394685
294	0.864599471621046	0.648515138482577
295	0.864580162165626	0.648426060581868
296	0.864560920064019	0.648337208318575
297	0.864541744860228	0.64824858033168
298	0.864522636102833	0.64816017527296
299	0.86450359334493	0.648071991806829
300	0.864484616144073	0.647984028610175
301	0.864465704062213	0.6478962843722
302	0.864446856665639	0.647809382629051
303	0.864428073524926	0.64772290951063
304	0.864409354214874	0.647636649428604
305	0.864390698314456	0.647550601132023
306	0.86437210540676	0.647464763381389
307	0.864353575078942	0.647379134948517
308	0.864335106922167	0.647293714616392
309	0.86431670053156	0.647208501179034
310	0.864298355506158	0.647123493441361
311	0.864280071448854	0.647038690219053
312	0.864261847966353	0.646954090338426
313	0.864243684669121	0.646869692636299
314	0.864225581171339	0.646785495959869
315	0.864207537090854	0.646701499166582
316	0.864189552049134	0.646617701124012
317	0.864171625671223	0.646534100709741
318	0.864153757585696	0.646450696811235
319	0.864135947424613	0.646367488325728
320	0.86411819482348	0.646284474160108
321	0.864100499421202	0.6462016532308
322	0.864082860860043	0.646119024463653
323	0.864065278785584	0.646036586793829
324	0.864047752846683	0.645954339165696
325	0.864030282695434	0.645872280532717
326	0.864012867987129	0.645790409857347
327	0.863995508380215	0.645708726110924
328	0.863978203536264	0.64562722827357
329	0.863960953119924	0.645545915334088
330	0.863943756798891	0.645464786289861
331	0.863926614243869	0.645383840146755
332	0.863909525128533	0.645303075919019
333	0.863892489129496	0.645222492629192
334	0.863875505926271	0.645142089308007
335	0.863858575201239	0.645061864994299
336	0.863841696639614	0.644981818734913
337	0.863824869929408	0.64490194958461
338	0.863808094761403	0.644822920109042
339	0.863791370829111	0.644744161283788
340	0.86377469782875	0.644665575114842
341	0.863758075459205	0.644587160696492
342	0.863741503422003	0.64450891713044
343	0.863724981421279	0.644430843525719
344	0.863708509163745	0.644352938998613
345	0.863692086358666	0.644275202672579
346	0.863675712717821	0.644197633678164
347	0.863659387955484	0.644120231152928
348	0.863643111788389	0.644042994241371
349	0.863626883935704	0.643965922094853
350	0.863610704119004	0.643889013871522
351	0.863594572062242	0.64381226873624
352	0.863578487491724	0.643735685860509
353	0.86356245013608	0.643659264422402
354	0.863546459726241	0.643583003606487
355	0.863530515995411	0.643506902603767
356	0.863514618679041	0.6434309606116
357	0.863498767514806	0.64335517683364
358	0.863482962242578	0.643279550479765
359	0.863467202604406	0.643204080766014
360	0.863451488344483	0.643128766914519
361	0.863435819209135	0.643053608153444
362	0.863420194946784	0.64297860371692
363	0.863404615307937	0.642903752844981
364	0.863389080045153	0.642829054783505
365	0.863373588913029	0.642754508784151
366	0.863358141668173	0.642680114104301
367	0.863342738069182	0.642605870006998
368	0.863327377876623	0.642531775760889
369	0.86331206085301	0.642457830640169
370	0.863296786762783	0.642384033924519
371	0.86328155537229	0.642310384899056
372	0.863266366449761	0.64223688285427
373	0.863251219765294	0.642163527085979
374	0.863236115090831	0.642090316895264
375	0.863221052200139	0.642017251588423
376	0.863206030868794	0.641944330476917
377	0.863191050874155	0.641872128981801
378	0.863176111995354	0.641800184373759
379	0.86316121401327	0.641728380575115
380	0.863146356710513	0.641656716923814
381	0.863131539871408	0.641585192762663
382	0.863116763281975	0.64151380743928
383	0.86310202672991	0.641442560306049
384	0.863087330004572	0.641371450720073
385	0.863072672896961	0.641300478043125
386	0.863058055199704	0.641229641641605
387	0.863043476707037	0.641158940886491
388	0.863028937214791	0.641088375153298
389	0.863014436520369	0.641017943822029
390	0.862999974422738	0.640947646277136
391	0.862985550722409	0.640877481907475
392	0.86297116522142	0.640807450106262
393	0.862956817723324	0.64073755027103
394	0.862942508033172	0.640667781803591
395	0.862928235957496	0.640598144109993
396	0.862914001304297	0.640528636600478
397	0.862899803883028	0.640459258689443
398	0.862885643504583	0.640390009795401
399	0.862871519981278	0.640320889340941
400	0.862857433126839	0.640251896752687
401	0.862843382756388	0.640183031461265
402	0.86282936868643	0.640114292901261
403	0.862815390734837	0.640045680511183
404	0.862801612585599	0.639977193733429
405	0.862787931759402	0.639908832014243
406	0.86277428593319	0.639840594803688
407	0.862760674933111	0.639772481555603
408	0.862747098586591	0.63970449172757
409	0.862733556722326	0.63963662478088
410	0.862720049170265	0.639568880180498
411	0.862706575761601	0.639501257395031
412	0.86269313632876	0.639433755896689
413	0.862679730705387	0.639366375161259
414	0.862666358726333	0.639299114668066
415	0.862653020227646	0.639231973899944
416	0.862639715046559	0.639164952343203
417	0.862626443021477	0.639098049487598
418	0.862613203991969	0.639031264826295
419	0.862599997798754	0.63896488281669
420	0.862586824283689	0.638898962660671
421	0.862573683289764	0.638833158094592
422	0.862560574661084	0.638767468629635
423	0.862547498242865	0.638701893780213
424	0.862534453881418	0.63863643306394
425	0.862521441424143	0.638571086001604
426	0.862508460719515	0.638505852117137
427	0.86249551161708	0.638440730937588
428	0.862482593967436	0.638375721993094
429	0.862469707622231	0.638310824816857
430	0.862456852434149	0.63824603894511
431	0.862444028256906	0.638181363917097
432	0.86243123494523	0.63811679927504
433	0.862418472354863	0.63805234456412
434	0.862405740342543	0.637987999332444
435	0.862393038766002	0.637923763131025
436	0.862380367483951	0.637859635513754
437	0.862367726356075	0.637795616037375
438	0.86235511524302	0.63773170426146
439	0.86234253400639	0.637667899748387
440	0.862329982508733	0.637604202063312
441	0.862317460613536	0.637540610774147
442	0.862304968185213	0.637477125451539
443	0.862292505089102	0.63741374566884
444	0.86228007119145	0.63735047100209
445	0.862267666359411	0.637287301029991
446	0.862255290461034	0.637224235333886
447	0.862242943365255	0.637161273497732
448	0.862230624941893	0.637098415108086
449	0.862218335061637	0.637035659754075
450	0.862206073596041	0.636973007027379
451	0.862193840417517	0.636910456522207
452	0.862181635399327	0.63684800783528
453	0.862169458415572	0.636785660565801
454	0.86215730934119	0.636723414315446
455	0.862145188051946	0.636661268688333
456	0.862133094424423	0.636599223291008
457	0.862121028336021	0.636537277732423
458	0.862108989664941	0.636475431623914
459	0.862096978290184	0.636413684579184
460	0.862084994091545	0.636352036214283
461	0.862073036949602	0.636290486147588
462	0.862061106745711	0.636229033999783
463	0.862049203362	0.636167679393843
464	0.86203732668136	0.63610642195501
465	0.862025476587443	0.636045578787474
466	0.862013652964651	0.635985089879859
467	0.862001855698131	0.635924696123534
468	0.86199008467377	0.635864397156088
469	0.861978339778186	0.635804192617269
470	0.861966620898725	0.635744082148964
471	0.861954927923452	0.635684065395188
472	0.861943260741145	0.635624142002059
473	0.861931619241294	0.635564311617787
474	0.861920003314086	0.635504573892656
475	0.861908412850408	0.635444928479006
476	0.861896847741836	0.635385375031217
477	0.86188530788063	0.635325913205694
478	0.861873793159729	0.635266542660848
479	0.861862303472746	0.635207263057085
480	0.86185083871396	0.635148074056786
481	0.861839398778313	0.63508897532429
482	0.861827983561404	0.635029966525886
483	0.861816592959482	0.63497104732979
484	0.861805226869441	0.634912217406133
485	0.861793885188818	0.634853476426946
486	0.861782567815783	0.634794824066145
487	0.861771274649136	0.634736259999516
488	0.861760005588302	0.634677783904701
489	0.861748760533325	0.634619395461183
490	0.861737539384865	0.634561094350272
491	0.86172634204419	0.63450288025509
492	0.861715168413174	0.634444752860559
493	0.86170401839429	0.634386711853386
494	0.861692891890604	0.634328756922048
495	0.861681788805775	0.634270887756781
496	0.861670709044046	0.634213104049563
497	0.861659652510241	0.634155405494105
498	0.861648619109758	0.634097791785835
499	0.861637608748568	0.634040262621884
500	0.861626621333209	0.633982817701078
501	0.86161565677078	0.633925456723918
502	0.861604714968938	0.633868179392574
503	0.861593795835894	0.633810985410867
504	0.861582899280408	0.633753874484261
505	0.861572025211781	0.633696846319847
506	0.86156117353986	0.633639900626333
507	0.861550344175024	0.633583037114033
508	0.861539537028184	0.63352625549485
509	0.86152875201078	0.633469555482271
510	0.861517989034774	0.633412936791349
511	0.861507248012648	0.633356399138694
512	0.8614965288574	0.633299942242464
513	0.861485831482538	0.633243565822348
514	0.861475155802078	0.633187269599559
515	0.861464501730538	0.633131554804532
516	0.861453869182937	0.633075944886105
517	0.861443258074789	0.633020413592925
518	0.8614326683221	0.632964960654747
519	0.861422099841363	0.632909585802776
520	0.861411552549556	0.63285428876966
521	0.861401026364137	0.632799069289481
522	0.861390521203041	0.632743927097744
523	0.861380036984677	0.632688861931363
524	0.861369573627921	0.632633873528657
525	0.861359131052117	0.632578961629333
526	0.861348709177072	0.632524125974482
527	0.86133830792305	0.632469366306566
528	0.86132792721077	0.632414682369408
529	0.861317566961406	0.632360073908184
530	0.861307227096578	0.632305540669409
531	0.861296907538351	0.632251082400936
532	0.861286608209234	0.632196698851935
533	0.861276329032172	0.632142389772894
534	0.861266069930546	0.632088154915604
535	0.86125583082817	0.63203399403315
536	0.861245611649285	0.631979906879904
537	0.86123541231856	0.631925893211514
538	0.861225232761083	0.631871952784897
539	0.861215072902364	0.631818085358226
540	0.861204932668328	0.631764290690927
541	0.861194811985313	0.631710568543666
542	0.861184710780067	0.631656918678342
543	0.861174628979745	0.631603340858075
544	0.861164566511906	0.631549834847205
545	0.86115452330451	0.631496400411274
546	0.861144499285916	0.631443037317027
547	0.861134494384876	0.631389745332396
548	0.861124508530536	0.631336524226496
549	0.86111454165243	0.631283373769614
550	0.86110459368048	0.631230293733206
551	0.861094664544991	0.631177283889883
552	0.86108475417665	0.631124344013406
553	0.86107486250652	0.631071473878677
554	0.861064989466041	0.631018673261735
555	0.861055134987025	0.630965941939741
556	0.861045299001656	0.630913279690976
557	0.861035481442484	0.630860686294834
558	0.861025682242422	0.630808161531809
559	0.861015901334748	0.630755705183492
560	0.861006138653098	0.630703317032563
561	0.860996394131466	0.630650996862781
562	0.8609866677042	0.630598744458982
563	0.860976959305999	0.630546559607065
564	0.860967268871914	0.630494442093989
565	0.86095759633734	0.630442391707767
566	0.860947941638018	0.630390408237455
567	0.860938304710031	0.630338491473148
568	0.860928685489801	0.630286868397131
569	0.860919083914088	0.630235568399078
570	0.860909499919988	0.630184333865858
571	0.860899933444927	0.630133164593573
572	0.860890384426662	0.63008206037932
573	0.860880852803279	0.630031021021183
574	0.860871338513189	0.629980046318227
575	0.860861841495126	0.629929136070494
576	0.860852361688146	0.629878290078992
577	0.860842899031623	0.629827508145693
578	0.860833453465248	0.629776790073523
579	0.860824024929027	0.62972613566636
580	0.860814613363277	0.629675544729023
581	0.860805218708626	0.629625017067269
582	0.860795840906009	0.629574552487786
583	0.86078647989667	0.629524150798188
584	0.860777135622153	0.629473811807008
585	0.860767808024306	0.629423535323689
586	0.860758497045275	0.629373321158585
587	0.860749202627505	0.629323169122948
588	0.860739924713737	0.629273079028928
589	0.860730663247004	0.629223050689564
590	0.860721418170632	0.629173083918777
591	0.860712189428234	0.629123178531369
592	0.860702976963714	0.629073334343013
593	0.86069378072126	0.629023551170249
594	0.860684600645344	0.628973828830479
595	0.86067543668072	0.628924167141962
596	0.860666288772421	0.628874565923805
597	0.860657156865759	0.628825024995961
598	0.860648040906323	0.628775544179225
599	0.860638940839975	0.628726123295223
600	0.860629856612849	0.628676762166413
601	0.860620788171351	0.628627460616076
602	0.860611735462157	0.62857821846831
603	0.860602698432208	0.62852903554803
604	0.86059367702871	0.628479911680956
605	0.860584671199134	0.628430846693614
606	0.860575680891214	0.628381840413326
607	0.860566706052941	0.62833289266821
608	0.860557746632566	0.62828400328717
609	0.860548802578598	0.628235172099896
610	0.860539873839799	0.628186398936853
611	0.860530960365185	0.628137683629284
612	0.860522062104024	0.628089026009198
613	0.860513179005833	0.628040425909369
614	0.86050431102038	0.627991883163331
615	0.860495458097676	0.627943397605372
616	0.860486620187981	0.627894969070532
617	0.860477797241795	0.627846597394593
618	0.860468989209863	0.627798282414082
619	0.860460196043169	0.62775002396626
620	0.860451417692936	0.62770182188912
621	0.860442654110624	0.627653676021384
622	0.86043390524793	0.627605586202495
623	0.860425171056785	0.627557552272615
624	0.86041645148935	0.627509574072622
625	0.860407746498022	0.627461651444103
626	0.860399056035425	0.627414195166839
627	0.860390380054411	0.627366828350595
628	0.86038171850806	0.627319516121803
629	0.860373071349677	0.627272258326293
630	0.860364438532791	0.62722505481058
631	0.860355820011155	0.627177905421857
632	0.86034721573874	0.627130810007992
633	0.86033862566974	0.62708376841752
634	0.860330049758565	0.627036780499646
635	0.860321487959844	0.626989846104234
636	0.86031294022842	0.626942965081807
637	0.86030440651935	0.626896137283543
638	0.860295886787907	0.626849362561269
639	0.860287380989572	0.62680264076746
640	0.860278889080037	0.626755971755233
641	0.860270411015205	0.626709355378343
642	0.860261946751185	0.62666279149118
643	0.860253496244292	0.626616279948768
644	0.860245059451047	0.626569820606755
645	0.860236636328175	0.626523413321414
646	0.860228226832601	0.62647705794964
647	0.860219830921456	0.626430754348942
648	0.860211448552066	0.626384502377444
649	0.86020307968196	0.626338301893879
650	0.86019472426886	0.626292152757583
651	0.860186382270689	0.626246054828499
652	0.860178053645562	0.626200007967166
653	0.860169738351789	0.626154012034718
654	0.860161436347874	0.626108066892883
655	0.860153147592509	0.626062172403974
656	0.860144872044581	0.626016328430893
657	0.860136609663162	0.62597053483712
658	0.860128360407516	0.625924791486716
659	0.86012012423709	0.625879098244316
660	0.860111901111518	0.625833454975126
661	0.860103690990622	0.625787861544922
662	0.860095493834403	0.625742317820043
663	0.860087309603047	0.625696823667391
664	0.860079138256921	0.625651378954428
665	0.86007097975657	0.625605983549168
666	0.860062834062722	0.625560637320181
667	0.86005470113628	0.625515340136585
668	0.860046580938326	0.625470091868042
669	0.860038473430116	0.62542489238476
670	0.860030378573083	0.625379741557485
671	0.860022296328831	0.6253346392575
672	0.860014226659141	0.625289585356622
673	0.860006169525961	0.625244579727201
674	0.859998124891413	0.62519962224211
675	0.859990092717789	0.625154712774751
676	0.859982072967547	0.625109851199047
677	0.859974065603314	0.625065037389438
678	0.859966070587886	0.625020271220883
679	0.859958087884221	0.624975552568852
680	0.859950117455444	0.624930881309325
681	0.859942159264843	0.624886257318793
682	0.859934213275869	0.624841680474246
683	0.859926279452136	0.624797150653182
684	0.859918357757418	0.624752667733594
685	0.859910448155648	0.624708231593971
686	0.859902550610919	0.624663842113298
687	0.859894665087483	0.624619550626099
688	0.859886791549748	0.624575664975577
689	0.859878929962278	0.624531825194445
690	0.859871080289793	0.624488031164739
691	0.859863242497168	0.62444428276897
692	0.85985541654943	0.624400579890122
693	0.859847602411762	0.624356922411651
694	0.859839800049494	0.624313310217478
695	0.85983200942811	0.624269743191993
696	0.859824230513244	0.624226221220044
697	0.859816463270679	0.624182744186944
698	0.859808707666345	0.624139311978461
699	0.859800963666321	0.62409592448082
700	0.859793231236832	0.624052581580698
701	0.859785510344248	0.624009283165221
702	0.859777800955087	0.623966029121965
703	0.859770103036007	0.623922819338951
704	0.859762416553812	0.623879653704643
705	0.859754741475447	0.623836532107946
706	0.859747077768001	0.623793454438202
707	0.859739425398701	0.623750420585192
708	0.859731784334916	0.623707430439127
709	0.859724154544155	0.623664483890652
710	0.859716535994062	0.623621580830841
711	0.859708928652421	0.623578721151193
712	0.859701332487154	0.623535904743633
713	0.859693747466318	0.623493131500507
714	0.859686173558105	0.623450401314583
715	0.859678610730842	0.623407714079046
716	0.85967105895299	0.623365069687494
717	0.859663518193143	0.623322468033943
718	0.859655988420028	0.623279909012816
719	0.859648469602503	0.623237392518948
720	0.859640961709557	0.623194918447579
721	0.859633464710309	0.623152486694354
722	0.859625978574007	0.623110097155321
723	0.85961850327003	0.623067749726929
724	0.859611038767883	0.623025444306024
725	0.859603585037198	0.62298318078985
726	0.859596142047736	0.622940959076043
727	0.859588709769381	0.622898779062634
728	0.859581288172144	0.622856640648042
729	0.859573877226159	0.622814543731074
730	0.859566476901687	0.622772488210925
731	0.85955908716911	0.622730473987172
732	0.85955170799893	0.622688500959775
733	0.859544339361777	0.622646569029075
734	0.859536981228396	0.622604678095789
735	0.859529633569656	0.622562828061012
736	0.859522296356545	0.622521018826213
737	0.859514969560169	0.622479250293233
738	0.859507653151755	0.622437522364283
739	0.859500347102647	0.622395834941944
740	0.859493051384305	0.622354187929161
741	0.859485765968305	0.622312581229246
742	0.859478490826343	0.622271014745874
743	0.859471225930226	0.62222948838308
744	0.859463971251877	0.622188002045258
745	0.859456726763336	0.622146555637161
746	0.859449492436751	0.622105149063895
747	0.859442268244389	0.622063782230922
748	0.859435054158624	0.622022455044055
749	0.859427850151944	0.621981167409457
750	0.85942065619695	0.621939919233641
751	0.859413472266349	0.621898710423464
752	0.859406298332963	0.621857540886129
753	0.859399134369718	0.621816410529184
754	0.859391980349653	0.621775657898878
755	0.859384836245914	0.621734985026766
756	0.859377702031753	0.621694350700169
757	0.859370577680531	0.62165375482883
758	0.859363463165714	0.621613197322825
759	0.859356358460874	0.621572678092559
760	0.859349263539691	0.621532197048766
761	0.859342178375945	0.621491754102505
762	0.859335102943524	0.621451349165163
763	0.859328037216418	0.621410982148447
764	0.859320981168721	0.621370652964388
765	0.859313934774629	0.621330361525336
766	0.85930689800844	0.621290107743961
767	0.859299870844554	0.621249891533248
768	0.85929285325747	0.621209712806498
769	0.859285845221791	0.621169571477328
770	0.859278846712218	0.621129467459665
771	0.859271857703549	0.621089400667747
772	0.859264878170685	0.621049371016123
773	0.859257908088624	0.621009378419648
774	0.85925094743246	0.620969422793483
775	0.859243996177387	0.620929504053096
776	0.859237054298693	0.620889622114256
777	0.859230121771766	0.620849776893035
778	0.859223198572087	0.620809968305806
779	0.859216284675232	0.620770196269238
780	0.859209380056875	0.6207304607003
781	0.85920248469278	0.620690761516257
782	0.85919559855881	0.620651098634667
783	0.859188721630916	0.620611471973382
784	0.859181853885147	0.620571881450546
785	0.85917499529764	0.620532326984592
786	0.859168145844626	0.620492808494243
787	0.859161305502429	0.62045332589851
788	0.859154474247462	0.620413879116688
789	0.859147652056229	0.620374468068359
790	0.859140838905323	0.620335092673387
791	0.85913403477143	0.620295752851919
792	0.859127239631322	0.620256448524381
793	0.85912045346186	0.620217179611481
794	0.859113676239996	0.620177946034201
795	0.859106907942766	0.620138747713804
796	0.859100148547296	0.620099584571826
797	0.8590933980308	0.620060456530076
798	0.859086656370574	0.620021363510639
799	0.859079923544005	0.619982305435868
800	0.859073199528563	0.619943282228388
801	0.859066484301804	0.619904293811094
802	0.859059777841369	0.619865340107145
803	0.859053080124982	0.61982642103997
804	0.859046391130453	0.61978753653326
805	0.859039710835673	0.619748686510973
806	0.85903303921862	0.619709870897327
807	0.85902637625735	0.619671089616803
808	0.859019721930006	0.619632342594141
809	0.859013076214808	0.61959362975434
810	0.859006439090062	0.619554951022657
811	0.858999810534152	0.619516306324606
812	0.858993190525545	0.619477695585956
813	0.858986579042786	0.61943911873273
814	0.858979976064501	0.619400575691204
815	0.858973381569395	0.619362066387904
816	0.858966795536254	0.61932359074961
817	0.85896021794394	0.619285148703349
818	0.858953648771394	0.619246740176397
819	0.858947087997637	0.619208365096276
820	0.858940535601766	0.619170023390757
821	0.858933991562953	0.619131714987851
822	0.858927455860451	0.619093439815818
823	0.858920928473587	0.619055197803157
824	0.858914409381765	0.619017001085341
825	0.858907898564462	0.618979176750975
826	0.858901396001235	0.618941385059514
827	0.858894901671711	0.618903625941067
828	0.858888415555596	0.618865899325977
829	0.858881937632668	0.618828205144821
830	0.858875467882777	0.618790543328411
831	0.85886900628585	0.618752913807788
832	0.858862552821886	0.618715316514225
833	0.858856107470955	0.618677751379224
834	0.858849670213202	0.618640218334516
835	0.858843241028843	0.61860271731206
836	0.858836819898165	0.618565248244039
837	0.858830406801528	0.618527811062864
838	0.858824001719362	0.618490405701171
839	0.858817604632167	0.618453032091815
840	0.858811215520514	0.618415690167879
841	0.858804834365047	0.618378379862664
842	0.858798461146474	0.618341101109692
843	0.858792095845576	0.618303853842704
844	0.858785738443203	0.618266637995661
845	0.858779388920274	0.618229453502741
846	0.858773047257773	0.618192300298336
847	0.858766713436757	0.618155178317057
848	0.858760387438347	0.618118087493728
849	0.858754069243734	0.618081027763385
850	0.858747758834173	0.61804399906128
851	0.858741456190989	0.618007001322874
852	0.858735161295571	0.61797003448384
853	0.858728874129376	0.61793309848006
854	0.858722594673927	0.617896193247626
855	0.858716322910809	0.617859318722836
856	0.858710058821677	0.617822474842197
857	0.858703802388248	0.617785661542421
858	0.858697553592304	0.617748878760426
859	0.858691312415693	0.617712126433334
860	0.858685078840324	0.61767540449847
861	0.858678852848173	0.617638712893362
862	0.858672634421276	0.617602051555739
863	0.858666423541735	0.617565420423531
864	0.858660220191714	0.617528819434869
865	0.858654024353438	0.61749224852808
866	0.858647836009197	0.617455707641693
867	0.858641655141341	0.617419196714431
868	0.858635481732282	0.617382715685215
869	0.858629315764493	0.617346264493161
870	0.85862315722051	0.61730984307758
871	0.858617006082927	0.617273451377977
872	0.8586108623344	0.617237089334049
873	0.858604725957646	0.617200756885685
874	0.858598596935441	0.617164453972968
875	0.858592475250621	0.617128180536168
876	0.858586360886081	0.617091936515747
877	0.858580253824775	0.617055721852354
878	0.858574154049717	0.617019536486828
879	0.85856806154398	0.616983380360194
880	0.858561976290692	0.616947253413663
881	0.858555898273043	0.616911155588633
882	0.858549827474278	0.616875086826685
883	0.858543763877702	0.616839047069587
884	0.858537707466676	0.616803036259286
885	0.858531658224617	0.616767054337915
886	0.858525616135001	0.616731101247788
887	0.858519581181359	0.616695176931398
888	0.858513553347278	0.616659281331419
889	0.858507532616402	0.616623414390706
890	0.85850151897243	0.61658757605229
891	0.858495512399118	0.616551766259382
892	0.858489512880275	0.616515984955369
893	0.858483520399767	0.616480232083815
894	0.858477534941513	0.616444507588458
895	0.858471556489487	0.616408811413212
896	0.858465585027719	0.616373143502166
897	0.858459620540291	0.616337503799579
898	0.858453663011339	0.616301892249888
899	0.858447712425053	0.616266308797696
900	0.858441768765677	0.616230872806713
901	0.858435832017506	0.616195671445204
902	0.85842990216489	0.616160497759681
903	0.858423979192231	0.616125351695933
904	0.858418063083982	0.616090233199914
905	0.85841215382465	0.616055142217746
906	0.858406251398793	0.616020078695716
907	0.858400355791019	0.615985042580274
908	0.858394466985992	0.615950033818035
909	0.858388584968422	0.615915052355779
910	0.858382709723073	0.615880098140446
911	0.858376841234759	0.615845171119139
912	0.858370979488345	0.615810271239123
913	0.858365124468745	0.615775398447822
914	0.858359276160925	0.615740552692823
915	0.858353434549898	0.615705733921868
916	0.85834759962073	0.615670942082861
917	0.858341771358535	0.615636177123862
918	0.858335949748475	0.61560143899309
919	0.858330134775763	0.615566727638919
920	0.858324326425658	0.615532043009881
921	0.858318524683471	0.615497385054661
922	0.85831272953456	0.6154627537221
923	0.85830694096433	0.615428148961194
924	0.858301158958235	0.615393570721091
925	0.858295383501776	0.615359018951093
926	0.858289614580502	0.615324493600653
927	0.85828385218001	0.615289994619376
928	0.858278096285944	0.615255521957018
929	0.858272346883993	0.615221075563487
930	0.858266603959894	0.615186655388838
931	0.858260867499431	0.615152261383277
932	0.858255137488435	0.615117893497158
933	0.858249413912779	0.615083551680983
934	0.858243696758388	0.615049235885402
935	0.858237986011226	0.61501494606121
936	0.858232281657309	0.614980682159349
937	0.858226583682694	0.614946444130908
938	0.858220892073484	0.614912231927119
939	0.858215206815828	0.614878045499359
940	0.858209527895919	0.614843884799148
941	0.858203855299994	0.614809749778153
942	0.858198189014335	0.614775640388178
943	0.858192529025269	0.614741556581173
944	0.858186875319164	0.614707498309228
945	0.858181227882436	0.614673465524575
946	0.858175586701541	0.614639458179585
947	0.85816995176298	0.61460547622677
948	0.858164323053297	0.61457151961878
949	0.85815870055908	0.614537588308406
950	0.858153084266957	0.614503682248574
951	0.858147474163602	0.614469801392349
952	0.85814187023573	0.614435945692935
953	0.858136272470097	0.614402115103669
954	0.858130680853504	0.614368309578027
955	0.858125095372792	0.614334529069618
956	0.858119516014844	0.614300773532187
957	0.858113942766585	0.614267042919615
958	0.858108375614981	0.614233337185913
959	0.85810281454704	0.614199656285229
960	0.85809725954981	0.614166000171842
961	0.858091710610381	0.614132368800164
962	0.858086167715884	0.614098762124736
963	0.858080630853488	0.614065180100235
964	0.858075100010405	0.614031622681464
965	0.858069575173887	0.61399808982336
966	0.858064056331225	0.613964581480987
967	0.85805854346975	0.613931097609539
968	0.858053036576835	0.61389763816434
969	0.858047535639888	0.613864203100839
970	0.858042040646361	0.613830792374616
971	0.858036551583743	0.613797405941376
972	0.858031068439561	0.613764043756952
973	0.858025591201385	0.613730705777301
974	0.858020119856819	0.613697391958509
975	0.858014654393508	0.613664102256785
976	0.858009194799136	0.613630836628463
977	0.858003741061423	0.613597595030001
978	0.85799829316813	0.61356437741798
979	0.857992851107053	0.613531183749107
980	0.857987414866029	0.61349801398021
981	0.857981984432929	0.61346507949007
982	0.857976559795664	0.613432260365405
983	0.857971140942182	0.613399464794494
984	0.857965727860469	0.61336669273504
985	0.857960320538545	0.613333944144868
986	0.85795491896447	0.613301218981921
987	0.85794952312634	0.61326851720426
988	0.857944133012286	0.613235838770066
989	0.857938748610477	0.613203183637635
990	0.857933369909118	0.613170551765381
991	0.85792799689645	0.613137943111835
992	0.85792262956075	0.613105357635644
993	0.857917267890331	0.61307279529557
994	0.857911911873542	0.613040256050492
995	0.857906561498766	0.613007739859402
996	0.857901216754423	0.612975246681407
997	0.857895877628969	0.612942776475729
998	0.857890544110892	0.612910329201701
999	0.857885216188718	0.612877904818773
1000	0.857881951806779	0.613580027671548
1001	0.857874577086353	0.612813124564566
