1	0.0457693522371024	0.0430155945298909
2	0.055353895833413	0.0517937904997288
3	0.0596608084244478	0.0556999248775965
4	0.0619941383502242	0.0578697881897103
5	0.0635876321595919	0.0592250711174577
6	0.0647057220809337	0.0602664521668571
7	0.0655338971106976	0.0609015634271971
8	0.0661721301011358	0.0613571102393068
9	0.0666791173073129	0.0618272064845354
10	0.0670916067408801	0.0622096810944543
11	0.0674337877742077	0.0623867683150154
12	0.0675814426167274	0.0626536290925911
13	0.0678273905245716	0.0627403362352287
14	0.0680399700674957	0.0629369723124336
15	0.0682255438220655	0.0631086280354106
16	0.0683889527676858	0.0631173043251766
17	0.0685339456508171	0.0632511206735666
18	0.0686634706794055	0.0633706614812013
19	0.0687798784488727	0.063478096151772
20	0.0688850661029963	0.0634316650365091
21	0.0689805816743791	0.0635196189584907
22	0.0690677008750943	0.0635998412224826
23	0.0691474844681004	0.0636733086143757
24	0.0692208217181249	0.0635966299535272
25	0.0692884637101586	0.0636587760337082
26	0.0693510491894793	0.0637162764428341
27	0.0694091248112245	0.0637696334203125
28	0.0694631611616753	0.0638192793172892
29	0.0695135655468049	0.063865588346127
30	0.0695606922844363	0.0637639679274
31	0.0696048510506922	0.0638044467964679
32	0.0696463136968132	0.0638424542220787
33	0.0696853198537387	0.0638782098659272
34	0.0697220815687397	0.0639119081046781
35	0.0697567871636957	0.0639437215667211
36	0.0697896044633233	0.0638284090820811
37	0.0698206835102185	0.0638568334603873
38	0.0697046376951513	0.0638837911235311
39	0.0697325720443576	0.0639093927504655
40	0.0697591357108227	0.063933738156683
41	0.0697844271711161	0.06395691759524
42	0.0698085356883937	0.063833274804836
43	0.069831542365345	0.0638543122255138
44	0.0698535210559554	0.0638744096503308
45	0.0698745391576892	0.0638936287078661
46	0.0698946583019983	0.0639120257542281
47	0.0699139349580648	0.0639296524251198
48	0.0699324209622358	0.0639465561199568
49	0.0699501639836069	0.0639627804275988
50	0.0699672079345616	0.0638322961741199
51	0.0699835933337132	0.0638472448576882
52	0.0699993576275647	0.063861626896129
53	0.0700145354762639	0.0638754739104955
54	0.0700291590080435	0.0638888152119312
55	0.0700432580462791	0.0639016780088183
56	0.0700568603125417	0.0639140875920266
57	0.0700699916085555	0.063926067500916
58	0.0700826759795732	0.0639376396723872
59	0.0700949358613463	0.0638024885919561
60	0.0701067922125816	0.0638132805943331
61	0.070118264634527	0.0638237231328889
62	0.070129371479125	0.0638338329121054
63	0.070140129946986	0.0638436255884883
64	0.0701505561762856	0.0638531158514833
65	0.0701606653235487	0.0638623174970088
66	0.0701704716371735	0.0638712434943793
67	0.0701799885244445	0.0638799060473023
68	0.0701892286126972	0.0638883166495532
69	0.0701982038052224	0.0637499345621539
70	0.0702069253324292	0.0637578549469868
71	0.0702154037987307	0.0637655545980123
72	0.0702236492255628	0.0637730426161165
73	0.0702316710909029	0.0637803276086488
74	0.0702394783656182	0.0637874177224299
75	0.0702470795469336	0.0637943206741464
76	0.070254482689285	0.0638010437783695
77	0.0702616954327905	0.063807593973411
78	0.0702687250295534	0.0638139778452103
79	0.0702755783679865	0.063820201649424
80	0.0702822619953285	0.0638262713318746
81	0.070288782138509	0.0636854518749748
82	0.0702951447234997	0.0636912167223358
83	0.07030135539328	0.0636968439262704
84	0.0703074195245312	0.0637023383583435
85	0.0703133422431616	0.0637077046629064
86	0.0703191284387591	0.0637129472701909
87	0.0703247827780545	0.0637180704085086
88	0.0703303097174761	0.0637230781156255
89	0.0703357135148639	0.0637279742493756
90	0.0703409982404098	0.0637327624975738
91	0.0703461677868826	0.0637374463872798
92	0.0703512258791912	0.0637420292934634
93	0.0703561760833367	0.0637465144471151
94	0.0703610218147962	0.063604013456799
95	0.0703657663463827	0.0636083023548721
96	0.070370412815617	0.0636125026078542
97	0.070374964231647	0.0636166169359147
98	0.070379423481747	0.0636206479490531
99	0.0703837933374261	0.0636245981526211
100	0.0703364460931925	0.0636377369414599
101	0.0703922754068585	0.0636322656600621
102	0.0703963926348331	0.0636359874966236
103	0.0704004305067149	0.0636396375979281
104	0.0704043912949152	0.0636432180181593
105	0.070408277185902	0.0636467307338112
106	0.0704120902842249	0.0636501776473265
107	0.0704158326163162	0.0636535605905322
108	0.0704195061340822	0.0636568813278864
109	0.0704231127182975	0.0635131204473999
110	0.070426654181817	0.0635163144186742
111	0.0704301322726134	0.0635194512354258
112	0.0704335486766548	0.0635225324181939
113	0.0704369050206298	0.0635255594340544
114	0.0704402028745299	0.0635285336989497
115	0.0704434437540988	0.0635314565798971
116	0.070446629123155	0.0635343293970834
117	0.0704497603957966	0.0635371534258542
118	0.0704528389384946	0.0635399298986006
119	0.0704558660720813	0.0635426600065535
120	0.0704588430736397	0.0635453449014872
121	0.0703146693595565	0.0635479856973397
122	0.070317543748839	0.0635505834717541
123	0.0703203716895513	0.0635531392675443
124	0.0703231542985547	0.0635556540940913
125	0.0703258926571881	0.0634110036302261
126	0.0703285878126693	0.0634134337808796
127	0.0703312407794302	0.0634158258910762
128	0.07033385254039	0.0634181808470881
129	0.0703364240481692	0.0634204995078681
130	0.0703389562262484	0.0634227827060943
131	0.0703414499700739	0.0634250312491671
132	0.0703439061481136	0.063427245920161
133	0.0703463256028653	0.0634294274787342
134	0.0703487091518203	0.063431576661997
135	0.0703510575883847	0.0634336941853427
136	0.0703533716827592	0.063435780743241
137	0.070355652182782	0.063437837009998
138	0.0703578998147342	0.0634398636404821
139	0.0703601152841112	0.06344186127082
140	0.0703622992763609	0.0634438305190618
141	0.0703644524575907	0.0634457719858193
142	0.0703665754752452	0.0634476862548759
143	0.0703686689587547	0.0634495738937725
144	0.070370733520158	0.0633042163465856
145	0.0703727697546987	0.0633060481056913
146	0.0703747782413971	0.0633078549033489
147	0.0703767595435998	0.0633096372463346
148	0.070378714209506	0.0633113956277983
149	0.0703806427726731	0.0633131305277185
150	0.0703825457525029	0.0633148424133395
151	0.0703844236547074	0.0633165317395903
152	0.0703862769717571	0.0633181989494886
153	0.0703881061833115	0.0633198444745271
154	0.070389911756633	0.0633214687350465
155	0.0703916941469852	0.0633230721405933
156	0.0703934537980147	0.0633246550902642
157	0.0703951911421203	0.0633262179730371
158	0.0703969066008065	0.0633277611680896
159	0.0703986005850251	0.0633292850451063
160	0.0704002734955026	0.0633307899645735
161	0.070401925723057	0.0633322762780638
162	0.0704035576489016	0.0633337443285098
163	0.0704051696449387	0.0633351944504679
164	0.0704067620740419	0.063189332489046
165	0.0704083352903285	0.063190744434207
166	0.0704098896394221	0.0631921394462596
167	0.0704114254587055	0.0631935178280014
168	0.0704129430775653	0.0631948798750534
169	0.0704144428176269	0.063196225876071
170	0.070415924992982	0.0631975561129483
171	0.070417389910408	0.0631988708610147
172	0.0704188378695796	0.0632001703892252
173	0.0704202691632728	0.0632014549603432
174	0.0704216840775632	0.0632027248311185
175	0.0704230828920155	0.0632039802524575
176	0.0704244658798685	0.0632052214695891
177	0.0704258333082125	0.0632064487222242
178	0.0704271854381616	0.0632076622447099
179	0.0704285225250198	0.0632088622661789
180	0.0704298448184419	0.0632100490106937
181	0.0704311525625883	0.0632112226973858
182	0.0704324459962762	0.063212383540591
183	0.0704337253531241	0.0632135317499796
184	0.0704349908616932	0.0632146675306829
185	0.0704362427456232	0.0632157910834149
186	0.0704374812237638	0.0632169026045913
187	0.0704387065103027	0.0630706409757522
188	0.070439918814889	0.0630717264702354
189	0.0704411183427527	0.0630728005244732
190	0.0704423052948203	0.0630738633183747
191	0.0704434798678275	0.0630749150280966
192	0.0704446422544273	0.06307595582614
193	0.0704457926432961	0.063076985881445
194	0.070446931219235	0.0630780053594824
195	0.0704480581632694	0.0630790144223416
196	0.0704491736527445	0.0630800132288173
197	0.0704502778614188	0.0630810019344921
198	0.0704513709595537	0.063081980691818
199	0.0704524531140017	0.063082949650194
200	0.0704535244882909	0.0630839089560429
201	0.0704545852427073	0.0630848587528844
202	0.0704556355343752	0.0630857991814071
203	0.0704566755173344	0.0630867303795379
204	0.0704577053426154	0.0630876524825092
205	0.070458725158313	0.0630885656229246
206	0.0704597351096571	0.0630894699308226
207	0.0704607353390812	0.063090365533738
208	0.0704617259862902	0.0630912525567619
209	0.0704627071883246	0.0630921311226003
210	0.0704636790796245	0.0630930013516303
211	0.0704646417920901	0.0629464477933525
212	0.0704655954551424	0.0629472997057444
213	0.0704665401957803	0.062948143647695
214	0.0704674761386376	0.0629489797305403
215	0.0704684034060374	0.0629498080635522
216	0.0704693221180456	0.0629506287539864
217	0.0704702323925229	0.0629514419071282
218	0.0704711343451746	0.062952247626338
219	0.0704720280896005	0.062953046013095
220	0.0704729137373418	0.0629538371670396
221	0.0704737913979278	0.062954621186015
222	0.0704746611789214	0.0629553981661076
223	0.0704755231859625	0.0629561682016862
224	0.070476377522811	0.06295693138544
225	0.0704772242913886	0.0629576878084162
226	0.0704780635918189	0.0629584375600558
227	0.0704788955224676	0.0629591807282294
228	0.0704797201799799	0.0629599173992708
229	0.070480537659319	0.0629606476580109
230	0.0704813480538019	0.0629613715878105
231	0.0704821514551349	0.0629620892705912
232	0.0704829479534484	0.0629628007868671
233	0.070483737637331	0.0629635062157747
234	0.0704845205938612	0.062964205635102
235	0.0704852969086408	0.0629648991213172
236	0.070486066665825	0.0629655867495968
237	0.0704868299481534	0.0629662685938526
238	0.0704875868369795	0.0629669447267579
239	0.0704883374122996	0.0628201500787439
240	0.0704890817527807	0.0628208134449468
241	0.0704898199357887	0.0628214713235272
242	0.0704905520374145	0.0628221237822983
243	0.0704912781325005	0.0628227708879607
244	0.070491998294666	0.0628234127061249
245	0.0704927125963321	0.0628240493013336
246	0.0704934211087458	0.0628246807370831
247	0.0704941239020044	0.0628253070758449
248	0.0704948210450774	0.0628259283790857
249	0.0704955126058303	0.0628265447072881
250	0.0704961986510459	0.0628271561199697
251	0.0704968792464458	0.0628277626757027
252	0.0704975544567118	0.0628283644321322
253	0.0704982243455061	0.0628289614459949
254	0.0704988889754912	0.0628295537731365
255	0.0704995484083499	0.0628301414685294
256	0.0705002027048038	0.0628307245862896
257	0.0705008519246324	0.0628313031796933
258	0.0705014961266912	0.0628318773011934
259	0.0705021353689291	0.0628324470024347
260	0.0705027697084065	0.0628330123342702
261	0.0705033992013115	0.0628335733467755
262	0.0705040239029772	0.0628341300892642
263	0.0705046438678975	0.0628346826103019
264	0.0705052591497427	0.0628352309577205
265	0.0705058698013758	0.062835775178632
266	0.0705064758748669	0.0628363153194421
267	0.0705070774215083	0.0628368514258631
268	0.0705076744918289	0.062837383542927
269	0.0705082671356083	0.0626904048799865
270	0.0705088554018911	0.0626909279200914
271	0.0705094393389994	0.0626914471110351
272	0.0705100189945474	0.0626919624951519
273	0.0705105944154529	0.0626924741141579
274	0.0705111656479513	0.0626929820091617
275	0.0705117327376069	0.0626934862206756
276	0.0705122957293259	0.0626939867886265
277	0.0705128546673673	0.0626944837523663
278	0.0705134095953555	0.0626949771506822
279	0.070513960556291	0.0626954670218068
280	0.0705145075925616	0.0626959534034282
281	0.0705150507459535	0.0626964363326993
282	0.0705155900576618	0.0626969158462474
283	0.0705161255683007	0.0626973919801837
284	0.0705166573179142	0.062697864770112
285	0.0705171853459856	0.0626983342511378
286	0.0705177096914475	0.062698800457877
287	0.0705182303926914	0.0626992634244641
288	0.070518747487577	0.0626997231845611
289	0.0705192610134412	0.062700179771365
290	0.0705197710071073	0.0627006332176164
291	0.0705202775048942	0.0627010835556067
292	0.070520780542624	0.0627015308171866
293	0.0705212801556313	0.0627019750337726
294	0.0705217763787713	0.0627024162363553
295	0.0705222692464277	0.0627028544555058
296	0.0705227587925207	0.0627032897213834
297	0.0705232450505149	0.0627037220637423
298	0.070523728053427	0.0627041515119382
299	0.0705242078338328	0.062704578094935
300	0.0705246844238753	0.0627050018413117
301	0.0705251578552711	0.0627054227792682
302	0.0705256281593179	0.062558297781487
303	0.0705260953669012	0.0625587122082973
304	0.0705265595085013	0.0625591239154907
305	0.0705270206141996	0.0625595329297503
306	0.0705274787136854	0.0625599392774113
307	0.0705279338362619	0.0625603429844667
308	0.0705283860108531	0.0625607440765726
309	0.0705288352660089	0.0625611425790539
310	0.0705292816299123	0.0625615385169097
311	0.0705297251303845	0.0625619319148181
312	0.0705301657948908	0.0625623227971416
313	0.0705306036505464	0.0625627111879324
314	0.0705310387241221	0.0625630971109367
315	0.0705314710420493	0.0625634805896002
316	0.0705319006304259	0.0625638616470724
317	0.0705323275150211	0.0625642403062112
318	0.0705327517212808	0.062564616589588
319	0.0705331732743326	0.0625649905194917
320	0.0705335921989908	0.0625653621179333
321	0.0705340085197612	0.0625657314066501
322	0.0705344222608459	0.0625660984071102
323	0.0705348334461478	0.0625664631405161
324	0.0705352420992758	0.0625668256278095
325	0.0705356482435486	0.0625671858896749
326	0.0705360519019996	0.0625675439465436
327	0.0705364530973809	0.0625678998185973
328	0.0705368518521682	0.0625682535257727
329	0.0705372481885641	0.062568605087764
330	0.070537642128503	0.0625689545240278
331	0.0705380336936547	0.0625693018537858
332	0.0705384229054287	0.0625696470960288
333	0.0705388097849777	0.06256999026952
334	0.0705391943532018	0.0625703313927983
335	0.070539576630752	0.0625706704841817
336	0.0705399566380343	0.062571007561771
337	0.0705403343952125	0.0625713426434521
338	0.070540709922213	0.06242410103995
339	0.070541083238727	0.062424431401635
340	0.0705414543642149	0.0624247598243994
341	0.0705418233179093	0.0624250863252628
342	0.0705421901188183	0.0624254109210463
343	0.0705425547857288	0.0624257336283751
344	0.0705429173372099	0.0624260544636816
345	0.0705432777916157	0.062426373443208
346	0.0705436361670886	0.0624266905830093
347	0.0705439924815624	0.0624270058989558
348	0.0705443467527652	0.0624273194067357
349	0.0705446989982223	0.0624276311218578
350	0.0705450492352594	0.0624279410596542
351	0.0705453974810048	0.0624282492352825
352	0.0705457437523928	0.0624285556637284
353	0.0705460880661663	0.0624288603598083
354	0.0705464304388792	0.0624291633381713
355	0.0705467708868995	0.0624294646133023
356	0.0705471094264115	0.0624297641995232
357	0.0705474460734188	0.0624300621109961
358	0.0705477808437462	0.0624303583617252
359	0.0705481137530429	0.0624306529655589
360	0.0705484448167844	0.0624309459361921
361	0.0705487740502752	0.0624312372871682
362	0.0705491014686511	0.0624315270318816
363	0.0705494270868811	0.0624318151835789
364	0.0705497509197705	0.0624321017553618
365	0.0705500729819625	0.0624323867601886
366	0.0705503932879406	0.0624326702108763
367	0.0705507118520307	0.0624329521201025
368	0.0705510286884035	0.0624332325004073
369	0.0705513438110762	0.0624335113641951
370	0.0705516572339149	0.0624337887237365
371	0.0705519689706365	0.06243406459117
372	0.0705522790348107	0.0624343389785041
373	0.070552587439862	0.0624346118976184
374	0.0705528941990714	0.0624348833602661
375	0.0705531993255789	0.062435153378075
376	0.0705535028323847	0.0624354219625497
377	0.0705538047323516	0.0622880870231221
378	0.0705541050382062	0.0622883521467009
379	0.0705544037625415	0.0622886158740429
380	0.0705547009178178	0.0622888782161488
381	0.0705549965163652	0.062289139183904
382	0.0705552905703846	0.0622893987880801
383	0.07055558309195	0.0622896570393366
384	0.0705558740930098	0.062289913948222
385	0.0705561635853884	0.0622901695251756
386	0.0705564515807881	0.0622904237805284
387	0.0705567380907904	0.0622906767245053
388	0.0705570231268576	0.0622909283672257
389	0.0705573067003343	0.0622911787187052
390	0.0705575888224492	0.0622914277888569
391	0.0705578695043162	0.0622916755874926
392	0.0705581487569361	0.0622919221243243
393	0.0705584265911977	0.0622921674089653
394	0.0705587030178799	0.0622924114509316
395	0.0705589780476521	0.0622926542596427
396	0.0705592516910768	0.0622928958444235
397	0.0705595239586098	0.0622931362145049
398	0.070559794860602	0.0622933753790252
399	0.0705600644073012	0.0622936133470316
400	0.0705603326088523	0.0622938501274805
401	0.0705605994752997	0.0622940857292395
402	0.0705608650165878	0.062294320161088
403	0.0705611292425625	0.0622945534317184
404	0.0704137741877361	0.0622947855497372
405	0.0704140352649023	0.0622950165236662
406	0.070414295058405	0.0622952463619432
407	0.0704145535776882	0.0622954750729233
408	0.0704148108321038	0.0622957026648801
409	0.0704150668309118	0.0622959291460059
410	0.0704153215832827	0.0622961545244136
411	0.0704155750982974	0.0622963788081373
412	0.0704158273849491	0.0622966020051332
413	0.0704160784521439	0.0622968241232804
414	0.0704163283087021	0.0622970451703822
415	0.0704165769633592	0.0622972651541668
416	0.0704168244247666	0.0622974840822883
417	0.0704170707014931	0.0622977019623273
418	0.0704173158020257	0.0622979188017921
419	0.0704175597347703	0.062150508696726
420	0.070417802508053	0.0621507229683235
421	0.070418044130121	0.0621509362238594
422	0.0704182846091434	0.0621511484705437
423	0.0704185239532122	0.0621513597155185
424	0.0704187621703431	0.0621515699658584
425	0.0704189992684768	0.0621517792285718
426	0.0704192352554792	0.0621519875106012
427	0.070419470139143	0.0621521948188243
428	0.0704197039271878	0.0621524011600546
429	0.0704199366272617	0.0621526065410423
430	0.0704201682469416	0.0621528109684747
431	0.0704203987937343	0.0621530144489773
432	0.0704206282750772	0.0621532169891142
433	0.0704208566983389	0.0621534185953893
434	0.0704210840708206	0.0621536192742463
435	0.0704213103997563	0.06215381903207
436	0.0704215356923136	0.0621540178751866
437	0.0704217599555947	0.0621542158098645
438	0.0704219831966372	0.062154412842315
439	0.0704222054224145	0.0621546089786929
440	0.0704224266398369	0.0621548042250971
441	0.0704226468557519	0.0621549985875714
442	0.0704228660769453	0.0621551920721048
443	0.0704230843101418	0.0621553846846325
444	0.0704233015620053	0.0621555764310362
445	0.0704235178391403	0.0621557673171448
446	0.070423733148092	0.0621559573487353
447	0.070423947495347	0.0621561465315327
448	0.0704241608873342	0.0621563348712112
449	0.0704243733304255	0.0621565223733944
450	0.0704245848309359	0.0621567090436562
451	0.0704247953951248	0.062156894887521
452	0.0704250050291961	0.0621570799104645
453	0.0704252137392991	0.0621572641179138
454	0.0704254215315289	0.0621574475152488
455	0.0704256284119274	0.0621576301078018
456	0.0704258343864833	0.0621578119008584
457	0.0704260394611331	0.0621579928996583
458	0.0704262436417614	0.0621581731093953
459	0.0704264469342017	0.0621583525352179
460	0.0704266493442371	0.0621585311822302
461	0.0704268508776002	0.062158709055492
462	0.0704270515399742	0.0621588861600191
463	0.0704272513369933	0.0621590625007845
464	0.0704274502742433	0.0621592380827179
465	0.0704276483572619	0.0620117658491614
466	0.0704278455915394	0.062011939514563
467	0.0704280419825191	0.0620121124374382
468	0.070428237535598	0.0620122846225391
469	0.0704284322561268	0.0620124560745771
470	0.0704286261494112	0.0620126267982237
471	0.0704288192207116	0.0620127967981109
472	0.0704290114752441	0.0620129660788312
473	0.0704292029181804	0.0620131346449387
474	0.070429393554649	0.0620133025009488
475	0.0704295833897352	0.0620134696513392
476	0.0704297724284815	0.0620136361005498
477	0.0704299606758883	0.0620138018529834
478	0.0704301481369143	0.0620139669130063
479	0.0704303348164765	0.0620141312849479
480	0.0704305207194515	0.0620142949731019
481	0.070430705850675	0.0620144579817264
482	0.0704308902149428	0.062014620315044
483	0.0704310738170111	0.0620147819772424
484	0.0704312566615966	0.062014942972475
485	0.0704314387533776	0.0620151033048608
486	0.0704316200969936	0.0620152629784849
487	0.070431800697046	0.062015421997399
488	0.070431980558099	0.0620155803656217
489	0.070432159684679	0.0620157380871387
490	0.0704323380812757	0.0620158951659032
491	0.0704325157523425	0.0620160516058362
492	0.0704326927022964	0.062016207410827
493	0.0704328689355185	0.0620163625847333
494	0.0704330444563549	0.0620165171313817
495	0.0704332192691163	0.0620166710545678
496	0.0704333933780787	0.0620168243580567
497	0.0704335667874839	0.0620169770455834
498	0.0704337395015397	0.0620171291208526
499	0.07043391152442	0.0620172805875396
500	0.0704340828602655	0.0620174314492904
501	0.0704342535131838	0.0620175817097216
502	0.0704344234872501	0.0620177313724215
503	0.0704345927865069	0.0620178804409495
504	0.0704347614149649	0.062018028918837
505	0.0704349293766029	0.0620181768095874
506	0.0704350966753683	0.0620183241166765
507	0.0704352633151777	0.0620184708435527
508	0.0704354292999166	0.0620186169936372
509	0.07043559463344	0.0620187625703246
510	0.070435759319573	0.0620189075769825
511	0.0704359233621104	0.0620190520169525
512	0.0704360867648178	0.0620191958935503
513	0.0704362495314312	0.0620193392100652
514	0.0704364116656577	0.0620194819697615
515	0.0704365731711756	0.0618719584040306
516	0.0704367340516347	0.0618720997225052
517	0.0704368943106568	0.0618722404951053
518	0.0704370539518355	0.0618723807249876
519	0.0704372129787369	0.0618725204152846
520	0.0704373713948996	0.0618726595691047
521	0.0704375292038353	0.0618727981895325
522	0.0704376864090285	0.0618729362796289
523	0.0704378430139374	0.0618730738424314
524	0.0704379990219937	0.0618732108809547
525	0.070438154436603	0.06187334739819
526	0.0704383092611449	0.0618734833971063
527	0.0704384634989736	0.0618736188806498
528	0.070438617153418	0.0618737538517445
529	0.0704387702277815	0.0618738883132924
530	0.070438922725343	0.0618740222681734
531	0.0704390746493564	0.061874155719246
532	0.0704392260030514	0.0618742886693471
533	0.0704393767896335	0.0618744211212923
534	0.070439527012284	0.0618745530778763
535	0.0704396766741607	0.0618746845418728
536	0.0704398257783976	0.0618748155160348
537	0.0704399743281058	0.061874946003095
538	0.0704401223263729	0.0618750760057657
539	0.0704402697762638	0.0618752055267391
540	0.0704404166808208	0.0618753345686874
541	0.0704405630430635	0.0618754631342633
542	0.0704407088659894	0.0618755912260997
543	0.070440854152574	0.0618757188468102
544	0.0704409989057708	0.0618758459989895
545	0.0704411431285119	0.0618759726852128
546	0.0704412868237077	0.0618760989080367
547	0.0704414299942474	0.0618762246699993
548	0.0704415726429993	0.0618763499736199
549	0.0704417147728105	0.0618764748213996
550	0.0704418563865079	0.0618765992158214
551	0.0704419974868974	0.0618767231593502
552	0.070442138076765	0.061876846654433
553	0.0704422781588764	0.0618769697034994
554	0.0704424177359773	0.0618770923089612
555	0.0704425568107938	0.061877214473213
556	0.0704426953860322	0.061877336198632
557	0.0704428334643796	0.0618774574875787
558	0.0704429710485037	0.0618775783423963
559	0.0704431081410534	0.0618776987654117
560	0.0704432447446583	0.0618778187589347
561	0.0704433808619297	0.061877938325259
562	0.07044351649546	0.0618780574666619
563	0.0704436516478234	0.0618781761854046
564	0.0704437863215757	0.0618782944837322
565	0.070443920519255	0.0618784123638739
566	0.070444054243381	0.0618785298280433
567	0.070444187496456	0.0618786468784383
568	0.0704443202809645	0.0617310815040738
569	0.0704444525993737	0.061731197456055
570	0.0704445844541335	0.0617313130017354
571	0.0704447158476765	0.0617314281432469
572	0.0704448467824184	0.0617315428827063
573	0.0704449772607582	0.0617316572222158
574	0.070445107285078	0.0617317711638629
575	0.0704452368577435	0.0617318847097207
576	0.0704453659811039	0.0617319978618478
577	0.0704454946574922	0.0617321106222887
578	0.0704456228892251	0.0617322229930736
579	0.0704457506786036	0.0617323349762187
580	0.0704458780279127	0.0617324465737264
581	0.0704460049394217	0.0617325577875854
582	0.0704461314153842	0.0617326686197707
583	0.0704462574580387	0.0617327790722435
584	0.070446383069608	0.0617328891469521
585	0.0704465082522999	0.0617329988458309
586	0.0704466330083072	0.0617331081708017
587	0.0704467573398078	0.0617332171237728
588	0.0704468812489645	0.0617333257066397
589	0.0704470047379258	0.0617334339212851
590	0.0704471278088255	0.0617335417695787
591	0.070447250463783	0.061733649253378
592	0.0704473727049033	0.0617337563745274
593	0.0704474945342773	0.0617338631348594
594	0.070447615953982	0.0617339695361938
595	0.0704477369660801	0.0617340755803385
596	0.0704478575726207	0.061734181269089
597	0.0704479777756393	0.061734286604229
598	0.0704480975771575	0.0617343915875301
599	0.0704482169791837	0.0617344962207521
600	0.0704483359837126	0.0617346005056434
601	0.0704484545927261	0.0617347044439403
602	0.0704485728081925	0.0617348080373679
603	0.0704486906320674	0.0617349112876398
604	0.0704488080662932	0.0617350141964582
605	0.0704489251127996	0.0617351167655141
606	0.0704490417735037	0.0617352189964875
607	0.0704491580503097	0.0617353208910471
608	0.0704492739451095	0.0617354224508507
609	0.0704493894597825	0.0617355236775453
610	0.0704495045961959	0.0617356245727671
611	0.0704496193562046	0.0617357251381415
612	0.0704497337416513	0.0617358253752835
613	0.0704498477543669	0.0617359252857974
614	0.0704499613961702	0.061736024871277
615	0.0704500746688684	0.0617361241333061
616	0.0704501875742567	0.0617362230734577
617	0.070450300114119	0.061736321693295
618	0.0704504122902273	0.0617364199943711
619	0.0704505241043424	0.0617365179782288
620	0.0704506355582139	0.0617366156464013
621	0.0704507466535797	0.0617367130004116
622	0.0704508573921669	0.0617368100417731
623	0.0704509677756915	0.0617369067719896
624	0.0704510778058583	0.061737003192555
625	0.0704511874843613	0.0617370993049539
626	0.0704512968128839	0.0615894984716407
627	0.0704514057930985	0.0615895937436521
628	0.0704515144266669	0.0615896887126208
629	0.0704516227152405	0.0615897833799901
630	0.0704517306604601	0.0615898777471947
631	0.0704518382639561	0.0615899718156597
632	0.0704519455273486	0.0615900655868016
633	0.0704520524522477	0.0615901590620278
634	0.0704521590402529	0.0615902522427368
635	0.0704522652929542	0.0615903451303184
636	0.070452371211931	0.0615904377261535
637	0.0704524767987533	0.0615905300316145
638	0.070452582054981	0.0615906220480652
639	0.0704526869821644	0.0615907137768607
640	0.070452791581844	0.0615908052193479
641	0.0704528958555507	0.0615908963768651
642	0.0704529998048059	0.0615909872507423
643	0.0704531034311217	0.0615910778423014
644	0.0704532067360006	0.0615911681528559
645	0.0704533097209358	0.0615912581837112
646	0.0704534123874114	0.0615913479361647
647	0.0704535147369024	0.0615914374115059
648	0.0704536167708744	0.061591526611016
649	0.0704537184907842	0.0615916155359686
650	0.0704538198980797	0.0615917041876294
651	0.0704539209941996	0.0615917925672563
652	0.0704540217805743	0.0615918806760996
653	0.070454122258625	0.0615919685154017
654	0.0704542224297643	0.0615920560863977
655	0.0704543222953963	0.0615921433903151
656	0.0704544218569166	0.0615922304283737
657	0.0704545211157122	0.0615923172017861
658	0.0704546200731615	0.0615924037117576
659	0.070454718730635	0.0615924899594859
660	0.0704548170894944	0.0615925759461618
661	0.0704549151510935	0.0615926616729686
662	0.070455012916778	0.0615927471410826
663	0.0704551103878851	0.0615928323516731
664	0.0704552075657442	0.0615929173059022
665	0.0704553044516769	0.0615930020049251
666	0.0704554010469964	0.0615930864498899
667	0.0704554973530085	0.0615931706419382
668	0.0704555933710109	0.0615932545822045
669	0.0704556891022936	0.0615933382718165
670	0.0704557845481391	0.0615934217118952
671	0.070455879709822	0.0615935049035551
672	0.0704559745886094	0.0615935878479038
673	0.070456069185761	0.0615936705460427
674	0.0704561635025289	0.0615937529990662
675	0.0704562575401578	0.0615938352080625
676	0.0704563512998852	0.0615939171741135
677	0.070456444782941	0.0615939988982944
678	0.0704565379905481	0.0615940803816742
679	0.0704566309239223	0.0615941616253157
680	0.0704567235842717	0.0615942426302753
681	0.070456815972798	0.0615943233976033
682	0.0704569080906955	0.0615944039283439
683	0.0704569999391515	0.061594484223535
684	0.0704570915193465	0.0615945642842086
685	0.070457182832454	0.0615946441113906
686	0.0704572738796408	0.0615947237061011
687	0.0704573646620667	0.0614470937094754
688	0.0704574551808849	0.0614471726525118
689	0.070457545437242	0.0614472513666513
690	0.0704576354322779	0.0614473298528881
691	0.0704577251671257	0.0614474081122103
692	0.0704578146429123	0.0614474861456006
693	0.0704579038607578	0.0614475639540362
694	0.070457992821776	0.0614476415384881
695	0.0704580815270744	0.0614477188999224
696	0.070458169977754	0.0614477960392991
697	0.0704582581749094	0.061447872957573
698	0.0704583461196291	0.0614479496556933
699	0.0704584338129953	0.0614480261346039
700	0.0704585212560842	0.0614481023952432
701	0.0704586084499655	0.0614481784385443
702	0.0704586953957031	0.061448254265435
703	0.0704587820943548	0.0614483298768378
704	0.0704588685469724	0.0614484052736699
705	0.0704589547546017	0.0614484804568434
706	0.0704590407182826	0.0614485554272653
707	0.070459126439049	0.0614486301858373
708	0.0704592119179292	0.0614487047334561
709	0.0704592971559456	0.0614487790710134
710	0.0704593821541148	0.0614488531993957
711	0.0704594669134477	0.0614489271194848
712	0.0704595514349495	0.0614490008321573
713	0.07045963571962	0.0614490743382849
714	0.070459719768453	0.0614491476387347
715	0.0704598035824371	0.0614492207343686
716	0.0704598871625552	0.0614492936260439
717	0.0704599705097847	0.0614493663146131
718	0.0704600536250978	0.0614494388009239
719	0.070460136509461	0.0614495110858192
720	0.0704602191638356	0.0614495831701375
721	0.0704603015891775	0.0614496550547125
722	0.0704603837864374	0.0614497267403731
723	0.0704604657565607	0.061449798227944
724	0.0704605475004876	0.0614498695182449
725	0.070460629019153	0.0614499406120915
726	0.0704607103134868	0.0614500115102946
727	0.0704607913844137	0.0614500822136606
728	0.0704608722328534	0.0614501527229916
729	0.0704609528597205	0.0614502230390854
730	0.0704610332659246	0.0614502931627351
731	0.0704611134523705	0.0614503630947298
732	0.0704611934199576	0.0614504328358541
733	0.070461273169581	0.0614505023868882
734	0.0704613527021304	0.0614505717486085
735	0.070461432018491	0.0614506409217867
736	0.0704615111195431	0.0614507099071906
737	0.0704615900061622	0.0614507787055838
738	0.070461668679219	0.0614508473177256
739	0.0704617471395796	0.0614509157443714
740	0.0704618253881055	0.0614509839862723
741	0.0704619034256533	0.0614510520441757
742	0.0704619812530752	0.0614511199188245
743	0.0704620588712186	0.061451187610958
744	0.0704621362809267	0.0614512551213114
745	0.0704622134830379	0.0614513224506159
746	0.0704622904783861	0.0614513895995988
747	0.070462367267801	0.0614514565689837
748	0.0704624438521075	0.0614515233594899
749	0.0704625202321263	0.0614515899718335
750	0.0704625964086738	0.061451656406726
751	0.070462672382562	0.0614517226648758
752	0.0704627481545984	0.0614517887469873
753	0.0704628237255865	0.061451854653761
754	0.0704628990963254	0.0613041994234277
755	0.0704629742676099	0.0613042648240212
756	0.0704630492402308	0.0613043300517732
757	0.0704631240149745	0.0613043951073678
758	0.0704631985926234	0.0613044599914858
759	0.0704632729739558	0.0613045247048043
760	0.0704633471597458	0.0613045892479969
761	0.0704634211507635	0.0613046536217334
762	0.0704634949477749	0.0613047178266805
763	0.070463568551542	0.0613047818635009
764	0.070463641962823	0.0613048457328544
765	0.0704637151823719	0.0613049094353969
766	0.0704637882109388	0.0613049729717812
767	0.0704638610492701	0.0613050363426563
768	0.070463933698108	0.0613050995486684
769	0.0704640061581911	0.0613051625904598
770	0.0704640784302541	0.0613052254686697
771	0.0704641505150277	0.061305288183934
772	0.0704642224132392	0.0613053507368853
773	0.0704642941256119	0.0613054131281529
774	0.0704643656528652	0.0613054753583628
775	0.0704644369957151	0.0613055374281379
776	0.0704645081548738	0.0613055993380978
777	0.0704645791310499	0.0613056610888589
778	0.0704646499249482	0.0613057226810346
779	0.07046472053727	0.0613057841152349
780	0.0704647909687129	0.0613058453920668
781	0.0704648612199711	0.0613059065121342
782	0.0704649312917352	0.061305967476038
783	0.0704650011846922	0.0613060282843758
784	0.0704650708995257	0.0613060889377425
785	0.0704651404369156	0.0613061494367295
786	0.0704652097975387	0.0613062097819257
787	0.070465278982068	0.0613062699739166
788	0.0704653479911733	0.0613063300132849
789	0.070465416825521	0.0613063899006105
790	0.0704654854857741	0.0613064496364701
791	0.0704655539725922	0.0613065092214377
792	0.0704656222866316	0.0613065686560841
793	0.0704656904285454	0.0613066279409777
794	0.0704657583989833	0.0613066870766835
795	0.0704658261985916	0.0613067460637642
796	0.0704658938280137	0.0613068049027792
797	0.0704659612878895	0.0613068635942854
798	0.0704660285788557	0.0613069221388367
799	0.070466095701546	0.0613069805369845
800	0.0704661626565909	0.0613070387892772
801	0.0704662294446175	0.0613070968962605
802	0.07046629606625	0.0613071548584775
803	0.0704663625221096	0.0613072126764685
804	0.0704664288128141	0.0613072703507712
805	0.0704664949389784	0.0613073278819205
806	0.0704665609012145	0.0613073852704487
807	0.0704666267001311	0.0613074425168856
808	0.070466692336334	0.0613074996217581
809	0.0704667578104261	0.0613075565855909
810	0.0704668231230072	0.0613076134089056
811	0.0704668882746741	0.0613076700922217
812	0.0704669532660209	0.0613077266360559
813	0.0704670180976385	0.0613077830409224
814	0.0704670827701151	0.0613078393073328
815	0.0704671472840358	0.0613078954357964
816	0.0704672116399833	0.0613079514268198
817	0.0704672758385367	0.0613080072809072
818	0.0704673398802731	0.0613080629985605
819	0.0704674037657661	0.0613081185802787
820	0.070467467495587	0.0613081740265589
821	0.0704675310703038	0.0613082293378954
822	0.0704675944904824	0.0613082845147803
823	0.0704676577566854	0.0613083395577032
824	0.0704677208694729	0.0611606633961463
825	0.0704677838294023	0.0611607180406133
826	0.0704678466370281	0.0611607725528924
827	0.0704679092929025	0.0611608269334626
828	0.0704679717975747	0.0611608811828007
829	0.0704680341515914	0.0611609353013812
830	0.0704680963554965	0.0611609892896762
831	0.0704681584098316	0.0611610431481557
832	0.0704682203151354	0.0611610968772873
833	0.0704682820719442	0.0611611504775365
834	0.0704683436807916	0.0611612039493663
835	0.0704684051422088	0.0611612572932379
836	0.0704684664567243	0.0611613105096098
837	0.0704685276248642	0.0611613635989387
838	0.070468588647152	0.0611614165616791
839	0.0704686495241087	0.061161469398283
840	0.0704687102562529	0.0611615221092006
841	0.0704687708441007	0.0611615746948798
842	0.0704688312881658	0.0611616271557665
843	0.0704688915889593	0.0611616794923043
844	0.0704689517469901	0.0611617317049348
845	0.0704690117627646	0.0611617837940976
846	0.0704690716367867	0.06116183576023
847	0.0704691313695581	0.0611618876037675
848	0.0704691909615781	0.0611619393251433
849	0.0704692504133434	0.0611619909247886
850	0.0704693097253488	0.0611620424031329
851	0.0704693688980864	0.0611620937606033
852	0.0704694279320462	0.061162144997625
853	0.0704694868277159	0.0611621961146213
854	0.0704695455855807	0.0611622471120134
855	0.0704696042061238	0.0611622979902206
856	0.070469662689826	0.0611623487496603
857	0.0704697210371659	0.0611623993907478
858	0.0704697792486199	0.0611624499138965
859	0.0704698373246621	0.0611625003195181
860	0.0704698952657644	0.061162550608022
861	0.0704699530723968	0.0611626007798161
862	0.0704700107450265	0.061162650835306
863	0.0704700682841192	0.0611627007748959
864	0.0704701256901381	0.0611627505989878
865	0.0704701829635442	0.0611628003079817
866	0.0704702401047965	0.0611628499022763
867	0.0704702971143521	0.0611628993822678
868	0.0704703539926655	0.0611629487483512
869	0.0704704107401896	0.0611629980009193
870	0.0704704673573748	0.061163047140363
871	0.0704705238446698	0.0611630961670719
872	0.0704705802025209	0.0611631450814333
873	0.0704706364313727	0.0611631938838329
874	0.0704706925316675	0.0611632425746548
875	0.0704707485038458	0.0611632911542812
876	0.0704708043483458	0.0611633396230926
877	0.070470860065604	0.0611633879814676
878	0.0704709156560547	0.0611634362297833
879	0.0704709711201304	0.0611634843684151
880	0.0704710264582614	0.0611635323977363
881	0.0704710816708764	0.0611635803181191
882	0.0704711367584018	0.0611636281299337
883	0.0704711917212623	0.0611636758335485
884	0.0704712465598806	0.0611637234293303
885	0.0704713012746774	0.0611637709176446
886	0.0704713558660718	0.0611638182988547
887	0.0704714103344806	0.0611638655733227
888	0.070471464680319	0.0611639127414089
889	0.0704715189040002	0.0611639598034719
890	0.0704715730059357	0.0611640067598688
891	0.0704716269865351	0.061164053610955
892	0.0704716808462061	0.0611641003570846
893	0.0704717345853546	0.0611641469986097
894	0.0704717882043847	0.061164193535881
895	0.0704718417036985	0.0611642399692478
896	0.0704718950836968	0.0611642862990576
897	0.0704719483447781	0.0611643325256565
898	0.0704720014873394	0.0611643786493889
899	0.0704720545117758	0.0611644246705979
900	0.0704721074184808	0.0610167303225002
901	0.0704721602078461	0.0610167760290156
902	0.0704722128802615	0.0610168216342726
903	0.0704722654361153	0.0610168671386072
904	0.070472317875794	0.0610169125423541
905	0.0704723701996823	0.0610169578458465
906	0.0704724224081634	0.0610170030494161
907	0.0704724745016186	0.061017048153393
908	0.0704725264804277	0.0610170931581061
909	0.0704725783449687	0.0610171380638827
910	0.0704726300956179	0.0610171828710487
911	0.0704726817327502	0.0610172275799284
912	0.0704727332567387	0.061017272190845
913	0.0704727846679547	0.0610173167041201
914	0.0704728359667682	0.0610173611200739
915	0.0704728871535473	0.0610174054390253
916	0.0704729382286587	0.0610174496612915
917	0.0704729891924674	0.0610174937871888
918	0.0704730400453369	0.0610175378170317
919	0.0704730907876289	0.0610175817511336
920	0.0704731414197037	0.0610176255898064
921	0.0704731919419201	0.0610176693333606
922	0.0704732423546353	0.0610177129821056
923	0.0704732926582047	0.0610177565363492
924	0.0704733428529826	0.0610177999963979
925	0.0704733929393214	0.0610178433625571
926	0.0704734429175723	0.0610178866351307
927	0.0704734927880845	0.0610179298144212
928	0.0704735425512064	0.06101797290073
929	0.0704735922072841	0.0610180158943571
930	0.0704736417566629	0.0610180587956013
931	0.0704736911996863	0.0610181016047598
932	0.0704737405366962	0.061018144322129
933	0.0704737897680334	0.0610181869480038
934	0.070473838894037	0.0610182294826777
935	0.0704738879150446	0.0610182719264432
936	0.0704739368313925	0.0610183142795914
937	0.0704739856434154	0.0610183565424121
938	0.0704740343514469	0.0610183987151941
939	0.0704740829558189	0.0610184407982247
940	0.0704741314568619	0.0610184827917903
941	0.070474179854905	0.0610185246961756
942	0.0704742281502761	0.0610185665116646
943	0.0704742763433015	0.0610186082385399
944	0.0704743244343062	0.0610186498770827
945	0.0704743724236138	0.0610186914275734
946	0.0704744203115465	0.0610187328902908
947	0.0704744680984253	0.0610187742655129
948	0.0704745157845696	0.0610188155535162
949	0.0704745633702977	0.0610188567545764
950	0.0704746108559263	0.0610188978689677
951	0.0704746582417711	0.0610189388969633
952	0.0704747055281462	0.0610189798388352
953	0.0704747527153645	0.0610190206948544
954	0.0704747998037375	0.0610190614652905
955	0.0704748467935755	0.0610191021504123
956	0.0704748936851875	0.0610191427504873
957	0.070474940478881	0.0610191832657817
958	0.0704749871749627	0.061019223696561
959	0.0704750337737374	0.0610192640430892
960	0.0704750802755091	0.0610193043056295
961	0.0704751266805804	0.0610193444844438
962	0.0704751729892525	0.061019384579793
963	0.0704752192018256	0.061019424591937
964	0.0704752653185984	0.0610194645211345
965	0.0704753113398685	0.061019504367643
966	0.0704753572659324	0.0610195441317193
967	0.0704754030970851	0.0610195838136188
968	0.0704754488336206	0.061019623413596
969	0.0704754944758315	0.0610196629319044
970	0.0704755400240094	0.0610197023687964
971	0.0704755854784444	0.0610197417245232
972	0.0704756308394258	0.0610197809993352
973	0.0704756761072415	0.0610198201934816
974	0.0704757212821782	0.0610198593072109
975	0.0704757663645214	0.0610198983407701
976	0.0704758113545555	0.0610199372944055
977	0.0704758562525637	0.0610199761683623
978	0.0704759010588282	0.0610200149628848
979	0.0704759457736298	0.0610200536782162
980	0.0704759903972483	0.0610200923145987
981	0.0704760349299624	0.0608723823713721
982	0.0704760793720494	0.0608724207574096
983	0.0704761237237859	0.0608724590654083
984	0.070476167985447	0.0608724972956062
985	0.0704762121573068	0.0608725354482398
986	0.0704762562396384	0.0608725735235451
987	0.0704763002327137	0.0608726115217569
988	0.0704763441368035	0.0608726494431091
989	0.0704763879521775	0.0608726872878346
990	0.0704764316791043	0.0608727250561656
991	0.0704764753178515	0.060872762748333
992	0.0704765188686856	0.060872800364567
993	0.0704765623318719	0.0608728379050969
994	0.0704766057076748	0.060872875370151
995	0.0704766489963575	0.0608729127599566
996	0.0704766921981823	0.0608729500747402
997	0.0704767353134102	0.0608729873147275
998	0.0704767783423015	0.060873024480143
999	0.0704768212851151	0.0608730615712105
1000	0.0704276140623453	0.0609103689187851
1001	0.0704769069135406	0.0608731355311923
