0	-0.0219542497565946
0.00100066711140761	-0.0219542497565946
0.00200133422281521	-0.0219542497565946
0.00300200133422282	-0.0219542497565946
0.00400266844563042	-0.0219542497565946
0.00500333555703803	-0.0219542497565946
0.00600400266844563	-0.0219542497565946
0.00700466977985324	-0.0219542497565946
0.00800533689126084	-0.0219542497565946
0.00900600400266845	-0.0219542497565946
0.0100066711140761	-0.0219542497565946
0.0110073382254837	-0.0219542497565946
0.0120080053368913	-0.0219542497565946
0.0130086724482989	-0.0219542497565946
0.0140093395597065	-0.0219542497565946
0.0150100066711141	-0.0219542497565946
0.0160106737825217	-0.0219542497565946
0.0170113408939293	-0.0219542497565946
0.0180120080053369	-0.0219542497565946
0.0190126751167445	-0.0219542497565946
0.0200133422281521	-0.0219542497565946
0.0210140093395597	-0.0219542497565946
0.0220146764509673	-0.0219542497565946
0.0230153435623749	-0.0219542497565946
0.0240160106737825	-0.0219542497565946
0.0250166777851901	-0.0219542497565946
0.0260173448965977	-0.0219542497565946
0.0270180120080053	-0.0219542497565946
0.0280186791194129	-0.0219542497565946
0.0290193462308205	-0.0219542497565946
0.0300200133422282	-0.0219542497565946
0.0310206804536358	-0.0219542497565946
0.0320213475650434	-0.0219542497565946
0.033022014676451	-0.0219542497565946
0.0340226817878586	-0.0219542497565946
0.0350233488992662	-0.0219542497565946
0.0360240160106738	-0.0219542497565946
0.0370246831220814	-0.0219542497565946
0.038025350233489	-0.0219542497565946
0.0390260173448966	-0.0219542497565946
0.0400266844563042	-0.0219542497565946
0.0410273515677118	-0.0219542497565946
0.0420280186791194	-0.0219542497565946
0.043028685790527	-0.0219542497565946
0.0440293529019346	-0.0219542497565946
0.0450300200133422	-0.0219542497565946
0.0460306871247498	-0.0219542497565946
0.0470313542361574	-0.0219542497565946
0.048032021347565	-0.0219542497565946
0.0490326884589726	-0.0219542497565946
0.0500333555703803	-0.0219542497565946
0.0510340226817879	-0.0219542497565946
0.0520346897931955	-0.0219542497565946
0.0530353569046031	-0.0219542497565946
0.0540360240160107	-0.0219542497565946
0.0550366911274183	-0.0219542497565946
0.0560373582388259	-0.0219542497565946
0.0570380253502335	-0.0219542497565945
0.0580386924616411	-0.0219542497565945
0.0590393595730487	-0.0219542497565945
0.0600400266844563	-0.0219542497565945
0.0610406937958639	-0.0219542497565945
0.0620413609072715	-0.0219542497565945
0.0630420280186791	-0.0219542497565945
0.0640426951300867	-0.0219542497565945
0.0650433622414943	-0.0219542497565945
0.0660440293529019	-0.0219542497565945
0.0670446964643095	-0.0219542497565945
0.0680453635757171	-0.0219542497565945
0.0690460306871248	-0.0219542497565945
0.0700466977985324	-0.0219542497565945
0.07104736490994	-0.0219542497565945
0.0720480320213476	-0.0219542497565945
0.0730486991327552	-0.0219542497565945
0.0740493662441628	-0.0219542497565945
0.0750500333555704	-0.0219542497565944
0.076050700466978	-0.0219542497565944
0.0770513675783856	-0.0219542497565944
0.0780520346897932	-0.0219542497565944
0.0790527018012008	-0.0219542497565944
0.0800533689126084	-0.0219542497565944
0.081054036024016	-0.0219542497565944
0.0820547031354236	-0.0219542497565944
0.0830553702468312	-0.0219542497565944
0.0840560373582388	-0.0219542497565944
0.0850567044696464	-0.0219542497565943
0.086057371581054	-0.0219542497565943
0.0870580386924616	-0.0219542497565943
0.0880587058038692	-0.0219542497565943
0.0890593729152769	-0.0219542497565943
0.0900600400266845	-0.0219542497565943
0.0910607071380921	-0.0219542497565943
0.0920613742494997	-0.0219542497565943
0.0930620413609073	-0.0219542497565942
0.0940627084723149	-0.0219542497565942
0.0950633755837225	-0.0219542497565942
0.0960640426951301	-0.0219542497565942
0.0970647098065377	-0.0219542497565942
0.0980653769179453	-0.0219542497565941
0.0990660440293529	-0.0219542497565941
0.100066711140761	-0.0219542497565941
0.101067378252168	-0.0219542497565941
0.102068045363576	-0.0219542497565941
0.103068712474983	-0.021954249756594
0.104069379586391	-0.021954249756594
0.105070046697799	-0.021954249756594
0.106070713809206	-0.021954249756594
0.107071380920614	-0.0219542497565939
0.108072048032021	-0.0219542497565939
0.109072715143429	-0.0219542497565939
0.110073382254837	-0.0219542497565938
0.111074049366244	-0.0219542497565938
0.112074716477652	-0.0219542497565938
0.113075383589059	-0.0219542497565938
0.114076050700467	-0.0219542497565937
0.115076717811875	-0.0219542497565937
0.116077384923282	-0.0219542497565936
0.11707805203469	-0.0219542497565936
0.118078719146097	-0.0219542497565936
0.119079386257505	-0.0219542497565935
0.120080053368913	-0.0219542497565935
0.12108072048032	-0.0219542497565934
0.122081387591728	-0.0219542497565934
0.123082054703135	-0.0219542497565933
0.124082721814543	-0.0219542497565933
0.125083388925951	-0.0219542497565932
0.126084056037358	-0.0219542497565932
0.127084723148766	-0.0219542497565931
0.128085390260173	-0.021954249756593
0.129086057371581	-0.021954249756593
0.130086724482989	-0.0219542497565929
0.131087391594396	-0.0219542497565928
0.132088058705804	-0.0219542497565928
0.133088725817211	-0.0219542497565927
0.134089392928619	-0.0219542497565926
0.135090060040027	-0.0219542497565925
0.136090727151434	-0.0219542497565925
0.137091394262842	-0.0219542497565924
0.13809206137425	-0.0219542497565923
0.139092728485657	-0.0219542497565922
0.140093395597065	-0.0219542497565921
0.141094062708472	-0.021954249756592
0.14209472981988	-0.0219542497565919
0.143095396931288	-0.0219542497565918
0.144096064042695	-0.0219542497565917
0.145096731154103	-0.0219542497565915
0.14609739826551	-0.0219542497565914
0.147098065376918	-0.0219542497565913
0.148098732488326	-0.0219542497565912
0.149099399599733	-0.021954249756591
0.150100066711141	-0.0219542497565909
0.151100733822548	-0.0219542497565907
0.152101400933956	-0.0219542497565906
0.153102068045364	-0.0219542497565904
0.154102735156771	-0.0219542497565902
0.155103402268179	-0.0219542497565901
0.156104069379586	-0.0219542497565899
0.157104736490994	-0.0219542497565897
0.158105403602402	-0.0219542497565895
0.159106070713809	-0.0219542497565893
0.160106737825217	-0.0219542497565891
0.161107404936624	-0.0219542497565889
0.162108072048032	-0.0219542497565886
0.16310873915944	-0.0219542497565884
0.164109406270847	-0.0219542497565882
0.165110073382255	-0.0219542497565879
0.166110740493662	-0.0219542497565876
0.16711140760507	-0.0219542497565874
0.168112074716478	-0.0219542497565871
0.169112741827885	-0.0219542497565868
0.170113408939293	-0.0219542497565865
0.1711140760507	-0.0219542497565861
0.172114743162108	-0.0219542497565858
0.173115410273516	-0.0219542497565855
0.174116077384923	-0.0219542497565851
0.175116744496331	-0.0219542497565847
0.176117411607738	-0.0219542497565843
0.177118078719146	-0.0219542497565839
0.178118745830554	-0.0219542497565835
0.179119412941961	-0.0219542497565831
0.180120080053369	-0.0219542497565826
0.181120747164777	-0.0219542497565821
0.182121414276184	-0.0219542497565816
0.183122081387592	-0.0219542497565811
0.184122748498999	-0.0219542497565806
0.185123415610407	-0.02195424975658
0.186124082721815	-0.0219542497565794
0.187124749833222	-0.0219542497565788
0.18812541694463	-0.0219542497565782
0.189126084056037	-0.0219542497565776
0.190126751167445	-0.0219542497565769
0.191127418278853	-0.0219542497565762
0.19212808539026	-0.0219542497565755
0.193128752501668	-0.0219542497565747
0.194129419613075	-0.0219542497565739
0.195130086724483	-0.0219542497565731
0.196130753835891	-0.0219542497565723
0.197131420947298	-0.0219542497565714
0.198132088058706	-0.0219542497565705
0.199132755170113	-0.0219542497565695
0.200133422281521	-0.0219542497565685
0.201134089392929	-0.0219542497565675
0.202134756504336	-0.0219542497565664
0.203135423615744	-0.0219542497565653
0.204136090727151	-0.0219542497565641
0.205136757838559	-0.0219542497565629
0.206137424949967	-0.0219542497565617
0.207138092061374	-0.0219542497565604
0.208138759172782	-0.021954249756559
0.209139426284189	-0.0219542497565576
0.210140093395597	-0.0219542497565562
0.211140760507005	-0.0219542497565546
0.212141427618412	-0.0219542497565531
0.21314209472982	-0.0219542497565514
0.214142761841227	-0.0219542497565497
0.215143428952635	-0.021954249756548
0.216144096064043	-0.0219542497565461
0.21714476317545	-0.0219542497565442
0.218145430286858	-0.0219542497565422
0.219146097398266	-0.0219542497565401
0.220146764509673	-0.021954249756538
0.221147431621081	-0.0219542497565357
0.222148098732488	-0.0219542497565334
0.223148765843896	-0.021954249756531
0.224149432955304	-0.0219542497565285
0.225150100066711	-0.0219542497565259
0.226150767178119	-0.0219542497565232
0.227151434289526	-0.0219542497565204
0.228152101400934	-0.0219542497565174
0.229152768512342	-0.0219542497565144
0.230153435623749	-0.0219542497565112
0.231154102735157	-0.0219542497565079
0.232154769846564	-0.0219542497565045
0.233155436957972	-0.0219542497565009
0.23415610406938	-0.0219542497564972
0.235156771180787	-0.0219542497564934
0.236157438292195	-0.0219542497564894
0.237158105403602	-0.0219542497564852
0.23815877251501	-0.0219542497564809
0.239159439626418	-0.0219542497564764
0.240160106737825	-0.0219542497564718
0.241160773849233	-0.0219542497564669
0.24216144096064	-0.0219542497564619
0.243162108072048	-0.0219542497564567
0.244162775183456	-0.0219542497564512
0.245163442294863	-0.0219542497564456
0.246164109406271	-0.0219542497564397
0.247164776517678	-0.0219542497564336
0.248165443629086	-0.0219542497564272
0.249166110740494	-0.0219542497564206
0.250166777851901	-0.0219542497564137
0.251167444963309	-0.0219542497564066
0.252168112074716	-0.0219542497563992
0.253168779186124	-0.0219542497563915
0.254169446297532	-0.0219542497563834
0.255170113408939	-0.0219542497563751
0.256170780520347	-0.0219542497563665
0.257171447631754	-0.0219542497563574
0.258172114743162	-0.0219542497563481
0.25917278185457	-0.0219542497563384
0.260173448965977	-0.0219542497563283
0.261174116077385	-0.0219542497563177
0.262174783188793	-0.0219542497563068
0.2631754503002	-0.0219542497562955
0.264176117411608	-0.0219542497562837
0.265176784523015	-0.0219542497562714
0.266177451634423	-0.0219542497562586
0.267178118745831	-0.0219542497562454
0.268178785857238	-0.0219542497562316
0.269179452968646	-0.0219542497562173
0.270180120080053	-0.0219542497562024
0.271180787191461	-0.0219542497561869
0.272181454302869	-0.0219542497561708
0.273182121414276	-0.0219542497561541
0.274182788525684	-0.0219542497561367
0.275183455637091	-0.0219542497561187
0.276184122748499	-0.0219542497560999
0.277184789859907	-0.0219542497560804
0.278185456971314	-0.0219542497560601
0.279186124082722	-0.021954249756039
0.280186791194129	-0.0219542497560171
0.281187458305537	-0.0219542497559943
0.282188125416945	-0.0219542497559706
0.283188792528352	-0.021954249755946
0.28418945963976	-0.0219542497559204
0.285190126751167	-0.0219542497558938
0.286190793862575	-0.0219542497558661
0.287191460973983	-0.0219542497558374
0.28819212808539	-0.0219542497558075
0.289192795196798	-0.0219542497557765
0.290193462308205	-0.0219542497557442
0.291194129419613	-0.0219542497557106
0.292194796531021	-0.0219542497556757
0.293195463642428	-0.0219542497556395
0.294196130753836	-0.0219542497556018
0.295196797865243	-0.0219542497555626
0.296197464976651	-0.0219542497555219
0.297198132088059	-0.0219542497554796
0.298198799199466	-0.0219542497554356
0.299199466310874	-0.0219542497553899
0.300200133422282	-0.0219542497553423
0.301200800533689	-0.0219542497552929
0.302201467645097	-0.0219542497552416
0.303202134756504	-0.0219542497551882
0.304202801867912	-0.0219542497551327
0.30520346897932	-0.021954249755075
0.306204136090727	-0.0219542497550151
0.307204803202135	-0.0219542497549528
0.308205470313542	-0.021954249754888
0.30920613742495	-0.0219542497548207
0.310206804536358	-0.0219542497547507
0.311207471647765	-0.0219542497546779
0.312208138759173	-0.0219542497546023
0.31320880587058	-0.0219542497545237
0.314209472981988	-0.021954249754442
0.315210140093396	-0.0219542497543571
0.316210807204803	-0.0219542497542688
0.317211474316211	-0.0219542497541771
0.318212141427618	-0.0219542497540817
0.319212808539026	-0.0219542497539825
0.320213475650434	-0.0219542497538795
0.321214142761841	-0.0219542497537724
0.322214809873249	-0.021954249753661
0.323215476984656	-0.0219542497535453
0.324216144096064	-0.021954249753425
0.325216811207472	-0.0219542497532999
0.326217478318879	-0.02195424975317
0.327218145430287	-0.0219542497530348
0.328218812541694	-0.0219542497528944
0.329219479653102	-0.0219542497527484
0.33022014676451	-0.0219542497525967
0.331220813875917	-0.021954249752439
0.332221480987325	-0.021954249752275
0.333222148098732	-0.0219542497521046
0.33422281521014	-0.0219542497519274
0.335223482321548	-0.0219542497517433
0.336224149432955	-0.0219542497515519
0.337224816544363	-0.021954249751353
0.33822548365577	-0.0219542497511462
0.339226150767178	-0.0219542497509312
0.340226817878586	-0.0219542497507078
0.341227484989993	-0.0219542497504756
0.342228152101401	-0.0219542497502341
0.343228819212809	-0.0219542497499832
0.344229486324216	-0.0219542497497224
0.345230153435624	-0.0219542497494513
0.346230820547031	-0.0219542497491694
0.347231487658439	-0.0219542497488765
0.348232154769847	-0.021954249748572
0.349232821881254	-0.0219542497482555
0.350233488992662	-0.0219542497479265
0.351234156104069	-0.0219542497475845
0.352234823215477	-0.0219542497472291
0.353235490326885	-0.0219542497468596
0.354236157438292	-0.0219542497464755
0.3552368245497	-0.0219542497460763
0.356237491661107	-0.0219542497456613
0.357238158772515	-0.02195424974523
0.358238825883923	-0.0219542497447816
0.35923949299533	-0.0219542497443156
0.360240160106738	-0.0219542497438311
0.361240827218145	-0.0219542497433276
0.362241494329553	-0.0219542497428042
0.363242161440961	-0.0219542497422601
0.364242828552368	-0.0219542497416946
0.365243495663776	-0.0219542497411068
0.366244162775183	-0.0219542497404958
0.367244829886591	-0.0219542497398606
0.368245496997999	-0.0219542497392004
0.369246164109406	-0.0219542497385142
0.370246831220814	-0.0219542497378009
0.371247498332221	-0.0219542497370595
0.372248165443629	-0.0219542497362888
0.373248832555037	-0.0219542497354877
0.374249499666444	-0.0219542497346549
0.375250166777852	-0.0219542497337894
0.37625083388926	-0.0219542497328897
0.377251501000667	-0.0219542497319545
0.378252168112075	-0.0219542497309824
0.379252835223482	-0.0219542497299719
0.38025350233489	-0.0219542497289216
0.381254169446298	-0.0219542497278299
0.382254836557705	-0.021954249726695
0.383255503669113	-0.0219542497255154
0.38425617078052	-0.0219542497242893
0.385256837891928	-0.0219542497230148
0.386257505003336	-0.02195424972169
0.387258172114743	-0.021954249720313
0.388258839226151	-0.0219542497188816
0.389259506337558	-0.0219542497173938
0.390260173448966	-0.0219542497158472
0.391260840560374	-0.0219542497142396
0.392261507671781	-0.0219542497125687
0.393262174783189	-0.0219542497108318
0.394262841894596	-0.0219542497090263
0.395263509006004	-0.0219542497071497
0.396264176117412	-0.021954249705199
0.397264843228819	-0.0219542497031713
0.398265510340227	-0.0219542497010637
0.399266177451634	-0.0219542496988729
0.400266844563042	-0.0219542496965957
0.40126751167445	-0.0219542496942286
0.402268178785857	-0.0219542496917682
0.403268845897265	-0.0219542496892106
0.404269513008672	-0.0219542496865522
0.40527018012008	-0.0219542496837889
0.406270847231488	-0.0219542496809166
0.407271514342895	-0.021954249677931
0.408272181454303	-0.0219542496748276
0.409272848565711	-0.0219542496716017
0.410273515677118	-0.0219542496682486
0.411274182788526	-0.0219542496647632
0.412274849899933	-0.0219542496611403
0.413275517011341	-0.0219542496573744
0.414276184122749	-0.02195424965346
0.415276851234156	-0.0219542496493912
0.416277518345564	-0.0219542496451618
0.417278185456971	-0.0219542496407656
0.418278852568379	-0.0219542496361959
0.419279519679787	-0.021954249631446
0.420280186791194	-0.0219542496265086
0.421280853902602	-0.0219542496213765
0.422281521014009	-0.0219542496160419
0.423282188125417	-0.0219542496104969
0.424282855236825	-0.021954249604733
0.425283522348232	-0.0219542495987418
0.42628418945964	-0.0219542495925143
0.427284856571047	-0.021954249586041
0.428285523682455	-0.0219542495793123
0.429286190793863	-0.0219542495723182
0.43028685790527	-0.0219542495650482
0.431287525016678	-0.0219542495574914
0.432288192128085	-0.0219542495496364
0.433288859239493	-0.0219542495414715
0.434289526350901	-0.0219542495329845
0.435290193462308	-0.0219542495241627
0.436290860573716	-0.0219542495149929
0.437291527685123	-0.0219542495054613
0.438292194796531	-0.0219542494955536
0.439292861907939	-0.0219542494852551
0.440293529019346	-0.0219542494745502
0.441294196130754	-0.0219542494634231
0.442294863242161	-0.021954249451857
0.443295530353569	-0.0219542494398345
0.444296197464977	-0.0219542494273378
0.445296864576384	-0.021954249414348
0.446297531687792	-0.0219542494008458
0.447298198799199	-0.0219542493868108
0.448298865910607	-0.0219542493722222
0.449299533022015	-0.021954249357058
0.450300200133422	-0.0219542493412956
0.45130086724483	-0.0219542493249113
0.452301534356237	-0.0219542493078807
0.453302201467645	-0.0219542492901781
0.454302868579053	-0.0219542492717772
0.45530353569046	-0.0219542492526502
0.456304202801868	-0.0219542492327688
0.457304869913276	-0.0219542492121029
0.458305537024683	-0.0219542491906217
0.459306204136091	-0.0219542491682931
0.460306871247498	-0.0219542491450836
0.461307538358906	-0.0219542491209584
0.462308205470314	-0.0219542490958814
0.463308872581721	-0.0219542490698151
0.464309539693129	-0.0219542490427204
0.465310206804536	-0.0219542490145568
0.466310873915944	-0.0219542489852821
0.467311541027352	-0.0219542489548525
0.468312208138759	-0.0219542489232223
0.469312875250167	-0.0219542488903443
0.470313542361574	-0.0219542488561692
0.471314209472982	-0.0219542488206458
0.47231487658439	-0.021954248783721
0.473315543695797	-0.0219542487453394
0.474316210807205	-0.0219542487054436
0.475316877918612	-0.0219542486639738
0.47631754503002	-0.021954248620868
0.477318212141428	-0.0219542485760616
0.478318879252835	-0.0219542485294875
0.479319546364243	-0.0219542484810759
0.48032021347565	-0.0219542484307545
0.481320880587058	-0.0219542483784477
0.482321547698466	-0.0219542483240774
0.483322214809873	-0.021954248267562
0.484322881921281	-0.0219542482088171
0.485323549032688	-0.0219542481477545
0.486324216144096	-0.0219542480842829
0.487324883255504	-0.0219542480183073
0.488325550366911	-0.0219542479497288
0.489326217478319	-0.0219542478784447
0.490326884589727	-0.0219542478043484
0.491327551701134	-0.0219542477273288
0.492328218812542	-0.0219542476472707
0.493328885923949	-0.0219542475640541
0.494329553035357	-0.0219542474775545
0.495330220146765	-0.0219542473876424
0.496330887258172	-0.021954247294183
0.49733155436958	-0.0219542471970365
0.498332221480987	-0.0219542470960574
0.499332888592395	-0.0219542469910945
0.500333555703803	-0.0219542468819906
0.50133422281521	-0.0219542467685824
0.502334889926618	-0.0219542466507001
0.503335557038025	-0.021954246528167
0.504336224149433	-0.0219542464007999
0.505336891260841	-0.0219542462684078
0.506337558372248	-0.0219542461307927
0.507338225483656	-0.0219542459877484
0.508338892595063	-0.0219542458390607
0.509339559706471	-0.0219542456845071
0.510340226817879	-0.0219542455238561
0.511340893929286	-0.021954245356867
0.512341561040694	-0.02195424518329
0.513342228152101	-0.0219542450028651
0.514342895263509	-0.021954244815322
0.515343562374917	-0.0219542446203801
0.516344229486324	-0.0219542444177473
0.517344896597732	-0.0219542442071204
0.518345563709139	-0.0219542439881838
0.519346230820547	-0.0219542437606098
0.520346897931955	-0.0219542435240576
0.521347565043362	-0.021954243278173
0.52234823215477	-0.0219542430225878
0.523348899266177	-0.0219542427569193
0.524349566377585	-0.0219542424807698
0.525350233488993	-0.0219542421937256
0.5263509006004	-0.0219542418953571
0.527351567711808	-0.0219542415852173
0.528352234823215	-0.021954241262842
0.529352901934623	-0.0219542409277485
0.530353569046031	-0.0219542405794349
0.531354236157438	-0.0219542402173797
0.532354903268846	-0.0219542398410408
0.533355570380253	-0.0219542394498547
0.534356237491661	-0.0219542390432356
0.535356904603069	-0.0219542386205747
0.536357571714476	-0.021954238181239
0.537358238825884	-0.0219542377245707
0.538358905937292	-0.0219542372498861
0.539359573048699	-0.0219542367564744
0.540360240160107	-0.0219542362435966
0.541360907271514	-0.021954235710485
0.542361574382922	-0.0219542351563411
0.54336224149433	-0.0219542345803353
0.544362908605737	-0.021954233981605
0.545363575717145	-0.0219542333592538
0.546364242828552	-0.0219542327123497
0.54736490993996	-0.0219542320399241
0.548365577051368	-0.0219542313409702
0.549366244162775	-0.0219542306144412
0.550366911274183	-0.0219542298592494
0.55136757838559	-0.021954229074264
0.552368245496998	-0.0219542282583095
0.553368912608406	-0.0219542274101641
0.554369579719813	-0.021954226528558
0.555370246831221	-0.0219542256121708
0.556370913942628	-0.0219542246596307
0.557371581054036	-0.0219542236695111
0.558372248165444	-0.0219542226403295
0.559372915276851	-0.0219542215705449
0.560373582388259	-0.0219542204585554
0.561374249499666	-0.021954219302696
0.562374916611074	-0.0219542181012358
0.563375583722482	-0.021954216852376
0.564376250833889	-0.0219542155542464
0.565376917945297	-0.0219542142049033
0.566377585056704	-0.0219542128023262
0.567378252168112	-0.021954211344415
0.56837891927952	-0.0219542098289866
0.569379586390927	-0.0219542082537719
0.570380253502335	-0.0219542066164121
0.571380920613742	-0.0219542049144557
0.57238158772515	-0.021954203145354
0.573382254836558	-0.0219542013064582
0.574382921947965	-0.0219541993950147
0.575383589059373	-0.0219541974081613
0.57638425617078	-0.0219541953429231
0.577384923282188	-0.0219541931962075
0.578385590393596	-0.0219541909648003
0.579386257505003	-0.0219541886453601
0.580386924616411	-0.0219541862344138
0.581387591727819	-0.0219541837283515
0.582388258839226	-0.0219541811234206
0.583388925950634	-0.0219541784157205
0.584389593062041	-0.0219541756011969
0.585390260173449	-0.0219541726756354
0.586390927284857	-0.0219541696346553
0.587391594396264	-0.0219541664737032
0.588392261507672	-0.0219541631880459
0.589392928619079	-0.0219541597727636
0.590393595730487	-0.0219541562227424
0.591394262841895	-0.0219541525326666
0.592394929953302	-0.0219541486970108
0.59339559706471	-0.0219541447100315
0.594396264176117	-0.0219541405657589
0.595396931287525	-0.0219541362579874
0.596397598398933	-0.0219541317802667
0.59739826551034	-0.021954127125892
0.598398932621748	-0.021954122287894
0.599399599733155	-0.0219541172590285
0.600400266844563	-0.0219541120317653
0.601400933955971	-0.0219541065982773
0.602401601067378	-0.0219541009504286
0.603402268178786	-0.0219540950797623
0.604402935290194	-0.0219540889774878
0.605403602401601	-0.0219540826344678
0.606404269513009	-0.0219540760412045
0.607404936624416	-0.0219540691878253
0.608405603735824	-0.0219540620640681
0.609406270847232	-0.0219540546592661
0.610406937958639	-0.0219540469623316
0.611407605070047	-0.0219540389617395
0.612408272181454	-0.0219540306455098
0.613408939292862	-0.0219540220011902
0.61440960640427	-0.0219540130158369
0.615410273515677	-0.0219540036759955
0.616410940627085	-0.0219539939676808
0.617411607738492	-0.021953983876356
0.6184122748499	-0.0219539733869106
0.619412941961308	-0.021953962483638
0.620413609072715	-0.021953951150212
0.621414276184123	-0.0219539393696624
0.62241494329553	-0.0219539271243492
0.623415610406938	-0.0219539143959368
0.624416277518346	-0.021953901165366
0.625416944629753	-0.0219538874128258
0.626417611741161	-0.0219538731177236
0.627418278852568	-0.0219538582586543
0.628418945963976	-0.0219538428133685
0.629419613075384	-0.0219538267587389
0.630420280186791	-0.0219538100707257
0.631420947298199	-0.0219537927243409
0.632421614409606	-0.0219537746936106
0.633422281521014	-0.0219537559515361
0.634422948632422	-0.0219537364700536
0.635423615743829	-0.0219537162199922
0.636424282855237	-0.02195369517103
0.637424949966644	-0.0219536732916491
0.638425617078052	-0.021953650549088
0.63942628418946	-0.0219536269092926
0.640426951300867	-0.0219536023368655
0.641427618412275	-0.0219535767950127
0.642428285523682	-0.0219535502454887
0.64342895263509	-0.021953522648539
0.644429619746498	-0.0219534939628409
0.645430286857905	-0.0219534641454412
0.646430953969313	-0.0219534331516924
0.64743162108072	-0.0219534009351855
0.648432288192128	-0.0219533674476804
0.649432955303536	-0.021953332639034
0.650433622414943	-0.021953296457125
0.651434289526351	-0.0219532588477758
0.652434956637759	-0.0219532197546712
0.653435623749166	-0.0219531791192745
0.654436290860574	-0.0219531368807396
0.655436957971981	-0.0219530929758198
0.656437625083389	-0.0219530473387734
0.657438292194797	-0.0219529999012647
0.658438959306204	-0.0219529505922626
0.659439626417612	-0.021952899337933
0.660440293529019	-0.0219528460615296
0.661440960640427	-0.0219527906832779
0.662441627751835	-0.0219527331202563
0.663442294863242	-0.0219526732862717
0.66444296197465	-0.0219526110917307
0.665443629086057	-0.0219525464435051
0.666444296197465	-0.0219524792447926
0.667444963308873	-0.0219524093949722
0.66844563042028	-0.0219523367894529
0.669446297531688	-0.0219522613195175
0.670446964643095	-0.0219521828721598
0.671447631754503	-0.0219521013299151
0.672448298865911	-0.0219520165706847
0.673448965977318	-0.0219519284675528
0.674449633088726	-0.0219518368885967
0.675450300200133	-0.0219517416966888
0.676450967311541	-0.0219516427492919
0.677451634422949	-0.0219515398982453
0.678452301534356	-0.021951432989543
0.679452968645764	-0.0219513218631035
0.680453635757171	-0.0219512063525295
0.681454302868579	-0.0219510862848591
0.682454969979987	-0.021950961480307
0.683455637091394	-0.0219508317519946
0.684456304202802	-0.0219506969056709
0.685456971314209	-0.0219505567394214
0.686457638425617	-0.0219504110433656
0.687458305537025	-0.0219502595993428
0.688458972648432	-0.0219501021805856
0.68945963975984	-0.0219499385513802
0.690460306871247	-0.0219497684667133
0.691460973982655	-0.0219495916719057
0.692461641094063	-0.0219494079022304
0.69346230820547	-0.0219492168825165
0.694462975316878	-0.0219490183267373
0.695463642428286	-0.0219488119375816
0.696464309539693	-0.0219485974060088
0.697464976651101	-0.0219483744107862
0.698465643762508	-0.0219481426180079
0.699466310873916	-0.0219479016805948
0.700466977985324	-0.0219476512377748
0.701467645096731	-0.0219473909145428
0.702468312208139	-0.0219471203210991
0.703468979319546	-0.0219468390522658
0.704469646430954	-0.0219465466868797
0.705470313542362	-0.0219462427871624
0.706470980653769	-0.0219459268980639
0.707471647765177	-0.0219455985465822
0.708472314876584	-0.021945257241054
0.709472981987992	-0.0219449024704194
0.7104736490994	-0.0219445337034561
0.711474316210807	-0.0219441503879842
0.712474983322215	-0.0219437519500394
0.713475650433622	-0.0219433377930133
0.71447631754503	-0.0219429072967603
0.715476984656438	-0.0219424598166692
0.716477651767845	-0.0219419946826975
0.717478318879253	-0.0219415111983684
0.71847898599066	-0.0219410086397277
0.719479653102068	-0.0219404862542603
0.720480320213476	-0.0219399432597628
0.721480987324883	-0.0219393788431725
0.722481654436291	-0.0219387921593499
0.723482321547698	-0.0219381823298134
0.724482988659106	-0.0219375484414237
0.725483655770514	-0.0219368895450164
0.726484322881921	-0.0219362046539812
0.727484989993329	-0.0219354927427838
0.728485657104736	-0.0219347527454313
0.729486324216144	-0.021933983553875
0.730486991327552	-0.0219331840163521
0.731487658438959	-0.0219323529356606
0.732488325550367	-0.0219314890673666
0.733488992661774	-0.0219305911179414
0.734489659773182	-0.0219296577428239
0.73549032688459	-0.0219286875444081
0.736490993995997	-0.0219276790699497
0.737491661107405	-0.0219266308093912
0.738492328218812	-0.0219255411931007
0.73949299533022	-0.0219244085895212
0.740493662441628	-0.0219232313027284
0.741494329553035	-0.0219220075698905
0.742494996664443	-0.0219207355586289
0.743495663775851	-0.0219194133642744
0.744496330887258	-0.0219180390070153
0.745496997998666	-0.0219166104289329
0.746497665110073	-0.0219151254909196
0.747498332221481	-0.0219135819694768
0.748498999332889	-0.0219119775533845
0.749499666444296	-0.0219103098402412
0.750500333555704	-0.0219085763328662
0.751501000667111	-0.0219067744355609
0.752501667778519	-0.0219049014502216
0.753502334889927	-0.0219029545722997
0.754503002001334	-0.0219009308866021
0.755503669112742	-0.0218988273629265
0.756504336224149	-0.0218966408515233
0.757505003335557	-0.0218943680783801
0.758505670446965	-0.0218920056403186
0.759506337558372	-0.0218895499998994
0.76050700466978	-0.0218869974801248
0.761507671781188	-0.0218843442589328
0.762508338892595	-0.0218815863634746
0.763509006004003	-0.0218787196641652
0.76450967311541	-0.0218757398685005
0.765510340226818	-0.0218726425146293
0.766511007338226	-0.0218694229646725
0.767511674449633	-0.0218660763977786
0.768512341561041	-0.0218625978029048
0.769513008672448	-0.0218589819713139
0.770513675783856	-0.0218552234887749
0.771514342895264	-0.0218513167274556
0.772515010006671	-0.0218472558374962
0.773515677118079	-0.0218430347382492
0.774516344229486	-0.021838647109175
0.775517011340894	-0.0218340863803777
0.776517678452302	-0.021829345722767
0.777518345563709	-0.0218244180378334
0.778519012675117	-0.0218192959470181
0.779519679786524	-0.0218139717806657
0.780520346897932	-0.0218084375665388
0.78152101400934	-0.0218026850178815
0.782521681120747	-0.0217967055210106
0.783522348232155	-0.0217904901224179
0.784523015343562	-0.0217840295153634
0.78552368245497	-0.0217773140259399
0.786524349566378	-0.0217703335985873
0.787525016677785	-0.021763077781036
0.788525683789193	-0.0217555357086559
0.7895263509006	-0.0217476960881878
0.790527018012008	-0.0217395471808338
0.791527685123416	-0.0217310767846794
0.792528352234823	-0.0217222722164232
0.793529019346231	-0.021713120292385
0.794529686457638	-0.0217036073087652
0.795530353569046	-0.021693719021125
0.796531020680454	-0.0216834406230573
0.797531687791861	-0.0216727567240163
0.798532354903269	-0.0216616513262716
0.799533022014676	-0.0216501078009543
0.800533689126084	-0.0216381088631571
0.801534356237492	-0.0216256365460528
0.802535023348899	-0.0216126721739907
0.803535690460307	-0.021599196334533
0.804536357571714	-0.0215851888493867
0.805537024683122	-0.0215706287441897
0.80653769179453	-0.0215554942171041
0.807538358905937	-0.0215397626061708
0.808539026017345	-0.0215234103553767
0.809539693128753	-0.021506412979382
0.81054036024016	-0.0214887450268573
0.811541027351568	-0.0214703800423729
0.812541694462975	-0.0214512905267858
0.813542361574383	-0.0214314478960634
0.814543028685791	-0.0214108224384821
0.815543695797198	-0.0213893832701386
0.816544362908606	-0.0213670982887048
0.817545030020013	-0.0213439341253592
0.818545697131421	-0.0213198560948211
0.819546364242829	-0.0212948281434144
0.820547031354236	-0.0212688127950815
0.821547698465644	-0.0212417710952682
0.822548365577051	-0.0212136625525943
0.823549032688459	-0.021184445078223
0.824549699799867	-0.0211540749228385
0.825550366911274	-0.0211225066111373
0.826551034022682	-0.0210896928737346
0.827551701134089	-0.0210555845763848
0.828552368245497	-0.0210201306464096
0.829553035356905	-0.0209832779962231
0.830553702468312	-0.0209449714438406
0.83155436957972	-0.0209051536302501
0.832555036691127	-0.0208637649335254
0.833555703802535	-0.0208207433795502
0.834556370913943	-0.0207760245492192
0.83555703802535	-0.0207295414819799
0.836557705136758	-0.0206812245755675
0.837558372248165	-0.020631001481785
0.838559039359573	-0.0205787969981708
0.839559706470981	-0.0205245329553935
0.840560373582388	-0.0204681281002034
0.841561040693796	-0.0204094979737663
0.842561707805203	-0.0203485547851978
0.843562374916611	-0.0202852072801079
0.844563042028019	-0.0202193606039597
0.845563709139426	-0.0201509161600368
0.846564376250834	-0.0200797714618086
0.847565043362241	-0.0200058199794691
0.848565710473649	-0.0199289509804236
0.849566377585057	-0.0198490493634805
0.850567044696464	-0.0197659954865029
0.851567711807872	-0.0196796649872599
0.85256837891928	-0.0195899285972111
0.853569046030687	-0.0194966519479432
0.854569713142095	-0.0193996953699719
0.855570380253502	-0.0192989136836046
0.85657104736491	-0.0191941559815531
0.857571714476318	-0.0190852654029703
0.858572381587725	-0.018972078898571
0.859573048699133	-0.0188544269864876
0.86057371581054	-0.0187321334984933
0.861574382921948	-0.0186050153162132
0.862575050033356	-0.0184728820969289
0.863575717144763	-0.0183355359885653
0.864576384256171	-0.0181927713334331
0.865577051367578	-0.0180443743602836
0.866577718478986	-0.0178901228642145
0.867578385590394	-0.0177297858739473
0.868579052701801	-0.0175631233059783
0.869579719813209	-0.017389885605085
0.870580386924616	-0.0172098133706505
0.871581054036024	-0.0170226369682446
0.872581721147432	-0.0168280761258827
0.873582388258839	-0.0166258395143546
0.874583055370247	-0.0164156243109978
0.875583722481654	-0.0161971157462605
0.876584389593062	-0.0159699866323756
0.87758505670447	-0.0157338968734404
0.878585723815877	-0.0154884929561674
0.879586390927285	-0.015233407420545
0.880587058038692	-0.0149682583096147
0.8815877251501	-0.0146926485975407
0.882588392261508	-0.0144061655951161
0.883589059372915	-0.0141083803318154
0.884589726484323	-0.0137988469134674
0.88559039359573	-0.0134771018545877
0.886591060707138	-0.0131426633843702
0.887591727818546	-0.0127950307252988
0.888592394929953	-0.0124336833432991
0.889593062041361	-0.0120580801683076
0.890593729152768	-0.0116676587840899
0.891594396264176	-0.0112618345860971
0.892595063375584	-0.0108399999060975
0.893595730486991	-0.0104015231022734
0.894596397598399	-0.00994574761342091
0.895597064709806	-0.00947199097583568
0.896597731821214	-0.00897954380141421
0.897598398932622	-0.00846766871543793
0.898599066044029	-0.0079355992524524
0.899599733155437	-0.00738253870858606
0.900600400266845	-0.00680765894859109
0.901601067378252	-0.00621009916582015
0.90260173448966	-0.00558896459328235
0.903602401601067	-0.0049433251638468
0.904603068712475	-0.00427221411759064
0.905603735823883	-0.00357462655420271
0.90660440293529	-0.00284951792827816
0.907605070046698	-0.00209580248524981
0.908605737158105	-0.00131235163561306
0.909606404269513	-0.000497992265012421
0.910607071380921	0.00034849502234284
0.911607738492328	0.00122837772956252
0.912608405603736	0.00214297336499538
0.913609072715143	0.00309365141502288
0.914609739826551	0.00408183539468585
0.915610406937959	0.00510900497920918
0.916611074049366	0.0061766982196218
0.917611741160774	0.00728651384578386
0.918612408272181	0.00844011366027549
0.919613075383589	0.00963922502672537
0.920613742494997	0.0108856434563115
0.921614409606404	0.0121812352963021
0.922615076717812	0.0135279405246632
0.92361574382922	0.0149277756549225
0.924616410940627	0.0163828367556296
0.925617078052035	0.0178953025889448
0.926617745163442	0.0194674378730469
0.92761841227485	0.0211015966732497
0.928619079386258	0.0228002259269059
0.929619746497665	0.0245658691073716
0.930620413609073	0.0264011700325233
0.93162108072048	0.028308876823527
0.932621747831888	0.0302918460197853
0.933622414943296	0.0323530468562313
0.934623082054703	0.0344955657093638
0.935623749166111	0.0367226107186914
0.936624416277518	0.0390375165904975
0.937625083388926	0.0414437495911222
0.938625750500334	0.0439449127372419
0.939626417611741	0.0465447511909082
0.940627084723149	0.0492471578674381
0.941627751834556	0.0520561792645376
0.942628418945964	0.0549760215214021
0.943629086057372	0.0580110567168533
0.944629753168779	0.0611658294159498
0.945630420280187	0.0644450634748776
0.946631087391594	0.0678536691142975
0.947631754503002	0.0713967502717579
0.94863242161441	0.0750796122441632
0.949633088725817	0.0789077696317615
0.950633755837225	0.0828869545955288
0.951634422948632	0.0870231254403226
0.95263509006004	0.091322475536662
0.953635757171448	0.0957914425944816
0.954636424282855	0.100436718302751
0.955637091394263	0.105265258349401
0.95663775850567	0.110284292836545
0.957638425617078	0.115501337106608
0.958639092728486	0.120924202995559
0.959639759839893	0.126561010530103
0.960640426951301	0.132420200086356
0.961641094062708	0.138510545028187
0.962641761174116	0.144841164844186
0.963642428285524	0.151421538802882
0.964643095396931	0.15826152014671
0.965643762508339	0.165371350845932
0.966644429619747	0.172761676934647
0.967645096731154	0.180443564451814
0.968645763842562	0.188428516011195
0.969646430953969	0.196728488024996
0.970647098065377	0.205355908607023
0.971647765176785	0.214323696182138
0.972648432288192	0.223645278829903
0.9736490993996	0.233334614391358
0.974649766511007	0.243406211369039
0.975650433622415	0.253875150651563
0.976651100733823	0.264757108095255
0.97765176784523	0.276068377996687
0.978652434956638	0.287825897491237
0.979653102068045	0.300047271914207
0.980653769179453	0.312750801162507
0.981654436290861	0.325955507096325
0.982655103402268	0.339681162021856
0.983655770513676	0.353948318297737
0.984656437625083	0.368778339109473
0.985657104736491	0.384193430458013
0.986657771847899	0.400216674410287
0.987658438959306	0.416872063661577
0.988659106070714	0.434184537461409
0.989659773182121	0.452180018956776
0.990660440293529	0.47088545400866
0.991661107404937	0.490328851539884
0.992661774516344	0.510539325474793
0.993662441627752	0.531547138333515
0.994663108739159	0.553383746546084
0.995663775850567	0.576081847554321
0.996664442961975	0.59967542877191
0.997665110073382	0.624199818476105
0.99866577718479	0.649691738707135
0.999666444296197	0.676189360254633
1.00066711140761	0.70373235981337
1.00166777851901	0.732361979393849
1.00266844563042	0.762121088076806
1.00366911274183	0.793054246203987
1.00466977985324	0.825207772101406
1.00567044696464	0.858629811434882
1.00667111407605	0.893370409301893
1.00767178118746	0.929481585167472
1.00867244829887	0.9670174107565
1.00967311541027	1.006034091019
1.01067378252168	1.04659004828961
1.01167444963309	1.08874600976737
1.0126751167445	1.13256509844665
1.0136757838559	1.17811292763554
1.01467645096731	1.22545769920315
1.01567711807872	1.27467030570285
1.01667778519013	1.32582443652457
1.01767845230153	1.37899668823495
1.01867911941294	1.43426667927059
1.01967978652435	1.49171716915616
1.02068045363576	1.55143418242584
1.02168112074716	1.61350713743379
1.02268178785857	1.67802898024631
1.02368245496998	1.74509632381631
1.02468312208139	1.81480959264851
1.0256837891928	1.88727317317179
1.0266844563042	1.96259557004424
1.02768512341561	2.04088956862453
1.02868579052702	2.12227240385309
1.02968645763843	2.20686593579596
1.03068712474983	2.29479683211426
1.03168779186124	2.3861967577322
1.03268845897265	2.48120257198803
1.03368912608406	2.57995653356284
1.03468979319546	2.6826065134942
1.03569046030687	2.78930621659337
1.03669112741828	2.90021541159827
1.03769179452969	3.01550017040591
1.03869246164109	3.13533311674321
1.0396931287525	3.25989368464833
1.04069379586391	3.38936838714928
1.04169446297532	3.52395109554288
1.04269513008672	3.66384332969126
1.04369579719813	3.80925455977141
1.04469646430954	3.96040251992902
1.04569713142095	4.1175135343067
1.04669779853235	4.28082285593469
1.04769846564376	4.45057501899108
1.04869913275517	4.6270242049595
1.04969979986658	4.81043462323256
1.05070046697799	5.00108090673034
1.05170113408939	5.19924852312719
1.0527018012008	5.40523420230182
1.05370246831221	5.61934638065124
1.05470313542362	5.84190566293348
1.05570380253502	6.07324530233102
1.05670446964643	6.31371169945358
1.05770513675784	6.56366492102724
1.05870580386925	6.82347923904694
1.05970647098065	7.09354369119954
1.06070713809206	7.37426266339606
1.06170780520347	7.66605649528686
1.06270847231488	7.96936210966453
1.06370913942628	8.28463366669803
1.06470980653769	8.61234324397805
1.0657104736491	8.95298154339057
1.06671114076051	9.30705862587842
1.06771180787191	9.67510467519038
1.06871247498332	10.0576707917613
1.06971314209473	10.4553298179126
1.07071380920614	10.8686771956074
1.07171447631755	11.2983318580474
1.07271514342895	11.7449371564429
1.07371581054036	12.2091618233469
1.07471647765177	12.6917009739937
1.07571714476318	13.1932771471424
1.07671781187458	13.7146413869834
1.07771847898599	14.2565743677281
1.0787191460974	14.8198875625655
1.07971981320881	15.4054244587366
1.08072048032021	16.0140618205447
1.08172114743162	16.6467110021954
1.08272181454303	17.304319312428
1.08372248165444	17.9878714329868
1.08472314876584	18.6983908930515
1.08572381587725	19.4369416018368
1.08672448298866	20.204629441657
1.08772515010007	21.0026039238389
1.08872581721147	21.8320599099627
1.08972648432288	22.6942394010105
1.09072715143429	23.5904333970986
1.0917278185457	24.5219838305796
1.0927284856571	25.4902855754103
1.09372915276851	26.4967885357905
1.09472981987992	27.5429998172042
1.09573048699133	28.63048598311
1.09673115410274	29.7608754006652
1.09773182121414	30.9358606789897
1.09873248832555	32.1572012036248
1.09973315543696	33.4267257709825
1.10073382254837	34.7463353267253
1.10173448965977	36.1180058121825
1.10273515677118	37.5437911230623
1.10373582388259	39.0258261848891
1.104736490994	40.566330149774
1.1057371581054	42.1676097192998
1.10673782521681	43.8320625985064
1.10773849232822	45.5621810861352
1.10873915943963	47.360555806519
1.10973982655103	49.2298795887007
1.11074049366244	51.1729514985869
1.11174116077385	53.1926810301847
1.11274182788526	55.2920924621822
1.11374249499666	57.4743293864082
1.11474316210807	59.7426594149451
1.11574382921948	62.10047907295
1.11674449633089	64.5513188845
1.11774516344229	67.0988486590891
1.1187458305537	69.7468829866831
1.11974649766511	72.499386949566
1.12074716477652	75.3604820595241
1.12174783188793	78.3344524292727
1.12274849899933	81.4257511873458
1.12374916611074	84.6390071460701
1.12474983322215	87.9790317326025
1.12575050033356	91.4508261934029
1.12675116744496	95.0595890829486
1.12775183455637	98.8107240478797
1.12875250166778	102.70984791825
1.12975316877919	106.762799117983
1.13075383589059	110.975646407153
1.131754503002	115.354697969145
1.13275517011341	119.906510856327
1.13375583722482	124.637900808379
1.13475650433622	129.555952457958
1.13575717144763	134.668029939
1.13675783855904	139.981787913548
1.13775850567045	145.50518303359
1.13875917278185	151.246485855106
1.13975983989326	157.214293222119
1.14076050700467	163.417541139356
1.14176117411608	169.865518152724
1.14276184122748	176.567879257684
1.14376250833889	183.53466035634
1.1447631754503	190.776293284868
1.14576384256171	198.303621433826
1.14676450967312	206.1279159847
1.14776517678452	214.260892787009
1.14876584389593	222.714729901244
1.14976651100734	231.502085833909
1.15076717811875	240.636118491973
1.15176784523015	250.130504885089
1.15276851234156	259.99946160512
1.15376917945297	270.257766113612
1.15476984656438	280.920778869086
1.15577051367578	292.004466327311
1.15677118078719	303.525424848958
1.1577718478986	315.500905550466
1.15877251501001	327.948840135316
1.15977318212141	340.887867744378
1.16077384923282	354.337362865591
1.16177451634423	368.317464344689
1.16277518345564	382.849105540473
1.16377585056704	397.954045669748
1.16477651767845	413.654902388888
1.16577718478986	429.975185660799
1.16677785190127	446.939332957975
1.16777851901268	464.572745854407
1.16877918612408	482.901828061082
1.16977985323549	501.954024962057
1.1707805203469	521.757864710304
1.17178118745831	542.34300094487
1.17278185456971	563.740257193276
1.17378252168112	585.981673025699
1.17478318879253	609.100552029983
1.17578385590394	633.131511679398
1.17678452301534	658.110535167726
1.17778519012675	684.075025289353
1.17878585723816	711.063860445031
1.17978652434957	739.11745285712
1.18078719146097	768.277809081621
1.18178785857238	798.588592907422
1.18278852568379	830.095190737052
1.1837891927952	862.844779546873
1.1847898599066	896.886397528348
1.18579052701801	932.271017516277
1.18679119412942	969.051623313913
1.18779186124083	1007.2832890292
1.18879252835223	1047.02326154103
1.18979319546364	1088.33104621879
1.19079386257505	1131.26849602395
1.19179452968646	1175.89990412663
1.19279519679787	1222.29210017615
1.19379586390927	1270.51455036967
1.19479653102068	1320.63946146859
1.19579719813209	1372.74188891869
1.1967978652435	1426.89984923581
1.1977985323549	1483.1944368252
1.19879919946631	1541.70994540979
1.19979986657772	1602.53399424886
1.20080053368913	1665.75765933639
1.20180120080053	1731.47560977529
1.20280186791194	1799.78624953195
1.20380253502335	1870.7918647832
1.20480320213476	1944.59877707632
1.20580386924616	2021.31750253161
1.20680453635757	2101.06291732568
1.20780520346898	2183.95442970339
1.20880587058039	2270.11615877595
1.20980653769179	2359.67712037283
1.2108072048032	2452.77142022616
1.21180787191461	2549.53845477621
1.21280853902602	2650.12311989927
1.21380920613743	2754.67602787
1.21480987324883	2863.35373288366
1.21581054036024	2976.3189654752
1.21681120747165	3093.74087618681
1.21781187458306	3215.79528884865
1.21881254169446	3342.66496385181
1.21981320880587	3474.53987180774
1.22081387591728	3611.61747800449
1.22181454302869	3754.10303808471
1.22281521014009	3902.20990538904
1.2238158772515	4056.15985042458
1.22481654436291	4216.18339293682
1.22581721147432	4382.52014708289
1.22681787858572	4555.41918022192
1.22781854569713	4735.13938586065
1.22881921280854	4921.94987131241
1.22981987991995	5116.13036064951
1.23082054703135	5317.97161355364
1.23182121414276	5527.77586068988
1.23282188125417	5745.85725625719
1.23382254836558	5972.54234839318
1.23482321547698	6208.17056813661
1.23582388258839	6453.09473768085
1.2368245496998	6707.68159867845
1.23782521681121	6972.31236138849
1.23882588392262	7247.38327548873
1.23982655103402	7533.3062234069
1.24082721814543	7830.50933706091
1.24182788525684	8139.43763892955
1.24282855236825	8460.5537084151
1.24382921947965	8794.33837449511
1.24482988659106	9141.2914356999
1.24583055370247	9501.9324084957
1.24683122081388	9876.80130519159
1.24783188792528	10266.4594425369
1.24883255503669	10671.4902822189
1.2498332221481	11092.5003045199
1.25083388925951	11530.1199164413
1.25183455637091	11985.0043956554
1.25283522348232	12457.8348716967
1.25383589059373	12949.3193458644
1.25483655770514	13460.1937513598
1.25583722481654	13991.2230552506
1.25683789192795	14543.2024039073
1.25783855903936	15116.9583136303
1.25883922615077	15713.3499082493
1.25983989326217	16333.2702055475
1.26084056037358	16977.6474544386
1.26184122748499	17647.4465248968
1.2628418945964	18343.6703527223
1.26384256170781	19067.3614413057
1.26484322881921	19819.6034226389
1.26584389593062	20601.5226799121
1.26684456304203	21414.2900341228
1.26784523015344	22259.1224972271
1.26884589726484	23137.2850944542
1.26984656437625	24050.0927585142
1.27084723148766	24998.9122985376
1.27184789859907	25985.1644466912
1.27284856571047	27010.3259855373
1.27384923282188	28075.9319593211
1.27484989993329	29183.577972496
1.2758505670447	30334.9225789328
1.2768512341561	31531.6897653834
1.27785190126751	32775.6715329254
1.27885256837892	34068.7305802468
1.27985323549033	35412.8030927906
1.28085390260173	36809.9016419393
1.28185456971314	38262.1181985739
1.28285523682455	39771.6272655243
1.28385590393596	41340.6891336017
1.28485657104736	42971.6532660848
1.28585723815877	44666.9618167319
1.28685790527018	46429.1532865847
1.28785857238159	48260.8663250383
1.288859239493	50164.8436808715
1.2898599066044	52143.9363091486
1.29086057371581	54201.1076401535
1.29186124082722	56339.4380167324
1.29286190793863	58562.1293067022
1.29386257505003	60872.509697226
1.29486324216144	63274.0386783314
1.29586390927285	65770.3122230457
1.29686457638426	68365.0681718881
1.29786524349566	71062.1918297938
1.29886591060707	73865.7217838463
1.29986657771848	76779.8559505274
1.30086724482989	79808.9578615472
1.30186791194129	82957.5631976528
1.3028685790527	86230.3865802168
1.30386924616411	89632.3286307597
1.30486991327552	93168.4833089804
1.30587058038692	96844.1455402964
1.30687124749833	100664.819144292
1.30787191460974	104636.225075963
1.30887258172115	108764.309992096
1.30987324883256	113055.255155593
1.31087391594396	117515.485691111
1.31187458305537	122151.68020583
1.31287525016678	126970.780789792
1.31387591727819	131980.003410759
1.31487658438959	137186.848719178
1.315877251501	142599.113279419
1.31687791861241	148224.901244096
1.31787858572382	154072.636488968
1.31887925283522	160151.075226589
1.31987991994663	166469.319117573
1.32088058705804	173036.828899135
1.32188125416945	179863.438551299
1.32288192128085	186959.370021984
1.32388258839226	194335.248533027
1.32488325550367	202002.118490043
1.32588392261508	209971.460019976
1.32688458972648	218255.206161074
1.32788525683789	226865.760731035
1.3288859239493	235816.016900098
1.32988659106071	245119.376496847
1.33088725817211	254789.770075708
1.33188792528352	264841.677776101
1.33288859239493	275290.151004539
1.33388925950634	286150.834972135
1.33488992661775	297439.992121232
1.33589059372915	309174.526476277
1.33689126084056	321372.008955356
1.33789192795197	334050.703680343
1.33889259506338	347229.595325003
1.33989326217478	360928.417542036
1.34089392928619	375167.682511632
1.3418945963976	389968.711655748
1.34289526350901	405353.667564127
1.34389593062041	421345.587179863
1.34489659773182	437968.41629416
1.34589726484323	455247.045402032
1.34689793195464	473207.34697252
1.34789859906604	491876.214189294
1.34889926617745	511281.601219675
1.34989993328886	531452.565072285
1.35090060040027	552419.309106119
1.35190126751167	574213.228256058
1.35290193462308	596866.956042675
1.35390260173449	620414.413436625
1.3549032688459	644890.859650784
1.3559039359573	670332.944936355
1.35690460306871	696778.765461697
1.35790527018012	724267.92035638
1.35890593729153	752841.571005634
1.35990660440294	782542.502684083
1.36090727151434	813415.188621093
1.36190793862575	845505.856593516
1.36290860573716	878862.558145761
1.36390927284857	913535.240540571
1.36490993995997	949575.821548513
1.36591060707138	987038.267187962
1.36691127418279	1025978.67253216
1.3679119412942	1066455.3457041
1.3689126084056	1108528.89518537
1.36991327551701	1152262.32056919
1.37091394262842	1197721.1068942
1.37191460973983	1244973.32269953
1.37291527685123	1294089.7219485
1.37391594396264	1345143.8499734
1.37491661107405	1398212.15359985
1.37591727818546	1453374.09561588
1.37691794529686	1510712.273757
1.37791861240827	1570312.54438539
1.37891927951968	1632264.15104848
1.37991994663109	1696659.85810944
1.38092061374249	1763596.08964947
1.3819212808539	1833173.07385034
1.38292194796531	1905494.9930727
1.38392261507672	1980670.13985549
1.38492328218813	2058811.07906975
1.38592394929953	2140034.81646973
1.38692461641094	2224462.97389343
1.38792528352235	2312221.97137547
1.38892595063376	2403443.21644414
1.38992661774516	2498263.30088722
1.39092728485657	2596824.20527984
1.39192795196798	2699273.51158181
1.39292861907939	2805764.62412225
1.39392928619079	2916456.99930214
1.3949299533022	3031516.38435937
1.39593062041361	3151115.06555341
1.39693128752502	3275432.12614121
1.39793195463642	3404653.71453074
1.39893262174783	3538973.32301381
1.39993328885924	3678592.07749505
1.40093395597065	3823719.03865176
1.40193462308205	3974571.51497435
1.40293529019346	4131375.38815749
1.40393595730487	4294365.45132775
1.40493662441628	4463785.76061593
1.40593729152769	4639890.00059831
1.40693795863909	4822941.86415644
1.4079386257505	5013215.44732198
1.40893929286191	5210995.65969965
1.40993995997332	5416578.65108171
1.41094062708472	5630272.25489317
1.41194129419613	5852396.44913207
1.41294196130754	6083283.83549388
1.41394262841895	6323280.13739898
1.41494329553035	6572744.71766775
1.41594396264176	6832051.11661938
1.41694462975317	7101587.6113986
1.41794529686458	7381757.79737032
1.41894596397598	7672981.19244953
1.41994663108739	7975693.86527495
1.4209472981988	8290349.08816385
1.42194796531021	8617418.01582767
1.42294863242161	8957390.39086419
1.42394929953302	9310775.27708227
1.42494996664443	9678101.82175787
1.42595063375584	10059920.0479628
1.42695130086724	10456801.6781509
1.42795196797865	10869340.9902377
1.42895263509006	11298155.7074529
1.42995330220147	11743887.9232995
1.43095396931288	12207205.0630049
1.43195463642428	12688800.8829006
1.43295530353569	13189396.5092329
1.4339559706471	13709741.5179519
1.43495663775851	14250615.0571052
1.43595730486991	14812827.0135074
1.43695797198132	15397219.2254405
1.43795863909273	16004666.743194
1.43895930620414	16636079.1393384
1.43995997331554	17292401.8706904
1.44096064042695	17974617.6940092
1.44196130753836	18683748.1375455
1.44296197464977	19420855.030645
1.44396264176117	20187042.0936985
1.44496330887258	20983456.5908167
1.44596397598399	21811291.0477089
1.4469646430954	22671785.0373299
1.4479653102068	23566227.035981
1.44896597731821	24495956.3526285
1.44996664442962	25462365.1343477
1.45096731154103	26466900.450875
1.45196797865243	27511066.4614077
1.45296864576384	28596426.666881
1.45396931287525	29724606.2511063
1.45496997998666	30897294.5142691
1.45597064709807	32116247.4024345
1.45697131420947	33383290.1368427
1.45797198132088	34700319.9469387
1.45897264843229	36069308.9112231
1.4599733155437	37492306.9101797
1.4609739826551	38971444.695701
1.46197464976651	40508937.0816075
1.46297531687792	42107086.2600417
1.46397598398933	43768285.2486934
1.46497665110073	45495021.4740336
1.46597731821214	47289880.4959018
1.46697798532355	49155549.8790465
1.46797865243496	51094823.2173945
1.46897931954636	53110604.3170919
1.46997998665777	55205911.5445699
1.47098065376918	57383882.3461533
1.47198132088059	59647777.9459684
1.47298198799199	62000988.2291991
1.4739826551034	64447036.8179911
1.47498332221481	66989586.3476159
1.47598398932622	69632443.9507778
1.47698465643762	72379566.9582966
1.47798532354903	75235068.8246914
1.47898599066044	78203225.2875307
1.47998665777185	81288480.7697888
1.48098732488326	84495455.0347843
1.48198799199466	87828950.1036645
1.48298865910607	91293957.4458006
1.48398932621748	94895665.4528528
1.48498999332889	98639467.2077034
1.48599066044029	102530968.559892
1.4869913275517	106575996.519627
1.48799199466311	110780607.982977
1.48899266177452	115151098.801258
1.48999332888592	119694013.208259
1.49099399599733	124416153.619356
1.49199466310874	129324590.817236
1.49299533022015	134426674.539467
1.49399599733155	139730044.483752
1.49499666444296	145242641.747374
1.49599733155437	150972720.71794
1.49699799866578	156928861.433249
1.49799866577718	163119982.428748
1.49899933288859	169555354.091876
1.5	176244612.543246
