0.830006482737468	0.381083685508887	0	0
0.829981735592545	0.381031884958652	1.53693954442036e-05	1.53693954442036e-05
0.829956963159779	0.380980032478031	3.07387908884071e-05	3.07387908884071e-05
0.829932165388094	0.380928127962798	4.61081863326107e-05	4.61081863326107e-05
0.829907342226261	0.380876171308414	6.14775817768143e-05	6.14775817768143e-05
0.829882493622897	0.380824162410023	7.68469772210179e-05	7.68469772210179e-05
0.82985761952646	0.380772101162454	9.22163726652214e-05	9.22163726652214e-05
0.829832719885256	0.380719987460217	0.000107585768109425	0.000107585768109425
0.829807794647429	0.380667821197504	0.000122955163553629	0.000122955163553629
0.82978284376097	0.380615602268185	0.000138324558997832	0.000138324558997832
0.82975786717371	0.380563330565809	0.000153693954442036	0.000153693954442036
0.829732864833321	0.380511005983603	0.000169063349886239	0.000169063349886239
0.829707836687315	0.380458628414468	0.000184432745330443	0.000184432745330443
0.829682782683046	0.380406197750979	0.000199802140774646	0.000199802140774646
0.829657702767704	0.380353713885386	0.00021517153621885	0.00021517153621885
0.82963259688832	0.380301176709609	0.000230540931663054	0.000230540931663054
0.829607464991762	0.380248586115239	0.000245910327107257	0.000245910327107257
0.829582307024736	0.380195941993536	0.000261279722551461	0.000261279722551461
0.829557122933783	0.380143244235428	0.000276649117995664	0.000276649117995664
0.829531912665282	0.380090492731507	0.000292018513439868	0.000292018513439868
0.829506676165445	0.380037687372033	0.000307387908884071	0.000307387908884071
0.82948141338032	0.379984828046929	0.000322757304328275	0.000322757304328275
0.82945612425579	0.379931914645777	0.000338126699772479	0.000338126699772479
0.829430808737567	0.379878947057824	0.000353496095216682	0.000353496095216682
0.829405466771201	0.379825925171973	0.000368865490660886	0.000368865490660886
0.829380098302069	0.379772848876789	0.000384234886105089	0.000384234886105089
0.829354703275382	0.379719718060488	0.000399604281549293	0.000399604281549293
0.829329281636181	0.379666532610947	0.000414973676993496	0.000414973676993496
0.829303833329336	0.379613292415692	0.0004303430724377	0.0004303430724377
0.829278358299546	0.379559997361905	0.000445712467881904	0.000445712467881904
0.82925285649134	0.379506647336416	0.000461081863326107	0.000461081863326107
0.829227327849071	0.379453242225707	0.000476451258770311	0.000476451258770311
0.829201772316923	0.379399781915905	0.000491820654214514	0.000491820654214514
0.829176189838904	0.379346266292787	0.000507190049658718	0.000507190049658718
0.829150580358848	0.379292695241772	0.000522559445102921	0.000522559445102921
0.829124943820414	0.379239068647925	0.000537928840547125	0.000537928840547125
0.829099280167083	0.379185386395951	0.000553298235991329	0.000553298235991329
0.829073589342162	0.379131648370197	0.000568667631435532	0.000568667631435532
0.82904787128878	0.37907785445465	0.000584037026879736	0.000584037026879736
0.829022125949886	0.379024004532932	0.000599406422323939	0.000599406422323939
0.828996353268251	0.378970098488304	0.000614775817768143	0.000614775817768143
0.828970553186468	0.378916136203659	0.000630145213212346	0.000630145213212346
0.828944725646947	0.378862117561525	0.00064551460865655	0.00064551460865655
0.828918870591918	0.378808042444061	0.000660884004100754	0.000660884004100754
0.82889298796343	0.378753910733055	0.000676253399544957	0.000676253399544957
0.828867077703346	0.378699722309926	0.000691622794989161	0.000691622794989161
0.82884113975335	0.378645477055717	0.000706992190433364	0.000706992190433364
0.828815174054937	0.378591174851098	0.000722361585877568	0.000722361585877568
0.828789180549422	0.378536815576363	0.000737730981321771	0.000737730981321771
0.828763159177929	0.378482399111426	0.000753100376765975	0.000753100376765975
0.8287371098814	0.378427925335824	0.000768469772210179	0.000768469772210179
0.828711032600586	0.378373394128713	0.000783839167654382	0.000783839167654382
0.828684927276052	0.378318805368864	0.000799208563098586	0.000799208563098586
0.828658793848174	0.378264158934667	0.000814577958542789	0.000814577958542789
0.828632632257136	0.378209454704122	0.000829947353986993	0.000829947353986993
0.828606442442933	0.378154692554846	0.000845316749431196	0.000845316749431196
0.82858022434537	0.378099872364064	0.0008606861448754	0.0008606861448754
0.828553977904058	0.378044994008611	0.000876055540319604	0.000876055540319604
0.828527703058414	0.37799005736493	0.000891424935763807	0.000891424935763807
0.828501399747663	0.377935062309068	0.000906794331208011	0.000906794331208011
0.828475067910835	0.377880008716679	0.000922163726652214	0.000922163726652214
0.828448707486764	0.377824896463017	0.000937533122096418	0.000937533122096418
0.828422318414088	0.377769725422939	0.000952902517540622	0.000952902517540622
0.828395900631247	0.3777144954709	0.000968271912984825	0.000968271912984825
0.828369454076485	0.377659206480951	0.000983641308429029	0.000983641308429029
0.828342978687844	0.377603858326742	0.000999010703873232	0.000999010703873232
0.828316474403168	0.377548450881513	0.00101438009931744	0.00101438009931744
0.828289941160102	0.3774929840181	0.00102974949476164	0.00102974949476164
0.828263378896087	0.377437457608927	0.00104511889020584	0.00104511889020584
0.828236787548362	0.377381871526007	0.00106048828565005	0.00106048828565005
0.828210167053963	0.377326225640942	0.00107585768109425	0.00107585768109425
0.828183517349724	0.377270519824915	0.00109122707653845	0.00109122707653845
0.828156838372271	0.377214753948696	0.00110659647198266	0.00110659647198266
0.828130130058025	0.377158927882635	0.00112196586742686	0.00112196586742686
0.828103392343202	0.377103041496663	0.00113733526287106	0.00113733526287106
0.828076625163808	0.377047094660287	0.00115270465831527	0.00115270465831527
0.828049828455642	0.376991087242591	0.00116807405375947	0.00116807405375947
0.828023002154293	0.376935019112234	0.00118344344920367	0.00118344344920367
0.82799614619514	0.376878890137446	0.00119881284464788	0.00119881284464788
0.827969260513349	0.37682270018603	0.00121418224009208	0.00121418224009208
0.827942345043876	0.376766449125354	0.00122955163553629	0.00122955163553629
0.827915399721464	0.376710136822355	0.00124492103098049	0.00124492103098049
0.82788842448064	0.376653763143536	0.00126029042642469	0.00126029042642469
0.827861419255717	0.376597327954961	0.0012756598218689	0.0012756598218689
0.827834383980793	0.376540831122256	0.0012910292173131	0.0012910292173131
0.827807318589747	0.376484272510606	0.0013063986127573	0.0013063986127573
0.827780223016242	0.376427651984753	0.00132176800820151	0.00132176800820151
0.827753097193722	0.376370969408995	0.00133713740364571	0.00133713740364571
0.82772594105541	0.376314224647182	0.00135250679908991	0.00135250679908991
0.82769875453431	0.376257417562717	0.00136787619453412	0.00136787619453412
0.827671537563203	0.376200548018553	0.00138324558997832	0.00138324558997832
0.827644290074648	0.376143615877187	0.00139861498542253	0.00139861498542253
0.82761701200098	0.376086621000665	0.00141398438086673	0.00141398438086673
0.827589703274309	0.376029563250575	0.00142935377631093	0.00142935377631093
0.827562363826521	0.375972442488047	0.00144472317175514	0.00144472317175514
0.827534993589273	0.375915258573749	0.00146009256719934	0.00146009256719934
0.827507592493997	0.375858011367888	0.00147546196264354	0.00147546196264354
0.827480160471893	0.375800700730206	0.00149083135808775	0.00149083135808775
0.827452697453935	0.375743326519977	0.00150620075353195	0.00150620075353195
0.827425203370865	0.375685888596007	0.00152157014897615	0.00152157014897615
0.827397678153191	0.375628386816632	0.00153693954442036	0.00153693954442036
0.827370121731191	0.375570821039714	0.00155230893986456	0.00155230893986456
0.827342534034908	0.375513191122639	0.00156767833530876	0.00156767833530876
0.827314914994152	0.375455496922318	0.00158304773075297	0.00158304773075297
0.827287264538494	0.375397738295182	0.00159841712619717	0.00159841712619717
0.82725958259727	0.375339915097178	0.00161378652164138	0.00161378652164138
0.827231869099578	0.375282027183772	0.00162915591708558	0.00162915591708558
0.827204123974277	0.375224074409945	0.00164452531252978	0.00164452531252978
0.827176347149985	0.375166056630186	0.00165989470797399	0.00165989470797399
0.827148538555078	0.375107973698498	0.00167526410341819	0.00167526410341819
0.827120698117693	0.375049825468389	0.00169063349886239	0.00169063349886239
0.827092825765721	0.374991611792873	0.0017060028943066	0.0017060028943066
0.827064921426808	0.374933332524469	0.0017213722897508	0.0017213722897508
0.827036985028356	0.374874987515193	0.001736741685195	0.001736741685195
0.82700901649752	0.374816576616563	0.00175211108063921	0.00175211108063921
0.826981015761206	0.374758099679593	0.00176748047608341	0.00176748047608341
0.826952982746073	0.374699556554789	0.00178284987152761	0.00178284987152761
0.826924917378527	0.374640947092151	0.00179821926697182	0.00179821926697182
0.826896819584726	0.374582271141167	0.00181358866241602	0.00181358866241602
0.826868689290574	0.374523528550814	0.00182895805786022	0.00182895805786022
0.826840526421721	0.374464719169551	0.00184432745330443	0.00184432745330443
0.826812330903564	0.374405842845324	0.00185969684874863	0.00185969684874863
0.826784102661241	0.374346899425554	0.00187506624419284	0.00187506624419284
0.826755841619637	0.374287888757143	0.00189043563963704	0.00189043563963704
0.826727547703377	0.374228810686467	0.00190580503508124	0.00190580503508124
0.826699220836825	0.374169665059376	0.00192117443052545	0.00192117443052545
0.826670860944086	0.374110451721191	0.00193654382596965	0.00193654382596965
0.826642467949004	0.374051170516699	0.00195191322141385	0.00195191322141385
0.826614041775159	0.373991821290154	0.00196728261685806	0.00196728261685806
0.826585582345867	0.373932403885274	0.00198265201230226	0.00198265201230226
0.826557089584179	0.373872918145236	0.00199802140774646	0.00199802140774646
0.826528563412878	0.373813363912678	0.00201339080319067	0.00201339080319067
0.82650000375448	0.373753741029691	0.00202876019863487	0.00202876019863487
0.826471410531234	0.37369404933782	0.00204412959407907	0.00204412959407907
0.826442783665114	0.373634288678061	0.00205949898952328	0.00205949898952328
0.826414123077827	0.37357445889086	0.00207486838496748	0.00207486838496748
0.826385428690804	0.373514559816106	0.00209023778041169	0.00209023778041169
0.826356700425204	0.373454591293132	0.00210560717585589	0.00210560717585589
0.82632793820191	0.373394553160712	0.00212097657130009	0.00212097657130009
0.826299141941527	0.373334445257058	0.0021363459667443	0.0021363459667443
0.826270311564384	0.373274267419816	0.0021517153621885	0.0021517153621885
0.826241446990529	0.373214019486065	0.0021670847576327	0.0021670847576327
0.826212548139731	0.373153701292317	0.00218245415307691	0.00218245415307691
0.826183614931476	0.373093312674506	0.00219782354852111	0.00219782354852111
0.826154647284967	0.373032853467996	0.00221319294396531	0.00221319294396531
0.826125645119122	0.372972323507569	0.00222856233940952	0.00222856233940952
0.826096608352575	0.372911722627428	0.00224393173485372	0.00224393173485372
0.826067536903671	0.372851050661193	0.00225930113029792	0.00225930113029792
0.826038430690467	0.372790307441897	0.00227467052574213	0.00227467052574213
0.82600928963073	0.372729492801985	0.00229003992118633	0.00229003992118633
0.825980113641936	0.372668606573307	0.00230540931663054	0.00230540931663054
0.825950902641267	0.372607648587124	0.00232077871207474	0.00232077871207474
0.825921656545614	0.372546618674094	0.00233614810751894	0.00233614810751894
0.825892375271568	0.37248551666428	0.00235151750296315	0.00235151750296315
0.825863058735428	0.372424342387138	0.00236688689840735	0.00236688689840735
0.825833706853192	0.372363095671521	0.00238225629385155	0.00238225629385155
0.825804319540558	0.372301776345671	0.00239762568929576	0.00239762568929576
0.825774896712924	0.372240384237219	0.00241299508473996	0.00241299508473996
0.825745438285385	0.372178919173183	0.00242836448018416	0.00242836448018416
0.825715944172733	0.372117380979962	0.00244373387562837	0.00244373387562837
0.825686414289453	0.372055769483336	0.00245910327107257	0.00245910327107257
0.825656848549724	0.371994084508459	0.00247447266651678	0.00247447266651678
0.825627246867418	0.371932325879862	0.00248984206196098	0.00248984206196098
0.825597609156093	0.371870493421445	0.00250521145740518	0.00250521145740518
0.825567935329	0.371808586956475	0.00252058085284939	0.00252058085284939
0.825538225299076	0.371746606307585	0.00253595024829359	0.00253595024829359
0.825508478978942	0.37168455129677	0.00255131964373779	0.00255131964373779
0.825478696280906	0.371622421745382	0.002566689039182	0.002566689039182
0.825448877116955	0.371560217474128	0.0025820584346262	0.0025820584346262
0.825419021398762	0.371497938303071	0.0025974278300704	0.0025974278300704
0.825389129037674	0.371435584051618	0.00261279722551461	0.00261279722551461
0.82535919994472	0.371373154538526	0.00262816662095881	0.00262816662095881
0.825329234030605	0.371310649581894	0.00264353601640301	0.00264353601640301
0.825299231205707	0.37124806899916	0.00265890541184722	0.00265890541184722
0.825269191380079	0.3711854126071	0.00267427480729142	0.00267427480729142
0.825239114463445	0.37112268022182	0.00268964420273562	0.00268964420273562
0.825209000365199	0.37105987165876	0.00270501359817983	0.00270501359817983
0.825178848994405	0.370996986732685	0.00272038299362403	0.00272038299362403
0.825148660259793	0.370934025257684	0.00273575238906824	0.00273575238906824
0.825118434069756	0.370870987047166	0.00275112178451244	0.00275112178451244
0.825088170332355	0.370807871913856	0.00276649117995664	0.00276649117995664
0.825057868955309	0.370744679669795	0.00278186057540085	0.00278186057540085
0.825027529846001	0.370681410126331	0.00279722997084505	0.00279722997084505
0.824997152911469	0.370618063094122	0.00281259936628925	0.00281259936628925
0.82496673805841	0.370554638383128	0.00282796876173346	0.00282796876173346
0.824936285193177	0.370491135802608	0.00284333815717766	0.00284333815717766
0.824905794221775	0.37042755516112	0.00285870755262186	0.00285870755262186
0.824875265049861	0.370363896266513	0.00287407694806607	0.00287407694806607
0.824844697582744	0.370300158925928	0.00288944634351027	0.00288944634351027
0.82481409172538	0.370236342945788	0.00290481573895448	0.00290481573895448
0.824783447382371	0.370172448131804	0.00292018513439868	0.00292018513439868
0.824752764457966	0.370108474288961	0.00293555452984288	0.00293555452984288
0.824722042856055	0.370044421221524	0.00295092392528709	0.00295092392528709
0.824691282480172	0.369980288733026	0.00296629332073129	0.00296629332073129
0.824660483233488	0.369916076626271	0.00298166271617549	0.00298166271617549
0.824629645018813	0.369851784703326	0.0029970321116197	0.0029970321116197
0.824598767738593	0.369787412765519	0.0030124015070639	0.0030124015070639
0.82456785129491	0.369722960613438	0.0030277709025081	0.0030277709025081
0.824536895589475	0.369658428046921	0.00304314029795231	0.00304314029795231
0.824505900523631	0.369593814865058	0.00305850969339651	0.00305850969339651
0.824474865998351	0.369529120866184	0.00307387908884071	0.00307387908884071
0.824443791914234	0.369464345847878	0.00308924848428492	0.00308924848428492
0.824412678171502	0.369399489606955	0.00310461787972912	0.00310461787972912
0.824381524670004	0.369334551939466	0.00311998727517332	0.00311998727517332
0.824350331309207	0.369269532640694	0.00313535667061753	0.00313535667061753
0.824319097988198	0.369204431505148	0.00315072606606173	0.00315072606606173
0.824287824605683	0.369139248326559	0.00316609546150594	0.00316609546150594
0.82425651105998	0.369073982897879	0.00318146485695014	0.00318146485695014
0.824225157249024	0.369008635011275	0.00319683425239434	0.00319683425239434
0.82419376307036	0.368943204458123	0.00321220364783855	0.00321220364783855
0.824162328421141	0.36887769102901	0.00322757304328275	0.00322757304328275
0.824130853198131	0.368812094513722	0.00324294243872695	0.00324294243872695
0.824099337297698	0.368746414701249	0.00325831183417116	0.00325831183417116
0.824067780615811	0.368680651379771	0.00327368122961536	0.00327368122961536
0.824036183048044	0.368614804336664	0.00328905062505956	0.00328905062505956
0.824004544489569	0.368548873358486	0.00330442002050377	0.00330442002050377
0.823972864835156	0.368482858230982	0.00331978941594797	0.00331978941594797
0.82394114397917	0.368416758739073	0.00333515881139217	0.00333515881139217
0.823909381815569	0.368350574666855	0.00335052820683638	0.00335052820683638
0.823877578237903	0.368284305797594	0.00336589760228058	0.00336589760228058
0.82384573313931	0.368217951913724	0.00338126699772479	0.00338126699772479
0.823813846412516	0.368151512796836	0.00339663639316899	0.00339663639316899
0.823781917949831	0.368084988227683	0.00341200578861319	0.00341200578861319
0.823749947643149	0.368018377986168	0.0034273751840574	0.0034273751840574
0.823717935383943	0.367951681851344	0.0034427445795016	0.0034427445795016
0.823685881063266	0.367884899601408	0.0034581139749458	0.0034581139749458
0.823653784571746	0.367818031013695	0.00347348337039001	0.00347348337039001
0.823621645799585	0.367751075864678	0.00348885276583421	0.00348885276583421
0.823589464636558	0.367684033929958	0.00350422216127841	0.00350422216127841
0.823557240972008	0.367616904984266	0.00351959155672262	0.00351959155672262
0.823524974694847	0.36754968880145	0.00353496095216682	0.00353496095216682
0.823492665693551	0.36748238515448	0.00355033034761103	0.00355033034761103
0.823460313856158	0.367414993815435	0.00356569974305523	0.00356569974305523
0.823427919070268	0.367347514555503	0.00358106913849943	0.00358106913849943
0.82339548122304	0.367279947144977	0.00359643853394364	0.00359643853394364
0.823363000201186	0.367212291353245	0.00361180792938784	0.00361180792938784
0.823330475890974	0.367144546948793	0.00362717732483204	0.00362717732483204
0.823297908178222	0.367076713699193	0.00364254672027625	0.00364254672027625
0.823265296948297	0.367008791371102	0.00365791611572045	0.00365791611572045
0.823232642086114	0.366940779730258	0.00367328551116465	0.00367328551116465
0.823199943476131	0.366872678541472	0.00368865490660886	0.00368865490660886
0.823167201002346	0.366804487568626	0.00370402430205306	0.00370402430205306
0.823134414548298	0.366736206574665	0.00371939369749726	0.00371939369749726
0.823101583997064	0.366667835321597	0.00373476309294147	0.00373476309294147
0.823068709231254	0.366599373570481	0.00375013248838567	0.00375013248838567
0.823035790133008	0.36653082108143	0.00376550188382987	0.00376550188382987
0.823002826583999	0.366462177613599	0.00378087127927408	0.00378087127927408
0.822969818465425	0.366393442925185	0.00379624067471828	0.00379624067471828
0.822936765658008	0.366324616773417	0.00381161007016249	0.00381161007016249
0.822903668041993	0.366255698914555	0.00382697946560669	0.00382697946560669
0.822870525497143	0.366186689103885	0.00384234886105089	0.00384234886105089
0.822837337902739	0.36611758709571	0.0038577182564951	0.0038577182564951
0.822804105137576	0.366048392643347	0.0038730876519393	0.0038730876519393
0.822770827079958	0.365979105499124	0.0038884570473835	0.0038884570473835
0.822737503607702	0.365909725414368	0.00390382644282771	0.00390382644282771
0.822704134598128	0.365840252139409	0.00391919583827191	0.00391919583827191
0.822670719928061	0.365770685423565	0.00393456523371611	0.00393456523371611
0.822637259473826	0.365701025015145	0.00394993462916032	0.00394993462916032
0.822603753111248	0.365631270661437	0.00396530402460452	0.00396530402460452
0.822570200715646	0.365561422108706	0.00398067342004872	0.00398067342004872
0.822536602161831	0.365491479102188	0.00399604281549293	0.00399604281549293
0.822502957324105	0.365421441386085	0.00401141221093713	0.00401141221093713
0.822469266076259	0.365351308703556	0.00402678160638134	0.00402678160638134
0.822435528291565	0.365281080796715	0.00404215100182554	0.00404215100182554
0.822401743842778	0.365210757406625	0.00405752039726974	0.00405752039726974
0.822367912602133	0.365140338273291	0.00407288979271395	0.00407288979271395
0.822334034441341	0.365069823135653	0.00408825918815815	0.00408825918815815
0.822300109231583	0.364999211731584	0.00410362858360235	0.00410362858360235
0.822266136843513	0.364928503797881	0.00411899797904656	0.00411899797904656
0.822232117147252	0.36485769907026	0.00413436737449076	0.00413436737449076
0.822198050012385	0.36478679728335	0.00414973676993496	0.00414973676993496
0.822163935307958	0.364715798170687	0.00416510616537917	0.00416510616537917
0.822129772902476	0.36464470146471	0.00418047556082337	0.00418047556082337
0.822095562663899	0.364573506896752	0.00419584495626758	0.00419584495626758
0.822061304459641	0.364502214197033	0.00421121435171178	0.00421121435171178
0.822026998156562	0.364430823094659	0.00422658374715598	0.00422658374715598
0.821992643620972	0.364359333317612	0.00424195314260019	0.00424195314260019
0.821958240718623	0.364287744592743	0.00425732253804439	0.00425732253804439
0.821923789314706	0.364216056645768	0.00427269193348859	0.00427269193348859
0.821889289273851	0.364144269201262	0.0042880613289328	0.0042880613289328
0.821854740460121	0.36407238198265	0.004303430724377	0.004303430724377
0.821820142737009	0.364000394712204	0.0043188001198212	0.0043188001198212
0.821785495967438	0.363928307111032	0.00433416951526541	0.00433416951526541
0.821750800013754	0.363856118899078	0.00434953891070961	0.00434953891070961
0.821716054737723	0.363783829795109	0.00436490830615381	0.00436490830615381
0.821681260000531	0.363711439516712	0.00438027770159802	0.00438027770159802
0.821646415662777	0.363638947780286	0.00439564709704222	0.00439564709704222
0.821611521584473	0.363566354301037	0.00441101649248643	0.00441101649248643
0.821576577625039	0.363493658792969	0.00442638588793063	0.00442638588793063
0.821541583643298	0.363420860968879	0.00444175528337483	0.00444175528337483
0.821506539497476	0.363347960540351	0.00445712467881904	0.00445712467881904
0.821471445045196	0.363274957217744	0.00447249407426324	0.00447249407426324
0.821436300143477	0.363201850710194	0.00448786346970744	0.00448786346970744
0.821401104648727	0.363128640725596	0.00450323286515165	0.00450323286515165
0.821365858416744	0.363055326970608	0.00451860226059585	0.00451860226059585
0.821330561302708	0.362981909150637	0.00453397165604005	0.00453397165604005
0.821295213161182	0.362908386969833	0.00454934105148426	0.00454934105148426
0.821259813846104	0.362834760131082	0.00456471044692846	0.00456471044692846
0.821224363210788	0.362761028336003	0.00458007984237266	0.00458007984237266
0.821188861107915	0.362687191284933	0.00459544923781687	0.00459544923781687
0.821153307389536	0.362613248676925	0.00461081863326107	0.00461081863326107
0.821117701907061	0.362539200209741	0.00462618802870527	0.00462618802870527
0.821082044511262	0.362465045579842	0.00464155742414948	0.00464155742414948
0.821046335052265	0.362390784482382	0.00465692681959368	0.00465692681959368
0.821010573379549	0.362316416611198	0.00467229621503789	0.00467229621503789
0.820974759341939	0.362241941658808	0.00468766561048209	0.00468766561048209
0.820938892787607	0.362167359316396	0.00470303500592629	0.00470303500592629
0.820902973564063	0.362092669273812	0.0047184044013705	0.0047184044013705
0.820867001518154	0.362017871219557	0.0047337737968147	0.0047337737968147
0.82083097649606	0.361942964840781	0.0047491431922589	0.0047491431922589
0.820794898343291	0.361867949823273	0.00476451258770311	0.00476451258770311
0.820758766904681	0.36179282585145	0.00477988198314731	0.00477988198314731
0.820722582024385	0.361717592608355	0.00479525137859151	0.00479525137859151
0.820686343545874	0.361642249775645	0.00481062077403572	0.00481062077403572
0.820650051311935	0.361566797033583	0.00482599016947992	0.00482599016947992
0.820613705164662	0.361491234061031	0.00484135956492412	0.00484135956492412
0.820577304945453	0.361415560535441	0.00485672896036833	0.00485672896036833
0.820540850495009	0.36133977613285	0.00487209835581253	0.00487209835581253
0.820504341653327	0.361263880527865	0.00488746775125674	0.00488746775125674
0.820467778259698	0.361187873393661	0.00490283714670094	0.00490283714670094
0.820431160152698	0.36111175440197	0.00491820654214514	0.00491820654214514
0.820394487170191	0.36103552322307	0.00493357593758935	0.00493357593758935
0.82035775914932	0.360959179525782	0.00494894533303355	0.00494894533303355
0.820320975926502	0.360882722977458	0.00496431472847775	0.00496431472847775
0.820284137337429	0.36080615324397	0.00497968412392196	0.00497968412392196
0.820247243217056	0.360729469989707	0.00499505351936616	0.00499505351936616
0.820210293399604	0.360652672877562	0.00501042291481036	0.00501042291481036
0.820173287718552	0.360575761568924	0.00502579231025457	0.00502579231025457
0.820136226006631	0.360498735723668	0.00504116170569877	0.00504116170569877
0.820099108095825	0.360421595000149	0.00505653110114298	0.00505653110114298
0.820061933817359	0.360344339055192	0.00507190049658718	0.00507190049658718
0.820024703001702	0.360266967544079	0.00508726989203138	0.00508726989203138
0.819987415478557	0.360189480120544	0.00510263928747559	0.00510263928747559
0.819950071076859	0.360111876436763	0.00511800868291979	0.00511800868291979
0.819912669624769	0.360034156143344	0.00513337807836399	0.00513337807836399
0.819875210949672	0.359956318889317	0.0051487474738082	0.0051487474738082
0.819837694878169	0.359878364322124	0.0051641168692524	0.0051641168692524
0.819800121236073	0.359800292087614	0.0051794862646966	0.0051794862646966
0.819762489848407	0.359722101830027	0.00519485566014081	0.00519485566014081
0.819724800539395	0.359643793191988	0.00521022505558501	0.00521022505558501
0.81968705313246	0.359565365814495	0.00522559445102921	0.00522559445102921
0.819649247450219	0.359486819336913	0.00524096384647342	0.00524096384647342
0.819611383314476	0.359408153396959	0.00525633324191762	0.00525633324191762
0.81957346054622	0.359329367630696	0.00527170263736182	0.00527170263736182
0.819535478965619	0.359250461672522	0.00528707203280603	0.00528707203280603
0.819497438392012	0.359171435155157	0.00530244142825023	0.00530244142825023
0.819459338643908	0.359092287709637	0.00531781082369444	0.00531781082369444
0.819421179538979	0.3590130189653	0.00533318021913864	0.00533318021913864
0.819382960894056	0.358933628549779	0.00534854961458284	0.00534854961458284
0.819344682525121	0.358854116088987	0.00536391901002705	0.00536391901002705
0.819306344247307	0.358774481207113	0.00537928840547125	0.00537928840547125
0.819267945874885	0.358694723526603	0.00539465780091545	0.00539465780091545
0.819229487221268	0.358614842668158	0.00541002719635966	0.00541002719635966
0.819190968098997	0.358534838250715	0.00542539659180386	0.00542539659180386
0.819152388319741	0.358454709891443	0.00544076598724806	0.00544076598724806
0.819113747694291	0.358374457205728	0.00545613538269227	0.00545613538269227
0.819075046032552	0.358294079807162	0.00547150477813647	0.00547150477813647
0.819036283143538	0.358213577307534	0.00548687417358068	0.00548687417358068
0.818997458835371	0.358132949316817	0.00550224356902488	0.00550224356902488
0.81895857291527	0.358052195443157	0.00551761296446908	0.00551761296446908
0.818919625189545	0.357971315292863	0.00553298235991329	0.00553298235991329
0.818880615463597	0.357890308470392	0.00554835175535749	0.00554835175535749
0.818841543541906	0.357809174578342	0.00556372115080169	0.00556372115080169
0.818802409228031	0.357727913217436	0.0055790905462459	0.0055790905462459
0.818763212324599	0.357646523986512	0.0055944599416901	0.0055944599416901
0.818723952633302	0.357565006482514	0.0056098293371343	0.0056098293371343
0.81868462995489	0.357483360300475	0.00562519873257851	0.00562519873257851
0.818645244089165	0.357401585033507	0.00564056812802271	0.00564056812802271
0.818605794834977	0.35731968027279	0.00565593752346691	0.00565593752346691
0.818566281990215	0.357237645607559	0.00567130691891112	0.00567130691891112
0.818526705351803	0.35715548062509	0.00568667631435532	0.00568667631435532
0.818487064715693	0.35707318491069	0.00570204570979952	0.00570204570979952
0.818447359876857	0.356990758047683	0.00571741510524373	0.00571741510524373
0.818407590629287	0.3569081996174	0.00573278450068793	0.00573278450068793
0.818367756765979	0.356825509199159	0.00574815389613214	0.00574815389613214
0.818327858078937	0.356742686370263	0.00576352329157634	0.00576352329157634
0.818287894359157	0.356659730705976	0.00577889268702054	0.00577889268702054
0.818247865396629	0.356576641779519	0.00579426208246475	0.00579426208246475
0.818207770980323	0.35649341916205	0.00580963147790895	0.00580963147790895
0.81816761089819	0.356410062422655	0.00582500087335315	0.00582500087335315
0.818127384937148	0.356326571128334	0.00584037026879736	0.00584037026879736
0.81808709288308	0.356242944843986	0.00585573966424156	0.00585573966424156
0.818046734520826	0.356159183132395	0.00587110905968576	0.00587110905968576
0.818006309634177	0.356075285554219	0.00588647845512997	0.00588647845512997
0.817965818005866	0.355991251667974	0.00590184785057417	0.00590184785057417
0.817925259417564	0.355907081030021	0.00591721724601837	0.00591721724601837
0.817884633649871	0.355822773194551	0.00593258664146258	0.00593258664146258
0.817843940482308	0.355738327713572	0.00594795603690678	0.00594795603690678
0.817803179693313	0.355653744136894	0.00596332543235099	0.00596332543235099
0.817762351060234	0.355569022012115	0.00597869482779519	0.00597869482779519
0.817721454359317	0.355484160884606	0.00599406422323939	0.00599406422323939
0.817680489365704	0.355399160297495	0.0060094336186836	0.0060094336186836
0.817639455853423	0.355314019791658	0.0060248030141278	0.0060248030141278
0.817598353595382	0.355228738905696	0.006040172409572	0.006040172409572
0.81755718236336	0.355143317175925	0.00605554180501621	0.00605554180501621
0.817515941928	0.355057754136361	0.00607091120046041	0.00607091120046041
0.817474632058805	0.354972049318702	0.00608628059590461	0.00608628059590461
0.817433252524123	0.354886202252316	0.00610164999134882	0.00610164999134882
0.817391803091147	0.354800212464222	0.00611701938679302	0.00611701938679302
0.817350283525902	0.354714079479077	0.00613238878223722	0.00613238878223722
0.81730869359324	0.354627802819159	0.00614775817768143	0.00614775817768143
0.817267033056831	0.354541382004351	0.00616312757312563	0.00616312757312563
0.817225301679156	0.354454816552127	0.00617849696856984	0.00617849696856984
0.817183499221496	0.354368105977532	0.00619386636401404	0.00619386636401404
0.817141625443929	0.35428124979317	0.00620923575945824	0.00620923575945824
0.817099680105319	0.354194247509183	0.00622460515490245	0.00622460515490245
0.817057662963306	0.354107098633239	0.00623997455034665	0.00623997455034665
0.8170155737743	0.354019802670512	0.00625534394579085	0.00625534394579085
0.816973412293475	0.353932359123668	0.00627071334123506	0.00627071334123506
0.816931178274756	0.353844767492844	0.00628608273667926	0.00628608273667926
0.816888871470811	0.353757027275635	0.00630145213212346	0.00630145213212346
0.816846491633047	0.353669137967074	0.00631682152756767	0.00631682152756767
0.816804038511597	0.353581099059615	0.00633219092301187	0.00633219092301187
0.816761511855311	0.353492910043117	0.00634756031845608	0.00634756031845608
0.816718911411752	0.353404570404825	0.00636292971390028	0.00636292971390028
0.816676236927182	0.35331607962935	0.00637829910934448	0.00637829910934448
0.816633488146556	0.353227437198658	0.00639366850478869	0.00639366850478869
0.81659066481351	0.353138642592041	0.00640903790023289	0.00640903790023289
0.816547766670357	0.353049695286109	0.00642440729567709	0.00642440729567709
0.816504793458072	0.352960594754766	0.0064397766911213	0.0064397766911213
0.81646174491629	0.352871340469192	0.0064551460865655	0.0064551460865655
0.816418620783286	0.352781931897825	0.0064705154820097	0.0064705154820097
0.816375420795979	0.352692368506341	0.00648588487745391	0.00648588487745391
0.816332144689909	0.352602649757637	0.00650125427289811	0.00650125427289811
0.816288792199238	0.352512775111808	0.00651662366834231	0.00651662366834231
0.816245363056735	0.352422744026131	0.00653199306378652	0.00653199306378652
0.816201856993768	0.352332555955045	0.00654736245923072	0.00654736245923072
0.816158273740294	0.352242210350127	0.00656273185467493	0.00656273185467493
0.816114613024846	0.352151706660078	0.00657810125011913	0.00657810125011913
0.816070874574531	0.3520610443307	0.00659347064556333	0.00659347064556333
0.816027058115009	0.351970222804873	0.00660884004100754	0.00660884004100754
0.815983163370494	0.351879241522539	0.00662420943645174	0.00662420943645174
0.815939190063736	0.35178809992068	0.00663957883189594	0.00663957883189594
0.815895137916011	0.351696797433295	0.00665494822734015	0.00665494822734015
0.815851006647117	0.351605333491381	0.00667031762278435	0.00667031762278435
0.815806795975355	0.351513707522911	0.00668568701822855	0.00668568701822855
0.815762505617526	0.351421918952811	0.00670105641367276	0.00670105641367276
0.815718135288914	0.351329967202943	0.00671642580911696	0.00671642580911696
0.81567368470328	0.351237851692078	0.00673179520456116	0.00673179520456116
0.815629153572847	0.351145571835877	0.00674716460000537	0.00674716460000537
0.815584541608294	0.351053127046867	0.00676253399544957	0.00676253399544957
0.815539848518739	0.350960516734419	0.00677790339089377	0.00677790339089377
0.815495074011733	0.350867740304728	0.00679327278633798	0.00679327278633798
0.815450217793245	0.350774797160785	0.00680864218178218	0.00680864218178218
0.815405279567653	0.350681686702359	0.00682401157722639	0.00682401157722639
0.815360259037732	0.35058840832597	0.00683938097267059	0.00683938097267059
0.81531515590464	0.350494961424869	0.00685475036811479	0.00685475036811479
0.815269969867911	0.35040134538901	0.006870119763559	0.006870119763559
0.815224700625439	0.350307559605031	0.0068854891590032	0.0068854891590032
0.815179347873467	0.350213603456226	0.0069008585544474	0.0069008585544474
0.815133911306576	0.350119476322521	0.00691622794989161	0.00691622794989161
0.815088390617673	0.350025177580454	0.00693159734533581	0.00693159734533581
0.815042785497978	0.349930706603143	0.00694696674078001	0.00694696674078001
0.814997095637012	0.349836062760267	0.00696233613622422	0.00696233613622422
0.814951320722582	0.349741245418037	0.00697770553166842	0.00697770553166842
0.814905460440773	0.349646253939175	0.00699307492711262	0.00699307492711262
0.814859514475933	0.349551087682881	0.00700844432255683	0.00700844432255683
0.81481348251066	0.349455746004815	0.00702381371800103	0.00702381371800103
0.814767364225787	0.349360228257066	0.00703918311344524	0.00703918311344524
0.814721159300374	0.349264533788126	0.00705455250888944	0.00705455250888944
0.81467486741169	0.349168661942865	0.00706992190433364	0.00706992190433364
0.814628488235203	0.349072612062503	0.00708529129977785	0.00708529129977785
0.814582021444565	0.348976383484585	0.00710066069522205	0.00710066069522205
0.814535466711598	0.348879975542947	0.00711603009066625	0.00711603009066625
0.81448882370628	0.348783387567699	0.00713139948611046	0.00713139948611046
0.814442092096735	0.348686618885185	0.00714676888155466	0.00714676888155466
0.814395271549213	0.348589668817966	0.00716213827699886	0.00716213827699886
0.814348361728082	0.348492536684784	0.00717750767244307	0.00717750767244307
0.814301362295809	0.348395221800535	0.00719287706788727	0.00719287706788727
0.814254272912948	0.348297723476243	0.00720824646333148	0.00720824646333148
0.814207093238126	0.348200041019026	0.00722361585877568	0.00722361585877568
0.814159822928026	0.34810217373207	0.00723898525421988	0.00723898525421988
0.814112461637374	0.348004120914599	0.00725435464966409	0.00725435464966409
0.814065009018925	0.347905881861843	0.00726972404510829	0.00726972404510829
0.814017464723446	0.347807455865008	0.00728509344055249	0.00728509344055249
0.813969828399701	0.347708842211247	0.0073004628359967	0.0073004628359967
0.813922099694439	0.347610040183627	0.0073158322314409	0.0073158322314409
0.813874278252371	0.347511049061099	0.0073312016268851	0.0073312016268851
0.813826363716165	0.347411868118467	0.00734657102232931	0.00734657102232931
0.813778355726419	0.347312496626354	0.00736194041777351	0.00736194041777351
0.813730253921654	0.347212933851171	0.00737730981321771	0.00737730981321771
0.813682057938294	0.347113179055085	0.00739267920866192	0.00739267920866192
0.813633767410649	0.347013231495986	0.00740804860410612	0.00740804860410612
0.813585381970901	0.346913090427452	0.00742341799955032	0.00742341799955032
0.813536901249085	0.346812755098719	0.00743878739499453	0.00743878739499453
0.813488324873075	0.346712224754645	0.00745415679043873	0.00745415679043873
0.813439652468564	0.346611498635675	0.00746952618588294	0.00746952618588294
0.813390883659052	0.346510575977809	0.00748489558132714	0.00748489558132714
0.813342018065821	0.346409456012566	0.00750026497677134	0.00750026497677134
0.813293055307926	0.346308137966948	0.00751563437221555	0.00751563437221555
0.81324399500217	0.346206621063407	0.00753100376765975	0.00753100376765975
0.813194836763093	0.346104904519806	0.00754637316310395	0.00754637316310395
0.81314558020295	0.346002987549386	0.00756174255854816	0.00756174255854816
0.813096224931693	0.345900869360728	0.00757711195399236	0.00757711195399236
0.813046770556953	0.345798549157714	0.00759248134943656	0.00759248134943656
0.812997216684026	0.345696026139495	0.00760785074488077	0.00760785074488077
0.812947562915846	0.345593299500447	0.00762322014032497	0.00762322014032497
0.812897808852974	0.34549036843014	0.00763858953576918	0.00763858953576918
0.812847954093574	0.345387232113292	0.00765395893121338	0.00765395893121338
0.812797998233396	0.345283889729738	0.00766932832665758	0.00766932832665758
0.812747940865758	0.345180340454384	0.00768469772210179	0.00768469772210179
0.812697781581523	0.345076583457172	0.00770006711754599	0.00770006711754599
0.812647519969081	0.344972617903039	0.00771543651299019	0.00771543651299019
0.812597155614329	0.344868442951876	0.0077308059084344	0.0077308059084344
0.812546688100653	0.344764057758486	0.0077461753038786	0.0077461753038786
0.812496117008902	0.344659461472546	0.0077615446993228	0.0077615446993228
0.812445441917374	0.344554653238564	0.00777691409476701	0.00777691409476701
0.812394662401791	0.344449632195836	0.00779228349021121	0.00779228349021121
0.81234377803528	0.344344397478406	0.00780765288565541	0.00780765288565541
0.812292788388348	0.344238948215019	0.00782302228109962	0.00782302228109962
0.812241693028868	0.344133283529083	0.00783839167654382	0.00783839167654382
0.812190491522049	0.34402740253862	0.00785376107198803	0.00785376107198803
0.812139183430421	0.343921304356227	0.00786913046743223	0.00786913046743223
0.812087768313809	0.343814988089028	0.00788449986287643	0.00788449986287643
0.812036245729311	0.343708452838628	0.00789986925832063	0.00789986925832063
0.811984615231277	0.343601697701072	0.00791523865376484	0.00791523865376484
0.811932876371285	0.343494721766795	0.00793060804920904	0.00793060804920904
0.811881028698119	0.343387524120575	0.00794597744465325	0.00794597744465325
0.811829071757744	0.34328010384149	0.00796134684009745	0.00796134684009745
0.811777005093284	0.343172460002867	0.00797671623554165	0.00797671623554165
0.811724828244999	0.343064591672236	0.00799208563098586	0.00799208563098586
0.811672540750258	0.34295649791128	0.00800745502643006	0.00800745502643006
0.811620142143519	0.342848177775787	0.00802282442187426	0.00802282442187426
0.811567631956299	0.342739630315601	0.00803819381731847	0.00803819381731847
0.811515009717156	0.342630854574571	0.00805356321276267	0.00805356321276267
0.811462274951659	0.342521849590501	0.00806893260820688	0.00806893260820688
0.811409427182362	0.342412614395097	0.00808430200365108	0.00808430200365108
0.811356465928783	0.342303148013918	0.00809967139909528	0.00809967139909528
0.811303390707377	0.342193449466326	0.00811504079453949	0.00811504079453949
0.811250201031504	0.342083517765425	0.00813041018998369	0.00813041018998369
0.811196896411413	0.341973351918016	0.00814577958542789	0.00814577958542789
0.811143476354205	0.341862950924541	0.0081611489808721	0.0081611489808721
0.811089940363814	0.341752313779025	0.0081765183763163	0.0081765183763163
0.811036287940974	0.341641439469026	0.0081918877717605	0.0081918877717605
0.810982518583196	0.341530326975576	0.00820725716720471	0.00820725716720471
0.810928631784738	0.341418975273125	0.00822262656264891	0.00822262656264891
0.810874627036575	0.341307383329488	0.00823799595809311	0.00823799595809311
0.810820503826374	0.341195550105781	0.00825336535353732	0.00825336535353732
0.810766261638466	0.341083474556371	0.00826873474898152	0.00826873474898152
0.810711899953812	0.340971155628809	0.00828410414442573	0.00828410414442573
0.810657418249977	0.340858592263777	0.00829947353986993	0.00829947353986993
0.8106028160011	0.340745783395025	0.00831484293531413	0.00831484293531413
0.810548092677866	0.340632727949312	0.00833021233075834	0.00833021233075834
0.810493247747471	0.340519424846343	0.00834558172620254	0.00834558172620254
0.810438280673595	0.340405872998708	0.00836095112164674	0.00836095112164674
0.810383190916369	0.34029207131182	0.00837632051709095	0.00837632051709095
0.810327977932346	0.34017801868385	0.00839168991253515	0.00839168991253515
0.810272641174466	0.340063714005667	0.00840705930797935	0.00840705930797935
0.810217180092028	0.339949156160765	0.00842242870342356	0.00842242870342356
0.810161594130654	0.339834344025209	0.00843779809886776	0.00843779809886776
0.810105882732258	0.339719276467558	0.00845316749431196	0.00845316749431196
0.810050045335012	0.339603952348805	0.00846853688975617	0.00846853688975617
0.809994081373314	0.339488370522306	0.00848390628520037	0.00848390628520037
0.809937990277753	0.339372529833715	0.00849927568064457	0.00849927568064457
0.809881771475075	0.339256429120911	0.00851464507608878	0.00851464507608878
0.809825424388148	0.339140067213929	0.00853001447153298	0.00853001447153298
0.809768948435928	0.339023442934891	0.00854538386697719	0.00854538386697719
0.80971234303342	0.338906555097932	0.00856075326242139	0.00856075326242139
0.80965560759165	0.338789402509133	0.00857612265786559	0.00857612265786559
0.809598741517621	0.338671983966438	0.0085914920533098	0.0085914920533098
0.809541744214278	0.33855429825959	0.008606861448754	0.008606861448754
0.809484615080474	0.338436344170051	0.0086222308441982	0.0086222308441982
0.809427353510931	0.338318120470927	0.00863760023964241	0.00863760023964241
0.8093699588962	0.338199625926892	0.00865296963508661	0.00865296963508661
0.809312430622626	0.338080859294109	0.00866833903053081	0.00866833903053081
0.809254768072307	0.337961819320156	0.00868370842597502	0.00868370842597502
0.809196970623055	0.33784250474394	0.00869907782141922	0.00869907782141922
0.809139037648357	0.337722914295622	0.00871444721686342	0.00871444721686342
0.809080968517335	0.337603046696537	0.00872981661230763	0.00872981661230763
0.809022762594704	0.337482900659105	0.00874518600775183	0.00874518600775183
0.808964419240732	0.337362474886755	0.00876055540319604	0.00876055540319604
0.8089059378112	0.337241768073838	0.00877592479864024	0.00877592479864024
0.808847317657355	0.337120778905543	0.00879129419408444	0.00879129419408444
0.808788558125873	0.336999506057809	0.00880666358952865	0.00880666358952865
0.808729658558813	0.336877948197243	0.00882203298497285	0.00882203298497285
0.808670618293574	0.336756103981024	0.00883740238041705	0.00883740238041705
0.80861143666285	0.336633972056823	0.00885277177586126	0.00885277177586126
0.808552112994589	0.336511551062706	0.00886814117130546	0.00886814117130546
0.808492646611942	0.336388839627046	0.00888351056674966	0.00888351056674966
0.808433036833223	0.336265836368431	0.00889887996219387	0.00889887996219387
0.808373282971859	0.336142539895571	0.00891424935763807	0.00891424935763807
0.808313384336344	0.336018948807199	0.00892961875308228	0.00892961875308228
0.808253340230195	0.335895061691982	0.00894498814852648	0.00894498814852648
0.808193149951899	0.33577087712842	0.00896035754397068	0.00896035754397068
0.808132812794867	0.335646393684751	0.00897572693941489	0.00897572693941489
0.808072328047386	0.335521609918849	0.00899109633485909	0.00899109633485909
0.808011694992567	0.335396524378126	0.00900646573030329	0.00900646573030329
0.807950912908297	0.335271135599427	0.0090218351257475	0.0090218351257475
0.807889981067187	0.335145442108935	0.0090372045211917	0.0090372045211917
0.80782889873652	0.335019442422058	0.0090525739166359	0.0090525739166359
0.8077676651782	0.334893135043329	0.00906794331208011	0.00906794331208011
0.807706279648698	0.334766518466298	0.00908331270752431	0.00908331270752431
0.807644741399001	0.334639591173427	0.00909868210296851	0.00909868210296851
0.807583049674555	0.334512351635974	0.00911405149841272	0.00911405149841272
0.807521203715212	0.334384798313891	0.00912942089385692	0.00912942089385692
0.807459202755173	0.334256929655707	0.00914479028930112	0.00914479028930112
0.807397046022935	0.334128744098414	0.00916015968474533	0.00916015968474533
0.807334732741233	0.334000240067356	0.00917552908018953	0.00917552908018953
0.807272262126979	0.33387141597611	0.00919089847563374	0.00919089847563374
0.807209633391208	0.333742270226373	0.00920626787107794	0.00920626787107794
0.807146845739018	0.333612801207834	0.00922163726652214	0.00922163726652214
0.80708389836951	0.333483007298065	0.00923700666196635	0.00923700666196635
0.807020790475729	0.333352886862389	0.00925237605741055	0.00925237605741055
0.806957521244597	0.333222438253763	0.00926774545285475	0.00926774545285475
0.80689408985686	0.333091659812649	0.00928311484829896	0.00928311484829896
0.80683049548702	0.33296054986689	0.00929848424374316	0.00929848424374316
0.806766737303269	0.332829106731582	0.00931385363918736	0.00931385363918736
0.806702814467432	0.332697328708939	0.00932922303463157	0.00932922303463157
0.806638726134895	0.332565214088167	0.00934459243007577	0.00934459243007577
0.806574471454541	0.332432761145331	0.00935996182551998	0.00935996182551998
0.806510049568687	0.332299968143216	0.00937533122096418	0.00937533122096418
0.806445459613009	0.33216683333119	0.00939070061640838	0.00939070061640838
0.806380700716481	0.332033354945072	0.00940607001185259	0.00940607001185259
0.806315772001299	0.331899531206984	0.00942143940729679	0.00942143940729679
0.806250672582816	0.331765360325214	0.00943680880274099	0.00943680880274099
0.806185401569466	0.331630840494071	0.0094521781981852	0.0094521781981852
0.806119958062695	0.331495969893736	0.0094675475936294	0.0094675475936294
0.806054341156888	0.331360746690121	0.0094829169890736	0.0094829169890736
0.805988549939291	0.33122516903471	0.00949828638451781	0.00949828638451781
0.80592258348994	0.331089235064418	0.00951365577996201	0.00951365577996201
0.805856440881585	0.330952942901428	0.00952902517540621	0.00952902517540621
0.805790121179608	0.330816290653041	0.00954439457085042	0.00954439457085042
0.80572362344195	0.330679276411517	0.00955976396629462	0.00955976396629462
0.80565694671903	0.330541898253913	0.00957513336173883	0.00957513336173883
0.805590090053665	0.330404154241926	0.00959050275718303	0.00959050275718303
0.805523052480987	0.330266042421723	0.00960587215262723	0.00960587215262723
0.805455833028365	0.330127560823779	0.00962124154807143	0.00962124154807143
0.805388430715314	0.329988707462706	0.00963661094351564	0.00963661094351564
0.805320844553419	0.329849480337085	0.00965198033895984	0.00965198033895984
0.805253073546244	0.329709877429288	0.00966734973440405	0.00966734973440405
0.805185116689245	0.32956989670531	0.00968271912984825	0.00968271912984825
0.805116972969684	0.329429536114582	0.00969808852529245	0.00969808852529245
0.80504864136654	0.3292887935898	0.00971345792073666	0.00971345792073666
0.804980120850414	0.329147667046735	0.00972882731618086	0.00972882731618086
0.804911410383445	0.329006154384053	0.00974419671162506	0.00974419671162506
0.804842508919208	0.328864253483123	0.00975956610706927	0.00975956610706927
0.804773415402628	0.32872196220783	0.00977493550251347	0.00977493550251347
0.804704128769877	0.32857927840438	0.00979030489795767	0.00979030489795767
0.804634647948284	0.328436199901105	0.00980567429340188	0.00980567429340188
0.804564971856231	0.328292724508267	0.00982104368884608	0.00982104368884608
0.804495099403056	0.328148850017851	0.00983641308429029	0.00983641308429029
0.804425029488952	0.328004574203368	0.00985178247973449	0.00985178247973449
0.804354761004864	0.327859894819644	0.00986715187517869	0.00986715187517869
0.804284292832387	0.327714809602611	0.0098825212706229	0.0098825212706229
0.804213623843656	0.327569316269096	0.0098978906660671	0.0098978906660671
0.804142752901244	0.327423412516603	0.0099132600615113	0.0099132600615113
0.804071678858051	0.327277096023097	0.00992862945695551	0.00992862945695551
0.804000400557195	0.32713036444678	0.00994399885239971	0.00994399885239971
0.8039289168319	0.326983215425868	0.00995936824784392	0.00995936824784392
0.803857226505385	0.32683564657836	0.00997473764328812	0.00997473764328812
0.803785328390745	0.326687655501811	0.00999010703873232	0.00999010703873232
0.80371322129084	0.326539239773094	0.0100054764341765	0.0100054764341765
0.803640903998172	0.326390396948162	0.0100208458296207	0.0100208458296207
0.803568375294769	0.326241124561808	0.0100362152250649	0.0100362152250649
0.803495633952062	0.32609142012742	0.0100515846205091	0.0100515846205091
0.803422678730762	0.325941281136731	0.0100669540159533	0.0100669540159533
0.803349508380734	0.325790705059568	0.0100823234113975	0.0100823234113975
0.803276121640874	0.325639689343596	0.0100976928068417	0.0100976928068417
0.803202517238975	0.325488231414058	0.010113062202286	0.010113062202286
0.803128693891599	0.325336328673512	0.0101284315977302	0.0101284315977302
0.803054650303945	0.325183978501562	0.0101438009931744	0.0101438009931744
0.802980385169716	0.325031178254592	0.0101591703886186	0.0101591703886186
0.802905897170977	0.324877925265484	0.0101745397840628	0.0101745397840628
0.802831184978023	0.324724216843343	0.010189909179507	0.010189909179507
0.802756247249235	0.324570050273211	0.0102052785749512	0.0102052785749512
0.802681082630936	0.324415422815782	0.0102206479703954	0.0102206479703954
0.802605689757251	0.324260331707109	0.0102360173658396	0.0102360173658396
0.802530067249955	0.324104774158305	0.0102513867612838	0.0102513867612838
0.802454213718328	0.323948747355245	0.010266756156728	0.010266756156728
0.802378127759001	0.323792248458261	0.0102821255521722	0.0102821255521722
0.802301807955801	0.323635274601828	0.0102974949476164	0.0102974949476164
0.802225252879598	0.323477822894254	0.0103128643430606	0.0103128643430606
0.802148461088148	0.323319890417357	0.0103282337385048	0.0103282337385048
0.802071431125925	0.323161474226142	0.010343603133949	0.010343603133949
0.801994161523965	0.323002571348472	0.0103589725293932	0.0103589725293932
0.801916650799697	0.32284317878473	0.0103743419248374	0.0103743419248374
0.801838897456772	0.322683293507484	0.0103897113202816	0.0103897113202816
0.801760899984899	0.322522912461139	0.0104050807157258	0.0104050807157258
0.801682656859664	0.322362032561587	0.01042045011117	0.01042045011117
0.801604166542358	0.322200650695853	0.0104358195066142	0.0104358195066142
0.801525427479794	0.32203876372173	0.0104511889020584	0.0104511889020584
0.80144643810413	0.321876368467416	0.0104665582975026	0.0104665582975026
0.801367196832681	0.321713461731137	0.0104819276929468	0.0104819276929468
0.80128770206773	0.321550040280772	0.010497297088391	0.010497297088391
0.80120795219634	0.321386100853466	0.0105126664838352	0.0105126664838352
0.801127945590159	0.321221640155239	0.0105280358792794	0.0105280358792794
0.801047680605223	0.321056654860591	0.0105434052747236	0.0105434052747236
0.800967155581756	0.320891141612096	0.0105587746701679	0.0105587746701679
0.800886368843966	0.320725097019995	0.0105741440656121	0.0105741440656121
0.800805318699841	0.320558517661773	0.0105895134610563	0.0105895134610563
0.800724003440935	0.320391400081746	0.0106048828565005	0.0106048828565005
0.800642421342158	0.320223740790621	0.0106202522519447	0.0106202522519447
0.800560570661559	0.320055536265066	0.0106356216473889	0.0106356216473889
0.800478449640104	0.319886782947259	0.0106509910428331	0.0106509910428331
0.800396056501452	0.319717477244445	0.0106663604382773	0.0106663604382773
0.800313389451731	0.319547615528467	0.0106817298337215	0.0106817298337215
0.800230446679301	0.31937719413531	0.0106970992291657	0.0106970992291657
0.800147226354523	0.319206209364617	0.0107124686246099	0.0107124686246099
0.80006372662952	0.319034657479215	0.0107278380200541	0.0107278380200541
0.79997994563793	0.318862534704618	0.0107432074154983	0.0107432074154983
0.799895881494664	0.318689837228535	0.0107585768109425	0.0107585768109425
0.79981153229565	0.318516561200358	0.0107739462063867	0.0107739462063867
0.799726896117583	0.318342702730651	0.0107893156018309	0.0107893156018309
0.799641971017657	0.318168257890622	0.0108046849972751	0.0108046849972751
0.799556755033311	0.317993222711597	0.0108200543927193	0.0108200543927193
0.799471246181951	0.317817593184469	0.0108354237881635	0.0108354237881635
0.799385442460682	0.317641365259154	0.0108507931836077	0.0108507931836077
0.79929934184603	0.31746453484403	0.0108661625790519	0.0108661625790519
0.799212942293655	0.317287097805362	0.0108815319744961	0.0108815319744961
0.799126241738071	0.31710904996673	0.0108969013699403	0.0108969013699403
0.799039238092344	0.316930387108431	0.0109122707653845	0.0109122707653845
0.798951929247802	0.316751104966885	0.0109276401608287	0.0109276401608287
0.798864313073729	0.316571199234022	0.0109430095562729	0.0109430095562729
0.798776387417057	0.31639066555666	0.0109583789517171	0.0109583789517171
0.798688150102052	0.316209499535875	0.0109737483471614	0.0109737483471614
0.798599598929997	0.316027696726357	0.0109891177426056	0.0109891177426056
0.798510731678865	0.315845252635755	0.0110044871380498	0.0110044871380498
0.79842154610299	0.315662162724012	0.011019856533494	0.011019856533494
0.79833203993273	0.315478422402687	0.0110352259289382	0.0110352259289382
0.798242210874127	0.315294027034263	0.0110505953243824	0.0110505953243824
0.798152056608554	0.315108971931448	0.0110659647198266	0.0110659647198266
0.798061574792363	0.314923252356456	0.0110813341152708	0.0110813341152708
0.797970763056526	0.314736863520283	0.011096703510715	0.011096703510715
0.797879619006264	0.314549800581966	0.0111120729061592	0.0111120729061592
0.797788140220674	0.314362058647824	0.0111274423016034	0.0111274423016034
0.797696324252348	0.314173632770694	0.0111428116970476	0.0111428116970476
0.797604168626985	0.313984517949149	0.0111581810924918	0.0111581810924918
0.797511670842994	0.313794709126699	0.011173550487936	0.011173550487936
0.797418828371097	0.313604201190982	0.0111889198833802	0.0111889198833802
0.797325638653911	0.313412988972935	0.0112042892788244	0.0112042892788244
0.797232099105537	0.313221067245955	0.0112196586742686	0.0112196586742686
0.797138207111131	0.313028430725041	0.0112350280697128	0.0112350280697128
0.797043960026473	0.312835074065921	0.011250397465157	0.011250397465157
0.796949355177525	0.312640991864162	0.0112657668606012	0.0112657668606012
0.796854389859979	0.312446178654263	0.0112811362560454	0.0112811362560454
0.796759061338803	0.312250628908733	0.0112965056514896	0.0112965056514896
0.79666336684777	0.312054337037148	0.0113118750469338	0.0113118750469338
0.796567303588983	0.311857297385194	0.011327244442378	0.011327244442378
0.796470868732394	0.311659504233689	0.0113426138378222	0.0113426138378222
0.796374059415303	0.311460951797586	0.0113579832332664	0.0113579832332664
0.796276872741862	0.31126163422496	0.0113733526287106	0.0113733526287106
0.796179305782552	0.311061545595969	0.0113887220241548	0.0113887220241548
0.79608135557367	0.310860679921804	0.011404091419599	0.011404091419599
0.795983019116785	0.31065903114361	0.0114194608150433	0.0114194608150433
0.795884293378204	0.310456593131391	0.0114348302104875	0.0114348302104875
0.795785175288406	0.310253359682892	0.0114501996059317	0.0114501996059317
0.795685661741488	0.310049324522456	0.0114655690013759	0.0114655690013759
0.795585749594578	0.309844481299865	0.0114809383968201	0.0114809383968201
0.79548543566725	0.309638823589152	0.0114963077922643	0.0114963077922643
0.795384716740928	0.309432344887392	0.0115116771877085	0.0115116771877085
0.795283589558266	0.309225038613469	0.0115270465831527	0.0115270465831527
0.795182050822528	0.309016898106815	0.0115424159785969	0.0115424159785969
0.795080097196951	0.308807916626127	0.0115577853740411	0.0115577853740411
0.794977725304092	0.30859808734806	0.0115731547694853	0.0115731547694853
0.794874931725167	0.308387403365885	0.0115885241649295	0.0115885241649295
0.794771712999374	0.308175857688128	0.0116038935603737	0.0116038935603737
0.794668065623198	0.307963443237179	0.0116192629558179	0.0116192629558179
0.794563986049711	0.307750152847865	0.0116346323512621	0.0116346323512621
0.79445947068785	0.30753597926601	0.0116500017467063	0.0116500017467063
0.79435451590168	0.307320915146944	0.0116653711421505	0.0116653711421505
0.794249118009649	0.307104953054	0.0116807405375947	0.0116807405375947
0.794143273283817	0.306888085456964	0.0116961099330389	0.0116961099330389
0.794036977949076	0.306670304730505	0.0117114793284831	0.0117114793284831
0.79393022818235	0.306451603152565	0.0117268487239273	0.0117268487239273
0.793823020111785	0.306231972902714	0.0117422181193715	0.0117422181193715
0.793715349815906	0.306011406060472	0.0117575875148157	0.0117575875148157
0.793607213322778	0.3057898946036	0.0117729569102599	0.0117729569102599
0.793498606609125	0.305567430406341	0.0117883263057041	0.0117883263057041
0.793389525599452	0.305344005237639	0.0118036957011483	0.0118036957011483
0.793279966165132	0.305119610759309	0.0118190650965925	0.0118190650965925
0.793169924123482	0.304894238524168	0.0118344344920367	0.0118344344920367
0.793059395236811	0.304667879974128	0.011849803887481	0.011849803887481
0.792948375211459	0.304440526438247	0.0118651732829252	0.0118651732829252
0.792836859696803	0.304212169130736	0.0118805426783694	0.0118805426783694
0.792724844284246	0.303982799148921	0.0118959120738136	0.0118959120738136
0.792612324506182	0.303752407471159	0.0119112814692578	0.0119112814692578
0.792499295834942	0.303520984954712	0.011926650864702	0.011926650864702
0.792385753681711	0.303288522333567	0.0119420202601462	0.0119420202601462
0.792271693395424	0.303055010216213	0.0119573896555904	0.0119573896555904
0.792157110261631	0.302820439083361	0.0119727590510346	0.0119727590510346
0.792041999501349	0.302584799285617	0.0119881284464788	0.0119881284464788
0.791926356269871	0.3023480810411	0.012003497841923	0.012003497841923
0.791810175655561	0.302110274433006	0.0120188672373672	0.0120188672373672
0.791693452678617	0.301871369407115	0.0120342366328114	0.0120342366328114
0.791576182289801	0.301631355769239	0.0120496060282556	0.0120496060282556
0.791458359369143	0.301390223182615	0.0120649754236998	0.0120649754236998
0.791339978724617	0.301147961165228	0.012080344819144	0.012080344819144
0.791221035090783	0.300904559087086	0.0120957142145882	0.0120957142145882
0.791101523127396	0.300660006167409	0.0121110836100324	0.0121110836100324
0.790981437417981	0.300414291471778	0.0121264530054766	0.0121264530054766
0.790860772468383	0.300167403909187	0.0121418224009208	0.0121418224009208
0.790739522705267	0.299919332229051	0.012157191796365	0.012157191796365
0.790617682474596	0.299670065018122	0.0121725611918092	0.0121725611918092
0.790495246040062	0.299419590697343	0.0121879305872534	0.0121879305872534
0.790372207581488	0.299167897518615	0.0122032999826976	0.0122032999826976
0.790248561193181	0.298914973561498	0.0122186693781418	0.0122186693781418
0.790124300882253	0.298660806729816	0.012234038773586	0.012234038773586
0.789999420566894	0.298405384748191	0.0122494081690302	0.0122494081690302
0.789873914074608	0.298148695158482	0.0122647775644744	0.0122647775644744
0.789747775140401	0.297890725316142	0.0122801469599187	0.0122801469599187
0.789620997404921	0.297631462386476	0.0122955163553629	0.0122955163553629
0.789493574412563	0.297370893340816	0.0123108857508071	0.0123108857508071
0.789365499609508	0.297109004952586	0.0123262551462513	0.0123262551462513
0.78923676634173	0.296845783793277	0.0123416245416955	0.0123416245416955
0.789107367852939	0.296581216228312	0.0123569939371397	0.0123569939371397
0.788977297282476	0.296315288412813	0.0123723633325839	0.0123723633325839
0.788846547663157	0.296047986287249	0.0123877327280281	0.0123877327280281
0.788715111919052	0.295779295572978	0.0124031021234723	0.0124031021234723
0.788582982863217	0.29550920176767	0.0124184715189165	0.0124184715189165
0.788450153195357	0.29523769014061	0.0124338409143607	0.0124338409143607
0.788316615499433	0.294964745727875	0.0124492103098049	0.0124492103098049
0.788182362241201	0.29469035332739	0.0124645797052491	0.0124645797052491
0.788047385765691	0.294414497493842	0.0124799491006933	0.0124799491006933
0.787911678294615	0.294137162533467	0.0124953184961375	0.0124953184961375
0.787775231923703	0.293858332498691	0.0125106878915817	0.0125106878915817
0.78763803861997	0.293577991182628	0.0125260572870259	0.0125260572870259
0.78750009021891	0.293296122113423	0.0125414266824701	0.0125414266824701
0.787361378421608	0.293012708548453	0.0125567960779143	0.0125567960779143
0.787221894791775	0.292727733468352	0.0125721654733585	0.0125721654733585
0.787081630752701	0.292441179570881	0.0125875348688027	0.0125875348688027
0.786940577584128	0.292153029264625	0.0126029042642469	0.0126029042642469
0.786798726419021	0.29186326466251	0.0126182736596911	0.0126182736596911
0.786656068240264	0.291571867575144	0.0126336430551353	0.0126336430551353
0.786512593877256	0.291278819503964	0.0126490124505795	0.0126490124505795
0.786368294002404	0.290984101634186	0.0126643818460237	0.0126643818460237
0.786223159127526	0.290687694827562	0.0126797512414679	0.0126797512414679
0.786077179600146	0.290389579614919	0.0126951206369122	0.0126951206369122
0.785930345599675	0.290089736188484	0.0127104900323564	0.0127104900323564
0.785782647133492	0.289788144393992	0.0127258594278006	0.0127258594278006
0.785634074032902	0.289484783722549	0.0127412288232448	0.0127412288232448
0.785484615948978	0.289179633302272	0.012756598218689	0.012756598218689
0.785334262348279	0.288872671889665	0.0127719676141332	0.0127719676141332
0.785183002508436	0.288563877860747	0.0127873370095774	0.0127873370095774
0.785030825513617	0.288253229201912	0.0128027064050216	0.0128027064050216
0.784877720249838	0.28794070350051	0.0128180758004658	0.0128180758004658
0.784723675400146	0.287626277935145	0.01283344519591	0.01283344519591
0.784568679439648	0.287309929265676	0.0128488145913542	0.0128488145913542
0.784412720630387	0.286991633822906	0.0128641839867984	0.0128641839867984
0.784255787016061	0.286671367497957	0.0128795533822426	0.0128795533822426
0.784097866416578	0.286349105731314	0.0128949227776868	0.0128949227776868
0.783938946422433	0.286024823501519	0.012910292173131	0.012910292173131
0.783779014388922	0.285698495313517	0.0129256615685752	0.0129256615685752
0.783618057430157	0.285370095186626	0.0129410309640194	0.0129410309640194
0.783456062412897	0.285039596642126	0.0129564003594636	0.0129564003594636
0.783293015950184	0.284706972690445	0.0129717697549078	0.0129717697549078
0.783128904394762	0.284372195817936	0.012987139150352	0.012987139150352
0.782963713832295	0.284035237973216	0.0130025085457962	0.0130025085457962
0.78279743007435	0.283696070553066	0.0130178779412404	0.0130178779412404
0.782630038651156	0.283354664387858	0.0130332473366846	0.0130332473366846
0.782461524804122	0.283010989726501	0.0130486167321288	0.0130486167321288
0.7822918734781	0.282665016220883	0.013063986127573	0.013063986127573
0.782121069313392	0.28231671290979	0.0130793555230172	0.0130793555230172
0.781949096637483	0.281966048202279	0.0130947249184614	0.0130947249184614
0.781775939456492	0.281612989860482	0.0131100943139056	0.0131100943139056
0.781601581446333	0.281257504981825	0.0131254637093499	0.0131254637093499
0.781426005943562	0.280899559980622	0.0131408331047941	0.0131408331047941
0.781249195935914	0.280539120569039	0.0131562025002383	0.0131562025002383
0.781071134052501	0.280176151737378	0.0131715718956825	0.0131715718956825
0.780891802553665	0.279810617733677	0.0131869412911267	0.0131869412911267
0.780711183320474	0.27944248204257	0.0132023106865709	0.0132023106865709
0.780529257843833	0.279071707363404	0.0132176800820151	0.0132176800820151
0.780346007213211	0.278698255587557	0.0132330494774593	0.0132330494774593
0.780161412104951	0.278322087774927	0.0132484188729035	0.0132484188729035
0.779975452770152	0.277943164129575	0.0132637882683477	0.0132637882683477
0.779788109022111	0.277561443974453	0.0132791576637919	0.0132791576637919
0.779599360223285	0.277176885725201	0.0132945270592361	0.0132945270592361
0.779409185271777	0.276789446862965	0.0133098964546803	0.0133098964546803
0.779217562587306	0.276399083906178	0.0133252658501245	0.0133252658501245
0.779024470096641	0.276005752381281	0.0133406352455687	0.0133406352455687
0.778829885218481	0.275609406792316	0.0133560046410129	0.0133560046410129
0.778633784847749	0.27521000058934	0.0133713740364571	0.0133713740364571
0.778436145339274	0.274807486135624	0.0133867434319013	0.0133867434319013
0.778236942490834	0.274401814673548	0.0134021128273455	0.0134021128273455
0.778036151525529	0.273992936289163	0.0134174822227897	0.0134174822227897
0.777833747073445	0.273580799875333	0.0134328516182339	0.0134328516182339
0.777629703152595	0.273165353093398	0.0134482210136781	0.0134482210136781
0.77742399314907	0.272746542333286	0.0134635904091223	0.0134635904091223
0.777216589796393	0.272324312671996	0.0134789598045665	0.0134789598045665
0.77700746515402	0.271898607830375	0.0134943292000107	0.0134943292000107
0.776796590584944	0.271469370128096	0.0135096985954549	0.0135096985954549
0.776583936732364	0.271036540436758	0.0135250679908991	0.0135250679908991
0.776369473495374	0.270600058131002	0.0135404373863433	0.0135404373863433
0.776153170003605	0.270159861037551	0.0135558067817875	0.0135558067817875
0.775934994590792	0.269715885382062	0.0135711761772318	0.0135711761772318
0.775714914767184	0.269268065733673	0.013586545572676	0.013586545572676
0.775492897190757	0.268816334947134	0.0136019149681202	0.0136019149681202
0.775268907637157	0.268360624102384	0.0136172843635644	0.0136172843635644
0.775042910968298	0.267900862441449	0.0136326537590086	0.0136326537590086
0.774814871099563	0.2674369773025	0.0136480231544528	0.0136480231544528
0.774584750965513	0.266968894050936	0.013663392549897	0.013663392549897
0.774352512484032	0.266496536007317	0.0136787619453412	0.0136787619453412
0.774118116518813	0.266019824371975	0.0136941313407854	0.0136941313407854
0.77388152284011	0.265538678146117	0.0137095007362296	0.0137095007362296
0.773642690083635	0.26505301404923	0.0137248701316738	0.0137248701316738
0.773401575707507	0.264562746432564	0.013740239527118	0.013740239527118
0.773158135947154	0.26406778718848	0.0137556089225622	0.0137556089225622
0.772912325768012	0.263568045655414	0.0137709783180064	0.0137709783180064
0.772664098815935	0.263063428518212	0.0137863477134506	0.0137863477134506
0.772413407365154	0.262553839703547	0.0138017171088948	0.0138017171088948
0.772160202263641	0.26203918027014	0.013817086504339	0.013817086504339
0.771904432875732	0.261519348293457	0.0138324558997832	0.0138324558997832
0.771646047021838	0.26099423874456	0.0138478252952274	0.0138478252952274
0.771384990915051	0.260463743362738	0.0138631946906716	0.0138631946906716
0.771121209094478	0.259927750521545	0.0138785640861158	0.0138785640861158
0.770854644355073	0.259386145087819	0.01389393348156	0.01389393348156
0.770585237673758	0.258838808273242	0.0139093028770042	0.0139093028770042
0.770312928131591	0.258285617477962	0.0139246722724484	0.0139246722724484
0.770037652831724	0.257726446125764	0.0139400416678926	0.0139400416678926
0.769759346812876	0.257161163490232	0.0139554110633368	0.0139554110633368
0.769477942958023	0.256589634511303	0.013970780458781	0.013970780458781
0.769193371897985	0.256011719601574	0.0139861498542252	0.0139861498542252
0.768905561909558	0.25542727444167	0.0140015192496695	0.0140015192496695
0.768614438807832	0.254836149763911	0.0140168886451137	0.0140168886451137
0.768319925832272	0.254238191123475	0.0140322580405579	0.0140322580405579
0.768021943526137	0.253633238656182	0.0140476274360021	0.0140476274360021
0.767720409608762	0.25302112682194	0.0140629968314463	0.0140629968314463
0.767415238840185	0.252401684132829	0.0140783662268905	0.0140783662268905
0.76710634287757	0.251774732864705	0.0140937356223347	0.0140937356223347
0.766793630122808	0.251140088751107	0.0141091050177789	0.0141091050177789
0.766477005560662	0.250497560658158	0.0141244744132231	0.0141244744132231
0.766156370586711	0.249846950239003	0.0141398438086673	0.0141398438086673
0.765831622824341	0.249188051566255	0.0141552132041115	0.0141552132041115
0.765502655929919	0.248520650740707	0.0141705825995557	0.0141705825995557
0.765169359385225	0.24784452547448	0.0141859519949999	0.0141859519949999
0.764831618276133	0.247159444646557	0.0142013213904441	0.0142013213904441
0.764489313056432	0.246465167828489	0.0142166907858883	0.0142166907858883
0.764142319295569	0.245761444777823	0.0142320601813325	0.0142320601813325
0.763790507408984	0.245048014896605	0.0142474295767767	0.0142474295767767
0.76343374236959	0.244324606652003	0.0142627989722209	0.0142627989722209
0.763071883398762	0.243590936955837	0.0142781683676651	0.0142781683676651
0.762704783635098	0.242846710499466	0.0142935377631093	0.0142935377631093
0.762332289778985	0.242091619040127	0.0143089071585535	0.0143089071585535
0.76195424171082	0.241325340634396	0.0143242765539977	0.0143242765539977
0.761570472080513	0.240547538814014	0.0143396459494419	0.0143396459494419
0.761180805865644	0.239757861698794	0.0143550153448861	0.0143550153448861
0.760785059895341	0.238955941040745	0.0143703847403303	0.0143703847403303
0.760383042336656	0.238141391192927	0.0143857541357745	0.0143857541357745
0.759974552139826	0.237313807995804	0.0144011235312187	0.0144011235312187
0.759559378438417	0.236472767573044	0.014416492926663	0.014416492926663
0.759137299899854	0.235617825027787	0.0144318623221072	0.0144318623221072
0.758708084021359	0.234748513029335	0.0144472317175514	0.0144472317175514
0.758271486365677	0.233864340279037	0.0144626011129956	0.0144626011129956
0.757827249730302	0.232964789842751	0.0144779705084398	0.0144779705084398
0.757375103243155	0.232049317335709	0.014493339903884	0.014493339903884
0.756914761376742	0.231117348943838	0.0145087092993282	0.0145087092993282
0.756445922871819	0.230168279263519	0.0145240786947724	0.0145240786947724
0.755968269560419	0.229201468939417	0.0145394480902166	0.0145394480902166
0.755481465076717	0.228216242077309	0.0145548174856608	0.0145548174856608
0.754985153442674	0.227211883405683	0.014570186881105	0.014570186881105
0.754478957513568	0.226187635156253	0.0145855562765492	0.0145855562765492
0.75396247726642	0.225142693629315	0.0146009256719934	0.0146009256719934
0.753435287911877	0.224076205404943	0.0146162950674376	0.0146162950674376
0.752896937807229	0.222987263155282	0.0146316644628818	0.0146316644628818
0.752346946144893	0.221874901006447	0.014647033858326	0.014647033858326
0.751784800386746	0.220738089390628	0.0146624032537702	0.0146624032537702
0.751209953410004	0.219575729319637	0.0146777726492144	0.0146777726492144
0.750621820324855	0.218386646000084	0.0146931420446586	0.0146931420446586
0.750019774917478	0.217169581697192	0.0147085114401028	0.0147085114401028
0.749403145664239	0.215923187738599	0.014723880835547	0.014723880835547
0.748771211253523	0.214646015530694	0.0147392502309912	0.0147392502309912
0.748123195540351	0.213336506437434	0.0147546196264354	0.0147546196264354
0.747458261845334	0.211992980344301	0.0147699890218796	0.0147699890218796
0.746775506492996	0.210613622696952	0.0147853584173238	0.0147853584173238
0.746073951464352	0.209196469763711	0.014800727812768	0.014800727812768
0.745352536013924	0.207739391821585	0.0148160972082122	0.0148160972082122
0.744610107071	0.206240073904517	0.0148314666036564	0.0148314666036564
0.743845408207203	0.204695993677047	0.0148468359991006	0.0148468359991006
0.743057066905522	0.20310439590242	0.0148622053945449	0.0148622053945449
0.742243579807006	0.201462262856121	0.0148775747899891	0.0148775747899891
0.741403295536986	0.199766279886747	0.0148929441854333	0.0148929441854333
0.740534394618096	0.198012795136639	0.0149083135808775	0.0149083135808775
0.739634865856277	0.196197772191953	0.0149236829763217	0.0149236829763217
0.738702478429516	0.194316734118405	0.0149390523717659	0.0149390523717659
0.737734748705417	0.192364696930838	0.0149544217672101	0.0149544217672101
0.736728900546087	0.190336090008424	0.0149697911626543	0.0149697911626543
0.735681817503658	0.188224660255757	0.0149851605580985	0.0149851605580985
0.734589984833619	0.186023355855903	0.0150005299535427	0.0150005299535427
0.733449418607361	0.183724184167735	0.0150158993489869	0.0150158993489869
0.732255578319026	0.181318036543932	0.0150312687444311	0.0150312687444311
0.731003258148865	0.178794470376077	0.0150466381398753	0.0150466381398753
0.729686450305844	0.176141435188326	0.0150620075353195	0.0150620075353195
0.728298171379012	0.173344924606379	0.0150773769307637	0.0150773769307637
0.726830238991755	0.170388528745827	0.0150927463262079	0.0150927463262079
0.725272980650865	0.167252850742372	0.0151081157216521	0.0151081157216521
0.72361484848451	0.163914734725341	0.0151234851170963	0.0151234851170963
0.721841900829035	0.16034622702919	0.0151388545125405	0.0151388545125405
0.719937091318704	0.156513151766717	0.0151542239079847	0.0151542239079847
0.717879272781073	0.152373115090278	0.0151695933034289	0.0151695933034289
0.715641766585061	0.147872639000899	0.0151849626988731	0.0151849626988731
0.713190248042302	0.142942925207883	0.0152003320943173	0.0152003320943173
0.710479513644621	0.137493379436827	0.0152157014897615	0.0152157014897615
0.707448335852049	0.131401305571463	0.0152310708852057	0.0152310708852057
0.704010863433668	0.124494681856923	0.0152464402806499	0.0152464402806499
0.700041346471339	0.116521569916653	0.0152618096760941	0.0152618096760941
0.695344805788821	0.107091380032901	0.0152771790715384	0.0152771790715384
0.689594549995488	0.0955497603951228	0.0152925484669826	0.0152925484669826
0.682178051591629	0.0806700247389563	0.0153079178624268	0.0153079178624268
0.671719922039437	0.0596982152160658	0.015323287257871	0.015323287257871
0.653830436421183	0.0238466700356525	0.0153386566533152	0.0153386566533152
0	0	0.0153540260487594	0.0153540260487594
