1	3.10252423872255e-07	6.44020595143484e-12
2	7.81986217881205e-07	1.09687447080813e-11
3	1.29914492640472e-06	1.44030005438252e-11
4	1.83592920240879e-06	1.72848313025595e-11
5	2.38139828276311e-06	1.88885269699054e-11
6	2.9298290886375e-06	2.01359716486159e-11
7	3.47789723574844e-06	2.21987984692359e-11
8	4.02355645789532e-06	2.3043308808361e-11
9	4.56550703376975e-06	2.49068844777986e-11
10	5.10291298624081e-06	2.55064381306017e-11
11	5.6352391525464e-06	2.60047049488916e-11
12	6.16215169854979e-06	2.6420446039483e-11
13	6.68345464182431e-06	2.67680805136103e-11
14	7.19904794123337e-06	2.83627562131007e-11
15	7.70889906415876e-06	2.86174501257019e-11
16	8.21302327080046e-06	2.88295971175024e-11
17	8.71146969815851e-06	2.90053904272469e-11
18	9.20431139482038e-06	2.91499345405044e-11
19	9.69163810124422e-06	3.06445800629759e-11
20	1.01735509706001e-05	3.07431030587101e-11
21	1.06501586813266e-05	3.08202251531757e-11
22	1.11215745603557e-05	3.0878621001264e-11
23	1.15879144482365e-05	3.09205772249972e-11
24	1.20492951139204e-05	3.09480591632892e-11
25	1.25058330800093e-05	3.09627642630276e-11
26	1.29576437565531e-05	3.23897119198229e-11
27	1.4361762989504e-05	3.23827871445794e-11
28	1.48360684411208e-05	3.23665536527367e-11
29	1.53056671614261e-05	3.23420410457636e-11
30	1.57706729198012e-05	3.23101557356118e-11
31	1.62311964004853e-05	3.22716980918552e-11
32	1.66873451169685e-05	3.22273768308419e-11
33	1.71392233752957e-05	3.21778211511774e-11
34	1.75869322744506e-05	3.2123591016662e-11
35	1.80305697346554e-05	3.35061390594713e-11
36	1.84702305464818e-05	3.34412133006031e-11
37	1.89060064352426e-05	3.33728093506357e-11
38	1.93379861363663e-05	3.33013021625581e-11
39	1.97662554784063e-05	3.32270287715787e-11
40	2.01908974710842e-05	3.31502926204288e-11
41	2.0611992396349e-05	3.30713673208572e-11
42	2.10296179008911e-05	3.29904999344897e-11
43	2.14438490889116e-05	3.29079138425284e-11
44	2.18547586142306e-05	3.2823811262533e-11
45	2.22624167710424e-05	3.27383754613236e-11
46	2.26668915828007e-05	3.4086845195939e-11
47	2.30682488888589e-05	3.39953755731138e-11
48	2.34665524285981e-05	3.39029886013179e-11
49	2.38618639228633e-05	3.38098146073595e-11
50	2.42542431525946e-05	3.37159722317448e-11
51	2.46437480345945e-05	3.36215695479416e-11
52	2.50304346944147e-05	3.35267050613052e-11
53	2.54143575363721e-05	3.34314686021975e-11
54	2.57955693107375e-05	3.33359421258812e-11
55	2.61741211781469e-05	3.32402004301041e-11
56	2.65500627713113e-05	3.31443117998645e-11
57	2.69234422540992e-05	3.30483385876325e-11
58	2.72943063780815e-05	3.29523377362567e-11
59	2.7662700536628e-05	3.28563612508823e-11
60	2.80286688166452e-05	3.27604566254366e-11
61	2.83922540480587e-05	3.40694396196073e-11
62	2.87534978511207e-05	3.39696922045222e-11
63	2.91124406816467e-05	3.38701439575922e-11
64	2.94691218742651e-05	3.37708292608064e-11
65	2.98235796837738e-05	3.36717794627315e-11
66	3.01758513246839e-05	3.35730231272165e-11
67	3.05259730090399e-05	3.34745862600167e-11
68	3.08739799825918e-05	3.33764925155099e-11
69	3.12199065593998e-05	3.32787633854387e-11
70	3.15637861549436e-05	3.31814183714056e-11
71	3.19056513178069e-05	3.30844751426646e-11
72	3.22455337600063e-05	3.29879496805927e-11
73	3.25834643860287e-05	3.28918564110747e-11
74	3.29194733206382e-05	3.27962083259188e-11
75	3.32535899355096e-05	3.27010170942955e-11
76	3.3585842874751e-05	3.26062931651027e-11
77	3.39162600793576e-05	3.2512045861063e-11
78	3.42448688106588e-05	3.37831152957718e-11
79	3.45716956727982e-05	3.36859183990453e-11
80	3.48967666342952e-05	3.35892411645235e-11
81	3.52201070487317e-05	3.34930894465016e-11
82	3.55417416746058e-05	3.33974683109575e-11
83	3.58616946943878e-05	3.33023820955674e-11
84	3.61799897328193e-05	3.32078344651231e-11
85	3.64966498744905e-05	3.31138284627344e-11
86	3.68116976807228e-05	3.30203665571622e-11
87	3.7125155205801e-05	3.29274506865941e-11
88	3.74370440125695e-05	3.28350822991535e-11
89	3.77473851874356e-05	3.27432623904017e-11
90	3.80561993547949e-05	3.26519915380713e-11
91	3.83635066909128e-05	3.25612699342502e-11
92	3.86693269372849e-05	3.24710974152155e-11
93	3.8973679413494e-05	3.23814734890982e-11
94	3.92765830295946e-05	3.22923973615484e-11
95	3.95780562980381e-05	3.22038679595508e-11
96	3.98781173451626e-05	3.21158839535339e-11
97	4.01767839222674e-05	3.20284437778997e-11
98	4.04740734162831e-05	3.1941545650093e-11
99	4.07700028600662e-05	3.18551875883186e-11
100	4.0694767548866e-05	3.24859690761928e-11
101	4.13578480171786e-05	3.29905065952173e-11
102	4.16497961134291e-05	3.29022605487699e-11
103	4.1940448943445e-05	3.28145668334239e-11
104	4.22298219117873e-05	3.27274225826877e-11
105	4.25179301235189e-05	3.26408248090281e-11
106	4.28047883922352e-05	3.25547704149595e-11
107	4.30904112478199e-05	3.24692562033635e-11
108	4.33748129439441e-05	3.23842788870904e-11
109	4.36580074653109e-05	3.22998350978939e-11
110	4.39400085346627e-05	3.22159213947455e-11
111	4.42208296195556e-05	3.21325342715723e-11
112	4.4500483938912e-05	3.2049670164457e-11
113	4.47789844693632e-05	3.19673254583379e-11
114	4.50563439513822e-05	3.18854964932424e-11
115	4.53325748952247e-05	3.18041795700876e-11
116	4.56076895866769e-05	3.17233709560748e-11
117	4.58817000926242e-05	3.16430668897077e-11
118	4.61546182664428e-05	3.15632635854585e-11
119	4.64264557532245e-05	3.14839572381052e-11
120	4.66972239948383e-05	3.14051440267642e-11
121	4.69669342348355e-05	3.13268201186351e-11
122	4.72355975232061e-05	3.12489816724806e-11
123	4.7503224720989e-05	3.11716248418557e-11
124	4.77698265047443e-05	3.10947457781054e-11
125	4.80354133708888e-05	3.10183406331449e-11
126	4.82999956399035e-05	3.0942405562036e-11
127	4.85635834604184e-05	3.21139607242995e-11
128	4.88261868131725e-05	3.20359240329959e-11
129	4.90878155148602e-05	3.19583644492366e-11
130	4.93484792218667e-05	3.18812780088977e-11
131	4.96081874338926e-05	3.18046607618197e-11
132	4.98669494974764e-05	3.17285087734827e-11
133	5.0124774609416e-05	3.16528181265478e-11
134	5.03816718200919e-05	3.15775849222775e-11
135	5.06376500366979e-05	3.15028052818389e-11
136	5.08927180263792e-05	3.14284753475016e-11
137	5.11468844192863e-05	3.13545912837317e-11
138	5.14001577115406e-05	3.12811492781949e-11
139	5.16525462681198e-05	3.12081455426687e-11
140	5.19040583256649e-05	3.11355763138745e-11
141	5.215470199521e-05	3.10634378542306e-11
142	5.24044852648369e-05	3.0991726452535e-11
143	5.26534160022624e-05	3.09204384245793e-11
144	5.29015019573487e-05	3.08495701137006e-11
145	5.3148750764557e-05	3.07791178912745e-11
146	5.33951699453279e-05	3.07090781571523e-11
147	5.36407669104014e-05	3.06394473400476e-11
148	5.38855489620795e-05	3.05702218978745e-11
149	5.41295232964254e-05	3.05013983180415e-11
150	5.43726970054085e-05	3.04329731177022e-11
151	5.46150770789938e-05	3.03649428439684e-11
152	5.48566704071765e-05	3.02973040740862e-11
153	5.50974837819668e-05	3.02300534155773e-11
154	5.53375238993234e-05	3.01631875063494e-11
155	5.55767973610377e-05	3.00967030147773e-11
156	5.58153106765734e-05	3.00305966397556e-11
157	5.60530702648561e-05	2.9964865110726e-11
158	5.62900824560237e-05	3.1083530000949e-11
159	5.65263534931283e-05	3.10159648015857e-11
160	5.67618895338015e-05	3.09487792823965e-11
161	5.6996696651876e-05	3.08819701701507e-11
162	5.72307808389678e-05	3.08155342231773e-11
163	5.74641480060226e-05	3.07494682312691e-11
164	5.7696803984823e-05	3.06837690155705e-11
165	5.79287545294604e-05	3.06184334284499e-11
166	5.81600053177713e-05	3.05534583533602e-11
167	5.83905619527421e-05	3.04888407046846e-11
168	5.86204299638786e-05	3.04245774275728e-11
169	5.88496148085422e-05	3.03606654977652e-11
170	5.90781218732597e-05	3.02971019214082e-11
171	5.93059564749994e-05	3.02338837348605e-11
172	5.95331238624161e-05	3.01710080044902e-11
173	5.97596292170737e-05	3.01084718264663e-11
174	5.99854776546332e-05	3.00462723265412e-11
175	6.02106742260191e-05	2.99844066598292e-11
176	6.0435223918554e-05	2.99228720105779e-11
177	6.06591316570756e-05	2.98616655919347e-11
178	6.08824023050197e-05	2.980078464571e-11
179	6.11050406654862e-05	2.9740226442135e-11
180	6.13270514822767e-05	2.96799882796167e-11
181	6.1548439440914e-05	2.96200674844896e-11
182	6.17692091696342e-05	2.95604614107644e-11
183	6.19893652403615e-05	2.95011674398749e-11
184	6.22089121696583e-05	2.94421829804222e-11
185	6.24278544196579e-05	2.93835054679181e-11
186	6.26461963989752e-05	2.93251323645262e-11
187	6.28639424635979e-05	2.92670611588026e-11
188	6.30810969177598e-05	2.9209289365435e-11
189	6.3297664014796e-05	2.91518145249826e-11
190	6.35136479579765e-05	2.9094634203614e-11
191	6.37290529013283e-05	2.90377459928463e-11
192	6.39438829504332e-05	2.89811475092834e-11
193	6.41581421632167e-05	2.89248363943553e-11
194	6.43718345507137e-05	2.88688103140575e-11
195	6.45849640778225e-05	2.88130669586906e-11
196	6.47975346640419e-05	2.87576040426013e-11
197	6.50095501841934e-05	2.98169731619848e-11
198	6.52210144691293e-05	2.97599321799982e-11
199	6.54319313064262e-05	2.97031755510931e-11
200	6.56423044410622e-05	2.96467009981088e-11
201	6.58521375760854e-05	2.95905062675348e-11
202	6.60614343732644e-05	2.95345891292491e-11
203	6.62701984537294e-05	2.94789473762576e-11
204	6.64784333985971e-05	2.94235788244359e-11
205	6.66861427495855e-05	2.93684813122729e-11
206	6.68933300096175e-05	2.9313652700615e-11
207	6.70999986434098e-05	2.92590908724146e-11
208	6.73061520780539e-05	2.92047937324776e-11
209	6.75117937035818e-05	2.91507592072158e-11
210	6.77169268735232e-05	2.90969852443991e-11
211	6.79215549054545e-05	2.90434698129111e-11
212	6.81256810815308e-05	2.89902109025067e-11
213	6.83293086490133e-05	2.89372065235712e-11
214	6.85324408207845e-05	2.88844547068826e-11
215	6.87350807758547e-05	2.88319535033753e-11
216	6.89372316598567e-05	2.87797009839068e-11
217	6.91388965855349e-05	2.87276952390259e-11
218	6.93400786332214e-05	2.8675934378744e-11
219	6.95407808513054e-05	2.86244165323079e-11
220	6.97410062566949e-05	2.85731398479755e-11
221	6.99407578352662e-05	2.85221024927944e-11
222	7.01400385423105e-05	2.8471302652381e-11
223	7.03388513029664e-05	2.84207385307038e-11
224	7.05371990126489e-05	2.83704083498684e-11
225	7.07350845374693e-05	2.83203103499042e-11
226	7.09325107146467e-05	2.82704427885551e-11
227	7.11294803529134e-05	2.822080394107e-11
228	7.13259962329126e-05	2.81713920999989e-11
229	7.15220611075873e-05	2.81222055749877e-11
230	7.1717677702566e-05	2.80732426925791e-11
231	7.19128487165373e-05	2.80245017960122e-11
232	7.21075768216218e-05	2.79759812450273e-11
233	7.23018646637343e-05	2.79276794156711e-11
234	7.24957148629418e-05	2.78795947001056e-11
235	7.26891300138137e-05	2.78317255064175e-11
236	7.28821126857671e-05	2.77840702584323e-11
237	7.30746654234065e-05	2.7736627395528e-11
238	7.3266790746855e-05	2.76893953724532e-11
239	7.34584911520824e-05	2.76423726591459e-11
240	7.3649769111229e-05	2.75955577405555e-11
241	7.38406270729176e-05	2.75489491164663e-11
242	7.40310674625692e-05	2.8550167953233e-11
243	7.42210926827042e-05	2.85022076150992e-11
244	7.44107051132465e-05	2.84544568481183e-11
245	7.45999071118163e-05	2.84069141547444e-11
246	7.47887010140222e-05	2.83595780519496e-11
247	7.49770891337453e-05	2.83124470710551e-11
248	7.51650737634229e-05	2.82655197575631e-11
249	7.53526571743204e-05	2.82187946709912e-11
250	7.55398416168084e-05	2.81722703847092e-11
251	7.5726629320625e-05	2.81259454857771e-11
252	7.59130224951405e-05	2.80798185747863e-11
253	7.60990233296186e-05	2.80338882657017e-11
254	7.62846339934653e-05	2.79881531857067e-11
255	7.64698566364844e-05	2.79426119750492e-11
256	7.66546933891212e-05	2.78972632868908e-11
257	7.68391463627043e-05	2.78521057871564e-11
258	7.70232176496851e-05	2.78071381543876e-11
259	7.72069093238733e-05	2.77623590795958e-11
260	7.73902234406651e-05	2.7717767266119e-11
261	7.75731620372727e-05	2.76733614294794e-11
262	7.77557271329467e-05	2.76291402972433e-11
263	7.79379207291957e-05	2.75851026088822e-11
264	7.81197448100067e-05	2.75412471156367e-11
265	7.83012013420516e-05	2.74975725803813e-11
266	7.8482292274904e-05	2.74540777774906e-11
267	7.86630195412413e-05	2.74107614927091e-11
268	7.88433850570498e-05	2.73676225230199e-11
269	7.90233907218264e-05	2.73246596765173e-11
270	7.92030384187723e-05	2.72818717722804e-11
271	7.93823300149906e-05	2.72392576402476e-11
272	7.9561267361677e-05	2.71968161210942e-11
273	7.97398522943058e-05	2.71545460661094e-11
274	7.99180866328181e-05	2.71124463370776e-11
275	8.00959721818043e-05	2.70705158061587e-11
276	8.02735107306814e-05	2.70287533557716e-11
277	8.04507040538742e-05	2.69871578784781e-11
278	8.06275539109867e-05	2.69457282768696e-11
279	8.08040620469757e-05	2.69044634634536e-11
280	8.09802301923206e-05	2.68633623605431e-11
281	8.1156060063187e-05	2.68224239001465e-11
282	8.1331553361597e-05	2.67816470238596e-11
283	8.15067117755863e-05	2.67410306827582e-11
284	8.16815369793657e-05	2.67005738372927e-11
285	8.18560306334787e-05	2.66602754571841e-11
286	8.20301943849575e-05	2.66201345213204e-11
287	8.22040298674715e-05	2.6580150017656e-11
288	8.23775387014836e-05	2.65403209431104e-11
289	8.2550722494395e-05	2.65006463034698e-11
290	8.27235828406929e-05	2.64611251132893e-11
291	8.28961213220942e-05	2.64217563957959e-11
292	8.30683395076864e-05	2.6382539182794e-11
293	8.32402389540717e-05	2.63434725145704e-11
294	8.34118212054993e-05	2.63045554398026e-11
295	8.35830877940068e-05	2.72476013254571e-11
296	8.37540402395516e-05	2.72075369761397e-11
297	8.39246800501442e-05	2.71676249027006e-11
298	8.40950087219777e-05	2.71278641521316e-11
299	8.42650277395597e-05	2.70882537796647e-11
300	8.44347385758325e-05	2.70487928486828e-11
301	8.46041426923062e-05	2.70094804306311e-11
302	8.47732415391772e-05	2.69703156049304e-11
303	8.49420365554494e-05	2.69312974588913e-11
304	8.51105291690582e-05	2.68924250876293e-11
305	8.52787207969853e-05	2.68536975939806e-11
306	8.54466128453762e-05	2.68151140884201e-11
307	8.56142067096558e-05	2.67766736889792e-11
308	8.57815037746433e-05	2.67383755211656e-11
309	8.59485054146608e-05	2.6700218717883e-11
310	8.6115212993648e-05	2.66622024193529e-11
311	8.62816278652667e-05	2.66243257730372e-11
312	8.64477513730121e-05	2.6586587933561e-11
313	8.66135848503191e-05	2.65489880626369e-11
314	8.67791296206614e-05	2.65115253289907e-11
315	8.6944386997663e-05	2.64741989082868e-11
316	8.71093582851938e-05	2.64370079830558e-11
317	8.72740447774726e-05	2.63999517426223e-11
318	8.7438447759168e-05	2.63630293830338e-11
319	8.76025685054914e-05	2.63262401069901e-11
320	8.77664082822997e-05	2.62895831237743e-11
321	8.79299683461863e-05	2.62530576491841e-11
322	8.80932499445768e-05	2.62166629054639e-11
323	8.82562543158232e-05	2.61803981212383e-11
324	8.84189826892924e-05	2.61442625314457e-11
325	8.85814362854601e-05	2.61082553772729e-11
326	8.8743616315998e-05	2.60723759060915e-11
327	8.89055239838643e-05	2.60366233713931e-11
328	8.90671604833864e-05	2.60009970327274e-11
329	8.92285270003518e-05	2.59654961556393e-11
330	8.93896247120909e-05	2.5930120011608e-11
331	8.95504547875603e-05	2.58948678779862e-11
332	8.97110183874258e-05	2.58597390379404e-11
333	8.98713166641452e-05	2.58247327803915e-11
334	9.0031350762047e-05	2.57898483999563e-11
335	9.01911218174128e-05	2.575508519689e-11
336	9.03506309585527e-05	2.57204424770292e-11
337	9.05098793058842e-05	2.56859195517353e-11
338	9.06688679720112e-05	2.56515157378388e-11
339	9.08275980617969e-05	2.56172303575844e-11
340	9.09860706724388e-05	2.55830627385769e-11
341	9.1144286893544e-05	2.55490122137271e-11
342	9.1302247807201e-05	2.55150781211986e-11
343	9.1459954488053e-05	2.54812598043559e-11
344	9.16174080033673e-05	2.54475566117123e-11
345	9.1774609413107e-05	2.54139678968787e-11
346	9.19315597700005e-05	2.5380493018513e-11
347	9.20882601196088e-05	2.53471313402701e-11
348	9.22447115003936e-05	2.53138822307526e-11
349	9.24009149437875e-05	2.52807450634621e-11
350	9.25568714742546e-05	2.52477192167506e-11
351	9.271258210936e-05	2.52148040737729e-11
352	9.28680478598319e-05	2.518199902244e-11
353	9.30232697296282e-05	2.51493034553719e-11
354	9.31782487159972e-05	2.51167167698517e-11
355	9.33329858095391e-05	2.50842383677807e-11
356	9.34874819942715e-05	2.50518676556325e-11
357	9.36417382476853e-05	2.50196040444095e-11
358	9.3795755540808e-05	2.59043416287619e-11
359	9.39495348382639e-05	2.58711143784816e-11
360	9.41030770983282e-05	2.58379963549919e-11
361	9.42563832729898e-05	2.58049869660107e-11
362	9.44094543080073e-05	2.57720856237279e-11
363	9.45622911429624e-05	2.57392917447627e-11
364	9.47148947113213e-05	2.5706604750121e-11
365	9.48672659404856e-05	2.56740240651536e-11
366	9.50194057518499e-05	2.56415491195146e-11
367	9.51713150608544e-05	2.56091793471206e-11
368	9.53229947770371e-05	2.55769141861098e-11
369	9.54744458040906e-05	2.55447530788021e-11
370	9.56256690399101e-05	2.55126954716598e-11
371	9.57766653766473e-05	2.54807408152478e-11
372	9.59274357007607e-05	2.54488885641955e-11
373	9.60779808930669e-05	2.5417138177158e-11
374	9.62283018287891e-05	2.53854891167789e-11
375	9.63783993776082e-05	2.53539408496518e-11
376	9.65282744037093e-05	2.53224928462845e-11
377	9.66779277658317e-05	2.52911445810616e-11
378	9.68273603173164e-05	2.52598955322089e-11
379	0.000103440166666576	2.5228745181757e-11
380	0.000103599091998239	2.51976930155066e-11
381	0.000103757784497653	2.51667385229929e-11
382	0.0001039162450525	2.51358811974515e-11
383	0.000104074474544944	2.51051205357841e-11
384	0.00010423247385169	2.50744560385244e-11
385	0.000104390243844023	2.50438872098049e-11
386	0.000104547785387856	2.50134135573241e-11
387	0.000104705099343774	2.49830345923132e-11
388	0.000104862186567088	2.49527498295042e-11
389	0.000105019047907867	2.49225587870978e-11
390	0.000105175684210995	2.48924609867316e-11
391	0.000105332096316206	2.4862455953449e-11
392	0.000105488285058132	2.48325432156682e-11
393	0.000105644251266344	2.48027223051521e-11
394	0.000105799995765399	2.47729927569768e-11
395	0.000105955519374875	2.47433541095028e-11
396	0.000106110822909418	2.47138059043451e-11
397	0.000106265907178782	2.46843476863435e-11
398	0.000106420772987869	2.46549790035342e-11
399	0.00010657542113677	2.46256994071209e-11
400	0.000106729852420803	2.45965084514462e-11
401	0.000106884067630559	2.4567405693964e-11
402	0.00010703806755193	2.45383906952115e-11
403	0.000107191852966161	2.45094630187819e-11
404	0.000107345424649875	2.4480622231297e-11
405	0.000107498783375121	2.44518679023807e-11
406	0.000107651929909407	2.44231996046319e-11
407	0.000107804865015736	2.43946169135992e-11
408	0.000107957589452648	2.43661194077537e-11
409	0.000108110103974249	2.43377066684642e-11
410	0.000108262409330252	2.4309378279971e-11
411	0.000108414506266013	2.42811338293617e-11
412	0.000108566395522561	2.42529729065451e-11
413	0.00010871807783664	2.42248951042276e-11
414	0.000108869553940736	2.4196900017888e-11
415	0.000109020824563118	2.41689872457541e-11
416	0.000109171890427866	2.41411563887781e-11
417	0.000109322752254909	2.41134070506135e-11
418	0.000109473410760055	2.40857388375916e-11
419	0.000109623866655024	2.40581513586982e-11
420	0.000109774120647483	2.40306442255507e-11
421	0.000109924173441076	2.40032170523757e-11
422	0.000110074025735454	2.39758694559867e-11
423	0.000110223678226311	2.39486010557611e-11
424	0.00011037313160541	2.39214114736191e-11
425	0.000110522386560621	2.38943003340016e-11
426	0.00011067144377594	2.3867267263849e-11
427	0.000110820303931531	2.38403118925795e-11
428	0.00011096896770375	2.3813433852068e-11
429	0.000111117435765175	2.37866327766259e-11
430	0.000111265708784635	2.46160529044152e-11
431	0.00011141378742724	2.45884444517574e-11
432	0.000111561672354412	2.45609146157962e-11
433	0.000111709364223908	2.45334630275498e-11
434	0.000111856863689852	2.45060893204555e-11
435	0.000112004171402761	2.44787931303495e-11
436	0.000112151288009577	2.44515740954468e-11
437	0.000112298214153686	2.44244318563211e-11
438	0.000112444950474954	2.43973660558856e-11
439	0.000112591497609746	2.43703763393728e-11
440	0.000112737856190961	2.4343462354316e-11
441	0.000112884026848048	2.43166237505294e-11
442	0.000113030010207043	2.42898601800897e-11
443	0.000113175806890584	2.42631712973175e-11
444	0.000113321417517947	2.42365567587581e-11
445	0.000113466842705062	2.42100162231643e-11
446	0.000113612083064544	2.41835493514766e-11
447	0.000113757139205717	2.41571558068069e-11
448	0.000113902011734635	2.41308352544194e-11
449	0.000114046701254111	2.41045873617141e-11
450	0.000114191208363738	2.40784117982082e-11
451	0.000114335533659912	2.40523082355199e-11
452	0.000114479677735861	2.40262763473504e-11
453	0.000114623641181663	2.40003158094676e-11
454	0.000114767424584271	2.3974426299689e-11
455	0.000114911028527536	2.39486074978651e-11
456	0.00011505445359223	2.39228590858635e-11
457	0.000115197700356066	2.38971807475514e-11
458	0.000115340769393728	2.38715721687808e-11
459	0.000115483661276883	2.3846033037372e-11
460	0.000115626376574209	2.38205630430977e-11
461	0.000115768915851415	2.37951618776671e-11
462	0.000115911279671264	2.37698292347113e-11
463	0.000116053468593594	2.37445648097669e-11
464	0.000116195483175334	2.37193683002616e-11
465	0.000116337323970534	2.36942394054987e-11
466	0.000116478991530377	2.36691778266426e-11
467	0.000116620486403208	2.36441832667031e-11
468	0.000116761809134546	2.36192554305221e-11
469	0.000116902960267109	2.35943940247582e-11
470	0.000117043940340833	2.35695987578726e-11
471	0.000117184749892894	2.35448693401151e-11
472	0.000117325389457721	2.35202054835097e-11
473	0.000117465859567023	2.34956069018409e-11
474	0.000117606160749805	2.34710733106395e-11
475	0.000117746293532384	2.34466044271698e-11
476	0.000117886258438415	2.34221999704152e-11
477	0.000118026055988904	2.33978596610651e-11
478	0.000118165686702228	2.33735832215016e-11
479	0.000118305151094155	2.33493703757866e-11
480	0.000118444449677859	2.33252208496482e-11
481	0.000118583582963943	2.33011343704685e-11
482	0.00011872255146045	2.327711066727e-11
483	0.000118861355672889	2.32531494707036e-11
484	0.000118999996104246	2.3229250513036e-11
485	0.000119138473255004	2.32054135281369e-11
486	0.00011927678762316	2.31816382514665e-11
487	0.000119414939704243	2.31579244200646e-11
488	0.000119552929991328	2.31342717725366e-11
489	0.000119690758975059	2.31106800490431e-11
490	0.000119828427143659	2.30871489912872e-11
491	0.000119965934982948	2.30636783425033e-11
492	0.000120103282976365	2.30402678474447e-11
493	0.000120240471604975	2.3016917252373e-11
494	0.000120377501347493	2.29936263050457e-11
495	0.000120514372680296	2.29703947547058e-11
496	0.00012065108607744	2.29472223520699e-11
497	0.000120787642010676	2.29241088493175e-11
498	0.000120924040949465	2.29010540000796e-11
499	0.000121060283360992	2.28780575594282e-11
500	0.000121196369710185	2.28551192838652e-11
501	0.000121332300459726	2.28322389313117e-11
502	0.000121468076070069	2.28094162610976e-11
503	0.000121603696999454	2.2786651033951e-11
504	0.000121739163703921	2.27639430119874e-11
505	0.000121874476637325	2.27412919587001e-11
506	0.000122009636251353	2.27186976389492e-11
507	0.000122144642995533	2.26961598189517e-11
508	0.000122279497317255	2.26736782662723e-11
509	0.000122414199661778	2.26512527498119e-11
510	0.000122548750472249	2.26288830397987e-11
511	0.000122683150189718	2.26065689077785e-11
512	0.000122817399253146	2.25843101266045e-11
513	0.000122951498099424	2.25621064704279e-11
514	0.000123085447163385	2.33377708881228e-11
515	0.000123219246877814	2.33148947785699e-11
516	0.000123352897673468	2.32920750516287e-11
517	0.000123486399979084	2.32693114787344e-11
518	0.000123619754221395	2.32466038326183e-11
519	0.000123752960825139	2.32239518872972e-11
520	0.000123886020213079	2.32013554180654e-11
521	0.000124018932806008	2.31788142014839e-11
522	0.000124151699022766	2.31563280153728e-11
523	0.000124284319280252	2.31338966388009e-11
524	0.000124416793993437	2.31115198520774e-11
525	0.000124549123575374	2.30891974367429e-11
526	0.000124681308437213	2.30669291755601e-11
527	0.000124813348988214	2.30447148525058e-11
528	0.000124945245635753	2.30225542527612e-11
529	0.000125076998785341	2.30004471627041e-11
530	0.000125208608840633	2.29783933699002e-11
531	0.000125340076203437	2.29563926630938e-11
532	0.000125471401273733	2.2934444832201e-11
533	0.000125602584449677	2.29125496682995e-11
534	0.000125733626127615	2.28907069636219e-11
535	0.000125864526702098	2.28689165115466e-11
536	0.000125995286565889	2.28471781065899e-11
537	0.000126125906109973	2.28254915443982e-11
538	0.000126256385723575	2.28038566217395e-11
539	0.000126386725794163	2.27822731364963e-11
540	0.000126516926707465	2.27607408876567e-11
541	0.000126646988847477	2.27392596753075e-11
542	0.000126776912596473	2.27178293006263e-11
543	0.000126906698335019	2.26964495658733e-11
544	0.000127036346441982	2.26751202743846e-11
545	0.000127165857294536	2.26538412305641e-11
546	0.000127295231268181	2.2632612239876e-11
547	0.000127424468736748	2.2611433108838e-11
548	0.000127553570072408	2.25903036450132e-11
549	0.000127682535645688	2.25692236570033e-11
550	0.000127811365825474	2.25481929544417e-11
551	0.000127940060979028	2.25272113479854e-11
552	0.00012806862147199	2.25062786493089e-11
553	0.000128197047668398	2.24853946710967e-11
554	0.000128325339930688	2.24645592270365e-11
555	0.000128453498619709	2.24437721318121e-11
556	0.000128581524094734	2.24230332010965e-11
557	0.000128709416713462	2.24023422515459e-11
558	0.000128837176832039	2.23816991007918e-11
559	0.000128964804805055	2.2361103567435e-11
560	0.000129092300985564	2.23405554710392e-11
561	0.000129219665725088	2.23200546321236e-11
562	0.000129346899373623	2.22996008721573e-11
563	0.000129474002279658	2.22791940135524e-11
564	0.000129600974790174	2.22588338796576e-11
565	0.000129727817250659	2.22385202947517e-11
566	0.000129854530005115	2.22182530840379e-11
567	0.000129981113396066	2.21980320736369e-11
568	0.000130107567764567	2.2177857090581e-11
569	0.000130233893450217	2.2157727962808e-11
570	0.000130360090791161	2.21376445191551e-11
571	0.000130486160124103	2.21176065893526e-11
572	0.000130612101784312	2.20976140040183e-11
573	0.000130737916105634	2.20776665946512e-11
574	0.000130863603420497	2.2057764193626e-11
575	0.000130989164059917	2.2037906634187e-11
576	0.000131114598353517	2.2018093750442e-11
577	0.000131239906629524	2.19983253773573e-11
578	0.000131365089214778	2.19786013507514e-11
579	0.000131490146434749	2.19589215072895e-11
580	0.000131615078613536	2.19392856844779e-11
581	0.000131739886073879	2.19196937206586e-11
582	0.000131864569137166	2.19001454550036e-11
583	0.000131989128123439	2.18806407275092e-11
584	0.000132113563351409	2.1861179378991e-11
585	0.000132237875138453	2.18417612510784e-11
586	0.000132362063800631	2.1822386186209e-11
587	0.000132486129652687	2.18030540276236e-11
588	0.000132610073008061	2.17837646193607e-11
589	0.000132733894178895	2.17645178062517e-11
590	0.000132857593476039	2.17453134339149e-11
591	0.000132981171209062	2.17261513487514e-11
592	0.000133104627686255	2.17070313979392e-11
593	0.000133227963214641	2.16879534294287e-11
594	0.000133351178099982	2.16689172919369e-11
595	0.000133474272646785	2.16499228349436e-11
596	0.00013359724715831	2.16309699086852e-11
597	0.00013372010193658	2.1612058364151e-11
598	0.00013384283728238	2.15931880530773e-11
599	0.000133965453495273	2.15743588279432e-11
600	0.0001340879508736	2.15555705419658e-11
601	0.000134210329714493	2.15368230490951e-11
602	0.000134332590313876	2.15181162040097e-11
603	0.000134454732966477	2.14994498621118e-11
604	0.000134576757965829	2.14808238795226e-11
605	0.000134698665604282	2.14622381130782e-11
606	0.000134820456173007	2.14436924203244e-11
607	0.000134942129962005	2.14251866595122e-11
608	0.000135063687260108	2.14067206895939e-11
609	0.000135185128354989	2.13882943702183e-11
610	0.000135306453533174	2.1369907561726e-11
611	0.000135427663080037	2.20941678609414e-11
612	0.000135548757279816	2.20752228983362e-11
613	0.000135669736415613	2.20563183915049e-11
614	0.000135790600769406	2.20374541987505e-11
615	0.00013591135062205	2.20186301790696e-11
616	0.000136031986253283	2.19998461921481e-11
617	0.000136152507941741	2.19811020983573e-11
618	0.000136272915964951	2.19623977587489e-11
619	0.000136393210599346	2.19437330350515e-11
620	0.00013651339212027	2.19251077896656e-11
621	0.000136633460801981	2.19065218856601e-11
622	0.000136753416917659	2.18879751867676e-11
623	0.000136873260739409	2.18694675573806e-11
624	0.000136992992538274	2.18509988625472e-11
625	0.000137112612584231	2.18325689679671e-11
626	0.000137232121146206	2.18141777399875e-11
627	0.000137351518492072	2.17958250455993e-11
628	0.000137470804888658	2.17775107524327e-11
629	0.00013758998060176	2.17592347287537e-11
630	0.000137709045896133	2.17409968434598e-11
631	0.000137828001035515	2.17227969660765e-11
632	0.000137946846282613	2.1704634966753e-11
633	0.000138065581899123	2.16865107162587e-11
634	0.00013818420814573	2.16684240859793e-11
635	0.000138302725282111	2.16503749479127e-11
636	0.000138421133566948	2.1632363174666e-11
637	0.000138539433257925	2.16143886394511e-11
638	0.000138657624611737	2.1596451216081e-11
639	0.000138775707884096	2.15785507789668e-11
640	0.000138893683329735	2.15606872031133e-11
641	0.000139011551202414	2.15428603641158e-11
642	0.000139129311754923	2.15250701381565e-11
643	0.000139246965239091	2.15073164020007e-11
644	0.000139364511905787	2.14895990329936e-11
645	0.000139481952004928	2.14719179090567e-11
646	0.000139599285785482	2.14542729086838e-11
647	0.000139716513495476	2.14366639109385e-11
648	0.000139833635381996	2.141909079545e-11
649	0.000139950651691196	2.14015534424101e-11
650	0.000140067562668303	2.13840517325695e-11
651	0.000140184368557619	2.13665855472347e-11
652	0.000140301069602527	2.13491547682648e-11
653	0.000140417666045497	2.13317592780676e-11
654	0.00014053415812809	2.1314398959597e-11
655	0.000140650546090963	2.12970736963494e-11
656	0.000140766830173873	2.12797833723605e-11
657	0.000140883010615679	2.12625278722021e-11
658	0.000140999087654355	2.12453070809788e-11
659	0.000141115061526984	2.12281208843252e-11
660	0.000141230932469773	2.12109691684025e-11
661	0.000141346700718046	2.1193851819895e-11
662	0.000141462366506261	2.11767687260079e-11
663	0.000141577930068006	2.11597197744636e-11
664	0.000141693391636003	2.11427048534984e-11
665	0.000141808751442119	2.11257238518607e-11
666	0.000141924009717366	2.11087766588062e-11
667	0.000142039166691903	2.10918631640964e-11
668	0.000142154222595046	2.1074983257995e-11
669	0.00014226917765527	2.10581368312649e-11
670	0.00014238403210021	2.10413237751658e-11
671	0.000142498786156671	2.10245439814505e-11
672	0.000142613440050628	2.10077973423628e-11
673	0.000142727994007232	2.0991083750634e-11
674	0.000142842448250812	2.09744030994806e-11
675	0.000142956803004883	2.09577552826012e-11
676	0.000143071058492147	2.09411401941734e-11
677	0.0001431852149345	2.09245577288519e-11
678	0.00014329927255303	2.09080077817647e-11
679	0.000143413231568028	2.08914902485113e-11
680	0.000143527092198988	2.08750050251591e-11
681	0.000143640854664615	2.08585520082415e-11
682	0.000143754519182821	2.08421310947547e-11
683	0.000143868085970739	2.08257421821551e-11
684	0.000143981555244719	2.08093851683569e-11
685	0.000144094927220334	2.07930599517293e-11
686	0.000144208202112389	2.07767664310938e-11
687	0.000144321380134915	2.07605045057218e-11
688	0.000144434461501184	2.07442740753319e-11
689	0.000144547446423702	2.07280750400876e-11
690	0.00014466033511422	2.07119073005943e-11
691	0.000144773127783737	2.06957707578971e-11
692	0.000144885824642501	2.06796653134783e-11
693	0.000144998425900013	2.0663590869255e-11
694	0.000145110931765033	2.06475473275762e-11
695	0.000145223342445582	2.06315345912208e-11
696	0.000145335658148945	2.06155525633951e-11
697	0.000145447879081678	2.059960114773e-11
698	0.000145560005449607	2.05836802482794e-11
699	0.000145672037457835	2.05677897695168e-11
700	0.000145783975310742	2.05519296163338e-11
701	0.000145895819211994	2.05360996940371e-11
702	0.000146007569364539	2.05202999083469e-11
703	0.00014611922597062	2.05045301653938e-11
704	0.000146230789231769	2.0488790371717e-11
705	0.000146342259348815	2.04730804342617e-11
706	0.000146453636521888	2.04574002603773e-11
707	0.000146564920950421	2.04417497578147e-11
708	0.000146676112833155	2.0426128834724e-11
709	0.000146787212368139	2.04105373996528e-11
710	0.000146898219752734	2.03949753615435e-11
711	0.000147009135183622	2.03794426297313e-11
712	0.000147119958856804	2.03639391139422e-11
713	0.0001472306909676	2.03484647242902e-11
714	0.000147341331710661	2.0333019371276e-11
715	0.000147451881279964	2.03176029657843e-11
716	0.000147562339868823	2.03022154190819e-11
717	0.000147672707669885	2.02868566428154e-11
718	0.000147782984875135	2.02715265490093e-11
719	0.000147893171675906	2.0256225050064e-11
720	0.00014800326826287	2.02409520587533e-11
721	0.00014811327482605	2.09171349802452e-11
722	0.000148223191554821	2.09013985682255e-11
723	0.000148333018637915	2.08856913700643e-11
724	0.000148442756263417	2.08700132970784e-11
725	0.000148552404618775	2.08543642609608e-11
726	0.0001486619638908	2.08387441737785e-11
727	0.000148771434265675	2.08231529479702e-11
728	0.000148880815928943	2.08075904963447e-11
729	0.000148990109065528	2.07920567320786e-11
730	0.000149099313859726	2.07765515687143e-11
731	0.000149208430495211	2.07610749201586e-11
732	0.000149317459155042	2.07456267006795e-11
733	0.000149426400021658	2.07302068249056e-11
734	0.000149535253276888	2.07148152078232e-11
735	0.000149644019101951	2.06994517647749e-11
736	0.000149752697677458	2.06841164114574e-11
737	0.000149861289183414	2.06688090639198e-11
738	0.000149969793799227	2.06535296385615e-11
739	0.000150078211703702	2.06382780521305e-11
740	0.00015018654307505	2.06230542217213e-11
741	0.00015029478809089	2.06078580647733e-11
742	0.000150402946928247	2.05926894990689e-11
743	0.000150511019763563	2.05775484427315e-11
744	0.00015061900677269	2.05624348142239e-11
745	0.000150726908130902	2.05473485323464e-11
746	0.00015083472401289	2.05322895162348e-11
747	0.00015094245459277	2.05172576853591e-11
748	0.000151050100044084	2.05022529595213e-11
749	0.000151157660539799	2.04872752588538e-11
750	0.000151265136252318	2.04723245038174e-11
751	0.000151372527353472	2.04574006152001e-11
752	0.000151479834014535	2.0442503514115e-11
753	0.00015158705640621	2.04276331219986e-11
754	0.000151694194698648	2.0412789360609e-11
755	0.000151801249061446	2.03979721520246e-11
756	0.000151908219663637	2.0383181418642e-11
757	0.000152015106673715	2.03684170831745e-11
758	0.000152121910259615	2.03536790686505e-11
759	0.000152228630588732	2.03389672984117e-11
760	0.000152335267827915	2.03242816961116e-11
761	0.000152441822143472	2.03096221857138e-11
762	0.000152548293701171	2.02949886914902e-11
763	0.000152654682666245	2.02803811380201e-11
764	0.00015276098920339	2.02657994501873e-11
765	0.000152867213476774	2.02512435531799e-11
766	0.000152973355650034	2.0236713372488e-11
767	0.000153079415886279	2.02222088339019e-11
768	0.000153185394348095	2.02077298635115e-11
769	0.000153291291197544	2.01932763877035e-11
770	0.00015339710659617	2.01788483331609e-11
771	0.000153502840704996	2.0164445626861e-11
772	0.000153608493684534	2.01500681960737e-11
773	0.000153714065694781	2.01357159683606e-11
774	0.00015381955689522	2.01213888715728e-11
775	0.00015392496744483	2.01070868338502e-11
776	0.000154030297502084	2.0092809783619e-11
777	0.000154135547224944	2.00785576495911e-11
778	0.000154240716770879	2.00643303607624e-11
779	0.000154345806296854	2.00501278464112e-11
780	0.000154450815959334	2.00359500360967e-11
781	0.000154555745914295	2.00217968596577e-11
782	0.000154660596317213	2.00076682472115e-11
783	0.00015476536732308	1.99935641291517e-11
784	0.000154870059086392	1.99794844361476e-11
785	0.000154974671761165	1.99654290991422e-11
786	0.000155079205500925	1.99513980493512e-11
787	0.000155183660458721	1.99373912182614e-11
788	0.000155288036787114	1.99234085376293e-11
789	0.000155392334638197	1.990944993948e-11
790	0.000155496554163576	1.98955153561056e-11
791	0.000155600695514392	1.98816047200638e-11
792	0.000155704758841308	1.98677179641768e-11
793	0.000155808744294519	1.98538550215301e-11
794	0.000155912652023753	1.98400158254702e-11
795	0.000156016482178271	1.98262003096048e-11
796	0.000156120234906869	1.98124084078002e-11
797	0.000156223910357882	1.97986400541807e-11
798	0.000156327508679188	1.9784895183127e-11
799	0.0001564310300182	1.9771173729275e-11
800	0.000156534474521883	1.97574756275148e-11
801	0.000156637842336742	1.97438008129889e-11
802	0.000156741133608832	1.97301492210911e-11
803	0.000156844348483758	1.9716520787466e-11
804	0.000156947487106678	1.97029154480064e-11
805	0.000157050549622298	1.96893331388531e-11
806	0.000157153536174888	1.96757737963933e-11
807	0.000157256446908269	1.96622373572594e-11
808	0.000157359281965823	1.9648723758328e-11
809	0.000157462041490495	1.96352329367183e-11
810	0.000157564725624789	1.9621764829791e-11
811	0.00015766733451078	1.96083193751475e-11
812	0.000157769868290102	1.95948965106284e-11
813	0.000157872327103965	1.9581496174312e-11
814	0.000157974711093144	1.95681183045137e-11
815	0.000158077020397991	1.95547628397847e-11
816	0.000158179255158425	1.95414297189107e-11
817	0.000158281415513947	1.95281188809107e-11
818	0.000158383501603636	1.95148302650359e-11
819	0.000158485513566144	1.95015638107689e-11
820	0.00015858745153971	1.9488319457822e-11
821	0.000158689315662155	1.94750971461364e-11
822	0.000158791106070879	1.94618968158813e-11
823	0.000158892822902878	1.94487184074521e-11
824	0.000158994466294728	1.94355618614702e-11
825	0.000159096036382596	1.94224271187811e-11
826	0.000159197533302244	1.94093141204538e-11
827	0.000159298957189027	1.93962228077794e-11
828	0.000159400308177889	1.93831531222704e-11
829	0.000159501586403376	1.93701050056593e-11
830	0.000159602791999631	1.93570783998977e-11
831	0.000159703925100397	1.93440732471549e-11
832	0.000159804985839018	1.93310894898177e-11
833	0.00015990597434844	1.93181270704883e-11
834	0.000160006890761216	1.93051859319839e-11
835	0.000160107735209504	1.92922660173355e-11
836	0.000160208507825071	1.9279367269787e-11
837	0.000160309208739292	1.92664896327939e-11
838	0.000160409838083157	1.92536330500225e-11
839	0.000160510395987265	1.9240797465349e-11
840	0.000160610882581828	1.9227982822858e-11
841	0.000160711297996679	1.92151890668422e-11
842	0.000160811642361266	1.92024161418008e-11
843	0.000160911915804657	1.91896639924389e-11
844	0.000161012118455539	1.91769325636662e-11
845	0.000161112250442222	1.91642218005965e-11
846	0.000161212311892642	1.91515316485461e-11
847	0.000161312302934356	1.97821404511831e-11
848	0.000161412223694551	1.9769066207889e-11
849	0.000161512074300041	1.97560131000568e-11
850	0.000161611854877271	1.97429810719936e-11
851	0.000161711565552316	1.97299700682116e-11
852	0.000161811206450884	1.97169800334262e-11
853	0.00016191077769832	1.97040109125561e-11
854	0.0001620102794196	1.96910626507214e-11
855	0.00016210971173934	1.96781351932436e-11
856	0.000162209074781795	1.96652284856435e-11
857	0.000162308368670859	1.96523424736416e-11
858	0.000162407593530068	1.96394771031559e-11
859	0.000162506749482601	1.9626632320302e-11
860	0.000162605836651284	1.96138080713913e-11
861	0.000162704855158581	1.96010043029309e-11
862	0.000162803805126614	1.95882209616219e-11
863	0.000162902686677147	1.95754579943592e-11
864	0.000163001499931593	1.95627153482302e-11
865	0.000163100245011021	1.95499929705139e-11
866	0.00016319892203615	1.953729080868e-11
867	0.000163297531127354	1.95246088103883e-11
868	0.000163396072404663	1.95119469234876e-11
869	0.000163494545987765	1.94993050960147e-11
870	0.000163592951996002	1.94866832761938e-11
871	0.00016369129054838	1.94740814124355e-11
872	0.000163789561763565	1.94614994533356e-11
873	0.000163887765759884	1.94489373476753e-11
874	0.00016398590265533	1.94363950444187e-11
875	0.000164083972567559	1.94238724927138e-11
876	0.000164181975613894	1.94113696418901e-11
877	0.000164279911911325	1.93988864414586e-11
878	0.000164377781576512	1.93864228411107e-11
879	0.000164475584725786	1.93739787907177e-11
880	0.000164573321475148	1.93615542403294e-11
881	0.000164670991940271	1.93491491401736e-11
882	0.000164768596236503	1.93367634406555e-11
883	0.00016486613447887	1.93243970923565e-11
884	0.00016496360678207	1.93120500460336e-11
885	0.000165061013260483	1.92997222526185e-11
886	0.000165158354028165	1.92874136632169e-11
887	0.000165255629198854	1.92751242291077e-11
888	0.000165352838885969	1.92628539017422e-11
889	0.000165449983202613	1.92506026327432e-11
890	0.000165547062261572	1.92383703739043e-11
891	0.000165644076175318	1.92261570771892e-11
892	0.000165741025056009	1.9213962694731e-11
893	0.00016583790901549	1.92017871788311e-11
894	0.000165934728165295	1.91896304819587e-11
895	0.000166031482616652	1.91774925567499e-11
896	0.000166128172480475	1.91653733560072e-11
897	0.000166224797867373	1.91532728326985e-11
898	0.000166321358887649	1.91411909399563e-11
899	0.0001664178556513	1.91291276310775e-11
900	0.000166514288268019	1.91170828595217e-11
901	0.000166610656847197	1.91050565789113e-11
902	0.000166706961497922	1.90930487430305e-11
903	0.000166803202328985	1.90810593058247e-11
904	0.000166899379448873	1.90690882213992e-11
905	0.000166995492965776	1.90571354440194e-11
906	0.00016709154298759	1.90452009281094e-11
907	0.000167187529621912	1.90332846282514e-11
908	0.000167283452976045	1.90213864991853e-11
909	0.000167379313156998	1.90095064958078e-11
910	0.000167475110271488	1.89976445731714e-11
911	0.000167570844425939	1.89858006864843e-11
912	0.000167666515726488	1.89739747911093e-11
913	0.000167762124278981	1.89621668425633e-11
914	0.000167857670188974	1.89503767965165e-11
915	0.000167953153561736	1.89386046087915e-11
916	0.000168048574502253	1.89268502353635e-11
917	0.000168143933115225	1.89151136323583e-11
918	0.000168239229505067	1.8903394756053e-11
919	0.00016833446377591	1.88916935628741e-11
920	0.000168429636031605	1.88800100093977e-11
921	0.000168524746375726	1.88683440523488e-11
922	0.00016861979491156	1.88566956486e-11
923	0.000168714781742118	1.88450647551713e-11
924	0.000168809706970138	1.88334513292298e-11
925	0.000168904570698076	1.88218553280882e-11
926	0.000168999373028114	1.88102767092048e-11
927	0.00016909411406216	1.87987154301829e-11
928	0.000169188793901849	1.87871714487695e-11
929	0.000169283412648543	1.87756447228556e-11
930	0.000169377970403332	1.87641352104748e-11
931	0.000169472467267036	1.8752642869803e-11
932	0.000169566903340208	1.8741167659158e-11
933	0.000169661278723126	1.87297095369985e-11
934	0.00016975559351581	1.87182684619234e-11
935	0.000169849847818004	1.87068443926716e-11
936	0.000169944041729193	1.86954372881214e-11
937	0.000170038175348596	1.86840471072895e-11
938	0.000170132248775169	1.86726738093304e-11
939	0.000170226262107601	1.86613173535366e-11
940	0.000170320215444326	1.86499776993368e-11
941	0.000170414108883512	1.86386548062961e-11
942	0.000170507942523071	1.86273486341157e-11
943	0.000170601716460655	1.86160591426311e-11
944	0.000170695430793658	1.86047862918128e-11
945	0.000170789085619217	1.8593530041765e-11
946	0.000170882681034212	1.85822903527253e-11
947	0.000170976217135273	1.85710671850639e-11
948	0.00017106969401877	1.85598604992833e-11
949	0.000171163111780823	1.85486702560175e-11
950	0.000171256470517299	1.85374964160318e-11
951	0.000171349770323814	1.85263389402216e-11
952	0.000171443011295733	1.85151977896125e-11
953	0.000171536193528173	1.85040729253594e-11
954	0.000171629317116002	1.8492964308746e-11
955	0.000171722382153836	1.84818719011843e-11
956	0.000171815388736055	1.84707956642141e-11
957	0.000171908336956781	1.8459735559502e-11
958	0.000172001226909898	1.84486915488418e-11
959	0.000172094058689044	1.8437663594153e-11
960	0.000172186832387615	1.84266516574809e-11
961	0.000172279548098763	1.84156557009955e-11
962	0.000172372205915399	1.84046756869918e-11
963	0.000172464805930194	1.83937115778884e-11
964	0.000172557348235578	1.83827633362275e-11
965	0.000172649832923745	1.83718309246742e-11
966	0.000172742260086647	1.8360914306016e-11
967	0.000172834629816003	1.83500134431624e-11
968	0.000172926942203291	1.83391282991441e-11
969	0.000173019197339758	1.83282588371129e-11
970	0.000173111395316412	1.83174050203408e-11
971	0.000173203536224033	1.83065668122197e-11
972	0.000173295620153162	1.8295744176261e-11
973	0.000173387647194111	1.82849370760947e-11
974	0.000173479617436961	1.82741454754694e-11
975	0.00017357153097156	1.82633693382514e-11
976	0.000173663387887529	1.82526086284247e-11
977	0.000173755188274258	1.82418633100895e-11
978	0.000173846932220912	1.82311333474633e-11
979	0.000173938619816424	1.82204187048787e-11
980	0.000174030251149505	1.82097193467843e-11
981	0.000174121826308638	1.81990352377433e-11
982	0.000174213345382081	1.81883663424337e-11
983	0.000174304808457871	1.81777126256471e-11
984	0.000174396215623815	1.8167074052289e-11
985	0.000174487566967506	1.81564505873776e-11
986	0.00017457886257631	1.8145842196044e-11
987	0.000174670102537372	1.81352488435314e-11
988	0.000174761286937617	1.81246704951943e-11
989	0.000174852415863754	1.8114107116499e-11
990	0.000174943489402269	1.8701983197309e-11
991	0.000175034507639432	1.86911014618771e-11
992	0.000175125470661298	1.86802350845756e-11
993	0.000175216378553702	1.86693840301834e-11
994	0.000175307231402265	1.86585482635923e-11
995	0.000175398029292393	1.86477277498063e-11
996	0.000175488772309277	1.86369224539405e-11
997	0.000175579460537896	1.86261323412216e-11
998	0.000175670094063017	1.86153573769869e-11
999	0.000175760672969193	1.86045975266837e-11
1000	0.000174267221989203	1.82603375096663e-11
1001	0.000175941667261871	1.85831230302108e-11
