1	0.0962527861912695	4636.91075184421
2	0.149396687428616	10650.8222841773
3	0.198136222548577	17871.8085497356
4	0.24435307939145	25954.2570188028
5	0.288838859914934	36415.7758883262
6	0.332027892908774	48310.8039611294
7	0.374192298890569	58624.9009717083
8	0.41551692566172	72552.766771255
9	0.456134471266288	83610.8240983477
10	0.496144148902788	99260.4458341007
11	0.535622505855029	116069.80051923
12	0.574630109164085	134023.396044551
13	0.613215886374197	153107.749363806
14	0.651420057315304	165343.741181534
15	0.689276179489105	185675.539633011
16	0.726812614361846	207055.578714321
17	0.764053603163633	229475.615176561
18	0.801020072168016	252928.121244705
19	0.83773024614088	264940.108671054
20	0.874200122953656	289291.536133799
21	0.910443845887258	314610.661698475
22	0.946473999322395	340892.20345919
23	0.982301846225266	368131.218042103
24	1.01793752083465	396323.062824521
25	1.05339018645826	425463.363931535
26	1.0886681658001	435526.388640227
27	1.04890181465025	465187.854090849
28	1.0815231913083	495744.843861455
29	1.11400104598902	527193.976510702
30	1.1463408727806	559532.027860092
31	1.17854775183325	592755.917984488
32	1.21062639402917	626862.699713807
33	1.24258117954739	661849.548424812
34	1.274416191317	697713.752940325
35	1.30613524416671	702867.094326766
36	1.3377419103318	738860.796509249
37	1.36923954186281	775686.916790957
38	1.40063129038666	813343.224341276
39	1.43192012459513	851827.564901883
40	1.46310884577461	891137.85607632
41	1.49420010164077	931272.083032984
42	1.52519639870083	972228.294575245
43	1.55610011333224	1014004.59953833
44	1.58691350173862	1056599.16347827
45	1.61763870892022	1100010.20562237
46	1.64827777677707	1096063.1131976
47	1.67883265144611	1139205.81236145
48	1.70930518996009	1183125.78069044
49	1.73969716630432	1227821.49300246
50	1.77001027693739	1273291.46388994
51	1.80024614583343	1319534.24586287
52	1.83040632909632	1366548.4276165
53	1.86049231919031	1414332.63241294
54	1.89050554882553	1462885.51656686
55	1.9204473945332	1512205.76802674
56	1.95031917996024	1562292.10504375
57	1.98012217891071	1613143.27492137
58	2.00985761815746	1664758.05283922
59	2.0395266800454	1717135.24074562
60	2.06913050490547	1770273.66631341
61	2.09867019329565	1748956.7764081
62	2.12814680808491	1801360.58651108
63	2.15756137639294	1854491.01326219
64	2.18691489139845	1908347.02238305
65	2.21620831402653	1962927.60002089
66	2.24544257452543	2018231.75203027
67	2.27461857394129	2074258.50329115
68	2.30373718549929	2131006.89706102
69	2.33279925589817	2188475.99435877
70	2.36180560652527	2246664.87337842
71	2.39075703459761	2305572.62893069
72	2.41965431423502	2365198.37191071
73	2.44849819746984	2425541.22879036
74	2.47728941519834	2486600.34113368
75	2.50602867807764	2548374.86513404
76	2.53471667737199	2610863.97117164
77	2.56335408575231	2674066.84339047
78	2.59194155805162	2627368.66755096
79	2.62047973197993	2689385.71712842
80	2.64896922880094	2752085.4236067
81	2.67741065397318	2815467.05319535
82	2.70580459775778	2879529.88352459
83	2.73415163579534	2944273.20333052
84	2.76245232965349	3009696.31215294
85	2.79070722734716	3075798.52004492
86	2.81891686383343	3142579.14729356
87	2.84708176148184	3210037.52415161
88	2.8752024305227	3278172.99057904
89	2.90327936947357	3346984.89599434
90	2.93131306554623	3416472.59903497
91	2.95930399503449	3486635.46732656
92	2.98725262368427	3557472.87726039
93	3.01515940704714	3628984.21377885
94	3.04302479081782	3701168.87016838
95	3.07084921115688	3774026.2478597
96	3.09863309499939	3847555.75623485
97	3.12637686034997	3921756.81244087
98	3.1540809165657	3996628.84120969
99	3.18174566462649	4072171.27468411
100	3.23853726760962	4056875.16954192
101	3.23695879986332	4057944.66042011
102	3.26450794939526	4132423.980457
103	3.29201931595126	4207545.04371077
104	3.31949326230998	4283307.33807562
105	3.34693014427882	4359710.35766799
106	3.3743303108965	4436753.60269345
107	3.40169410462796	4514436.57931773
108	3.42902186155146	4592758.79954148
109	3.45631391153883	4671719.78107899
110	3.48357057842874	4751319.04724056
111	3.51079218019356	4831556.1268181
112	3.53797902910018	4912430.55397438
113	3.56513143186455	4993941.8681353
114	3.59224968980114	5076089.61388536
115	3.61933409896656	5158873.34086608
116	3.6463849502984	5242292.60367723
117	3.67340252974891	5326346.96178096
118	3.70038711841419	5411035.97940849
119	3.72733899265883	5496359.2254694
120	3.7542584242362	5582316.27346336
121	3.78114568040484	5668906.70139438
122	3.80800102404074	5756130.09168713
123	3.83482471374589	5843986.03110575
124	3.86161700395328	5932474.11067461
125	3.88837814502849	6021593.92560118
126	3.91510838336791	6111345.07520097
127	3.94180796149366	5960906.58409791
128	3.9684771181457	6048385.08590576
129	3.99511608837097	6136469.27451222
130	4.02172510360946	6225158.77990028
131	4.04830439177799	6314453.2356673
132	4.07485417735108	6404352.27896286
133	4.10137468143941	6494855.55042859
134	4.12786612186599	6585962.69413908
135	4.15432871323989	6677673.35754446
136	4.18076266702788	6769987.19141421
137	4.20716819162376	6862903.84978247
138	4.23354549241582	6956422.98989445
139	4.25989477185227	7050544.27215431
140	4.28621622950466	7145267.36007402
141	4.31251006212956	7240591.92022365
142	4.33877646372854	7336517.62218254
143	4.36501562560617	7433044.13849184
144	4.39122773642688	7530171.14460804
145	4.41741298226956	7627898.31885729
146	4.44357154668113	7726225.34239121
147	4.46970361072866	7825151.89914334
148	4.49580935304959	7924677.67578658
149	4.52188894990107	8024802.36169171
150	4.54794257520773	8125525.64888666
151	4.57397040060814	8226847.23201678
152	4.5999725955002	8328766.80830585
153	4.62594932708516	8431284.07751798
154	4.65190076041053	8534398.74192043
155	4.67782705841195	8638110.50624688
156	4.70372838195377	8742419.07766179
157	4.72960488986891	8847324.16572543
158	4.7554567389973	8611797.04962851
159	4.78128408422373	8713852.88269611
160	4.80708707851442	8816481.68544085
161	4.83286587295283	8919683.18738105
162	4.85862061677466	9023457.12018133
163	4.88435145740175	9127803.21762273
164	4.91005854047532	9232721.21557336
165	4.93574200988833	9338210.85196002
166	4.9614020078172	9444271.86673992
167	4.98703867475243	9550904.00187339
168	5.01265214952873	9658107.00129669
169	5.03824256935459	9765880.61089578
170	5.06381006984069	9874224.57848017
171	5.08935478502796	9983138.65375758
172	5.11487684741514	10092622.588309
173	5.14037638798508	10202676.135564
174	5.1658535362312	10313299.050777
175	5.19130842018268	10424491.0910033
176	5.21674116642968	10536252.0150761
177	5.24215190014727	10648581.5835841
178	5.26754074511955	10761479.5588484
179	5.29290782376269	10874945.7049013
180	5.31825325714787	10988979.7874646
181	5.34357716502322	11103581.573928
182	5.3688796658358	11218750.8333291
183	5.39416087675268	11334487.3363326
184	5.41942091368188	11450790.8552103
185	5.44465989129257	11567661.1638212
186	5.46987792303503	11685098.0375927
187	5.49507512116018	11803101.2535013
188	5.52025159673852	11921670.5900539
189	5.5454074596788	12040805.8272696
190	5.57054281874643	12160506.7466614
191	5.59565778158107	12280773.131219
192	5.62075245471449	12401604.7653908
193	5.6458269435873	12523001.4350671
194	5.67088135256606	12644962.9275632
195	5.69591578495956	12767489.0316027
196	5.72093034303495	12890579.5373015
197	5.74592512803353	12527764.1676171
198	5.77090024018616	12647339.5768708
199	5.79585577872836	12767457.6923056
200	5.82079184191539	12888118.3170915
201	5.84570852703647	13009321.2556641
202	5.87060593042926	13131066.31371
203	5.89548414749365	13253353.2981536
204	5.92034327270564	13376182.0171425
205	5.94518339963069	13499552.2800343
206	5.97000462093689	13623463.8973837
207	5.99480702840787	13747916.6809285
208	6.01959071295541	13872910.4435776
209	6.04435576463201	13998444.9993975
210	6.06910227264303	14124520.1636005
211	6.09383032535849	14251135.7525319
212	6.11854001032498	14378291.5836581
213	6.14323141427715	14505987.4755545
214	6.16790462314892	14634223.2478938
215	6.19255972208465	14762998.7214346
216	6.21719679544998	14892313.7180098
217	6.24181592684249	15022168.0605151
218	6.26641719910223	15152561.5728986
219	6.29100069432203	15283494.0801494
220	6.31556649385752	15414965.408287
221	6.34011467833718	15546975.3843505
222	6.36464532767188	15679523.8363886
223	6.38915852106471	15812610.593449
224	6.41365433702022	15946235.4855683
225	6.43813285335366	16080398.3437621
226	6.46259414720011	16215099.0000152
227	6.48703829502336	16350337.2872717
228	6.5114653726246	16486113.0394256
229	6.5358754551512	16622426.0913116
230	6.56026861710494	16759276.2786951
231	6.58464493235054	16896663.4382638
232	6.60900447412361	17034587.4076184
233	6.63334731503885	17173048.0252635
234	6.6576735270978	17312045.130599
235	6.68198318169673	17451578.5639117
236	6.70627634963419	17591648.166366
237	6.73055310111843	17732253.7799963
238	6.75481350577494	17873395.2476982
239	6.77905763265363	18015072.4132206
240	6.80328555023577	18157285.1211573
241	6.82749732644141	18300033.2169392
242	6.85169302863576	17766555.6877507
243	6.87587272363647	17905096.8116992
244	6.90003647771988	18044153.2359881
245	6.9241843566279	18183724.8148709
246	6.94831642557424	18323811.4033706
247	6.97243274925099	18464412.8572725
248	6.99653339183452	18605529.0331174
249	7.0206184169921	18747159.7881946
250	7.04468788788741	18889304.9805349
251	7.06874186718699	19031964.4689044
252	7.09278041706589	19175138.1127972
253	7.11680359921323	19318825.7724293
254	7.14081147483837	19463027.308732
255	7.16480410467601	19607742.5833454
256	7.18878154899196	19752971.4586124
257	7.21274386758854	19898713.7975723
258	7.23669111980987	20044969.4639543
259	7.26062336454703	20191738.3221721
260	7.28454066024341	20339020.2373174
261	7.30844306489972	20486815.0751541
262	7.33233063607899	20635122.7021128
263	7.3562034309116	20783942.9852843
264	7.38006150609982	20933275.7924148
265	7.40390491792325	21083120.9918994
266	7.42773372224279	21233478.4527773
267	7.45154797450585	21384348.0447255
268	7.4753477297507	21535729.6380541
269	7.49913304261089	21687623.1037009
270	7.52290396732001	21840028.3132251
271	7.54666055771578	21992945.1388038
272	7.57040286724441	22146373.4532249
273	7.59413094896505	22300313.1298836
274	7.61784485555383	22454764.0427766
275	7.64154463930787	22609726.0664968
276	7.66523035214973	22765199.0762292
277	7.68890204563099	22921182.9477454
278	7.7125597709365	23077677.5573992
279	7.7362035788882	23234682.7821213
280	7.75983351994885	23392198.4994152
281	7.78344964422621	23550224.5873522
282	7.80705200147616	23708760.9245667
283	7.83064064110695	23867807.3902522
284	7.85421561218252	24027363.8641561
285	7.87777696342623	24187430.2265758
286	7.90132474322417	24348006.3583541
287	7.92485899962911	24509092.140875
288	7.9483797803634	24670687.4560591
289	7.97188713282268	24832792.1863596
290	7.99538110407913	24995406.214758
291	8.01886174088474	25158529.4247604
292	8.04232908967478	25322161.7003924
293	8.06578319657054	25486302.9261963
294	8.0892241073831	25650952.9872259
295	8.11265186761593	24885878.4005928
296	8.13606652246826	25045576.2868969
297	8.15946811683802	25205764.3440489
298	8.18285669532494	25366442.4631813
299	8.20623230223318	25527610.5359017
300	8.22959498157491	25689268.4542889
301	8.25294477707245	25851416.1108891
302	8.27628173216151	26014053.3987132
303	8.29960588999411	26177180.2112324
304	8.32291729344097	26340796.4423752
305	8.34621598509452	26504901.9865239
306	8.36950200727156	26669496.7385114
307	8.39277540201593	26834580.5936173
308	8.41603621110093	27000153.4475651
309	8.43928447603229	27166215.1965187
310	8.46252023805033	27332765.7370792
311	8.48574353813292	27499804.9662819
312	8.5089544169976	27667332.7815925
313	8.53215291510408	27835349.0809045
314	8.55533907265716	28003853.762536
315	8.57851292960837	28172846.7252266
316	8.60167452565895	28342327.8681342
317	8.62482390026196	28512297.0908321
318	8.64796109262447	28682754.2933059
319	8.67108614171028	28853699.3759508
320	8.69419908624158	29025132.2395684
321	8.71729996470168	29197052.7853639
322	8.74038881533703	29369460.9149434
323	8.76346567615922	29542356.5303106
324	8.78653058494749	29715739.5338644
325	8.80958357925058	29889609.8283964
326	8.8326246963889	30063967.3170872
327	8.85565397345653	30238811.9035044
328	8.87867144732358	30414143.4915997
329	8.9016771546378	30589961.9857065
330	8.92467113182674	30766267.2905366
331	8.9476534150998	30943059.3111783
332	8.97062404045015	31120337.9530934
333	8.99358304365652	31298103.1221145
334	9.01653046028535	31476354.724443
335	9.03946632569232	31655092.6666461
336	9.06239067502463	31834316.8556544
337	9.08530354322264	32014027.1987595
338	9.10820496502146	32194223.6036118
339	9.13109497495309	32374905.9782174
340	9.15397360734809	32556074.2309364
341	9.17684089633727	32737728.27048
342	9.19969687585346	32919868.0059086
343	9.22254157963316	33102493.3466293
344	9.24537504121839	33285604.2023933
345	9.26819729395823	33469200.483294
346	9.29100837101044	33653282.0997645
347	9.31380830534328	33837848.9625756
348	9.33659712973706	34022900.9828332
349	9.35937487678541	34208438.0719765
350	9.38214157889742	34394460.1417756
351	9.4048972682988	34580967.1043292
352	9.42764197703365	34767958.8720629
353	9.45037573696574	34955435.3577264
354	9.47309857978021	35143396.4743925
355	9.49581053698517	35331842.1354533
356	9.51851163991278	35520772.2546202
357	9.54120191972118	35710186.7459202
358	9.56388140739566	34629387.4349369
359	9.58655013374993	34813031.7308103
360	9.60920812942807	34997143.0072886
361	9.63185542490541	35181721.1826424
362	9.65449205049003	35366766.1754382
363	9.67711803632447	35552277.9045358
364	9.69973341238657	35738256.2890868
365	9.72233820849117	35924701.2485325
366	9.74493245429122	36111612.7026025
367	9.76751617927921	36298990.5713123
368	9.79008941278857	36486834.7749621
369	9.81265218399458	36675145.2341349
370	9.83520452191605	36863921.8696943
371	9.85774645541633	37053164.6027835
372	9.88027801320465	37242873.3548226
373	9.90279922383725	37433048.0475082
374	9.92531011571872	37623688.6028101
375	9.94781071710304	37814794.9429714
376	9.97030105609501	38006366.9905053
377	9.9927811606512	38198404.6681943
378	10.0152510585812	38390907.8990883
379	9.41049132458867	38583876.6065031
380	9.43153798447729	38777310.7140185
381	9.45257515283601	38971210.145477
382	9.47360285519651	39165574.8249826
383	9.49462111695833	39360404.676898
384	9.51562996338904	39555699.6258443
385	9.53662941962602	39751459.596699
386	9.55761951067715	39947684.5145942
387	9.5786002614218	40144374.3049155
388	9.5995716966117	40341528.8933002
389	9.62053384087238	40539148.2056362
390	9.64148671870343	40737232.1680599
391	9.66243035448013	40935780.7069558
392	9.68336477245393	41134793.7489537
393	9.70428999675363	41334271.2209279
394	9.72520605138612	41534213.0499962
395	9.74611296023749	41734619.1635179
396	9.76701074707385	41935489.4890925
397	9.78789943554209	42136823.9545586
398	9.80877904917114	42338622.4879922
399	9.82964961137237	42540885.017705
400	9.85051114544095	42743611.4722441
401	9.87136367455614	42946801.78039
402	9.89220722178281	43150455.8711548
403	9.91304181007167	43354573.6737817
404	9.93386746226065	43559155.1177434
405	9.9546842010752	43764200.1327404
406	9.97549204912947	43969708.6487007
407	9.9962910289271	44175680.5957771
408	10.0170811628619	44382115.9043474
409	10.0378624732186	44589014.5050118
410	10.0586349821739	44796376.3285929
411	10.0793987117969	45004201.3061332
412	10.1001536840504	45212489.3688952
413	10.1208999207909	45421240.4483589
414	10.1416374437702	45630454.4762215
415	10.1623662746352	45840131.3843958
416	10.1830864349299	46050271.105009
417	10.2037979460948	46260873.5704019
418	10.2245008294686	46471938.7131269
419	10.2451951062885	46683466.4659475
420	10.2658807976911	46895456.7618375
421	10.2865579247126	47107909.5339791
422	10.3072265082905	47320824.7157612
423	10.3278865692633	47534202.2407804
424	10.3485381283717	47748042.0428376
425	10.3691812062593	47962344.0559386
426	10.389815823473	48177108.2142912
427	10.410442000464	48392334.4523062
428	10.4310597575881	48608022.7045947
429	10.4516691151068	48824172.9059675
430	10.4722700931875	47335149.9132359
431	10.4928627119045	47544674.0024982
432	10.5134469912394	47754643.7866685
433	10.534022951082	47965059.2035862
434	10.5545906112305	48175920.1912783
435	10.5751499913928	48387226.6879586
436	10.5957011111862	48598978.6320269
437	10.616243990139	48811175.9620674
438	10.6367786476903	49023818.6168482
439	10.6573051031912	49236906.5353205
440	10.6778233759048	49450439.656617
441	10.6983334850074	49664417.9200518
442	10.7188354495886	49878841.2651187
443	10.7393292886525	50093709.6314904
444	10.7598150211173	50309022.9590181
445	10.7802926658167	50524781.1877296
446	10.8007622415003	50740984.2578299
447	10.8212237668339	50957632.1096986
448	10.8416772604001	51174724.6838903
449	10.8621227406994	51392261.9211325
450	10.8825602261498	51610243.7623261
451	10.9029897350882	51828670.1485432
452	10.9234112857704	52047541.0210276
453	10.9438248963719	52266856.3211921
454	10.9642305849882	52486615.9906198
455	10.9846283696357	52706819.9710613
456	11.0050182682518	52927468.2044349
457	11.0254002986957	53148560.6328258
458	11.0457744787487	53370097.1984849
459	11.0661408261148	53592077.8438277
460	11.0864993584214	53814502.5114341
461	11.1068500932193	54037371.1440478
462	11.1271930479838	54260683.6845738
463	11.1475282401146	54484440.0760801
464	11.1678556869369	54708640.2617946
465	11.188175405701	54933284.1851059
466	11.208487413584	55158371.7895613
467	11.228791727689	55383903.0188675
468	11.2490883650465	55609877.816888
469	11.2693773426143	55836296.1276435
470	11.2896586772785	56063157.8953115
471	11.3099323858531	56290463.0642239
472	11.3301984850814	56518211.578868
473	11.350456991636	56746403.3838846
474	11.370707922119	56975038.4240679
475	11.3909512930631	57204116.6443645
476	11.4111871209313	57433637.9898722
477	11.4314154221179	57663602.4058403
478	11.4516362129485	57894009.8376679
479	11.4718495096809	58124860.230904
480	11.492055328505	58356153.5312459
481	11.5122536855436	58587889.6845388
482	11.5324445968528	58820068.636776
483	11.5526280784221	59052690.3340972
484	11.572804146175	59285754.722787
485	11.5929728159696	59519261.7492764
486	11.6131341035986	59753211.3601409
487	11.6332880247901	59987603.5020987
488	11.6534345952079	60222438.1220128
489	11.6735738304514	60457715.1668874
490	11.6937057460566	60693434.5838692
491	11.7138303574965	60929596.3202454
492	11.7339476801809	61166200.3234447
493	11.7540577294573	61403246.5410347
494	11.7741605206113	61640734.9207228
495	11.7942560688664	61878665.4103545
496	11.8143443893849	62117037.9579131
497	11.8344254972684	62355852.5115197
498	11.8544994075574	62595109.0194318
499	11.8745661352326	62834807.4300424
500	11.8946256952145	63074947.6918803
501	11.9146781023643	63315529.7536092
502	11.9347233714838	63556553.5640264
503	11.9547615173161	63798019.0720628
504	11.9747925545459	64039926.2267824
505	11.9948164977995	64282274.9773812
506	12.0148333616456	64525065.273187
507	12.0348431605953	64768297.0636591
508	12.0548459091028	65011970.298386
509	12.0748416215653	65256084.9270872
510	12.0948303123237	65500640.8996114
511	12.1148119956628	65745638.1659354
512	12.1347866858111	65991076.6761643
513	12.1547543969424	66236956.3805312
514	12.1747151431748	64210513.7062231
515	12.1946689385719	64448839.9714434
516	12.2146157971424	64687592.2048976
517	12.2345557328411	64926770.3590075
518	12.2544887595687	65166374.3863145
519	12.2744148911727	65406404.2394803
520	12.2943341414467	65646859.8712853
521	12.314246524132	65887741.2346302
522	12.3341520529167	66129048.2825324
523	12.3540507414368	66370780.9681282
524	12.3739426032762	66612939.2446703
525	12.393827651967	66855523.065529
526	12.4137059009896	67098532.3841902
527	12.4335773637736	67341967.1542557
528	12.4534420536974	67585827.3294428
529	12.473299984089	67830112.863583
530	12.4931511682258	68074823.7106222
531	12.5129956193355	68319959.8246207
532	12.5328333505956	68565521.1597506
533	12.5526643751344	68811507.6702981
534	12.5724887060311	69057919.3106607
535	12.5923063563156	69304756.0353483
536	12.6121173389692	69552017.7989815
537	12.6319216669252	69799704.5562921
538	12.6517193530682	70047816.2621223
539	12.6715104102354	70296352.8714236
540	12.691294851216	70545314.3392574
541	12.7110726887523	70794700.6207939
542	12.7308439355392	71044511.671311
543	12.7506086042248	71294747.4461959
544	12.7703667074107	71545407.9009422
545	12.7901182576523	71796492.9911512
546	12.8098632674587	72048002.6725305
547	12.8296017492934	72299936.9008937
548	12.8493337155743	72552295.6321605
549	12.869059178674	72805078.8223557
550	12.8887781509198	73058286.4276085
551	12.9084906445945	73311918.4041534
552	12.9281966719362	73565974.7083281
553	12.9478962451386	73820455.2965736
554	12.9675893763514	74075360.1254344
555	12.9872760776805	74330689.151558
556	13.0069563611879	74586442.3316935
557	13.0266302388925	74842619.6226915
558	13.0462977227698	75099220.981505
559	13.0659588247525	75356246.3651871
560	13.0856135567307	75613695.7308915
561	13.1052619305517	75871569.0358724
562	13.124903958021	76129866.2374837
563	13.1445396509017	76388587.2931778
564	13.164169020915	76647732.1605066
565	13.1837920797411	76907300.7971208
566	13.2034088390183	77167293.1607682
567	13.2230193103438	77427709.2092951
568	13.2426235052743	77688548.9006451
569	13.2622214353251	77949812.1928578
570	13.2818131119717	78211499.0440699
571	13.3013985466487	78473609.4125143
572	13.320977750751	78736143.2565191
573	13.3405507356336	78999100.5345086
574	13.3601175126115	79262481.2050007
575	13.3796780929608	79526285.226609
576	13.3992324879179	79790512.5580408
577	13.4187807086802	80055163.1580969
578	13.4383227664065	80320236.9856721
579	13.4578586722165	80585733.9997539
580	13.4773884371919	80851654.1594224
581	13.496912072376	81117997.4238502
582	13.5164295887739	81384763.7523012
583	13.5359409973531	81651953.1041321
584	13.555446309043	81919565.4387897
585	13.574945534736	82187600.7158115
586	13.5944386852868	82456058.8948269
587	13.6139257715135	82724939.9355538
588	13.6334068041968	82994243.7978007
589	13.6528817940808	83263970.4414651
590	13.6723507518732	83534119.826534
591	13.6918136882452	83804691.913083
592	13.7112706138321	84075686.6612756
593	13.7307215392328	84347104.0313634
594	13.7501664750107	84618943.9836865
595	13.7696054316934	84891206.4786714
596	13.7890384197733	85163891.4768319
597	13.808465449707	85436998.9387686
598	13.8278865319168	85710528.825168
599	13.8473016767893	85984481.0968031
600	13.8667108946769	86258855.7145322
601	13.886114195897	86533652.6392987
602	13.905511590733	86808871.8321317
603	13.9249030894337	87084513.254144
604	13.9442887022141	87360576.8665338
605	13.9636684392552	87637062.6305825
606	13.9830423107044	87913970.5076553
607	14.0024103266751	88191300.4592012
608	14.0217724972478	88469052.446752
609	14.0411288324697	88747226.4319218
610	14.0604793423547	89025822.3764074
611	14.0798240368838	86303212.589608
612	14.0991629260055	86573260.0801843
613	14.1184960196355	86843715.2370171
614	14.137823327657	87114578.0234053
615	14.1571448599212	87385848.4027279
616	14.1764606262471	87657526.3384401
617	14.1957706364214	87929611.7940754
618	14.2150749001995	88202104.7332451
619	14.2343734273048	88475005.1196362
620	14.2536662274292	88748312.9170135
621	14.2729533102335	89022028.0892175
622	14.292234685347	89296150.6001656
623	14.3115103623683	89570680.4138499
624	14.3307803508648	89845617.4943392
625	14.3500446603731	90120961.805777
626	14.3693033003994	90396713.3123816
627	14.3885562804194	90672871.9784465
628	14.4078036098786	90949437.7683392
629	14.4270452981918	91226410.646502
630	14.4462813547444	91503790.5774506
631	14.4655117888915	91781577.5257741
632	14.4847366099588	92059771.4561355
633	14.5039558272421	92338372.3332705
634	14.5231694500077	92617380.1219876
635	14.542377487493	92896794.7871684
636	14.5615799489056	93176616.2937662
637	14.5807768434244	93456844.6068062
638	14.5999681801994	93737479.6913861
639	14.6191539683519	94018521.5126745
640	14.6383342169741	94299970.0359111
641	14.6575089351302	94581825.226407
642	14.6766781318558	94864087.049544
643	14.695841816158	95146755.4707745
644	14.7149999970164	95429830.4556202
645	14.7341526833819	95713311.9696736
646	14.7532998841782	95997199.9785968
647	14.7724416083007	96281494.4481217
648	14.7915778646176	96566195.3440483
649	14.8107086619694	96851302.6322466
650	14.8298340091693	97136816.2786547
651	14.8489539150033	97422736.2492798
652	14.8680683882304	97709062.5101962
653	14.8871774375824	97995795.0275478
654	14.9062810717644	98282933.7675448
655	14.9253792994547	98570478.6964655
656	14.9444721293051	98858429.7806555
657	14.9635595699408	99146786.9865274
658	14.9826416299607	99435550.2805602
659	15.0017183179374	99724719.6293003
660	15.0207896424174	100014294.999359
661	15.0398556119213	100304276.357415
662	15.0589162349435	100594663.670214
663	15.0779715199528	100885456.904563
664	15.0970214753926	101176656.027339
665	15.1160661096804	101468261.005481
666	15.1351054312082	101760271.805994
667	15.1541394483431	102052688.39595
668	15.1731681694268	102345510.742482
669	15.1921916027755	102638738.812789
670	15.2112097566812	102932372.574133
671	15.2302226394105	103226411.993841
672	15.2492302592053	103520857.039303
673	15.2682326242828	103815707.677973
674	15.2872297428362	104110963.877366
675	15.3062216230335	104406625.605063
676	15.3252082730189	104702692.828707
677	15.344189700912	104999165.516001
678	15.3631659148088	105296043.634712
679	15.3821369227809	105593327.152671
680	15.4011027328761	105891016.037767
681	15.4200633531184	106189110.257954
682	15.4390187915082	106487609.781246
683	15.4579690560223	106786514.575717
684	15.4769141546138	107085824.609505
685	15.4958540952129	107385539.850806
686	15.514788885726	107685660.267878
687	15.5337185340367	107986185.82904
688	15.5526430480054	108287116.50267
689	15.5715624354692	108588452.257205
690	15.5904767042432	108890193.061146
691	15.6093858621187	109192338.883048
692	15.628289916865	109494889.69153
693	15.6471888762286	109797845.455267
694	15.6660827479335	110101206.142996
695	15.6849715396813	110404971.723509
696	15.7038552591515	110709142.165661
697	15.7227339140013	111013717.438362
698	15.7416075118656	111318697.510581
699	15.7604760603576	111624082.351346
700	15.7793395670685	111929871.929743
701	15.7981980395676	112236066.214914
702	15.8170514854025	112542665.176059
703	15.8358999120992	112849668.782436
704	15.8547433271623	113157077.003359
705	15.8735817380747	113464889.808201
706	15.8924151522982	113773107.166389
707	15.911243577273	114081729.047407
708	15.9300670204184	114390755.420798
709	15.9488854891327	114700186.256158
710	15.967698990793	115010021.52314
711	15.9865075327555	115320261.191454
712	16.0053111223555	115630905.230862
713	16.0241097669078	115941953.611186
714	16.0429034737065	116253406.302301
715	16.061692250025	116565263.274136
716	16.0804761031163	116877524.496676
717	16.0992550402131	117190189.939961
718	16.1180290685277	117503259.574086
719	16.136798195252	117816733.369198
720	16.1555624275583	118130611.295501
721	16.1743217725984	114529631.71545
722	16.1930762375043	114833915.691278
723	16.2118258293877	115138590.353392
724	16.2305705553413	115443655.673185
725	16.2493104224374	115749111.622105
726	16.2680454377292	116054958.171651
727	16.2867756082495	116361195.29337
728	16.3055009410127	116667822.958865
729	16.3242214430129	116974841.139787
730	16.3429371212254	117282249.807836
731	16.3616479826062	117590048.934767
732	16.3803540340917	117898238.492382
733	16.3990552826001	118206818.452533
734	16.4177517350296	118515788.787126
735	16.43644339826	118825149.468113
736	16.4551302791522	119134900.467496
737	16.4738123845486	119445041.757328
738	16.4924897212722	119755573.309712
739	16.511162296128	120066495.096798
740	16.5298301159021	120377807.090787
741	16.5484931873624	120689509.263928
742	16.5671515172582	121001601.588519
743	16.5858051123205	121314084.036908
744	16.6044539792622	121626956.581489
745	16.6230981247778	121940219.194707
746	16.641737555544	122253871.849052
747	16.660372278219	122567914.517066
748	16.6790022994435	122882347.171336
749	16.6976276258402	123197169.784497
750	16.7162482640138	123512382.329233
751	16.7348642205515	123827984.778275
752	16.7534755020224	124143977.104401
753	16.7720821149787	124460359.280435
754	16.7906840659545	124777131.27925
755	16.8092813614664	125094293.073766
756	16.8278740080143	125411844.636948
757	16.8464620120798	125729785.941808
758	16.865045380128	126048116.961406
759	16.8836241186064	126366837.668846
760	16.9021982339457	126685948.03728
761	16.9207677325591	127005448.039905
762	16.9393326208432	127325337.649965
763	16.9578929051776	127645616.840748
764	16.976448591925	127966285.58559
765	16.9949996874313	128287343.85787
766	17.0135461980255	128608791.631013
767	17.0320881300205	128930628.878492
768	17.0506254897119	129252855.573819
769	17.0691582833793	129575471.690557
770	17.0876865172856	129898477.202311
771	17.1062101976775	130221872.082731
772	17.1247293307849	130545656.30551
773	17.1432439228219	130869829.844389
774	17.1617539799865	131194392.673151
775	17.1802595084598	131519344.765621
776	17.1987605144075	131844686.095672
777	17.2172570039794	132170416.637219
778	17.2357489833086	132496536.364219
779	17.2542364585127	132823045.250677
780	17.2727194356939	133149943.270637
781	17.2911979209378	133477230.398188
782	17.309671920315	133804906.607463
783	17.3281414398798	134132971.872638
784	17.3466064856716	134461426.167929
785	17.3650670637136	134790269.467599
786	17.383523180014	135119501.745952
787	17.4019748405653	135449122.977333
788	17.4204220513449	135779133.136131
789	17.4388648183144	136109532.196778
790	17.4573031474209	136440320.133746
791	17.4757370445957	136771496.921552
792	17.4941665157552	137103062.534751
793	17.5125915668008	137435016.947944
794	17.5310122036186	137767360.135771
795	17.54942843208	138100092.072913
796	17.5678402580416	138433212.734096
797	17.5862476873449	138766722.094084
798	17.6046507258166	139100620.127683
799	17.6230493792689	139434906.80974
800	17.6414436534991	139769582.115145
801	17.65983355429	140104646.018825
802	17.6782190874099	140440098.495751
803	17.6966002586122	140775939.520933
804	17.7149770736362	141112169.069422
805	17.733349538207	141448787.11631
806	17.7517176580347	141785793.636728
807	17.7700814388156	142123188.605848
808	17.7884408862317	142460971.998881
809	17.8067960059505	142799143.791078
810	17.8251468036257	143137703.957733
811	17.8434932848967	143476652.474174
812	17.8618354553892	143815989.315774
813	17.8801733207143	144155714.457942
814	17.8985068864698	144495827.876128
815	17.9168361582391	144836329.54582
816	17.9351611415922	145177219.442545
817	17.9534818420851	145518497.541872
818	17.97179826526	145860163.819405
819	17.9901104166456	146202218.250789
820	18.0084183017569	146544660.811707
821	18.0267219260951	146887491.47788
822	18.0450212951485	147230710.225069
823	18.0633164143909	147574317.029071
824	18.0816072892838	147918311.865725
825	18.0998939252746	148262694.710904
826	18.1181763277974	148607465.54052
827	18.1364545022732	148952624.330527
828	18.1547284541099	149298171.05691
829	18.1729981887018	149644105.695697
830	18.1912637114305	149990428.222951
831	18.2095250276641	150337138.614774
832	18.2277821427578	150684236.847304
833	18.2460350620541	151031722.896716
834	18.264283790882	151379596.739226
835	18.282528334558	151727858.351081
836	18.3007686983856	152076507.70857
837	18.3190048876555	152425544.788017
838	18.3372369076455	152774969.565781
839	18.3554647636209	153124782.018261
840	18.3736884608343	153474982.12189
841	18.3919080045255	153825569.853139
842	18.4101233999219	154176545.188515
843	18.428334652238	154527908.10456
844	18.4465417666763	154879658.577853
845	18.4647447484266	155231796.58501
846	18.482943602666	155584322.102682
847	18.5011383345599	150866446.379743
848	18.5193289492608	151208258.17449
849	18.5375154519093	151550444.811069
850	18.5556978476332	151893006.26703
851	18.5738761415488	152235942.519954
852	18.5920503387599	152579253.547459
853	18.6102204443582	152922939.327195
854	18.6283864634234	153266999.836849
855	18.646548401023	153611435.054139
856	18.6647062622129	153956244.956818
857	18.6828600520367	154301429.522673
858	18.7010097755263	154646988.729524
859	18.7191554377016	154992922.555226
860	18.7372970435707	155339230.977665
861	18.7554345981303	155685913.974762
862	18.7735681063646	156032971.524471
863	18.7916975732469	156380403.604781
864	18.8098230037385	156728210.193711
865	18.827944402789	157076391.269313
866	18.8460617753365	157424946.809676
867	18.8641751263079	157773876.792918
868	18.8822844606181	158123181.197191
869	18.9003897831707	158472860.000679
870	18.9184910988581	158822913.181601
871	18.9365884125612	159173340.718204
872	18.9546817291494	159524142.588773
873	18.9727710534812	159875318.771619
874	18.9908563904034	160226869.245093
875	19.0089377447519	160578793.98757
876	19.0270151213514	160931092.977462
877	19.0450885250153	161283766.193213
878	19.0631579605459	161636813.613296
879	19.0812234327347	161990235.216219
880	19.0992849463617	162344030.980519
881	19.1173425061966	162698200.884767
882	19.1353961169975	163052744.907564
883	19.1534457835119	163407663.027543
884	19.1714915104765	163762955.223368
885	19.1895333026167	164118621.473734
886	19.2075711646478	164474661.75737
887	19.2256051012737	164831076.053031
888	19.243635117188	165187864.339509
889	19.2616612170734	165545026.595622
890	19.279683405602	165902562.800222
891	19.297701687435	166260472.93219
892	19.3157160672237	166618756.970439
893	19.3337265496082	166977414.893912
894	19.3517331392184	167336446.681582
895	19.3697358406734	167695852.312454
896	19.3877346585824	168055631.765562
897	19.4057295975438	168415785.019972
898	19.4237206621456	168776312.054779
899	19.4417078569657	169137212.849106
900	19.4596911865716	169498487.382111
901	19.4776706555204	169860135.63298
902	19.495646268359	170222157.580926
903	19.5136180296243	170584553.205196
904	19.5315859438427	170947322.485065
905	19.5495500155309	171310465.399837
906	19.5675102491951	171673981.928846
907	19.5854666493316	172037872.051458
908	19.6034192204267	172402135.747066
909	19.6213679669567	172766772.995091
910	19.6393128933877	173131783.774987
911	19.6572540041764	173497168.066235
912	19.6751913037688	173862925.848346
913	19.6931247966017	174229057.100859
914	19.7110544871019	174595561.803343
915	19.7289803796863	174962439.935397
916	19.746902478762	175329691.476646
917	19.7648207887264	175697316.406747
918	19.7827353139673	176065314.705382
919	19.8006460588628	176433686.352266
920	19.8185530277813	176802431.327141
921	19.8364562250812	177171549.609774
922	19.8543556551121	177541041.179966
923	19.8722513222136	177910906.017543
924	19.8901432307157	178281144.10236
925	19.908031384939	178651755.414299
926	19.9259157891948	179022739.933275
927	19.9437964477847	179394097.639225
928	19.9616733650013	179765828.512117
929	19.9795465451273	180137932.531947
930	19.9974159924365	180510409.678738
931	20.0152817111933	180883259.932542
932	20.0331437056525	181256483.273437
933	20.0510019800602	181630079.681531
934	20.0688565386528	182004049.136956
935	20.0867073856579	182378391.619877
936	20.1045545252936	182753107.110481
937	20.122397961769	183128195.588985
938	20.1402376992841	183503657.035634
939	20.15807374203	183879491.430698
940	20.1759060941886	184255698.754476
941	20.1937347599327	184632278.987294
942	20.2115597434262	185009232.109503
943	20.2293810488242	185386558.101485
944	20.2471986802726	185764256.943645
945	20.2650126419086	186142328.616417
946	20.2828229378605	186520773.100261
947	20.3006295722476	186899590.375663
948	20.3184325491806	187278780.423138
949	20.3362318727613	187658343.223227
950	20.3540275470829	188038278.756494
951	20.3718195762294	188418587.003533
952	20.3896079642768	188799267.944965
953	20.4073927152919	189180321.561435
954	20.4251738333329	189561747.833615
955	20.4429513224499	189943546.742203
956	20.4607251866834	190325718.267924
957	20.4784954300663	190708262.391529
958	20.4962620566226	191091179.093794
959	20.5140250703678	191474468.355521
960	20.5317844753086	191858130.157539
961	20.5495402754438	192242164.480703
962	20.5672924747634	192626571.305893
963	20.5850410772492	193011350.614013
964	20.6027860868744	193396502.385995
965	20.6205275076039	193782026.602797
966	20.6382653433945	194167923.2454
967	20.6559995981943	194554192.294813
968	20.6737302759436	194940833.732069
969	20.6914573805741	195327847.538227
970	20.7091809160094	195715233.694369
971	20.7269008861646	196102992.181606
972	20.7446172949473	196491122.981071
973	20.7623301462564	196879626.073924
974	20.7800394439827	197268501.44135
975	20.7977451920091	197657749.064557
976	20.8154473942104	198047368.924778
977	20.8331460544532	198437361.003275
978	20.8508411765962	198827725.28133
979	20.8685327644903	199218461.740252
980	20.8862208219778	199609570.361375
981	20.9039053528938	200001051.126055
982	20.921586361065	200392904.015675
983	20.9392638503101	200785129.011642
984	20.9569378244405	201177726.095388
985	20.9746082872592	201570695.248368
986	20.9922752425614	201964036.452063
987	21.009938694135	202357749.687975
988	21.0275986457596	202751834.937634
989	21.0452551012071	203146292.182592
990	21.062908064242	197028229.297517
991	21.0805575386209	197410784.862684
992	21.0982035280922	197793700.466643
993	21.1158460363975	198176976.09163
994	21.1334850672702	198560611.719905
995	21.1511206244363	198944607.333747
996	21.1687527116143	199328962.915464
997	21.186381332515	199713678.447382
998	21.2040064908412	200098753.911852
999	21.2216281902889	200484189.29125
1000	21.4322973276179	204538766.830211
1001	21.2568612272942	201256139.724428
