1	0.884837908833118	0.70508040214016
2	0.878493519343372	0.687494635589545
3	0.873967507607299	0.675033594886022
4	0.870407833982914	0.665285010397784
5	0.867460766722506	0.657249951132522
6	0.864940572379526	0.650405185755597
7	0.862736320340662	0.644438924454035
8	0.860776002861635	0.639149209038163
9	0.859010041755522	0.634397266710913
10	0.857402761088443	0.630083425305909
11	0.855927588983534	0.626133578878515
12	0.854564178412968	0.622491076611521
13	0.853296589582988	0.619111608702935
14	0.852112094266297	0.61595984621799
15	0.8510003619433	0.613007156573701
16	0.849952889630313	0.610230004846474
17	0.848962592447144	0.607608807014093
18	0.848023503251802	0.605127089557644
19	0.847130548121722	0.602770861911601
20	0.846279375728974	0.600528140019995
21	0.845466225748463	0.59838857923568
22	0.844687826021107	0.596343187701977
23	0.843941311226385	0.594384099886743
24	0.843224157867784	0.592504395699535
25	0.84253413178593	0.590697954587118
26	0.841869245402931	0.58895933677835
27	0.841227722605135	0.587283685823601
28	0.840607969679458	0.58566664799803
29	0.840008551090007	0.58410430517908
30	0.839428169156755	0.582593118578728
31	0.838865646903977	0.581129881287271
32	0.838319913501869	0.579711678021043
33	0.837789991843772	0.578335850798905
34	0.837274987893062	0.576999969528486
35	0.83677408150502	0.575701806681956
36	0.836286518484786	0.574439315396852
37	0.835811603686514	0.573210610460214
38	0.835348694993855	0.572013951731785
39	0.834897198049815	0.570847729639961
40	0.834456561626607	0.569710452446836
41	0.834026273544282	0.568600735029403
42	0.833605857061788	0.567517288965194
43	0.833194867676215	0.5664589137444
44	0.83279289027598	0.565424488958197
45	0.83239953660193	0.564412967335924
46	0.832014442977189	0.563423368522725
47	0.831637268272283	0.56245477350508
48	0.831267692076826	0.561506319604921
49	0.83090541305309	0.560577195974082
50	0.830550147450123	0.559666639530244
51	0.830201627759991	0.558773931283453
52	0.829859601500094	0.557898393008991
53	0.829523830107619	0.55703938422815
54	0.829194087933955	0.556196299463314
55	0.828870161328389	0.555368565737993
56	0.828551847801735	0.55455564029602
57	0.828238955261674	0.553757008517261
58	0.827931301312519	0.552972182009855
59	0.827628712613019	0.552200696861359
60	0.8273310242865	0.551442112033153
61	0.827038079378316	0.550696007884271
62	0.826749728356109	0.549961984812329
63	0.826465828648898	0.549239662000578
64	0.826186244221421	0.548528676261298
65	0.825910845180549	0.547828680966773
66	0.825639507410895	0.547139345060022
67	0.825372112237083	0.546460352138233
68	0.825108546110337	0.545791399602604
69	0.824848700317347	0.545132197868883
70	0.824592470709512	0.544482469633499
71	0.824339757450887	0.543841949190634
72	0.8240904647833	0.543210381796075
73	0.823844500807246	0.542587523074033
74	0.823601777277313	0.541973138463509
75	0.823362209410995	0.541367002701075
76	0.823125715709844	0.540768899337253
77	0.822892217792034	0.540178620283878
78	0.82266164023546	0.539595965390125
79	0.822433910430589	0.539020742045036
80	0.822208958442355	0.538452764804574
81	0.821986716880415	0.537891855041439
82	0.821767120777197	0.537337840615973
83	0.821550107473155	0.536790555566665
84	0.821335616508745	0.536249839818864
85	0.821123589522651	0.535715538910438
86	0.820913970155822	0.535187503733203
87	0.820706703960941	0.534665590289052
88	0.820501738316952	0.534149659459794
89	0.820299022348308	0.533639576789783
90	0.820098506848639	0.533135212280499
91	0.819900144208546	0.532636440196304
92	0.819703888347253	0.532143138880642
93	0.819509694647883	0.531655190582033
94	0.819317519896124	0.531172481289222
95	0.819127322222067	0.530694900574926
96	0.818939061045034	0.530222341447647
97	0.818752697021206	0.529754700211044
98	0.818568191993884	0.529291876330422
99	0.818385508946219	0.528833772305899
100	0.818204611956284	0.528380293551862
101	0.818025466154324	0.527931348282336
102	0.817848037682082	0.527486847401928
103	0.817672293654066	0.527046704402015
104	0.817498202120653	0.526610835261885
105	0.81732573203293	0.526179158354552
106	0.817154853209161	0.525751594356969
107	0.816985536302812	0.52532806616441
108	0.816817752772026	0.524908498808784
109	0.816651474850482	0.524492819380669
110	0.816486675519567	0.524080956954857
111	0.816323328481775	0.52367284251924
112	0.816161408135289	0.523268408906835
113	0.816000889549662	0.522867590730807
114	0.815841748442559	0.52247032432231
115	0.815683961157495	0.522076547671026
116	0.815527504642519	0.521686200368239
117	0.815372356429801	0.521299223552328
118	0.815218494616067	0.520915559856558
119	0.815065897843854	0.520535153359049
120	0.814914545283531	0.520157949534813
121	0.814764416616055	0.519783895209768
122	0.814615492016426	0.519412938516619
123	0.814467752137805	0.519045028852525
124	0.81432117809627	0.518680116838462
125	0.814175751456165	0.5183181542802
126	0.814031454216035	0.517959094130828
127	0.8138882687951	0.517602890454735
128	0.813746178020251	0.517249498392998
129	0.813605165113556	0.516898874130104
130	0.813465213680223	0.516550974861939
131	0.813326307697033	0.516205758765005
132	0.813188431501199	0.515863184966782
133	0.81305156977964	0.51552321351721
134	0.81291570755865	0.515185805361225
135	0.812780830193948	0.51485092231231
136	0.812646923361091	0.51451852702701
137	0.812513973046227	0.51418858298038
138	0.812381965537185	0.513861054442309
139	0.812250887414883	0.513535906454699
140	0.812120725545033	0.513213104809456
141	0.811991467070144	0.512892616027252
142	0.811863099401803	0.512574407337038
143	0.811735610213215	0.512258446656267
144	0.811608987432015	0.511944702571803
145	0.811483219233305	0.511633144321484
146	0.811358294032949	0.511323741776317
147	0.811234200481076	0.51101646542327
148	0.81111092745581	0.510711286348652
149	0.810988464057206	0.510408176222044
150	0.810866799601386	0.510107107280762
151	0.810745923614864	0.509808052314835
152	0.810625825829065	0.509510984652478
153	0.810506496175012	0.509215878146034
154	0.810387924778188	0.508922707158374
155	0.810270101953562	0.508631446549731
156	0.810153018200774	0.508342071664959
157	0.810036664199469	0.508054558321193
158	0.809921030804779	0.507768882795902
159	0.809806109042947	0.507485021815311
160	0.809691890107085	0.507202952543193
161	0.809578365353065	0.506922652569997
162	0.809465526295527	0.506644099902318
163	0.809353364604024	0.506367272952691
164	0.809241872099269	0.506092150529688
165	0.8091310407495	0.505818711828318
166	0.809020862666958	0.505546936420719
167	0.808911330104461	0.505276804247124
168	0.808802435452087	0.505008295607094
169	0.808694171233949	0.504741391151017
170	0.808586530105066	0.504476071871844
171	0.808479504848326	0.504212319097082
172	0.808373088371533	0.503950114481007
173	0.808267273704545	0.503689439997103
174	0.808162053996484	0.50343027793073
175	0.808057422513035	0.50317261087198
176	0.807953372633816	0.502916421708757
177	0.807849897849819	0.502661693620037
178	0.807746991760932	0.502408410069327
179	0.807644648073516	0.502156554798299
180	0.807542860598064	0.501906111820603
181	0.807441623246909	0.501657065415856
182	0.807340930032008	0.501409400123785
183	0.807240775062776	0.501163100738544
184	0.807141152543984	0.500918152303169
185	0.807042056773712	0.500674540104198
186	0.806943482141355	0.500432249666424
187	0.806845423125685	0.500191266747798
188	0.806747874292963	0.499951577334455
189	0.806650830295096	0.499713167635886
190	0.806554285867853	0.499476024080223
191	0.806458235829113	0.499240133309661
192	0.806362675077172	0.499005482175986
193	0.806267598589085	0.498772057736227
194	0.806173001419052	0.498539847248421
195	0.806078878696847	0.498308838167478
196	0.805985225626289	0.498079018141161
197	0.80589203748374	0.49785037500616
198	0.805799309616659	0.497622896784276
199	0.805707037442175	0.497396571678683
200	0.805615216445704	0.497171388070306
201	0.805523842179602	0.496947334514267
202	0.805432910261843	0.496724399736437
203	0.805342416374738	0.496502572630061
204	0.805252356263681	0.496281842252469
205	0.805162725735921	0.496062197821872
206	0.805073520659376	0.495843628714229
207	0.804984736961461	0.495626124460193
208	0.804896370627955	0.495409674742129
209	0.80480841770189	0.495194269391208
210	0.804720874282466	0.494979898384561
211	0.804633736523991	0.494766551842511
212	0.804547000634853	0.494554220025861
213	0.804460662876505	0.494342893333252
214	0.804374719562481	0.494132562298582
215	0.804289167057433	0.493923217588481
216	0.804204001776189	0.493714849999847
217	0.804119220182834	0.493507450457443
218	0.804034818789813	0.493301010011541
219	0.803950794157049	0.493095519835624
220	0.803867142891088	0.492890971224143
221	0.803783861644259	0.49268735559032
222	0.803700947113852	0.492484664464001
223	0.80361839604132	0.492282889489564
224	0.803536205211491	0.492082022423861
225	0.803454371451802	0.491882055134218
226	0.80337289163155	0.491682979596475
227	0.803291762661159	0.491484787893064
228	0.803210981491461	0.491287472211138
229	0.803130545112992	0.491091024840737
230	0.803050450555312	0.490895438172988
231	0.802970694886325	0.490700704698356
232	0.802891275211627	0.490506817004924
233	0.802812188673859	0.490313767776711
234	0.80273343245208	0.490121549792027
235	0.802655003761148	0.489930155921868
236	0.802576899851117	0.489739579128333
237	0.802499118006646	0.489549812463089
238	0.802421655546424	0.489360849065853
239	0.802344509822597	0.489172682162924
240	0.802267678220216	0.488985305065725
241	0.802191158156698	0.488798711169393
242	0.802114947081287	0.488612893951389
243	0.802039042474535	0.488427846970136
244	0.801963441847795	0.48824356386369
245	0.801888142742715	0.488060038348436
246	0.801813142730752	0.48787726421781
247	0.801738439412691	0.487695235341044
248	0.801664030418172	0.487513945661944
249	0.801589913405231	0.487333389197685
250	0.801516086059847	0.487153560037633
251	0.801442546095499	0.486974452342195
252	0.801369291252734	0.486796060341681
253	0.801296319298735	0.486618378335198
254	0.801223628026912	0.486441400689567
255	0.801151215256484	0.486265121838248
256	0.801079078832083	0.486089536280304
257	0.801007216623361	0.485914638579371
258	0.800935626524601	0.485740423362657
259	0.800864306454338	0.485566885319951
260	0.80079325435499	0.485394019202663
261	0.800722468192494	0.485221819822875
262	0.800651945955947	0.485050282052407
263	0.800581685657254	0.484879400821909
264	0.800511685330789	0.484709171119966
265	0.800441943033052	0.484539587992221
266	0.80037245684234	0.484370646540511
267	0.800303224858425	0.484202341922023
268	0.800234245202228	0.484034669348468
269	0.800165516015513	0.483867624085261
270	0.800097035460577	0.48370120145073
271	0.800028801719945	0.483535396815326
272	0.799960812996079	0.483370205600855
273	0.799893067511084	0.483205623279723
274	0.799825563506426	0.483041645374198
275	0.799758299242647	0.482878267455676
276	0.799691272999091	0.482715485143968
277	0.799624483073637	0.482553294106601
278	0.799557927782431	0.482391690058126
279	0.799491605459625	0.482230668759443
280	0.79942551445712	0.482070226017135
281	0.799359653144318	0.481910357682813
282	0.799294019907872	0.481751059652481
283	0.799228613151443	0.481592327865899
284	0.799163431295464	0.481434158305969
285	0.799098472776902	0.481276546998126
286	0.799033736049033	0.481119490009739
287	0.798969219581209	0.480962983449525
288	0.798904921858642	0.480807023466976
289	0.79884084138218	0.480651606251785
290	0.798776976668098	0.480496728033296
291	0.79871332624788	0.480342385079953
292	0.798649888668019	0.480188573698765
293	0.798586662489806	0.480035290234774
294	0.798523646289136	0.479882531070537
295	0.798460838656305	0.479730292625617
296	0.798398238195819	0.479578571356078
297	0.798335843526206	0.479427363753991
298	0.798273653279821	0.479276666346953
299	0.798211666102672	0.479126475697605
300	0.798149880654229	0.478976788403165
301	0.798088295607252	0.478827601094966
302	0.798026909647614	0.478678910438004
303	0.797965721474128	0.478530713130488
304	0.797904729798379	0.478383005903404
305	0.797843933344554	0.478235785520083
306	0.797783330849282	0.478089048775776
307	0.79772292106147	0.477942792497236
308	0.797662702742145	0.477797013542308
309	0.797602674664297	0.477651708799522
310	0.797542835612726	0.4775068751877
311	0.797483184383891	0.477362509655562
312	0.797423719785761	0.477218609181339
313	0.797364440637668	0.4770751707724
314	0.797305345770161	0.476932191464872
315	0.79724643402487	0.47678966832328
316	0.797187704254359	0.476647598440181
317	0.797129155321993	0.476505978935812
318	0.797070786101804	0.476364806957736
319	0.797012595478354	0.476224079680504
320	0.796954582346603	0.476083794305312
321	0.796896745611786	0.475943948059667
322	0.796839084189281	0.475804538197061
323	0.796781597004484	0.475665561996648
324	0.796724282992689	0.475527016762922
325	0.796667141098963	0.475388899825409
326	0.796610170278029	0.475251208538355
327	0.796553369494148	0.475113940280422
328	0.796496737721001	0.474977092454392
329	0.796440273941578	0.474840662486868
330	0.796383977148064	0.474704647827988
331	0.796327846341727	0.474569045951139
332	0.796271880532814	0.474433854352671
333	0.796216078740437	0.474299070551625
334	0.79616043999247	0.47416469208946
335	0.796104963325449	0.474030716529779
336	0.79604964778446	0.473897141458071
337	0.795994492423049	0.473763964481444
338	0.795939496303112	0.473631183228371
339	0.795884658494803	0.473498795348438
340	0.795829978076437	0.473366798512092
341	0.795775454134391	0.473235190410394
342	0.795721085763015	0.473103968754782
343	0.795666872064534	0.472973131276828
344	0.795612812148962	0.472842675728003
345	0.795558905134008	0.472712599879446
346	0.795505150144989	0.472582901521737
347	0.795451546314744	0.472453578464671
348	0.795398092783545	0.472324628537033
349	0.795344788699015	0.472196049586384
350	0.795291633216041	0.472067839478844
351	0.795238625496696	0.471939996098878
352	0.795185764710153	0.471812517349086
353	0.795133050032608	0.471685401150002
354	0.795080480647199	0.471558645439883
355	0.79502805574393	0.471432248174513
356	0.794975774519594	0.471306207327004
357	0.794923636177693	0.471180520887602
358	0.794871639928372	0.471055186863492
359	0.794819784988334	0.470930203278611
360	0.794768070580777	0.47080556817346
361	0.794716495935319	0.470681279604919
362	0.794665060287925	0.470557335646066
363	0.794613762880842	0.470433734385998
364	0.794562602962523	0.470310473929653
365	0.794511579787569	0.470187552397637
366	0.794460692616654	0.470064967926051
367	0.794409940716462	0.469942718666319
368	0.794359323359623	0.469820802785028
369	0.794308839824647	0.469699218463753
370	0.794258489395861	0.469577963898902
371	0.794208271363348	0.469457037301553
372	0.794158185022882	0.469336436897292
373	0.794108229675872	0.469216160926064
374	0.794058404629298	0.46909620764201
375	0.794008709195653	0.468976575313323
376	0.793959142692884	0.468857262222092
377	0.793909704444338	0.468738266664155
378	0.793860393778698	0.468619586948958
379	0.793811210029935	0.468501221399401
380	0.793762152537246	0.468383168351705
381	0.793713220645003	0.468265426155266
382	0.793664413702698	0.468147993172519
383	0.793615731064888	0.4680308677788
384	0.793567172091146	0.467914048362211
385	0.793518736146006	0.467797533323486
386	0.793470422598915	0.467681321075861
387	0.793422230824178	0.467565410044945
388	0.793374160200911	0.467449798668589
389	0.793326210112992	0.467334485396761
390	0.793278379949011	0.467219468691421
391	0.793230669102222	0.467104747026398
392	0.793183076970498	0.466990318887268
393	0.793135602956279	0.466876182771235
394	0.793088246466534	0.46676233718701
395	0.793041006912704	0.466648780654696
396	0.792993883710669	0.46653551170567
397	0.792946876280695	0.466422528882474
398	0.792899984047393	0.466309830738695
399	0.792853206439676	0.466197415838859
400	0.792806542890716	0.466085282758322
401	0.792759992837901	0.465973430083155
402	0.792713555722793	0.465861856410043
403	0.792667230991088	0.465750560346177
404	0.792621018092574	0.465639540509149
405	0.792574916481091	0.465528795526851
406	0.792528925614492	0.465418324037369
407	0.792483044954604	0.465308124688886
408	0.792437273967186	0.465198196139582
409	0.792391612121894	0.465088537057533
410	0.792346058892243	0.464979146120617
411	0.792300613755569	0.464870022016418
412	0.792255276192989	0.46476116344213
413	0.792210045689371	0.464652569104462
414	0.792164921733291	0.464544237719551
415	0.792119903817002	0.464436168012865
416	0.792074991436399	0.464328358719115
417	0.792030184090978	0.464220808582166
418	0.791985481283811	0.464113516354952
419	0.791940882521505	0.464006480799381
420	0.79189638731417	0.463899700686259
421	0.791851995175388	0.463793174795196
422	0.791807705622178	0.463686901914529
423	0.791763518174964	0.463580880841237
424	0.791719432357544	0.463475110380855
425	0.791675447697057	0.4633695893474
426	0.791631563723954	0.463264316563287
427	0.791587779971963	0.463159290859248
428	0.791544095978063	0.46305451107426
429	0.791500511282451	0.462949976055462
430	0.791457025428514	0.46284568465808
431	0.791413637962797	0.462741635745356
432	0.791370348434976	0.462637828188466
433	0.791327156397829	0.462534260866453
434	0.791284061407207	0.46243093266615
435	0.791241063022004	0.462327842482109
436	0.791198160804135	0.462224989216531
437	0.791155354318501	0.462122371779197
438	0.791112643132966	0.462019989087391
439	0.791070026818332	0.461917840065843
440	0.791027504948308	0.461815923646649
441	0.790985077099484	0.461714238769214
442	0.790942742851309	0.461612784380178
443	0.790900501786063	0.461511559433356
444	0.79085835348883	0.461410562889667
445	0.790816297547476	0.461309793717076
446	0.790774333552621	0.461209250890528
447	0.790732461097617	0.461108933391884
448	0.790690679778523	0.461008840209859
449	0.79064898919408	0.460908970339964
450	0.790607388945687	0.460809322784441
451	0.790565878637381	0.460709896552207
452	0.790524457875809	0.460610690658791
453	0.790483126270208	0.460511704126276
454	0.790441883432382	0.460412935983245
455	0.790400728976677	0.460314385264717
456	0.790359662519963	0.460216051012098
457	0.79031868368161	0.460117932273116
458	0.790277792083464	0.460020028101774
459	0.790236987349828	0.459922337558289
460	0.790196269107443	0.459824859709041
461	0.79015563698546	0.459727593626516
462	0.790115090615426	0.459630538389259
463	0.790074629631261	0.459533693081814
464	0.790034253669236	0.459437056794676
465	0.789993962367955	0.459340628624242
466	0.789953755368334	0.459244407672753
467	0.789913632313582	0.459148393048251
468	0.789873592849181	0.459052583864525
469	0.789833636622867	0.458956979241062
470	0.789793763284609	0.458861578303
471	0.789753972486593	0.458766380181079
472	0.789714263883203	0.458671384011594
473	0.789674637131	0.458576588936343
474	0.789635091888706	0.45848199410259
475	0.789595627817184	0.458387598663009
476	0.789556244579422	0.458293401775644
477	0.789516941840515	0.458199402603862
478	0.789477719267645	0.458105600316308
479	0.789438576530068	0.45801199408686
480	0.789399513299092	0.45791858309459
481	0.789360529248064	0.457825366523713
482	0.789321624052349	0.457732343563549
483	0.789282797389319	0.457639513408482
484	0.789244048938331	0.457546875257912
485	0.789205378380713	0.457454428316219
486	0.789166785399749	0.457362171792718
487	0.78912826968066	0.457270104901624
488	0.789089830910592	0.457178226862002
489	0.789051468778597	0.457086536897737
490	0.789013182975619	0.45699503423749
491	0.788974973194478	0.456903718114656
492	0.788936839129856	0.456812587767332
493	0.78889878047828	0.456721642438274
494	0.788860796938111	0.456630881374859
495	0.788822888209523	0.456540303829052
496	0.788785053994494	0.456449909057361
497	0.788747293996789	0.456359696320809
498	0.788709607921947	0.456269664884892
499	0.788671995477264	0.456179814019543
500	0.788634456371784	0.4560901429991
501	0.788596990316279	0.456000651102267
502	0.788559597023241	0.455911337612081
503	0.788522276206864	0.455822201815876
504	0.788485027583033	0.455733243005251
505	0.788447850869311	0.455644460476034
506	0.788410745784923	0.455555853528248
507	0.788373712050746	0.45546742146608
508	0.788336749389294	0.455379163597847
509	0.788299857524706	0.455291079235963
510	0.788263036182735	0.455203167696906
511	0.788226285090731	0.455115428301188
512	0.788189603977632	0.455027860373322
513	0.788152992573953	0.454940463241792
514	0.788116450611769	0.45485323623902
515	0.788079977824707	0.454766178701335
516	0.788043573947933	0.454679289968947
517	0.788007238718137	0.45459256938591
518	0.787970971873529	0.454506016300099
519	0.787934773153818	0.454419630063175
520	0.787898642300206	0.45433341003056
521	0.787862579055377	0.454247355561403
522	0.787826583163483	0.454161466018557
523	0.787790654370134	0.454075740768547
524	0.787754792422388	0.453990179181542
525	0.787718997068736	0.453904780631329
526	0.787683268059097	0.453819544495283
527	0.787647605144804	0.453734470154341
528	0.787612008078592	0.453649556992974
529	0.78757647661459	0.453564804399164
530	0.787541010508311	0.45348021176437
531	0.787505609516636	0.453395778483509
532	0.787470273397813	0.453311503954924
533	0.787435001911439	0.453227387580363
534	0.787399794818452	0.453143428764951
535	0.787364651881123	0.453059626917164
536	0.787329572863045	0.452975981448807
537	0.787294557529122	0.452892491774983
538	0.787259605645561	0.452809157314077
539	0.787224716979861	0.452725977487724
540	0.787189891300804	0.452642951720787
541	0.787155128378447	0.452560079441336
542	0.787120427984109	0.452477360080619
543	0.787085789890366	0.452394793073046
544	0.787051213871039	0.452312377856155
545	0.787016699701186	0.452230113870599
546	0.786982247157092	0.452148000560119
547	0.786947856016261	0.45206603737152
548	0.786913526057407	0.451984223754649
549	0.786879257060446	0.451902559162376
550	0.786845048806484	0.451821043050568
551	0.786810901077814	0.451739674878069
552	0.786776813657902	0.451658454106678
553	0.786742786331381	0.451577380201127
554	0.786708818884043	0.451496452629062
555	0.786674911102829	0.451415670861018
556	0.786641062775824	0.451335034370402
557	0.786607273692243	0.451254542633469
558	0.786573543642431	0.451174195129304
559	0.786539872417848	0.451093991339801
560	0.786506259811063	0.451013930749643
561	0.786472705615749	0.450934012846278
562	0.786439209626669	0.450854237119908
563	0.786405771639678	0.450774603063461
564	0.786372391451704	0.450695110172575
565	0.786339068860748	0.450615757945579
566	0.786305803665876	0.450536545883474
567	0.786272595667207	0.450457473489912
568	0.786239444665911	0.450378540271179
569	0.786206350464197	0.450299745736178
570	0.786173312865309	0.450221089396406
571	0.786140331673518	0.45014257076594
572	0.786107406694113	0.450064189361416
573	0.786074537733398	0.449985944702014
574	0.786041724598679	0.449907836309437
575	0.786008967098263	0.449829863707896
576	0.785976265041448	0.44975202642409
577	0.785943618238515	0.449674323987192
578	0.785911026500727	0.449596755928829
579	0.785878489640313	0.449519321783064
580	0.785846007470469	0.449442021086384
581	0.785813579805351	0.449364853377679
582	0.785781206460062	0.449287818198225
583	0.785748887250652	0.449210915091672
584	0.785716621994111	0.449134143604023
585	0.785684410508358	0.449057503283621
586	0.785652252612239	0.448980993681129
587	0.78562014812552	0.44890461434952
588	0.78558809686888	0.448828364844056
589	0.785556098663903	0.448752244722275
590	0.785524153333076	0.448676253543975
591	0.78549226069978	0.448600390871197
592	0.785460420588285	0.448524656268215
593	0.785428632823744	0.448449049301512
594	0.785396897232186	0.448373569539775
595	0.785365213640512	0.448298216553873
596	0.785333581876487	0.448222989916844
597	0.785302001768737	0.448147889203882
598	0.78527047314674	0.448072913992322
599	0.785238995840824	0.447998063861625
600	0.785207569682157	0.447923338393363
601	0.785176194502745	0.447848737171206
602	0.785144870135426	0.447774259780909
603	0.785113596413862	0.447699905810296
604	0.785082373172538	0.447625674849248
605	0.78505120024675	0.447551566489687
606	0.785020077472608	0.447477580325566
607	0.784989004687022	0.447403715952852
608	0.784957981727705	0.447329972969515
609	0.784927008433161	0.447256350975513
610	0.784896084642683	0.447182849572782
611	0.784865210196349	0.447109468365219
612	0.784834384935013	0.447036206958672
613	0.784803608700303	0.446963064960926
614	0.784772881334618	0.446890041981691
615	0.784742202681116	0.446817137632588
616	0.784711572583716	0.446744351527139
617	0.78468099088709	0.446671683280753
618	0.784650457436658	0.446599132510712
619	0.784619972078585	0.446526698836163
620	0.784589534659774	0.446454381878103
621	0.784559145027863	0.446382181259368
622	0.784528803031218	0.446310096604619
623	0.784498508518931	0.446238127540336
624	0.784468261340816	0.446166273694798
625	0.784438061347399	0.446094534698079
626	0.78440790838992	0.446022910182031
627	0.784377802320326	0.445951399780277
628	0.784347742991263	0.445880003128196
629	0.784317730256077	0.445808719862914
630	0.784287763968808	0.445737549623293
631	0.784257843984182	0.445666492049917
632	0.784227970157613	0.445595546785085
633	0.784198142345194	0.445524713472799
634	0.784168360403692	0.44545399175875
635	0.784138624190548	0.445383381290312
636	0.78410893356387	0.445312881716529
637	0.784079288382429	0.445242492688103
638	0.784049688505656	0.445172213857388
639	0.784020133793637	0.445102044878376
640	0.783990624107109	0.445031985406685
641	0.783961159307454	0.444962035099555
642	0.7839317392567	0.444892193615832
643	0.783902363817512	0.444822460615962
644	0.783873032853191	0.444752835761977
645	0.78384374622767	0.44468331871749
646	0.783814503805507	0.444613909147681
647	0.783785305451884	0.444544606719288
648	0.783756151032605	0.4444754111006
649	0.783727040414086	0.444406321961446
650	0.783697973463358	0.444337338973182
651	0.783668950048058	0.444268461808687
652	0.78363997003643	0.444199690142351
653	0.783611033297316	0.444131023650066
654	0.783582139700157	0.444062462009216
655	0.783553289114988	0.44399400489867
656	0.783524481412432	0.443925651998769
657	0.783495716463701	0.443857402991322
658	0.783466994140586	0.443789257559594
659	0.783438314315462	0.443721215388297
660	0.783409676861275	0.443653276163581
661	0.783381081651548	0.443585439573028
662	0.783352528560369	0.443517705305641
663	0.783324017462394	0.443450073051835
664	0.783295548232839	0.443382542503431
665	0.783267120747482	0.443315113353642
666	0.783238734882652	0.443247785297073
667	0.783210390515234	0.443180558029706
668	0.78318208752266	0.443113431248893
669	0.783153825782906	0.443046404653349
670	0.783125605174494	0.442979477943144
671	0.783097425576482	0.442912650819694
672	0.783069286868465	0.442845922985753
673	0.78304118893057	0.442779294145404
674	0.783013131643455	0.442712764004055
675	0.782985114888302	0.442646332268426
676	0.782957138546819	0.442579998646545
677	0.782929202501233	0.442513762847738
678	0.782901306634288	0.442447624582622
679	0.782873450829241	0.442381583563099
680	0.782845634969864	0.442315639502346
681	0.782817858940432	0.442249792114808
682	0.78279012262573	0.44218404111619
683	0.782762425911041	0.442118386223454
684	0.782734768682151	0.442052827154805
685	0.782707150825341	0.441987363629688
686	0.782679572227384	0.441921995368779
687	0.782652032775545	0.441856722093979
688	0.782624532357578	0.441791543528408
689	0.782597070861719	0.441726459396392
690	0.78256964817669	0.441661469423463
691	0.78254226419169	0.44159657333635
692	0.782514918796394	0.441531770862968
693	0.782487611880954	0.441467061732417
694	0.782460343335989	0.441402445674972
695	0.782433113052591	0.441337922422076
696	0.782405920922314	0.441273491706333
697	0.782378766837178	0.441209153261505
698	0.782351650689662	0.441144906822501
699	0.782324572372703	0.441080752125371
700	0.782297531779694	0.441016688907302
701	0.782270528804481	0.44095271690661
702	0.782243563341358	0.440888835862731
703	0.782216635285069	0.440825045516221
704	0.782189744530803	0.440761345608742
705	0.782162890974189	0.440697735883062
706	0.7821360745113	0.440634216083046
707	0.782109295038642	0.440570785953646
708	0.78208255245316	0.440507445240905
709	0.78205584665223	0.440444193691939
710	0.782029177533659	0.44038103105494
711	0.782002544995681	0.440317957079164
712	0.781975948936955	0.440254971514928
713	0.781949389256565	0.440192074113606
714	0.781922865854015	0.440129264627616
715	0.781896378629226	0.440066542810423
716	0.781869927482536	0.440003908416524
717	0.781843512314697	0.439941361201452
718	0.781817133026873	0.439878900921761
719	0.781790789520636	0.439816527335027
720	0.781764481697966	0.439754240199839
721	0.781738209461246	0.439692039275793
722	0.781711972713262	0.439629924323489
723	0.781685771357203	0.439567895104524
724	0.781659605296651	0.439505951381485
725	0.781633474435589	0.439444092917947
726	0.781607378678389	0.439382319478462
727	0.781581317929819	0.439320630828562
728	0.781555292095032	0.439259026734744
729	0.781529301079572	0.439197506964471
730	0.781503344789366	0.439136071286167
731	0.781477423130724	0.439074719469207
732	0.781451536010337	0.439013451283916
733	0.781425683335277	0.438952266501561
734	0.781399865012989	0.438891164894348
735	0.781374080951297	0.438830146235418
736	0.781348331058395	0.438769210298836
737	0.781322615242848	0.438708356859593
738	0.781296933413591	0.438647585693596
739	0.781271285479924	0.438586896577667
740	0.781245671351513	0.438526289289534
741	0.781220090938387	0.438465763607829
742	0.781194544150935	0.43840531931208
743	0.781169030899907	0.438344956182713
744	0.781143551096406	0.438284674001038
745	0.781118104651893	0.43822447254925
746	0.781092691478184	0.438164351610424
747	0.781067311487442	0.438104310968507
748	0.781041964592182	0.438044350408319
749	0.781016650705266	0.437984469715541
750	0.780991369739903	0.437924668676716
751	0.780966121609644	0.437864947079243
752	0.780940906228383	0.437805304711371
753	0.780915723510356	0.437745741362197
754	0.780890573370133	0.437686256821658
755	0.780865455722626	0.43762685088053
756	0.780840370483079	0.437567523330422
757	0.780815317567069	0.437508273963772
758	0.780790296890506	0.437449102573839
759	0.780765308369628	0.437390008954707
760	0.780740351921003	0.437330992901271
761	0.780715427461524	0.437272054209242
762	0.780690534908408	0.437213192675132
763	0.780665674179196	0.437154408096262
764	0.78064084519175	0.437095700270747
765	0.780616047864251	0.437037068997499
766	0.780591282115198	0.436978514076218
767	0.780566547863407	0.436920035307392
768	0.780541845028007	0.43686163249229
769	0.780517173528441	0.436803305432958
770	0.780492533284464	0.436745053932218
771	0.78046792421614	0.43668687779366
772	0.78044334624384	0.436628776821641
773	0.780418799288243	0.436570750821278
774	0.780394283270332	0.436512799598448
775	0.780369798111395	0.43645492295978
776	0.780345343733021	0.436397120712654
777	0.780320920057097	0.436339392665197
778	0.780296527005812	0.436281738626276
779	0.780272164501652	0.436224158405498
780	0.780247832467396	0.436166651813206
781	0.78022353082612	0.43610921866047
782	0.780199259501191	0.43605185875909
783	0.780175018416268	0.435994571921591
784	0.7801508074953	0.435937357961213
785	0.780126626662523	0.435880216691915
786	0.780102475842462	0.435823147928369
787	0.780078354959925	0.435766151485954
788	0.780054263940005	0.435709227180755
789	0.780030202708077	0.435652374829559
790	0.780006171189799	0.435595594249849
791	0.779982169311106	0.435538885259804
792	0.779958196998213	0.435482247678295
793	0.77993425417761	0.435425681324878
794	0.779910340776065	0.435369186019794
795	0.779886456720619	0.435312761583964
796	0.779862601938584	0.435256407838988
797	0.779838776357547	0.435200124607136
798	0.77981497990536	0.435143911711353
799	0.779791212510149	0.435087768975247
800	0.779767474100304	0.435031696223091
801	0.779743764604482	0.434975693279818
802	0.779720083951604	0.434919759971018
803	0.779696432070854	0.434863896122934
804	0.779672808891681	0.434808101562462
805	0.779649214343792	0.434752376117141
806	0.779625648357153	0.434696719615157
807	0.77960211086199	0.434641131885335
808	0.779578601788785	0.434585612757139
809	0.779555121068277	0.434530162060667
810	0.779531668631456	0.434474779626646
811	0.77950824440957	0.434419465286435
812	0.779484848334115	0.434364218872014
813	0.77946148033684	0.434309040215988
814	0.779438140349741	0.434253929151579
815	0.779414828305064	0.434198885512625
816	0.779391544135303	0.434143909133578
817	0.779368287773195	0.434088999849498
818	0.779345059151725	0.434034157496053
819	0.779321858204118	0.433979381909514
820	0.779298684863843	0.433924672926754
821	0.779275539064612	0.433870030385242
822	0.779252420740372	0.433815454123044
823	0.779229329825313	0.433760943978817
824	0.779206266253862	0.433706499791806
825	0.779183229960681	0.433652121401846
826	0.779160220880667	0.43359780864935
827	0.779137238948954	0.433543561375317
828	0.779114284100906	0.43348937942132
829	0.779091356272121	0.43343526262951
830	0.779068455398427	0.433381210842607
831	0.77904558141588	0.433327223903904
832	0.779022734260769	0.433273301657258
833	0.778999913869607	0.433219443947091
834	0.778977120179133	0.433165650618386
835	0.778954353126315	0.433111921516686
836	0.778931612648341	0.433058256488087
837	0.778908898682625	0.433004655379241
838	0.778886211166803	0.43295111803735
839	0.778863550038731	0.432897644310162
840	0.778840915236486	0.432844234045973
841	0.778818306698363	0.432790887093621
842	0.778795724362876	0.432737603302482
843	0.778773168168756	0.432684382522473
844	0.778750638054949	0.432631224604044
845	0.778728133960617	0.432578129398177
846	0.778705655825134	0.432525096756386
847	0.77868320358809	0.43247212653071
848	0.778660777189285	0.432419218573714
849	0.778638376568729	0.432366372738487
850	0.778616001666643	0.432313588878636
851	0.778593652423459	0.432260866848286
852	0.778571328779813	0.432208206502078
853	0.77854903067655	0.432155607695163
854	0.778526758054723	0.432103070283206
855	0.778504510855586	0.432050594122378
856	0.7784822890206	0.431998179069355
857	0.778460092491429	0.431945824981318
858	0.778437921209937	0.431893531715946
859	0.778415775118192	0.431841299131418
860	0.778393654158462	0.43178912708641
861	0.778371558273213	0.431737015440091
862	0.77834948740511	0.431684964052121
863	0.778327441497016	0.431632972782649
864	0.778305420491991	0.431581041492312
865	0.77828342433329	0.431529170042232
866	0.778261452964363	0.431477358294012
867	0.778239506328855	0.431425606109736
868	0.778217584370603	0.431373913351966
869	0.778195687033637	0.43132227988374
870	0.778173814262177	0.431270705568568
871	0.778151966000635	0.431219190270434
872	0.778130142193612	0.431167733853789
873	0.778108342785898	0.431116336183553
874	0.778086567722471	0.431064997125109
875	0.778064816948494	0.431013716544304
876	0.77804309040932	0.430962494307446
877	0.778021388050483	0.430911330281299
878	0.777999709817706	0.430860224333088
879	0.777978055656891	0.430809176330488
880	0.777956425514127	0.43075818614163
881	0.777934819335683	0.430707253635091
882	0.777913237068008	0.4306563786799
883	0.777891678657734	0.430605561145532
884	0.777870144051671	0.430554800901902
885	0.777848633196807	0.430504097819373
886	0.77782714604031	0.430453451768744
887	0.777805682529524	0.430402862621253
888	0.77778424261197	0.430352330248575
889	0.777762826235343	0.430301854522819
890	0.777741433347514	0.430251435316526
891	0.777720063896528	0.430201072502667
892	0.777698717830603	0.430150765954642
893	0.777677395098129	0.430100515546277
894	0.777656095647669	0.430050321151822
895	0.777634819427956	0.43000018264595
896	0.777613566387893	0.429950099903756
897	0.777592336476552	0.429900072800753
898	0.777571129643175	0.429850101212869
899	0.777549945837171	0.42980018501645
900	0.777528785008117	0.429750324088255
901	0.777507647105755	0.429700518305452
902	0.777486532079994	0.429650767545621
903	0.777465439880907	0.429601071686748
904	0.777444370458732	0.429551430607226
905	0.77742332376387	0.429501844185853
906	0.777402299746885	0.429452312301828
907	0.777381298358504	0.429402834834751
908	0.777360319549614	0.42935341166462
909	0.777339363271263	0.429304042671831
910	0.777318429474659	0.429254727737176
911	0.777297518111169	0.429205466741839
912	0.77727662913232	0.429156259567397
913	0.777255762489795	0.429107106095816
914	0.777234918135436	0.429058006209452
915	0.77721409602124	0.429008959791046
916	0.777193296099361	0.428959966723724
917	0.777172518322106	0.428911026890998
918	0.77715176264194	0.428862140176759
919	0.777131029011478	0.428813306465278
920	0.777110317383492	0.428764525641205
921	0.777089627710903	0.428715797589568
922	0.777068959946785	0.428667122195767
923	0.777048314044366	0.428618499345579
924	0.777027689957019	0.428569928925149
925	0.777007087638272	0.428521410820996
926	0.7769865070418	0.428472944920004
927	0.776965948121426	0.428424531109426
928	0.776945410831122	0.428376169276881
929	0.776924895125007	0.42832785931035
930	0.776904400957347	0.428279601098177
931	0.776883928282553	0.428231394529067
932	0.776863477055184	0.428183239492083
933	0.77684304722994	0.428135135876648
934	0.776822638761669	0.428087083572538
935	0.776802251605361	0.428039082469887
936	0.776781885716147	0.427991132459177
937	0.776761541049304	0.427943233431247
938	0.776741217560248	0.427895385277282
939	0.776720915204538	0.427847587888818
940	0.776700633937872	0.427799841157737
941	0.77668037371609	0.427752144976265
942	0.776660134495169	0.427704499236974
943	0.776639916231227	0.42765690383278
944	0.776619718880518	0.427609358656935
945	0.776599542399436	0.427561863603037
946	0.776579386744509	0.427514418565017
947	0.776559251872406	0.427467023437146
948	0.776539137739928	0.427419678114029
949	0.776519044304012	0.427372382490606
950	0.776498971521731	0.427325136462148
951	0.776478919350292	0.427277939924258
952	0.776458887747035	0.427230792772869
953	0.776438876669433	0.427183694904242
954	0.776418886075092	0.427136646214966
955	0.77639891592175	0.427089646601954
956	0.776378966167277	0.427042695962443
957	0.776359036769672	0.426995794193996
958	0.776339127687067	0.426948941194494
959	0.776319238877721	0.42690213686214
960	0.776299370300024	0.426855381095455
961	0.776279521912494	0.426808673793279
962	0.776259693673779	0.426762014854766
963	0.776239885542652	0.426715404179387
964	0.776220097478015	0.426668841666925
965	0.776200329438895	0.426622327217476
966	0.776180581384448	0.426575860731447
967	0.776160853273951	0.426529442109555
968	0.776141145066812	0.426483071252825
969	0.776121456722558	0.426436748062588
970	0.776101788200842	0.426390472440482
971	0.776082139461443	0.426344244288451
972	0.77606251046426	0.42629806350874
973	0.776042901169314	0.426251930003896
974	0.776023311536752	0.426205843676769
975	0.776003741526838	0.426159804430507
976	0.77598419109996	0.426113812168557
977	0.775964660216625	0.426067866794662
978	0.775945148837462	0.426021968212863
979	0.775925656923216	0.425976116327494
980	0.775906184434755	0.425930311043182
981	0.775886731333063	0.425884552264849
982	0.775867297579243	0.425838839897706
983	0.775847883134517	0.425793173847253
984	0.77582848796022	0.425747554019282
985	0.775809112017809	0.42570198031987
986	0.775789755268854	0.42565645265538
987	0.775770417675041	0.425610970932463
988	0.775751099198172	0.425565535058051
989	0.775731799800163	0.425520144939361
990	0.775712519443046	0.425474800483891
991	0.775693258088964	0.425429501599419
992	0.775674015700177	0.425384248194004
993	0.775654792239056	0.425339040175983
994	0.775635587668084	0.425293877453968
995	0.775616401949857	0.425248759936851
996	0.775597235047083	0.425203687533796
997	0.77557808692258	0.425158660154242
998	0.775558957539278	0.425113677707901
999	0.775539846860216	0.425068740104756
1000	0.775520754848545	0.425023847255061
1001	0.775501681467523	0.42497899906934
