1	0	0.00167276009106964
2	0	0.00214004573870112
3	0	0.00241898868566228
4	0	0.00262519846773585
5	0	0.00272663530635662
6	0	0.00287306300152088
7	0	0.00293477313268874
8	0	0.0029851063367305
9	0	0.00310106420243744
10	0	0.00313791386753063
11	0	0.00316989755566408
12	0	0.00327417340635033
13	0	0.00329979177976003
14	0	0.00332279345882343
15	0	0.003343612995291
16	0	0.00336258944414624
17	0	0.00345859578560265
18	0	0.00347501364230482
19	0	0.00349022291870634
20	0	0.00350437257916596
21	0	0.00351758674824893
22	0	0.00361019603824861
23	0	0.00362210110290632
24	0	0.00363332409199265
25	0	0.00364393159061055
26	0	0.00365398126595795
27	0	0.00366352335630321
28	0	0.00367260186626774
29	0	0.00368125553455089
30	0	0.00377150764687942
31	0	0.00377958622153149
32	0	0.00378732439756477
33	0	0.00379474701849024
34	0	0.00380187640577144
35	0	0.00380873268185718
36	0	0.00381533404382062
37	0	0.00382169699630736
38	0	0.00382783655077111
39	0	0.00391710892098216
40	0	0.00392296620142225
41	0	0.00392863371904943
42	0	0.00393412223601417
43	0	0.00393944165786203
44	0	0.00394460112027267
45	0	0.00394960906523463
46	0	0.00395447330814864
47	0	0.0039592010971134
48	0	0.00396379916545174
49	0	0.0039682737783728
50	0	0.00405715465350597
51	0	0.00406148980100584
52	0	0.00406571559560885
53	0	0.00406983690524856
54	0	0.00407385829180369
55	0	0.00407778403573128
56	0	0.00408161815830123
57	0	0.00408536444170436
58	0	0.00408902644727173
59	0	0.00409260753201195
60	0	0.00409611086364806
61	0	0.00409953943431284
62	0	0.00410289607304268
63	0	0.00410618345719286
64	0	0.00419501656403392
65	0	0.0041982386752222
66	0	0.00420139746158325
67	0	0.00420449513503629
68	0	0.00420753379788733
69	0	0.0042105154498162
70	0	0.00421344199432238
71	0	0.0042163152446783
72	0	0.00421913692943476
73	0	0.00422190869751754
74	0	0.00422463212295107
75	0	0.00422730870924093
76	0	0.00422993989344437
77	0	0.00423252704995459
78	0	0.0042350714940227
79	0	0.00423757448503847
80	0	0.00424003722958946
81	0	0.00432904160148333
82	0	0.00433147596438759
83	0	0.00433387265798112
84	0	0.00433623272524292
85	0	0.00433855716806056
86	0	0.00434084694931972
87	0	0.00434310299486397
88	0	0.0043453261953345
89	0	0.00434751740789837
90	0	0.00434967745787311
91	0	0.00435180714025523
92	0	0.00435390722115906
93	0	0.00435597843917234
94	0	0.00435802150663403
95	0	0.00436003711083974
96	0	0.00436202591517951
97	0	0.0043639885602125
98	0	0.00436592566468262
99	0	0.00436783782647897
100	0	0.00441696584861203
101	0	0.00437158961473685
102	0	0.00446089885238574
103	0	0.00446275319669056
104	0	0.00446458486038543
105	0	0.00446639434352823
106	0	0.00446818213045786
107	0	0.00446994869043351
108	0	0.00447169447824201
109	0	0.00447341993477541
110	0	0.00447512548758029
111	0	0.00447681155138053
112	0	0.00447847852857497
113	0	0.00448012680971154
114	0	0.00448175677393898
115	0	0.00448336878943755
116	0	0.00448496321382976
117	0	0.00448654039457234
118	0	0.00448810066933041
119	0	0.0044896443663347
120	0	0.00449117180472288
121	0	0.00449268329486579
122	0	0.00449417913867932
123	0	0.00449565962992263
124	0	0.00449712505448366
125	0	0.00449857569065221
126	0	0.00450001180938155
127	0	0.00458969700215914
128	0	0.00459113247664676
129	0	0.00459255393544765
130	0	0.00459396162735679
131	0	0.00459535579486425
132	0	0.0045967366743623
133	0	0.00459810449634399
134	0	0.00459945948559395
135	0	0.00460080186137156
136	0	0.00460213183758702
137	0	0.00460344962297033
138	0	0.00460475542123401
139	0	0.00460604943122929
140	0	0.00460733184709653
141	0	0.00460860285840985
142	0	0.00460986265031633
143	0	0.00461111140366999
144	0	0.00461234929516086
145	0	0.00461357649743924
146	0	0.0046147931792354
147	0	0.00461599950547501
148	0	0.0046171956373903
149	0	0.00461838173262731
150	0	0.00461955794534933
151	0	0.00462072442633661
152	0	0.00462188132308259
153	0	0.00462302877988692
154	0	0.00462416693794493
155	0	0.00462529593543442
156	0	0.00462641590759913
157	0	0.00471651782651954
158	0	0.0047176413412268
159	0	0.00471875605344101
160	0	0.00471986208984128
161	0	0.00472095957450121
162	0	0.00472204862895844
163	0	0.00472312937228181
164	0	0.00472420192113648
165	0	0.00472526638984676
166	0	0.00472632289045713
167	0	0.00472737153279109
168	0	0.00472841242450834
169	0	0.00472944567116004
170	0	0.00473047137624239
171	0	0.00473148964124848
172	0	0.0047325005657186
173	0	0.00473350424728899
174	0	0.00473450078173906
175	0	0.00473549026303718
176	0	0.00473647278338513
177	0	0.00473744843326119
178	0	0.00473841730146182
179	0	0.00473937947514236
180	0	0.00474033503985631
181	0	0.00474128407959347
182	0	0.00474222667681711
183	0	0.00474316291249989
184	0	0.00474409286615882
185	0	0.00474501661588924
186	0	0.00474593423839776
187	0	0.00474684580903433
188	0	0.00474775140182333
189	0	0.00474865108949384
190	0	0.00474954494350903
191	0	0.0047504330340948
192	0	0.00484096283824199
193	0	0.00484185615094049
194	0	0.0048427437988307
195	0	0.00484362584869642
196	0	0.00484450236619478
197	0	0.00484537341588097
198	0	0.00484623906123218
199	0	0.00484709936467096
200	0	0.004847954387588
201	0	0.00484880419036421
202	0	0.00484964883239228
203	0	0.00485048837209768
204	0	0.00485132286695908
205	0	0.00485215237352829
206	0	0.00485297694744958
207	0	0.00485379664347866
208	0	0.00485461151550103
209	0	0.00485542161654997
210	0	0.00485622699882398
211	0	0.00485702771370387
212	0	0.00485782381176935
213	0	0.00485861534281526
214	0	0.00485940235586736
215	0	0.00486018489919773
216	0	0.00486096302033986
217	0	0.00486173676610322
218	0	0.00486250618258765
219	0	0.00486327131519731
220	0	0.00486403220865423
221	0	0.0048647889070117
222	0	0.0048655414536672
223	0	0.00486628989137508
224	0	0.00486703426225889
225	0	0.00486777460782352
226	0	0.00486851096896695
227	0	0.00486924338599178
228	0	0.00486997189861645
229	0	0.00487069654598627
230	0	0.0048714173666841
231	0	0.00487213439874091
232	0	0.00487284767964595
233	0	0.00496380826230047
234	0	0.00496452722346629
235	0	0.00496524247535389
236	0	0.00496595405403962
237	0	0.00496666199509681
238	0	0.00496736633360491
239	0	0.0049680671041584
240	0	0.00496876434087546
241	0	0.00496945807740647
242	0	0.0049701483469424
243	0	0.00497083518222286
244	0	0.00497151861554414
245	0	0.00497219867876695
246	0	0.00497287540332408
247	0	0.00497354882022783
248	0	0.00497421896007733
249	0	0.00497488585306567
250	0	0.00497554952898689
251	0	0.00497621001724285
252	0	0.0049768673468499
253	0	0.00497752154644544
254	0	0.00497817264429439
255	0	0.00497882066829539
256	0	0.00497946564598705
257	0	0.00498010760455394
258	0	0.00498074657083247
259	0	0.00498138257131672
260	0	0.0049820156321641
261	0	0.00498264577920089
262	0	0.00498327303792768
263	0	0.0049838974335247
264	0	0.00498451899085706
265	0	0.00498513773447984
266	0	0.00498575368864316
267	0	0.00498636687729699
268	0	0.00498697732409611
269	0	0.00498758505240472
270	0	0.00498819008530114
271	0	0.0049887924455823
272	0	0.00498939215576825
273	0	0.00498998923810645
274	0	0.00499058371457614
275	0	0.00499117560689244
276	0	0.00499176493651056
277	0	0.00499235172462981
278	0	0.0049929359921975
279	0	0.00499351775991293
280	0	0.00499409704823112
281	0	0.00508548609267533
282	0	0.00508607092619616
283	0	0.00508665329626522
284	0	0.00508723322275208
285	0	0.00508781072529594
286	0	0.00508838582330916
287	0	0.00508895853598057
288	0	0.00508952888227889
289	0	0.00509009688095599
290	0	0.00509066255055006
291	0	0.00509122590938884
292	0	0.00509178697559266
293	0	0.00509234576707756
294	0	0.00509290230155817
295	0	0.00509345659655074
296	0	0.00509400866937604
297	0	0.00509455853716209
298	0	0.00509510621684702
299	0	0.0050956517251818
300	0	0.00509619507873288
301	0	0.00509673629388491
302	0	0.00509727538684323
303	0	0.00509781237363648
304	0	0.00509834727011911
305	0	0.00509888009197378
306	0	0.00509941085471383
307	0	0.00509993957368562
308	0	0.00510046626407091
309	0	0.00510099094088911
310	0	0.00510151361899948
311	0	0.0051020343131035
312	0	0.00510255303774692
313	0	0.00510306980732191
314	0	0.00510358463606922
315	0	0.00510409753808023
316	0	0.00510460852729895
317	0	0.00510511761752405
318	0	0.00510562482241083
319	0	0.00510613015547313
320	0	0.00510663363008528
321	0	0.0051071352594839
322	0	0.00510763505676981
323	0	0.00510813303490979
324	0	0.00510862920673839
325	0	0.00510912358495965
326	0	0.00510961618214888
327	0	0.00511010701075427
328	0	0.00511059608309863
329	0	0.00511108341138102
330	0	0.00511156900767831
331	0	0.00511205288394684
332	0	0.00511253505202393
333	0	0.00511301552362945
334	0	0.00511349431036731
335	0	0.00511397142372697
336	0	0.00511444687508489
337	0	0.0052062585137823
338	0	0.00520673910636536
339	0	0.00520721804133085
340	0	0.00520769532981279
341	0	0.00520817098283734
342	0	0.00520864501132408
343	0	0.00520911742608743
344	0	0.0052095882378379
345	0	0.00521005745718345
346	0	0.00521052509463067
347	0	0.00521099116058613
348	0	0.00521145566535761
349	0	0.00521191861915523
350	0	0.00521238003209277
351	0	0.00521283991418875
352	0	0.00521329827536767
353	0	0.0052137551254611
354	0	0.00521421047420885
355	0	0.00521466433126007
356	0	0.00521511670617431
357	0	0.00521556760842268
358	0	0.00521601704738885
359	0	0.00521646503237009
360	0	0.00521691157257835
361	0	0.00521735667714125
362	0	0.00521780035510312
363	0	0.00521824261542589
364	0	0.00521868346699018
365	0	0.0052191229185962
366	0	0.00521956097896468
367	0	0.00521999765673786
368	0	0.00522043296048036
369	0	0.00522086689868009
370	0	0.00522129947974917
371	0	0.00522173071202477
372	0	0.00522216060377004
373	0	0.00522258916317486
374	0	0.00522301639835682
375	0	0.0052234423173619
376	0	0.00522386692816543
377	0	0.00522429023867281
378	0	0.00522471225672031
379	0	0.00522513299007591
380	0	0.00522555244643999
381	0	0.00522597063344622
382	0	0.00522638755866213
383	0	0.00522680322959005
384	0	0.00522721765366771
385	0	0.00522763083826897
386	0	0.00522804279070463
387	0	0.005228453518223
388	0	0.00522886302801071
389	0	0.00522927132719327
390	0	0.00522967842283591
391	0	0.00523008432194407
392	0	0.00523048903146417
393	0	0.00523089255828422
394	0	0.00523129490923444
395	0	0.00523169609108793
396	0	0.00523209611056128
397	0	0.00523249497431514
398	0	0.00523289268895488
399	0	0.00523328926103117
400	0	0.00523368469704056
401	0	0.0053259049244859
402	0	0.005326305005657
403	0	0.00532670395033688
404	0	0.00532710176492167
405	0	0.00532749845575525
406	0	0.00532789402912992
407	0	0.00532828849128686
408	0	0.00532868184841672
409	0	0.00532907410666014
410	0	0.00532946527210825
411	0	0.00532985535080322
412	0	0.00533024434873875
413	0	0.00533063227186063
414	0	0.00533101912606714
415	0	0.0053314049172096
416	0	0.0053317896510929
417	0	0.00533217333347589
418	0	0.00533255597007192
419	0	0.00533293756654925
420	0	0.00533331812853159
421	0	0.0053336976615985
422	0	0.00533407617128584
423	0	0.00533445366308623
424	0	0.0053348301424495
425	0	0.0053352056147831
426	0	0.00533558008545254
427	0	0.00533595355978181
428	0	0.00533632604305381
429	0	0.00533669754051076
430	0	0.00533706805735456
431	0	0.00533743759874727
432	0	0.00533780616981147
433	0	0.00533817377563062
434	0	0.00533854042124951
435	0	0.00533890611167461
436	0	0.00533927085187444
437	0	0.00533963464677997
438	0	0.00533999750128495
439	0	0.00534035942024634
440	0	0.0053407204084846
441	0	0.00534108047078408
442	0	0.00534143961189338
443	0	0.0053417978365257
444	0	0.00534215514935911
445	0	0.00534251155503701
446	0	0.00534286705816841
447	0	0.0053432216633282
448	0	0.00534357537505756
449	0	0.0053439281978643
450	0	0.00534428013622306
451	0	0.00534463119457577
452	0	0.00534498137733185
453	0	0.00534533068886861
454	0	0.00534567913353144
455	0	0.00534602671563426
456	0	0.00534637343945968
457	0	0.00534671930925939
458	0	0.00534706432925439
459	0	0.00534740850363532
460	0	0.0053477518365627
461	0	0.00534809433216729
462	0	0.00534843599455026
463	0	0.00534877682778355
464	0	0.00534911683591009
465	0	0.00534945602294414
466	0	0.00534979439287145
467	0	0.00535013194964961
468	0	0.00535046869720827
469	0	0.00535080463944939
470	0	0.00535113978024757
471	0	0.00535147412345015
472	0	0.0053518076728776
473	0	0.00535214043232371
474	0	0.00535247240555584
475	0	0.00535280359631513
476	0	0.00544542939989268
477	0	0.00544576472027145
478	0	0.00544609925594576
479	0	0.00544643301061704
480	0	0.0054467659879613
481	0	0.00544709819162927
482	0	0.00544742962524671
483	0	0.00544776029241455
484	0	0.00544809019670916
485	0	0.00544841934168258
486	0	0.00544874773086268
487	0	0.00544907536775345
488	0	0.00544940225583511
489	0	0.00544972839856443
490	0	0.00545005379937487
491	0	0.0054503784616768
492	0	0.00545070238885768
493	0	0.00545102558428232
494	0	0.00545134805129299
495	0	0.00545166979320972
496	0	0.00545199081333039
497	0	0.00545231111493099
498	0	0.00545263070126581
499	0	0.00545294957556758
500	0	0.00545326774104769
501	0	0.00545358520089636
502	0	0.00545390195828283
503	0	0.00545421801635556
504	0	0.00545453337824236
505	0	0.00545484804705061
506	0	0.0054551620258674
507	0	0.0054554753177597
508	0	0.00545578792577462
509	0	0.00545609985293943
510	0	0.00545641110226183
511	0	0.00545672167673011
512	0	0.00545703157931328
513	0	0.00545734081296123
514	0	0.00545764938060492
515	0	0.00545795728515652
516	0	0.00545826452950959
517	0	0.00545857111653917
518	0	0.00545887704910203
519	0	0.00545918233003672
520	0	0.00545948696216384
521	0	0.00545979094828605
522	0	0.00546009429118834
523	0	0.0054603969936381
524	0	0.00546069905838528
525	0	0.00546100048816258
526	0	0.00546130128568552
527	0	0.00546160145365263
528	0	0.00546190099474557
529	0	0.00546219991162925
530	0	0.00546249820695204
531	0	0.00546279588334579
532	0	0.00546309294342607
533	0	0.00546338938979221
534	0	0.00546368522502754
535	0	0.00546398045169939
536	0	0.00546427507235934
537	0	0.00546456908954326
538	0	0.00546486250577147
539	0	0.00546515532354886
540	0	0.00546544754536504
541	0	0.00546573917369442
542	0	0.00546603021099632
543	0	0.00546632065971516
544	0	0.00546661052228052
545	0	0.00546689980110726
546	0	0.00546718849859566
547	0	0.00546747661713152
548	0	0.00546776415908627
549	0	0.00546805112681713
550	0	0.00546833752266714
551	0	0.00546862334896529
552	0	0.00546890860802674
553	0	0.00546919330215274
554	0	0.00546947743363091
555	0	0.00546976100473523
556	0	0.00547004401772623
557	0	0.00547032647485102
558	0	0.00547060837834342
559	0	0.00547088973042413
560	0	0.00556390221813556
561	0	0.00556418722413849
562	0	0.00556447167607912
563	0	0.00556475557616314
564	0	0.00556503892658338
565	0	0.00556532172951983
566	0	0.0055656039871398
567	0	0.00556588570159801
568	0	0.00556616687503662
569	0	0.00556644750958546
570	0	0.00556672760736195
571	0	0.00556700717047133
572	0	0.0055672862010067
573	0	0.0055675647010491
574	0	0.00556784267266764
575	0	0.00556812011791956
576	0	0.0055683970388503
577	0	0.00556867343749363
578	0	0.00556894931587174
579	0	0.00556922467599527
580	0	0.00556949951986345
581	0	0.00556977384946417
582	0	0.00557004766677406
583	0	0.00557032097375855
584	0	0.00557059377237201
585	0	0.00557086606455778
586	0	0.00557113785224828
587	0	0.00557140913736506
588	0	0.0055716799218189
589	0	0.00557195020750992
590	0	0.00557221999632759
591	0	0.00557248929015086
592	0	0.00557275809084822
593	0	0.00557302640027776
594	0	0.00557329422028728
595	0	0.00557356155271436
596	0	0.00557382839938635
597	0	0.00557409476212061
598	0	0.00557436064272442
599	0	0.00557462604299513
600	0	0.00557489096472025
601	0	0.00557515540967743
602	0	0.00557541937963465
603	0	0.0055756828763502
604	0	0.0055759459015728
605	0	0.00557620845704162
606	0	0.00557647054448638
607	0	0.00557673216562744
608	0	0.0055769933221758
609	0	0.00557725401583324
610	0	0.00557751424829233
611	0	0.00557777402123651
612	0	0.00557803333634018
613	0	0.00557829219526871
614	0	0.00557855059967859
615	0	0.00557880855121738
616	0	0.00557906605152387
617	0	0.00557932310222807
618	0	0.00557957970495135
619	0	0.0055798358613064
620	0	0.00558009157289739
621	0	0.00558034684131995
622	0	0.00558060166816128
623	0	0.00558085605500019
624	0	0.00558111000340715
625	0	0.00558136351494437
626	0	0.00558161659116583
627	0	0.00558186923361732
628	0	0.00558212144383662
629	0	0.00558237322335335
630	0	0.00558262457368922
631	0	0.00558287549635795
632	0	0.00558312599286539
633	0	0.00558337606470957
634	0	0.00558362571338073
635	0	0.00558387494036139
636	0	0.00558412374712639
637	0	0.00558437213514296
638	0	0.00558462010587074
639	0	0.00558486766076188
640	0	0.00558511480126103
641	0	0.00558536152880546
642	0	0.00558560784482506
643	0	0.00558585375074236
644	0	0.00558609924797268
645	0	0.00558634433792409
646	0	0.00558658902199749
647	0	0.00558683330158665
648	0	0.00558707717807826
649	0	0.00558732065285202
650	0	0.00558756372728058
651	0	0.00558780640272971
652	0	0.00558804868055825
653	0	0.00558829056211822
654	0	0.00558853204875482
655	0	0.00558877314180651
656	0	0.00568216405690997
657	0	0.00568240837197171
658	0	0.00568265229093021
659	0	0.0056828958151192
660	0	0.00568313894586577
661	0	0.00568338168449041
662	0	0.00568362403230702
663	0	0.00568386599062301
664	0	0.00568410756073929
665	0	0.00568434874395039
666	0	0.00568458954154437
667	0	0.00568482995480302
668	0	0.00568506998500173
669	0	0.00568530963340972
670	0	0.00568554890128991
671	0	0.00568578778989905
672	0	0.00568602630048775
673	0	0.0056862644343005
674	0	0.00568650219257575
675	0	0.00568673957654585
676	0	0.00568697658743723
677	0	0.00568721322647031
678	0	0.00568744949485963
679	0	0.00568768539381384
680	0	0.00568792092453575
681	0	0.00568815608822234
682	0	0.00568839088606486
683	0	0.00568862531924878
684	0	0.00568885938895393
685	0	0.00568909309635443
686	0	0.00568932644261881
687	0	0.00568955942890998
688	0	0.00568979205638532
689	0	0.00569002432619669
690	0	0.00569025623949044
691	0	0.0056904877974075
692	0	0.00569071900108335
693	0	0.00569094985164812
694	0	0.00569118035022657
695	0	0.00569141049793813
696	0	0.005691640295897
697	0	0.00569186974521205
698	0	0.005692098846987
699	0	0.00569232760232035
700	0	0.00569255601230544
701	0	0.00569278407803051
702	0	0.0056930118005787
703	0	0.00569323918102807
704	0	0.00569346622045169
705	0	0.00569369291991758
706	0	0.00569391928048885
707	0	0.00569414530322361
708	0	0.00569437098917511
709	0	0.0056945963393917
710	0	0.0056948213549169
711	0	0.00569504603678938
712	0	0.00569527038604306
713	0	0.00569549440370706
714	0	0.00569571809080579
715	0	0.00569594144835895
716	0	0.00569616447738156
717	0	0.00569638717888402
718	0	0.00569660955387208
719	0	0.00569683160334689
720	0	0.00569705332830508
721	0	0.0056972747297387
722	0	0.00569749580863531
723	0	0.00569771656597798
724	0	0.00569793700274534
725	0	0.00569815711991157
726	0	0.00569837691844646
727	0	0.0056985963993154
728	0	0.00569881556347946
729	0	0.00569903441189537
730	0	0.00569925294551555
731	0	0.00569947116528816
732	0	0.00569968907215712
733	0	0.00569990666706207
734	0	0.00570012395093854
735	0	0.00570034092471779
736	0	0.005700557589327
737	0	0.00570077394568918
738	0	0.00570098999472328
739	0	0.00570120573734413
740	0	0.00570142117446251
741	0	0.0057016363069852
742	0	0.00570185113581493
743	0	0.00570206566185049
744	0	0.00570227988598667
745	0	0.00570249380911436
746	0	0.00570270743212047
747	0	0.00570292075588809
748	0	0.00570313378129641
749	0	0.00570334650922074
750	0	0.00570355894053261
751	0	0.00570377107609973
752	0	0.00570398291678603
753	0	0.00570419446345165
754	0	0.00570440571695302
755	0	0.00570461667814286
756	0	0.00570482734787017
757	0	0.00570503772698028
758	0	0.00570524781631488
759	0	0.00570545761671198
760	0	0.00570566712900604
761	0	0.00570587635402788
762	0	0.00570608529260477
763	0	0.00570629394556042
764	0	0.00570650231371499
765	0	0.00580026301322844
766	0	0.00580047422082104
767	0	0.00580068514142316
768	0	0.00580089577585427
769	0	0.00580110612493035
770	0	0.00580131618946388
771	0	0.00580152597026392
772	0	0.00580173546813606
773	0	0.00580194468388252
774	0	0.00580215361830208
775	0	0.00580236227219019
776	0	0.00580257064633892
777	0	0.00580277874153698
778	0	0.00580298655856981
779	0	0.0058031940982195
780	0	0.00580340136126488
781	0	0.0058036083484815
782	0	0.00580381506064171
783	0	0.00580402149851455
784	0	0.00580422766286592
785	0	0.00580443355445851
786	0	0.00580463917405178
787	0	0.00580484452240211
788	0	0.00580504960026267
789	0	0.00580525440838356
790	0	0.00580545894751174
791	0	0.00580566321839109
792	0	0.0058058672217624
793	0	0.00580607095836343
794	0	0.00580627442892887
795	0	0.00580647763419041
796	0	0.00580668057487672
797	0	0.00580688325171348
798	0	0.00580708566542339
799	0	0.0058072878167262
800	0	0.00580748970633871
801	0	0.0058076913349748
802	0	0.00580789270334543
803	0	0.00580809381215864
804	0	0.00580829466211965
805	0	0.00580849525393076
806	0	0.00580869558829144
807	0	0.00580889566589832
808	0	0.00580909548744523
809	0	0.00580929505362315
810	0	0.00580949436512033
811	0	0.0058096934226222
812	0	0.00580989222681143
813	0	0.00581009077836797
814	0	0.00581028907796901
815	0	0.00581048712628906
816	0	0.00581068492399991
817	0	0.00581088247177064
818	0	0.00581107977026766
819	0	0.00581127682015477
820	0	0.00581147362209307
821	0	0.00581167017674103
822	0	0.00581186648475453
823	0	0.00581206254678685
824	0	0.00581225836348862
825	0	0.00581245393550797
826	0	0.00581264926349041
827	0	0.00581284434807891
828	0	0.00581303918991392
829	0	0.00581323378963336
830	0	0.00581342814787263
831	0	0.00581362226526465
832	0	0.00581381614243981
833	0	0.00581400978002607
834	0	0.00581420317864892
835	0	0.00581439633893141
836	0	0.00581458926149413
837	0	0.00581478194695529
838	0	0.00581497439593062
839	0	0.00581516660903354
840	0	0.00581535858687502
841	0	0.00581555033006369
842	0	0.00581574183920579
843	0	0.00581593311490525
844	0	0.00581612415776364
845	0	0.00581631496838022
846	0	0.0058165055473519
847	0	0.00581669589527333
848	0	0.00581688601273686
849	0	0.00581707590033254
850	0	0.00581726555864819
851	0	0.00581745498826935
852	0	0.00581764418977932
853	0	0.00581783316375918
854	0	0.00581802191078777
855	0	0.00581821043144175
856	0	0.00581839872629553
857	0	0.00581858679592139
858	0	0.00581877464088939
859	0	0.00581896226176746
860	0	0.00581914965912134
861	0	0.00581933683351467
862	0	0.00581952378550889
863	0	0.00581971051566339
864	0	0.0058198970245354
865	0	0.00582008331268007
866	0	0.00582026938065045
867	0	0.00582045522899751
868	0	0.00582064085827014
869	0	0.00582082626901521
870	0	0.00582101146177747
871	0	0.0058211964370997
872	0	0.00582138119552261
873	0	0.0058215657375849
874	0	0.00582175006382327
875	0	0.00582193417477239
876	0	0.00582211807096499
877	0	0.00582230175293176
878	0	0.00582248522120147
879	0	0.00582266847630088
880	0	0.00582285151875486
881	0	0.00582303434908628
882	0	0.00582321696781611
883	0	0.00582339937546339
884	0	0.00582358157254525
885	0	0.0058237635595769
886	0	0.00582394533707166
887	0	0.00582412690554098
888	0	0.00591824870916922
889	0	0.00591843278293494
890	0	0.00591861664585145
891	0	0.00591880029843088
892	0	0.00591898374118347
893	0	0.00591916697461759
894	0	0.00591934999923978
895	0	0.00591953281555474
896	0	0.00591971542406529
897	0	0.00591989782527248
898	0	0.00592008001967549
899	0	0.00592026200777175
900	0	0.00592044379005684
901	0	0.00592062536702458
902	0	0.00592080673916698
903	0	0.00592098790697429
904	0	0.00592116887093499
905	0	0.00592134963153584
906	0	0.00592153018926177
907	0	0.00592171054459605
908	0	0.00592189069802016
909	0	0.0059220706500139
910	0	0.00592225040105531
911	0	0.00592242995162077
912	0	0.00592260930218491
913	0	0.0059227884532207
914	0	0.00592296740519942
915	0	0.00592314615859068
916	0	0.00592332471386239
917	0	0.00592350307148085
918	0	0.00592368123191064
919	0	0.00592385919561478
920	0	0.00592403696305457
921	0	0.00592421453468974
922	0	0.00592439191097836
923	0	0.00592456909237691
924	0	0.00592474607934024
925	0	0.00592492287232163
926	0	0.00592509947177274
927	0	0.00592527587814365
928	0	0.0059254520918829
929	0	0.00592562811343737
930	0	0.0059258039432525
931	0	0.00592597958177207
932	0	0.00592615502943835
933	0	0.00592633028669209
934	0	0.00592650535397246
935	0	0.00592668023171716
936	0	0.00592685492036232
937	0	0.00592702942034257
938	0	0.00592720373209102
939	0	0.00592737785603935
940	0	0.00592755179261766
941	0	0.0059277255422546
942	0	0.00592789910537735
943	0	0.00592807248241159
944	0	0.00592824567378157
945	0	0.00592841867991008
946	0	0.00592859150121841
947	0	0.00592876413812644
948	0	0.00592893659105264
949	0	0.00592910886041397
950	0	0.00592928094662603
951	0	0.00592945285010298
952	0	0.00592962457125755
953	0	0.0059297961105011
954	0	0.00592996746824355
955	0	0.00593013864489345
956	0	0.00593030964085795
957	0	0.00593048045654283
958	0	0.00593065109235247
959	0	0.00593082154868993
960	0	0.00593099182595684
961	0	0.00593116192455352
962	0	0.00593133184487893
963	0	0.00593150158733069
964	0	0.00593167115230505
965	0	0.00593184054019696
966	0	0.00593200975140005
967	0	0.00593217878630657
968	0	0.00593234764530751
969	0	0.00593251632879255
970	0	0.00593268483715004
971	0	0.00593285317076705
972	0	0.00593302133002934
973	0	0.00593318931532139
974	0	0.00593335712702641
975	0	0.00593352476552633
976	0	0.0059336922312018
977	0	0.00593385952443223
978	0	0.00593402664559572
979	0	0.00593419359506919
980	0	0.00593436037322824
981	0	0.00593452698044729
982	0	0.00593469341709947
983	0	0.00593485968355673
984	0	0.00593502578018976
985	0	0.00593519170736802
986	0	0.00593535746545978
987	0	0.0059355230548321
988	0	0.00593568847585083
989	0	0.00593585372888059
990	0	0.00593601881428486
991	0	0.00593618373242591
992	0	0.00593634848366478
993	0	0.00593651306836141
994	0	0.00593667748687452
995	0	0.00593684173956166
996	0	0.00593700582677922
997	0	0.00593716974888246
998	0	0.00593733350622542
999	0	0.00593749709916108
1000	0	0.00597756757977803
1001	0	0.00593782379321644
