1	0.000138799325459021	0.0119974733323971
2	0.000174931595989876	0.0187555753796988
3	0.00020331153945872	0.0248891960963574
4	0.000219747742803742	0.0305788607311125
5	0.000240345541988965	0.0368015747051309
6	0.000258973099860696	0.04191114759436
7	0.00027608473192933	0.0478681846047968
8	0.000291982944437504	0.0537840661477727
9	0.000306881434820903	0.0582445378315571
10	0.000320937889427738	0.0639561677959607
11	0.000334272636166809	0.0696419479016632
12	0.00034697998044658	0.0735534454412782
13	0.000359135460925457	0.0790642704165874
14	0.000370800691415209	0.0845567224262481
15	0.00038202670484316	0.0900323749146668
16	0.000392856330176555	0.095492571626515
17	0.000403325923927404	0.0986444294386821
18	0.000413466658470675	0.103953578229499
19	0.000423305498466064	0.109250614066608
20	0.000432865953010874	0.114536306461355
21	0.000442168663446053	0.119811341248663
22	0.000451231868679882	0.122296871464222
23	0.000460071777841893	0.127435585678178
24	0.000468702871863919	0.132565512413287
25	0.00047713814987706	0.137687097610575
26	0.000485389332278839	0.142800748336613
27	0.000493467029428319	0.147906837508918
28	0.000501380882817781	0.153005707892325
29	0.000509139684013431	0.158097675501378
30	0.000516751475495815	0.159635587116293
31	0.00052422363665339	0.164604190946383
32	0.000531562957513755	0.169566839086805
33	0.000538775702281832	0.174523760885381
34	0.000545867664354089	0.179475170424735
35	0.000552844214164394	0.184421267942913
36	0.000559710340969634	0.189362241085538
37	0.00056647068948639	0.194298266013606
38	0.000573129592132504	0.19922950838703
39	0.000579691097500349	0.199812388312115
40	0.00058615899558573	0.204629798511445
41	0.000592536840212468	0.209442960782672
42	0.000598827969023917	0.214252003869211
43	0.000585842946491721	0.219057049720315
44	0.000591775354289143	0.223858213993416
45	0.000597632402833955	0.228655606509027
46	0.00060341664274593	0.233449331663609
47	0.000609130485995787	0.238239488805125
48	0.000614776216172764	0.243026172575348
49	0.000620355997797699	0.247809473222494
50	0.000625871884787633	0.247327207095293
51	0.000631325828164391	0.252004479621231
52	0.00063671968308794	0.256678681484911
53	0.000642055215285313	0.261349886425649
54	0.000647334106937239	0.266018165070223
55	0.000652557962077331	0.2706835851173
56	0.000657728311552134	0.275346211507862
57	0.000662846617584831	0.280006106582946
58	0.000667914277980629	0.284663330229813
59	0.000672932630007483	0.289317940017612
60	0.000677902953982272	0.293969991323415
61	0.000682826476589227	0.298619537449497
62	0.000687704373954596	0.303266629732553
63	0.000692537774499063	0.307911317645568
64	0.00069732776158717	0.306175013561259
65	0.000702075375991128	0.310720339857251
66	0.000706781618184611	0.315263446189607
67	0.000711447450480644	0.319804374591934
68	0.000716073799026309	0.324343165681627
69	0.000720661555665791	0.328879858726981
70	0.000725211579682241	0.333414491710205
71	0.000729724699427878	0.337947101386687
72	0.000734201713851019	0.342477723340736
73	0.000738643393927829	0.347006392038078
74	0.000743050484005957	0.351533140875341
75	0.000747423703066596	0.356058002226724
76	0.000751763745910914	0.360581007488049
77	0.000756071284276308	0.365102187118391
78	0.000760346967887492	0.369621570679413
79	0.000764591425446995	0.374139186872603
80	0.00076880526556927	0.37865506357451
81	0.000772989077662277	0.375505853479346
82	0.00077714343276012	0.379928082119549
83	0.000781268884309986	0.384348683483644
84	0.000785365968916425	0.38876768196764
85	0.000789435207045751	0.39318510130675
86	0.000793477103693128	0.397600964600608
87	0.000797492149014775	0.40201529433725
88	0.000801480818927403	0.406428112415939
89	0.000805443575677005	0.410839440168884
90	0.000809380868378873	0.41524929838194
91	0.00081329313353056	0.419657707314334
92	0.000817180795499473	0.424064686717473
93	0.000821044266986583	0.428470255852895
94	0.000824883949467652	0.432874433509397
95	0.000828700233613328	0.437277238019398
96	0.000832493499689304	0.44167868727458
97	0.000836264117937688	0.446078798740825
98	0.00084001244894063	0.450477589472511
99	0.000843738843967273	0.454875076126197
100	0.00085128392852523	0.454359288071301
101	0.000851127186574761	0.463666201914685
102	0.000854789793034925	0.458882237709571
103	0.000858431781868174	0.463188541032433
104	0.000862053462458488	0.46749364207781
105	0.000865655136655049	0.471797555087026
106	0.000869237099024978	0.476100293990759
107	0.000872799637095323	0.480401872418606
108	0.000876343031584842	0.484702303708271
109	0.000879867556626097	0.4890016009144
110	0.000883373479978338	0.493299776817055
111	0.000886861063231686	0.49759684392988
112	0.000890330562002977	0.501892814507943
113	0.000893782226123729	0.506187700555289
114	0.000897216299820606	0.510481513832202
115	0.000900633021888708	0.514774265862197
116	0.000904032625858085	0.519065967938767
117	0.000907415340153765	0.523356631131867
118	0.000910781388249573	0.527646266294162
119	0.000914130988816104	0.531934884067071
120	0.000917464355863059	0.536222494886573
121	0.000920781698876219	0.540509108988814
122	0.000924083222949313	0.544794736415524
123	0.000927369128911009	0.549079387019238
124	0.000930639613447214	0.553363070468335
125	0.000933894869218953	0.557645796251916
126	0.000937135084975953	0.561927573684499
127	0.000940360445666181	0.555319798013346
128	0.000943571132541467	0.559517400082033
129	0.000946767323259389	0.563714098459976
130	0.000949949191981623	0.567909901640798
131	0.000953116909468835	0.572104817967759
132	0.00095627064317231	0.576298855637518
133	0.000959410557322461	0.580492022703789
134	0.000962536813014305	0.584684327080869
135	0.000965649568290069	0.588875776547057
136	0.000968748978219015	0.59306637874796
137	0.000971835194974627	0.597256141199713
138	0.000974908367909249	0.601445071292072
139	0.000977968643626257	0.605633176291434
140	0.000981016166049908	0.609820463343757
141	0.000984051076492917	0.614006939477384
142	0.000987073513721864	0.618192611605796
143	0.000990083614020535	0.622377486530266
144	0.000993081511251235	0.626561570942447
145	0.000996067336914196	0.630744871426879
146	0.000999041220205113	0.634927394463419
147	0.00100200328807092	0.639109146429602
148	0.00100495366526382	0.643290133602937
149	0.0010078924743937	0.647470362163134
150	0.00101081983597889	0.651649838194264
151	0.00101373586849548	0.655828567686859
152	0.00101664068842509	0.660006556539967
153	0.00101953441030123	0.664183810563113
154	0.00102241714675434	0.668360335478258
155	0.00102528900855539	0.672536136921644
156	0.00102815010465834	0.676711220445646
157	0.00103100054224131	0.668038702618397
158	0.00103384042674653	0.672133618250893
159	0.00103666986191918	0.676227845375894
160	0.00103948894984513	0.680321389128757
161	0.00104229779098763	0.684414254570791
162	0.00104509648422289	0.688506446690768
163	0.00104788512687474	0.692597970406412
164	0.00105066381474831	0.696688830565826
165	0.00105343264216277	0.700779031948905
166	0.00105619170198316	0.704868579268692
167	0.00105894108565138	0.708957477172723
168	0.00106168088321634	0.713045730244312
169	0.00106441118336325	0.717133343003817
170	0.00106713207344217	0.721220319909874
171	0.00106984363949581	0.725306665360597
172	0.00107254596628653	0.729392383694751
173	0.00107523913732271	0.733477479192888
174	0.00107792323488437	0.73756195607846
175	0.00108059834004814	0.741645818518916
176	0.00108326453271158	0.745729070626746
177	0.0010859218916169	0.749811716460522
178	0.00108857049437405	0.753893760025913
179	0.00109121041748319	0.757975205276654
180	0.00109384173635668	0.762056056115519
181	0.00109646452534041	0.766136316395254
182	0.00109907885773469	0.77021598991949
183	0.00110168480581456	0.774295080443645
184	0.0011042824408496	0.778373591675787
185	0.00110687183312329	0.782451527277496
186	0.00110945305195189	0.786528890864687
187	0.00111202616570277	0.790605686008433
188	0.00111459124181247	0.794681916235753
189	0.00111714834680413	0.798757585030396
190	0.00111969754630467	0.802832695833591
191	0.00112223890506141	0.806907252044797
192	0.00112477248695845	0.79596309430619
193	0.00112729835503253	0.799961116973729
194	0.00112981657148859	0.803958605090084
195	0.00113232719771493	0.80795556183472
196	0.00113483029429809	0.811951990349517
197	0.00113732592103725	0.815947893739388
198	0.00113981413695844	0.819943275072917
199	0.00114229500032836	0.823938137382959
200	0.00114476856866785	0.827932483667239
201	0.00114723489876513	0.831926316888935
202	0.00114969404668871	0.835919639977248
203	0.00115214606779998	0.839912455827962
204	0.00115459101676554	0.843904767303993
205	0.00115702894756932	0.847896577235914
206	0.00115945991352428	0.851887888422493
207	0.00116188396728402	0.855878703631196
208	0.00116430116085403	0.859869025598694
209	0.00116671154560272	0.863858857031353
210	0.00116911517227224	0.867848200605715
211	0.00117151209098901	0.871837058968976
212	0.00117390235127409	0.875825434739441
213	0.00117628600205324	0.879813330506979
214	0.00117866309166689	0.883800748833472
215	0.00118103366787978	0.887787692253242
216	0.00118339777789046	0.891774163273483
217	0.00118575546834057	0.895760164374676
218	0.00118810678532392	0.899745698011
219	0.00119045177439544	0.903730766610729
220	0.00119279048057983	0.907715372576639
221	0.00119512294838015	0.911699518286371
222	0.00119744922178614	0.915683206092831
223	0.00119976934428248	0.919666438324546
224	0.00120208335885672	0.923649217286042
225	0.00120439130800722	0.927631545258183
226	0.00120669323375082	0.931613424498534
227	0.0012089891776304	0.935594857241704
228	0.00121127918072226	0.939575845699672
229	0.0012135632836434	0.943556392062133
230	0.00121584152655861	0.94753649849681
231	0.00121811394918742	0.951516167149772
232	0.00122038059081096	0.955495400145755
233	0.00122264149027867	0.942029222524726
234	0.0012248966860148	0.945935256530217
235	0.00122714621602493	0.949840868935367
236	0.00122939011790219	0.95374606174543
237	0.00123162842883358	0.957650836946161
238	0.00123386118560591	0.961555196504085
239	0.00123608842461186	0.965459142366775
240	0.00123831018185576	0.969362676463104
241	0.00124052649295938	0.973265800703517
242	0.00124273739316749	0.977168516980276
243	0.00124494291735347	0.98107082716772
244	0.00124714310002462	0.984972733122497
245	0.00124933797532757	0.988874236683825
246	0.00125152757705347	0.99277533967371
247	0.00125371193864308	0.996676043897189
248	0.00125589109319184	1.00057635114256
249	0.0012580650734548	1.0044762631816
250	0.00126023391185143	1.0083757817698
251	0.00126239764047043	1.01227490864656
252	0.00126455629107436	1.01617364553544
253	0.00126670989510428	1.0200719941443
254	0.00126885848368417	1.02396995616561
255	0.00127100208762543	1.02786753327654
256	0.00127314073743124	1.03176472713926
257	0.00127527446330073	1.03566153940106
258	0.00127740329513328	1.03955797169459
259	0.00127952726253259	1.04345402563802
260	0.00128164639481071	1.04734970283524
261	0.00128376072099206	1.05124500487605
262	0.00128587026981734	1.05513993333634
263	0.00128797506974731	1.05903448977824
264	0.00129007514896663	1.06292867575032
265	0.00129217053538753	1.06682249278776
266	0.00129426125665348	1.07071594241251
267	0.00129634734014275	1.07460902613347
268	0.00129842881297195	1.07850174544663
269	0.00130050570199949	1.08239410183525
270	0.00130257803382897	1.08628609677001
271	0.00130464583481254	1.09017773170917
272	0.0013067091310542	1.09406900809871
273	0.001308767948413	1.09795992737251
274	0.00131082231250628	1.10185049095246
275	0.00131287224871273	1.10574070024864
276	0.00131491778217552	1.10963055665944
277	0.00131695893780531	1.1135200615717
278	0.00131899574028322	1.11740921636089
279	0.00132102821406377	1.12129802239118
280	0.00132305638337776	1.12518648101563
281	0.0013250802722351	1.10891255533197
282	0.00132709990442758	1.1127308987314
283	0.00132911530353167	1.11654890485107
284	0.00133112649291113	1.12036657497743
285	0.00133313349571978	1.12418391038663
286	0.00133513633490399	1.12800091234466
287	0.00133713503320536	1.13181758210742
288	0.00133912961316319	1.1356339209209
289	0.00134112009711697	1.13944993002125
290	0.00134310650720889	1.14326561063489
291	0.00134508886538619	1.14708096397866
292	0.00134706719340354	1.1508959912599
293	0.00134904151282545	1.15471069367657
294	0.00135101184502848	1.15852507241736
295	0.00135297821120359	1.16233912866176
296	0.00135494063235829	1.16615286358023
297	0.00135689912931891	1.16996627833425
298	0.00135885372273274	1.17377937407643
299	0.00136080443307014	1.17759215195062
300	0.00136275128062668	1.18140461309201
301	0.00136469428552517	1.18521675862721
302	0.00136663346771772	1.18902858967436
303	0.00136856884698774	1.19284010734322
304	0.00137050044295189	1.19665131273526
305	0.00137242827506208	1.20046220694374
306	0.00137435236260735	1.20427279105384
307	0.00137627272471576	1.20808306614269
308	0.00137818938035625	1.2118930332795
309	0.0013801023483405	1.21570269352564
310	0.00138201164732469	1.21951204793471
311	0.00138391729581132	1.22332109755264
312	0.00138581931215095	1.22712984341774
313	0.00138771771454393	1.23093828656085
314	0.00138961252104209	1.23474642800532
315	0.00139150374955043	1.2385542687672
316	0.00139339141782879	1.24236180985522
317	0.00139527554349345	1.24616905227094
318	0.00139715614401875	1.24997599700878
319	0.00139903323673868	1.25378264505611
320	0.00140090683884844	1.25758899739332
321	0.00140277696740597	1.26139505499392
322	0.00140464363933347	1.26520081882456
323	0.00140650687141892	1.26900628984514
324	0.00140836668031752	1.27281146900888
325	0.00141022308255316	1.27661635726238
326	0.00141207609451984	1.28042095554565
327	0.00141392573248314	1.28422526479226
328	0.00141577201258152	1.28802928592934
329	0.00141761495082779	1.29183301987765
330	0.0014194545631104	1.29563646755169
331	0.00142129086519481	1.29943962985971
332	0.0014231238727248	1.3032425077038
333	0.00142495360122375	1.30704510197995
334	0.00142678006609599	1.31084741357812
335	0.00142860328262798	1.31464944338228
336	0.00143042326598962	1.31845119227047
337	0.00143224003123544	1.29905525377578
338	0.00143405359330585	1.30278975590214
339	0.00143586396702833	1.3065239845945
340	0.0014376711671186	1.31025794069281
341	0.00143947520818177	1.31399162503147
342	0.00144127610471357	1.31772503843941
343	0.00144307387110138	1.32145818174014
344	0.00144486852162543	1.32519105575179
345	0.00144666007045986	1.32892366128714
346	0.00144844853167385	1.33265599915375
347	0.00145023391923265	1.33638807015392
348	0.00145201624699871	1.34011987508478
349	0.00145379552873265	1.34385141473837
350	0.00145557177809435	1.34758268990163
351	0.00145734500864396	1.35131370135649
352	0.00145911523384291	1.35504444987989
353	0.00146088246705489	1.35877493624385
354	0.00146264672154685	1.36250516121552
355	0.00146440801048996	1.36623512555718
356	0.00146616634696058	1.36996483002637
357	0.00146792174394121	1.37369427537584
358	0.00146967421432138	1.37742346235365
359	0.00147142377089862	1.38115239170321
360	0.00147317042637938	1.38488106416331
361	0.00147491419337986	1.38860948046818
362	0.00147665508442696	1.3923376413475
363	0.00147839311195915	1.39606554752647
364	0.0014801282883273	1.39979319972586
365	0.00148186062579555	1.40352059866201
366	0.0014835901365422	1.4072477450469
367	0.00148531683266046	1.4109746395882
368	0.00148704072615933	1.41470128298927
369	0.0014887618289644	1.41842767594925
370	0.00149048015291867	1.42215381916304
371	0.00149219570978328	1.42587971332139
372	0.00149390851123838	1.4296053591109
373	0.00149561856888384	1.4333307572141
374	0.00149732589424004	1.43705590830943
375	0.00149903049874862	1.44078081307131
376	0.00150073239377322	1.4445054721702
377	0.00150243159060023	1.44822988627257
378	0.00150412810043951	1.45195405604099
379	0.00150582193442511	1.45567798213414
380	0.00150751310361596	1.45940166520686
381	0.00150920161899663	1.46312510591017
382	0.00151088749147794	1.4668483048913
383	0.00151257073189773	1.47057126279374
384	0.00151425135102148	1.47429398025725
385	0.00151592935954298	1.47801645791793
386	0.00151760476808505	1.4817386964082
387	0.00151927758720011	1.48546069635687
388	0.00152094782737088	1.48918245838916
389	0.00152261549901101	1.49290398312674
390	0.00152428061246572	1.49662527118772
391	0.00152594317801238	1.50034632318676
392	0.00152760320586116	1.504067139735
393	0.00152926070615566	1.50778772144017
394	0.00153091568897346	1.51150806890659
395	0.00153256816432675	1.51522818273518
396	0.00153421814216292	1.51894806352352
397	0.0015358656323651	1.52266771186588
398	0.0015375106447528	1.52638712835319
399	0.00153915318908242	1.53010631357314
400	0.00154079327504786	1.53382526811019
401	0.00154243091228101	1.5110346208449
402	0.00154406611035238	1.51468900377317
403	0.00154569887877158	1.51834316170007
404	0.00154732922698788	1.52199709518748
405	0.00154895716439075	1.52565080479422
406	0.00155058270031037	1.52930429107609
407	0.00155220584401814	1.53295755458588
408	0.00155382660472721	1.53661059587338
409	0.00155544499159301	1.54026341548545
410	0.00155706101371368	1.54391601396598
411	0.00155867468013064	1.547568391856
412	0.00156028599982905	1.5512205496936
413	0.00156189498173828	1.55487248801403
414	0.00156350163473242	1.55852420734971
415	0.00156510596763074	1.56217570823023
416	0.00156670798919815	1.56582699118238
417	0.00156830770814567	1.56947805673018
418	0.00156990513313091	1.57312890539491
419	0.0015715002727585	1.57677953769512
420	0.00157309313558054	1.58042995414663
421	0.00157468373009707	1.58408015526259
422	0.00157627206475645	1.58773014155349
423	0.00153077029437017	1.59137991352718
424	0.00153230685150831	1.59502947168885
425	0.00153384124054462	1.59867881654114
426	0.00153537346947906	1.60232794858407
427	0.00153690354626354	1.60597686831512
428	0.00153843147880236	1.60962557622921
429	0.00153995727495257	1.61327407281874
430	0.00154148094252437	1.61692235857361
431	0.0015430024892815	1.62057043398126
432	0.00154452192294162	1.62421829952661
433	0.00154603925117669	1.62786595569219
434	0.00154755448161337	1.63151340295808
435	0.00154906762183332	1.63516064180194
436	0.00155057867937366	1.63880767269906
437	0.00155208766172728	1.64245449612234
438	0.00155359457634317	1.64610111254234
439	0.00155509943062685	1.64974752242728
440	0.00155660223194068	1.65339372624306
441	0.00155810298760421	1.65703972445327
442	0.00155960170489453	1.66068551751923
443	0.0015610983910466	1.66433110589999
444	0.00156259305325362	1.66797649005235
445	0.00156408569866732	1.67162167043087
446	0.00156557633439831	1.6752666474879
447	0.00156706496751644	1.67891142167358
448	0.00156855160505108	1.68255599343589
449	0.00157003625399145	1.68620036322061
450	0.00157151892128694	1.6898445314714
451	0.00157299961384745	1.69348849862975
452	0.00157447833854367	1.69713226513507
453	0.00157595510220738	1.70077583142463
454	0.0015774299116318	1.70441919793362
455	0.00157890277357185	1.70806236509518
456	0.00158037369474447	1.71170533334036
457	0.00158184268182889	1.71534810309818
458	0.00158330974146699	1.71899067479562
459	0.00158477488026349	1.72263304885766
460	0.00158623810478633	1.72627522570728
461	0.0015876994215669	1.72991720576546
462	0.00158915883710033	1.73355898945121
463	0.00159061635784578	1.7372005771816
464	0.00159207199022672	1.74084196937174
465	0.0015935257406312	1.74448316643481
466	0.00159497761541209	1.74812416878208
467	0.0015964276208874	1.75176497682293
468	0.00159787576334051	1.75540559096482
469	0.00159932204902045	1.75904601161337
470	0.00160076648414213	1.7626862391723
471	0.00160220907488664	1.76632627404351
472	0.00160364982740149	1.76996611662706
473	0.00160508874780086	1.77360576732118
474	0.00160652584216582	1.77724522652227
475	0.00160796111654464	1.78088449462497
476	0.001609394576953	1.75427741698805
477	0.00161082622937421	1.75785462801658
478	0.00161225607975951	1.761431652339
479	0.00161368413402827	1.76500849033627
480	0.0016151103980682	1.76858514238769
481	0.00161653487773567	1.77216160887081
482	0.00161795757885585	1.77573789016155
483	0.00161937850722298	1.77931398663413
484	0.00162079766860062	1.78288989866111
485	0.00162221506872183	1.78646562661339
486	0.00162363071328943	1.79004117086025
487	0.00162504460797619	1.79361653176934
488	0.00162645675842508	1.79719170970669
489	0.00162786717024947	1.80076670503672
490	0.00162927584903336	1.80434151812225
491	0.00163068280033153	1.80791614932453
492	0.00163208802966987	1.81149059900324
493	0.00163349154254549	1.81506486751648
494	0.00163489334442695	1.8186389552208
495	0.00163629344075448	1.82221286247121
496	0.00163769183694019	1.8257865896212
497	0.00163908853836825	1.82936013702273
498	0.0016404835503951	1.83293350502624
499	0.00164187687834964	1.83650669398068
500	0.00164326852753345	1.84007970423349
501	0.00164465850322095	1.84365253613065
502	0.00164604681065963	1.84722519001666
503	0.0016474334550702	1.85079766623456
504	0.00164881844164679	1.85436996512592
505	0.0016502017755572	1.85794208703089
506	0.00165158346194298	1.86151403228816
507	0.00165296350591968	1.86508580123503
508	0.00165434191257704	1.86865739420735
509	0.00165571868697914	1.87222881153957
510	0.00165709383416457	1.87580005356476
511	0.00165846735914665	1.87937112061459
512	0.00165983926691358	1.88294201301935
513	0.00166120956242861	1.88651273110796
514	0.00166257825063022	1.89008327520798
515	0.0016639453364323	1.89365364564561
516	0.00166531082472431	1.8972238427457
517	0.00166667472037144	1.9007938668318
518	0.0016680370282148	1.90436371822608
519	0.00166939775307156	1.90793339724944
520	0.00167075689973512	1.91150290422142
521	0.00167211447297531	1.91507223946031
522	0.00167347047753849	1.91864140328305
523	0.00167482491814774	1.92221039600535
524	0.00167617779950304	1.92577921794159
525	0.00167752912628137	1.92934786940492
526	0.00167887890313694	1.9329163507072
527	0.00168022713470126	1.93648466215906
528	0.00168157382558338	1.94005280406985
529	0.00168291898036997	1.94362077674771
530	0.0016842626036255	1.94718858049954
531	0.0016856046998924	1.95075621563102
532	0.00168694527369118	1.9543236824466
533	0.00168828432952062	1.95789098124953
534	0.00168962187185784	1.96145811234187
535	0.00169095790515854	1.96502507602446
536	0.00169229243385705	1.96859187259698
537	0.00169362546236655	1.97215850235791
538	0.00169495699507917	1.97572496560458
539	0.0016962870363661	1.97929126263313
540	0.00169761559057779	1.98285739373855
541	0.00169894266204407	1.98642335921469
542	0.00170026825507425	1.98998915935425
543	0.00170159237395728	1.99355479444879
544	0.00170291502296191	1.99712026478873
545	0.00170423620633676	2.00068557066339
546	0.0017055559283105	2.00425071236095
547	0.00170687419309197	2.0078156901685
548	0.0017081910048703	2.01138050437201
549	0.00170950636781503	2.01494515525636
550	0.00171082028607628	2.01850964310534
551	0.00171213276378482	2.02207396820165
552	0.00171344380505221	2.02563813082693
553	0.00171475341397097	2.02920213126172
554	0.00171606159461463	2.03276596978553
555	0.00171736835103791	2.03632964667677
556	0.00171867368727679	2.03989316221284
557	0.00171997760734872	2.04345651667007
558	0.0017212801152526	2.04701971032375
559	0.00172258121496902	2.05058274344813
560	0.00172388091046032	2.01990986298559
561	0.0017251792056707	2.02341319732043
562	0.0017264761045264	2.02691637460449
563	0.00172777161093572	2.03041939510345
564	0.00172906572878918	2.03392225908202
565	0.00173035846195967	2.0374249668039
566	0.00173164981430247	2.04092751853182
567	0.00173293978965545	2.04442991452756
568	0.00173422839183914	2.0479321550519
569	0.00173551562465682	2.05143424036469
570	0.00173680149189466	2.05493617072482
571	0.00173808599732181	2.05843794639021
572	0.00173936914469052	2.06193956761787
573	0.00174065093773623	2.06544103466385
574	0.00174193138017768	2.06894234778328
575	0.00174321047571702	2.07244350723034
576	0.00174448822803988	2.07594451325831
577	0.00174576464081555	2.07944536611956
578	0.00174703971769698	2.08294606606552
579	0.00174831346232095	2.08644661334674
580	0.00174958587830814	2.08994700821285
581	0.00175085696926327	2.0934472509126
582	0.0017521267387751	2.09694734169383
583	0.00175339519041667	2.1004472808035
584	0.00175466232774527	2.10394706848771
585	0.00175592815430259	2.10744670499164
586	0.00175719267361481	2.11094619055965
587	0.00175845588919271	2.11444552543519
588	0.00175971780453174	2.11794470986087
589	0.00176097842311212	2.12144374407844
590	0.00176223774839891	2.12494262832879
591	0.00176349578384215	2.12844136285197
592	0.00176475253287692	2.13193994788718
593	0.00176600799892342	2.13543838367279
594	0.00176726218538708	2.13893667044632
595	0.00176851509565864	2.14243480844449
596	0.00176976673311426	2.14593279790316
597	0.00177101710111554	2.14943063905739
598	0.00177226620300969	2.15292833214142
599	0.00177351404212956	2.15642587738868
600	0.00177476062179377	2.15992327503179
601	0.00177600594530672	2.16342052530256
602	0.00177725001595877	2.16691762843203
603	0.00177849283702625	2.1704145846504
604	0.00177973441177157	2.17391139418712
605	0.0017809747434433	2.17740805727083
606	0.00178221383527626	2.18090457412941
607	0.00178345169049158	2.18440094498995
608	0.00178468831229681	2.18789717007875
609	0.00178592370388594	2.19139324962137
610	0.00178715786843957	2.19488918384258
611	0.00178839080912491	2.19838497296642
612	0.0017896225290959	2.20188061721615
613	0.00179085303149327	2.20537611681427
614	0.00179208231944461	2.20887147198254
615	0.00179331039606447	2.212366682942
616	0.00179453726445441	2.21586174991291
617	0.00179576292770309	2.21935667311481
618	0.00179698738888636	2.2228514527665
619	0.00179821065106729	2.22634608908606
620	0.00179943271729629	2.22984058229085
621	0.00180065359061113	2.23333493259749
622	0.00180187327403708	2.23682914022188
623	0.00180309177058692	2.24032320537923
624	0.00180430908326105	2.24381712828401
625	0.00180552521504753	2.24731090915001
626	0.00180674016892219	2.25080454819029
627	0.00180795394784866	2.25429804561724
628	0.00180916655477846	2.25779140164252
629	0.00181037799265108	2.26128461647712
630	0.001811588264394	2.26477769033134
631	0.00181279737292281	2.26827062341478
632	0.00181400532114127	2.27176341593638
633	0.00181521211194133	2.27525606810437
634	0.00181641774820326	2.27874858012634
635	0.00181762223279568	2.28224095220918
636	0.00181882556857562	2.28573318455913
637	0.00182002775838862	2.28922527738176
638	0.00182122880506872	2.29271723088196
639	0.00182242871143863	2.296209045264
640	0.00182362748030971	2.29970072073145
641	0.00182482511448206	2.30319225748727
642	0.0018260216167446	2.30668365573374
643	0.00182721698987509	2.31017491567251
644	0.00182841123664024	2.31366603750459
645	0.00182960435979573	2.31715702143034
646	0.00183079636208629	2.32064786764949
647	0.00183198724624577	2.32413857636115
648	0.0018331770149972	2.32762914776378
649	0.00183436567105279	2.33111958205521
650	0.00183555321711408	2.33460987943269
651	0.00183673965587195	2.33810004009279
652	0.00183792499000668	2.34159006423151
653	0.00183910922218799	2.3450799520442
654	0.00184029235507515	2.34856970372565
655	0.00184147439131701	2.35205931946998
656	0.00184265533355202	2.31693325207034
657	0.00184383518440834	2.32036539415111
658	0.00184501394650387	2.3237974030926
659	0.00184619162244632	2.3272292790834
660	0.00184736821483325	2.33066102231154
661	0.00184854372625212	2.33409263296445
662	0.00184971815928036	2.337524111229
663	0.00185089151648543	2.34095545729148
664	0.00185206380042484	2.3443866713376
665	0.00185323501364625	2.3478177535525
666	0.00185440515868749	2.35124870412076
667	0.0018555742380766	2.35467952322641
668	0.00185674225433193	2.35811021105289
669	0.00185790920996215	2.36154076778309
670	0.00185907510746632	2.36497119359935
671	0.00186023994933393	2.36840148868347
672	0.00186140373804498	2.37183165321667
673	0.00186256647606997	2.37526168737963
674	0.00186372816587002	2.37869159135251
675	0.00186488880989688	2.38212136531489
676	0.00186604841059298	2.38555100944584
677	0.00186720697039149	2.38898052392387
678	0.00186836449171637	2.39240990892698
679	0.00186952097698239	2.39583916463261
680	0.00187067642859524	2.39926829121767
681	0.0018718308489515	2.40269728885858
682	0.00187298424043875	2.40612615773119
683	0.00187413660543558	2.40955489801085
684	0.00187528794631167	2.41298350987239
685	0.00187643826542779	2.41641199349012
686	0.0018775875651359	2.41984034903782
687	0.00187873584777913	2.42326857668878
688	0.00187988311569192	2.42669667661576
689	0.00188102937119996	2.43012464899102
690	0.0018821746166203	2.43355249398632
691	0.00188331885426137	2.43698021177292
692	0.00188446208642306	2.44040780252155
693	0.00188560431539672	2.44383526640246
694	0.00188674554346522	2.44726260358542
695	0.00188788577290299	2.45068981423968
696	0.00188902500597607	2.454116898534
697	0.00189016324494217	2.45754385663666
698	0.00189130049205067	2.46097068871546
699	0.00189243674954268	2.46439739493769
700	0.00189357201965112	2.46782397547018
701	0.0018947063046007	2.47125043047926
702	0.001895839606608	2.47467676013079
703	0.0018969719278815	2.47810296459017
704	0.00189810327062163	2.48152904402229
705	0.0018992336370208	2.4849549985916
706	0.00190036302926346	2.48838082846206
707	0.00190149144952608	2.49180653379716
708	0.00190261889997727	2.49523211475995
709	0.00190374538277779	2.49865757151299
710	0.00190487090008057	2.50208290421838
711	0.00190599545403075	2.50550811303778
712	0.00190711904676576	2.50893319813236
713	0.00190824168041531	2.51235815966287
714	0.00190936335710146	2.51578299778959
715	0.00191048407893862	2.51920771267233
716	0.00191160384803367	2.52263230447049
717	0.00191272266648588	2.52605677334298
718	0.00191384053638706	2.52948111944829
719	0.00191495745982151	2.53290534294448
720	0.00191607343886613	2.53632944398912
721	0.00191718847559039	2.53975342273939
722	0.00191830257205642	2.54317727935201
723	0.00191941573031899	2.54660101398325
724	0.00192052795242563	2.55002462678898
725	0.00192163924041657	2.55344811792461
726	0.00192274959632486	2.55687148754513
727	0.00192385902217634	2.5602947358051
728	0.0019249675199897	2.56371786285866
729	0.00192607509177653	2.56714086885951
730	0.00192718173954135	2.57056375396095
731	0.00192828746528161	2.57398651831583
732	0.00192939227098777	2.57740916207661
733	0.00193049615864331	2.58083168539531
734	0.00193159913022477	2.58425408842354
735	0.00193270118770179	2.58767637131252
736	0.0019338023330371	2.59109853421302
737	0.00193490256818662	2.59452057727542
738	0.00193600189509947	2.5979425006497
739	0.00193710031571797	2.60136430448541
740	0.00193819783197771	2.60478598893171
741	0.00193929444580757	2.60820755413736
742	0.00194039015912974	2.61162900025071
743	0.00194148497385978	2.61505032741971
744	0.00194257889190663	2.61847153579193
745	0.00194367191517265	2.6218926255145
746	0.00194476404555363	2.62531359673422
747	0.00194585528493886	2.62873444959743
748	0.00194694563521115	2.63215518425013
749	0.00194803509824682	2.63557580083789
750	0.00194912367591579	2.63899629950594
751	0.00195021137008159	2.64241668039907
752	0.00195129818260133	2.64583694366172
753	0.00195238411532586	2.64925708943794
754	0.00195346917009966	2.65267711787139
755	0.00195455334876097	2.65609702910536
756	0.00195563665314176	2.65951682328275
757	0.00195671908506782	2.6629365005461
758	0.0019578006463587	2.66635606103755
759	0.00195888133882783	2.66977550489891
760	0.00195996116428249	2.67319483227156
761	0.00196104012452387	2.67661404329655
762	0.00196211822134708	2.68003313811455
763	0.00196319545654118	2.68345211686586
764	0.00196427183188923	2.68687097969042
765	0.00196534734916828	2.64689796339008
766	0.00196642201014944	2.65026145556239
767	0.00196749581659788	2.65362483408862
768	0.00196856877027284	2.65698809910504
769	0.00196964087292774	2.66035125074753
770	0.00197071212631009	2.66371428915164
771	0.0019717825321616	2.66707721445258
772	0.0019728520922182	2.6704400267852
773	0.00197392080821001	2.673802726284
774	0.00197498868186145	2.67716531308313
775	0.00197605571489118	2.68052778731642
776	0.00197712190901221	2.68389014911732
777	0.00197818726593185	2.68725239861897
778	0.0019792517873518	2.69061453595417
779	0.00198031547496813	2.69397656125534
780	0.00198137833047133	2.69733847465462
781	0.00198244035554631	2.70070027628378
782	0.00198350155187248	2.70406196627426
783	0.0019845619211237	2.70742354475717
784	0.00198562146496837	2.71078501186328
785	0.00198668018506941	2.71414636772304
786	0.00198773808308432	2.71750761246657
787	0.00198879516066518	2.72086874622366
788	0.00198985141945868	2.72422976912377
789	0.00199090686110614	2.72759068129604
790	0.00199196148724358	2.73095148286926
791	0.00199301529950165	2.73431217397195
792	0.00199406829950573	2.73767275473227
793	0.00199512048887596	2.74103322527805
794	0.0019961718692272	2.74439358573684
795	0.00199722244216911	2.74775383623585
796	0.00199827220930614	2.75111397690196
797	0.00199932117223758	2.75447400786176
798	0.00200036933255756	2.75783392924152
799	0.00200141669185508	2.76119374116717
800	0.00200246325171406	2.76455344376438
801	0.0020035090137133	2.76791303715846
802	0.00200455397942657	2.77127252147444
803	0.0020055981504226	2.77463189683704
804	0.00200664152826509	2.77799116337065
805	0.00200768411451275	2.78135032119938
806	0.00200872591071934	2.78470937044703
807	0.00200976691843365	2.7880683112371
808	0.00201080713919956	2.79142714369276
809	0.00201184657455603	2.79478586793692
810	0.00201288522603715	2.79814448409216
811	0.00201392309517214	2.80150299228078
812	0.00201496018348539	2.80486139262478
813	0.00201599649249646	2.80821968524584
814	0.0020170320237201	2.81157787026539
815	0.00201806677866632	2.81493594780452
816	0.00201910075884034	2.81829391798406
817	0.00202013396574267	2.82165178092452
818	0.00202116640086908	2.82500953674615
819	0.00202219806571067	2.82836718556889
820	0.00202322896175384	2.8317247275124
821	0.00202425909048037	2.83508216269605
822	0.00202528845336736	2.83843949123893
823	0.00202631705188736	2.84179671325981
824	0.00202734488750826	2.84515382887724
825	0.00202837196169344	2.84851083820944
826	0.00202939827590166	2.85186774137435
827	0.0020304238315872	2.85522453848964
828	0.0020314486301998	2.85858122967272
829	0.00203247267318471	2.86193781504068
830	0.00203349596198271	2.86529429471036
831	0.00203451849803013	2.86865066879831
832	0.00203554028275883	2.87200693742082
833	0.00203656131759627	2.87536310069389
834	0.00203758160396553	2.87871915873327
835	0.00203860114328528	2.88207511165439
836	0.00203961993696984	2.88543095957245
837	0.00204063798642919	2.88878670260238
838	0.00204165529306899	2.89214234085882
839	0.00204267185829057	2.89549787445616
840	0.00204368768349098	2.89885330350849
841	0.00204470277006302	2.90220862812968
842	0.00204571711939522	2.9055638484333
843	0.00204673073287188	2.90891896453267
844	0.00204774361187308	2.91227397654084
845	0.0020487557577747	2.91562888457059
846	0.00204976717194845	2.91898368873447
847	0.00205077785576187	2.92233838914474
848	0.00205178781057835	2.9256929859134
849	0.00205279703775715	2.92904747915221
850	0.00205380553865345	2.93240186897265
851	0.00205481331461828	2.93575615548597
852	0.00205582036699865	2.93911033880314
853	0.00205682669713747	2.94246441903488
854	0.00205783230637361	2.94581839629167
855	0.00205883719604196	2.94917227068371
856	0.00205984136747335	2.95252604232099
857	0.00206084482199463	2.9558797113132
858	0.00206184756092867	2.95923327776982
859	0.00206284958559442	2.96258674180005
860	0.00206385089730683	2.96594010351287
861	0.00206485149737697	2.96929336301698
862	0.00206585138711197	2.97264652042086
863	0.00206685056781507	2.97599957583274
864	0.00206784904078565	2.97935252936058
865	0.00206884680731921	2.98270538111213
866	0.0020698438687074	2.98605813119488
867	0.00207084022623807	2.98941077971608
868	0.00207183588119522	2.99276332678274
869	0.00207283083485907	2.99611577250162
870	0.00207382508850605	2.99946811697925
871	0.00207481864340882	3.00282036032192
872	0.0020758115008363	3.00617250263568
873	0.00207680366205366	3.00952454402635
874	0.00207779512832236	3.01287648459949
875	0.00207878590090014	3.01622832446046
876	0.00207977598104105	3.01958006371435
877	0.00208076536999546	3.02293170246605
878	0.00208175406901011	3.02628324082018
879	0.00208274207932805	3.02963467888116
880	0.00208372940218872	3.03298601675316
881	0.00208471603882793	3.03633725454012
882	0.00208570199047792	3.03968839234577
883	0.0020866872583673	3.04303943027359
884	0.00208767184372112	3.04639036842683
885	0.00208865574776089	3.04974120690852
886	0.00208963897170455	3.05309194582147
887	0.00209062151676653	3.05644258526826
888	0.0020916033841577	3.01122498672211
889	0.0020925845750855	3.01452224594209
890	0.00209356509075381	3.01781940757626
891	0.00209454493236309	3.02111647172469
892	0.0020955241011103	3.02441343848722
893	0.00209650259818897	3.02771030796349
894	0.0020974804247892	3.03100708025291
895	0.00209845758209768	3.03430375545468
896	0.00209943407129765	3.03760033366779
897	0.00210040989356901	3.04089681499099
898	0.00210138505008825	3.04419319952286
899	0.00210235954202852	3.04748948736172
900	0.00210333337055958	3.05078567860571
901	0.00210430653684788	3.05408177335273
902	0.00210527904205655	3.05737777170051
903	0.00210625088734539	3.06067367374654
904	0.00210722207387089	3.0639694795881
905	0.00210819260278628	3.06726518932225
906	0.00210916247524152	3.0705608030459
907	0.00211013169238328	3.07385632085567
908	0.00211110025535499	3.07715174284804
909	0.00211206816529686	3.08044706911925
910	0.00211303542334588	3.08374229976535
911	0.00211400203063581	3.08703743488216
912	0.00211496798829722	3.09033247456534
913	0.0021159332974575	3.0936274189103
914	0.00211689795924088	3.09692226801228
915	0.00211786197476839	3.10021702196629
916	0.00211882534515797	3.10351168086718
917	0.00211978807152436	3.10680624480956
918	0.00212075015497923	3.11010071388786
919	0.00212171159663111	3.1133950881963
920	0.00212267239758545	3.11668936782891
921	0.00212363255894459	3.11998355287951
922	0.00212459208180781	3.12327764344174
923	0.00212555096727133	3.12657163960904
924	0.00212650921642831	3.12986554147465
925	0.00212746683036886	3.1331593491316
926	0.0021284238101801	3.13645306267274
927	0.00212938015694609	3.13974668219074
928	0.00213033587174791	3.14304020777804
929	0.00213129095566364	3.14633363952694
930	0.00213224540976839	3.14962697752949
931	0.00213319923513427	3.15292022187758
932	0.00213415243283045	3.15621337266291
933	0.00213510500392316	3.15950642997698
934	0.0021360569494757	3.16279939391112
935	0.00213700827054841	3.16609226455643
936	0.00213795896819874	3.16938504200386
937	0.00213890904348125	3.17267772634417
938	0.00213985849744757	3.1759703176679
939	0.00214080733114649	3.17926281606544
940	0.00214175554562389	3.18255522162699
941	0.00214270314192283	3.18584753444253
942	0.0021436501210835	3.1891397546019
943	0.00214459648414325	3.19243188219474
944	0.00214554223213662	3.19572391731048
945	0.00214648736609532	3.1990158600384
946	0.00214743188704824	3.2023077104676
947	0.00214837579602151	3.20559946868697
948	0.00214931909403847	3.20889113478523
949	0.00215026178211966	3.21218270885095
950	0.00215120386128287	3.21547419097247
951	0.00215214533254314	3.21876558123798
952	0.00215308619691276	3.22205687973549
953	0.00215402645540131	3.22534808655283
954	0.00215496610901561	3.22863920177764
955	0.00215590515875979	3.2319302254974
956	0.0021568436056353	3.23522115779941
957	0.00215778145064085	3.23851199877078
958	0.00215871869477249	3.24180274849846
959	0.00215965533902361	3.24509340706922
960	0.00216059138438492	3.24838397456967
961	0.0021615268318445	3.25167445108621
962	0.00216246168238776	3.25496483670509
963	0.00216339593699749	3.2582551315124
964	0.00216432959665386	3.26154533559404
965	0.00216526266233443	3.26483544903575
966	0.00216619513501415	3.26812547192306
967	0.00216712701566537	3.2714154043414
968	0.00216805830525786	3.27470524637598
969	0.00216898900475883	3.27799499811184
970	0.0021699191151329	3.28128465963387
971	0.00217084863734215	3.28457423102679
972	0.00217177757234613	3.28786371237514
973	0.00217270592110179	3.2911531037633
974	0.00217363368456363	3.29444240527549
975	0.00217456086368359	3.29773161699575
976	0.00217548745941109	3.30102073900796
977	0.00217641347269308	3.30430977139584
978	0.002177338904474	3.30759871424295
979	0.00217826375569582	3.31088756763265
980	0.00217918802729802	3.3141763316482
981	0.00218011172021763	3.31746500637263
982	0.00218103483538921	3.32075359188885
983	0.0021819573737449	3.3240420882796
984	0.00218287933621437	3.32733049562744
985	0.0021838007237249	3.33061881401479
986	0.00218472153720131	3.33390704352392
987	0.00218564177756602	3.33719518423689
988	0.00218656144573908	3.34048323623565
989	0.0021874805426381	3.34377119960198
990	0.00218839906917834	3.34705907441748
991	0.00218931702627265	3.35034686076361
992	0.00219023441483156	3.35363455872168
993	0.00219115123576318	3.35692216837282
994	0.00219206748997333	3.36020968979801
995	0.00219298317836543	3.36349712307809
996	0.00219389830184062	3.36678446829373
997	0.00219481286129768	3.37007172552545
998	0.00219572685763307	3.37335889485361
999	0.00219664029174097	3.37664597635841
1000	0.00220751552428077	3.3573680792834
1001	0.00219846547683942	3.38321987621803
