1	0.874780471754926	0.644126464013205
2	0.862813572499478	0.621016955363969
3	0.855037328961881	0.606382350653847
4	0.851016354272272	0.595733903081684
5	0.846382122676971	0.586153192786802
6	0.842521190706689	0.579428643000681
7	0.839211775569333	0.572554716259518
8	0.836315938941045	0.566527650762061
9	0.833741895829235	0.562406733217259
10	0.831425428859701	0.55756818229415
11	0.829319826827194	0.553162993237873
12	0.827390039714992	0.550336587674902
13	0.82560908966241	0.546599675097711
14	0.823955766158009	0.543125890671281
15	0.822413090068337	0.539880450340314
16	0.82096725760964	0.536835053958332
17	0.819606894696189	0.535155442319754
18	0.818322518176166	0.532443992434974
19	0.817106138639884	0.529873366015465
20	0.815950962358252	0.527429595740593
21	0.814851164057554	0.525100697530354
22	0.813801711235982	0.524038666523784
23	0.812798226595782	0.521909776661822
24	0.811836879077165	0.519868486426154
25	0.810914296641101	0.517907841647851
26	0.810027495790782	0.516021685902538
27	0.809173824118662	0.514204542882837
28	0.808350913092945	0.512451519693794
29	0.807556638968834	0.510758226756363
30	0.806789090202532	0.510257518792389
31	0.80604654011164	0.508672207743606
32	0.805327423799987	0.507135861760282
33	0.804630318572893	0.505645534253042
34	0.803953927227937	0.504198537239016
35	0.803297063729118	0.502792411917136
36	0.802658640867803	0.501424903314729
37	0.802037659588795	0.500093938347368
38	0.801433199719008	0.498797606754822
39	0.800844411883269	0.498646503672411
40	0.800270510429452	0.497414278345717
41	0.799710767215417	0.496211776317773
42	0.799164506134822	0.495037591585196
43	0.80029840621796	0.493890415754568
44	0.799777280462668	0.492769029204869
45	0.799267874551347	0.491672293228388
46	0.798769677301368	0.490599143022915
47	0.798282210187665	0.489548581426853
48	0.797805024621609	0.488519673304677
49	0.797337699507387	0.48751154050336
50	0.796879839042575	0.487612297266981
51	0.796431070734239	0.486643286363021
52	0.795991043605692	0.485692714972228
53	0.795559426572355	0.484759891650832
54	0.795135906967938	0.483844163192055
55	0.794720189204561	0.482944911855657
56	0.794311993552469	0.482061552844049
57	0.79391105502676	0.481193531999077
58	0.793517122370072	0.480340323696737
59	0.79312995712146	0.479501428919729
60	0.792749332762862	0.478676373490129
61	0.792375033935518	0.477864706446472
62	0.79200685571958	0.477065998551302
63	0.791644602970897	0.47627984091681
64	0.79128808970961	0.476572330178619
65	0.790937138555787	0.475810121589355
66	0.790591580207815	0.475059346498279
67	0.790251252959723	0.474319665671723
68	0.789916002254004	0.473590754777305
69	0.789585680266847	0.472872303523091
70	0.789260145523003	0.472164014858066
71	0.78893926253778	0.471465604228743
72	0.788622901483907	0.470776798887239
73	0.788310937881223	0.470097337246611
74	0.788003252307344	0.469426968279619
75	0.787699730127621	0.468765450957458
76	0.787400261242878	0.468112553725302
77	0.787104739853529	0.467468054011817
78	0.786813064238837	0.466831737770014
79	0.786525136550133	0.466203399047082
80	0.786240862616985	0.465582839581039
81	0.78596015176532	0.466014808550123
82	0.78568291664666	0.465409241723226
83	0.785409073077638	0.464810901839914
84	0.785138539889079	0.464219617838226
85	0.784871238783964	0.463635224668617
86	0.784607094203657	0.463057563015234
87	0.784346033201824	0.462486479033158
88	0.784087985325522	0.461921824100537
89	0.783832882502977	0.461363454584608
90	0.783580658937595	0.460811231620677
91	0.783331251007805	0.460265020903217
92	0.78308459717235	0.459724692488279
93	0.782840637880672	0.459190120606507
94	0.78259931548807	0.458661183486065
95	0.782360574175326	0.458137763184861
96	0.782124359872522	0.457619745431486
97	0.781890620186786	0.45710701947433
98	0.781659304333727	0.456599477938374
99	0.781430363072343	0.456097016689197
100	0.780969890406289	0.456155699093365
101	0.780979414709539	0.455106933947593
102	0.780757316301628	0.455643366406414
103	0.780537409763344	0.455160245392217
104	0.780319652701677	0.454681728294629
105	0.780104003938505	0.454207727920074
106	0.779890423464666	0.453738159532806
107	0.779678872396181	0.453272940763315
108	0.779469312932501	0.452811991520968
109	0.779261708316681	0.452355233910634
110	0.779056022797353	0.451902592153105
111	0.778852221592429	0.451453992509079
112	0.778650270854413	0.451009363206535
113	0.778450137637255	0.450568634371309
114	0.778251789864667	0.450131737960713
115	0.778055196299805	0.449698607700026
116	0.777860326516267	0.44926917902172
117	0.777667150870337	0.448843389007272
118	0.777475640474395	0.448421176331441
119	0.777285767171453	0.448002481208876
120	0.777097503510755	0.447587245342946
121	0.776910822724377	0.447175411876673
122	0.776725698704799	0.446766925345681
123	0.776542105983385	0.446361731633044
124	0.776360019709726	0.445959777925951
125	0.776179415631821	0.445561012674106
126	0.776000270077038	0.445165385549769
127	0.77582255993383	0.445777205206013
128	0.775646262634159	0.445387708060438
129	0.775471356136615	0.4450012050179
130	0.77529781891017	0.444617650271614
131	0.775125629918567	0.444236999059696
132	0.774954768605289	0.44385920763359
133	0.774785214879103	0.443484233227684
134	0.77461694910014	0.44311203403006
135	0.77444995206649	0.442742569154321
136	0.774284205001295	0.442375798612451
137	0.774119689540311	0.442011683288666
138	0.773956387719919	0.441650184914207
139	0.773794281965576	0.441291266043038
140	0.773633355080665	0.440934890028412
141	0.773473590235759	0.440581021000264
142	0.773314970958247	0.440229623843397
143	0.773157481122335	0.439880664176433
144	0.773001104939385	0.439534108331486
145	0.7728458269486	0.439189923334545
146	0.772691632008015	0.438848076886513
147	0.772538505285805	0.438508537344904
148	0.77238643225188	0.438171273706145
149	0.77223539866977	0.437836255588477
150	0.772085390588774	0.437503453215424
151	0.77193639433637	0.437172837399804
152	0.771788396510885	0.436844379528271
153	0.771641383974387	0.436518051546354
154	0.771495343845826	0.436193825943987
155	0.771350263494387	0.4358716757415
156	0.771206130533054	0.435551574476059
157	0.771062932812392	0.436218722351225
158	0.77092065841451	0.435902641578188
159	0.770779295647224	0.435588533325429
160	0.770638833038404	0.435276373070244
161	0.770499259330489	0.434966136745115
162	0.770360563475178	0.434657800726502
163	0.770222734628284	0.434351341823982
164	0.770085762144739	0.434046737269715
165	0.769949635573757	0.433743964708235
166	0.769814344654145	0.433443002186532
167	0.769679879309741	0.433143828144453
168	0.769546229645008	0.432846421405366
169	0.769413385940741	0.432550761167116
170	0.76928133864991	0.432256826993238
171	0.769150078393623	0.431964598804423
172	0.769019595957205	0.431674056870246
173	0.768889882286391	0.431385181801114
174	0.76876092848363	0.431097954540461
175	0.768632725804493	0.430812356357151
176	0.768505265654186	0.430528368838112
177	0.768378539584156	0.430245973881163
178	0.7682525392888	0.429965153688048
179	0.768127256602262	0.42968589075767
180	0.768002683495314	0.4294081678795
181	0.767878812072338	0.429131968127182
182	0.767755634568374	0.428857274852296
183	0.767633143346259	0.42858407167831
184	0.767511330893846	0.428312342494682
185	0.767390189821284	0.428042071451125
186	0.767269712858393	0.427773242952029
187	0.767149892852088	0.42750584165103
188	0.767030722763884	0.427239852445717
189	0.766912195667467	0.426975260472491
190	0.766794304746323	0.426712051101547
191	0.766677043291432	0.426450209931995
192	0.766560404699027	0.427156532546566
193	0.766444382468399	0.426897385472249
194	0.766328970199776	0.426639564723162
195	0.766214161592239	0.426383056767728
196	0.766099950441702	0.426127848280701
197	0.765986330638943	0.425873926138989
198	0.765873296167677	0.425621277417577
199	0.765760841102688	0.425369889385566
200	0.765648959608	0.425119749502292
201	0.765537645935097	0.424870845413559
202	0.765426894421186	0.424623164947953
203	0.765316699487503	0.424376696113252
204	0.765207055637663	0.424131427092923
205	0.765097957456044	0.423887346242704
206	0.76498939960622	0.423644442087269
207	0.764881376829421	0.423402703316969
208	0.764773883943039	0.423162118784664
209	0.764666915839165	0.42292267750261
210	0.764560467483162	0.422684368639443
211	0.764454533912273	0.422447181517215
212	0.764349110234261	0.422211105608512
213	0.764244191626081	0.421976130533633
214	0.764139773332581	0.421742246057839
215	0.764035850665237	0.421509442088663
216	0.763932419000918	0.421277708673281
217	0.763829473780672	0.421047035995949
218	0.763727010508549	0.420817414375492
219	0.763625024750448	0.420588834262855
220	0.763523512132984	0.420361286238706
221	0.763422468342391	0.420134761011099
222	0.763321889123443	0.419909249413179
223	0.763221770278402	0.41968474240095
224	0.763122107665984	0.419461231051085
225	0.763022897200359	0.419238706558787
226	0.762924134850163	0.419017160235699
227	0.762825816637537	0.418796583507855
228	0.762727938637182	0.418576967913682
229	0.762630496975445	0.41835830510204
230	0.762533487829412	0.418140586830311
231	0.762436907426029	0.417923804962518
232	0.76234075204124	0.4177079514675
233	0.762245017999146	0.418442087638494
234	0.762149701671175	0.418228067207959
235	0.762054799475275	0.418014951667811
236	0.761960307875126	0.417802733388572
237	0.761866223379364	0.417591404836979
238	0.761772542540822	0.417380958574367
239	0.761679261955792	0.417171387255098
240	0.761586378263294	0.416962683625007
241	0.761493888144368	0.416754840519894
242	0.761401788321376	0.416547850864041
243	0.761310075557319	0.416341707668754
244	0.761218746655172	0.416136404030949
245	0.761127798457226	0.41593193313175
246	0.761037227844449	0.415728288235129
247	0.760947031735856	0.415525462686568
248	0.760857207087896	0.415323449911744
249	0.760767750893847	0.415122243415249
250	0.760678660183223	0.414921836779329
251	0.760589932021202	0.414722223662651
252	0.760501563508049	0.414523397799089
253	0.760413551778567	0.414325352996547
254	0.760325894001546	0.414128083135789
255	0.760238587379235	0.413931582169301
256	0.760151629146808	0.413735844120176
257	0.76006501657186	0.413540863081016
258	0.759978746953896	0.413346633212859
259	0.75989281762384	0.413153148744122
260	0.75980722594355	0.412960403969573
261	0.759721969305339	0.412768393249311
262	0.759637045131515	0.412577111007773
263	0.759552450873916	0.412386551732763
264	0.759468184013469	0.412196709974489
265	0.759384242059743	0.412007580344624
266	0.75930062255052	0.411819157515389
267	0.759217323051371	0.411631436218644
268	0.75913434115524	0.411444411245001
269	0.759051674482035	0.411258077442957
270	0.758969320678228	0.411072429718033
271	0.75888727741646	0.410887463031937
272	0.758805542395159	0.410703172401744
273	0.758724113338157	0.41051955289908
274	0.758642987994319	0.410336599649333
275	0.758562164137179	0.410154307830872
276	0.758481639564581	0.40997267267428
277	0.758401412098325	0.409791689461606
278	0.758321479583825	0.40961135352562
279	0.758241839889765	0.409431660249094
280	0.758162490907768	0.409252605064088
281	0.75808343055207	0.41000615146809
282	0.758004656759194	0.409828358957403
283	0.757926167487638	0.409651191123193
284	0.757847960717564	0.409474643587796
285	0.757770034450488	0.409298712019459
286	0.75769238670899	0.409123392131698
287	0.757615015536409	0.408948679682671
288	0.757537918996561	0.408774570474559
289	0.757461095173453	0.408601060352959
290	0.757384542171001	0.408428145206286
291	0.75730825811276	0.408255820965185
292	0.757232241141651	0.408084083601957
293	0.757156489419694	0.407912929129991
294	0.757081001127753	0.407742353603204
295	0.757005774465275	0.407572353115498
296	0.75693080765004	0.407402923800214
297	0.756856098917913	0.407234061829611
298	0.7567816465226	0.407065763414339
299	0.75670744873541	0.406898024802928
300	0.756633503845018	0.406730842281285
301	0.756559810157233	0.4065642121722
302	0.756486365994772	0.406398130834856
303	0.756413169697038	0.406232594664354
304	0.756340219619893	0.406067600091235
305	0.756267514135448	0.405903143581025
306	0.756195051631848	0.405739221633772
307	0.756122830513062	0.405575830783601
308	0.756050849198675	0.405412967598274
309	0.75597910612369	0.405250628678749
310	0.755907599738324	0.405088810658762
311	0.755836328507813	0.404927510204401
312	0.755765290912219	0.404766724013693
313	0.755694485446241	0.404606448816197
314	0.755623910619026	0.404446681372605
315	0.755553564953988	0.404287418474349
316	0.755483446988622	0.404128656943206
317	0.755413555274329	0.403970393630925
318	0.755343888376242	0.403812625418846
319	0.75527444487305	0.403655349217531
320	0.755205223356828	0.403498561966399
321	0.755136222432874	0.40334226063337
322	0.755067440719539	0.403186442214509
323	0.754998876848067	0.40303110373368
324	0.754930529462436	0.402876242242205
325	0.754862397219201	0.402721854818522
326	0.754794478787337	0.40256793856786
327	0.754726772848087	0.402414490621908
328	0.754659278094815	0.402261508138493
329	0.754591993232855	0.402108988301266
330	0.754524916979366	0.401956928319386
331	0.754458048063189	0.401805325427218
332	0.754391385224708	0.401654176884025
333	0.754324927215705	0.40150347997367
334	0.754258672799229	0.401353232004328
335	0.75419262074946	0.401203430308188
336	0.754126769851572	0.401054072241176
337	0.754061118901607	0.401820627381773
338	0.753995666706343	0.401672148735315
339	0.753930412083168	0.401524105925363
340	0.753865353859956	0.40137649640001
341	0.753800490874941	0.401229317629713
342	0.753735821976595	0.401082567107042
343	0.753671346023513	0.400936242346418
344	0.75360706188429	0.400790340883857
345	0.753542968437407	0.400644860276727
346	0.753479064571115	0.400499798103498
347	0.753415349183324	0.400355151963498
348	0.75335182118149	0.400210919476677
349	0.753288479482505	0.400067098283371
350	0.753225323012589	0.399923686044066
351	0.753162350707187	0.399780680439174
352	0.753099561510857	0.399638079168805
353	0.753036954377172	0.399495879952544
354	0.752974528268614	0.399354080529232
355	0.752912282156478	0.399212678656748
356	0.752850215020767	0.3990716721118
357	0.7527883258501	0.39893105868971
358	0.752726613641608	0.39879083620421
359	0.752665077400847	0.398651002487236
360	0.752603716141698	0.398511555388723
361	0.752542528886277	0.398372492776415
362	0.752481514664846	0.398233812535658
363	0.752420672515716	0.398095512569215
364	0.752360001485166	0.397957590797071
365	0.75229950062735	0.397820045156245
366	0.752239169004214	0.397682873600607
367	0.752179005685409	0.397546074100691
368	0.752119009748206	0.397409644643517
369	0.752059180277416	0.397273583232412
370	0.751999516365307	0.397137887886835
371	0.751940017111523	0.397002556642203
372	0.751880681623002	0.396867587549718
373	0.751821509013904	0.396732978676201
374	0.751762498405527	0.396598728103927
375	0.751703648926234	0.396464833930453
376	0.751644959711375	0.396331294268465
377	0.751586429903216	0.396198107245612
378	0.751528058650865	0.396065271004351
379	0.751469845110196	0.395932783701788
380	0.751411788443781	0.395800643509529
381	0.751353887820819	0.395668848613524
382	0.751296142417065	0.39553739721392
383	0.751238551414762	0.395406287524909
384	0.751181114002574	0.395275517774589
385	0.751123829375519	0.395145086204814
386	0.7510666967349	0.395014991071052
387	0.751009715288244	0.39488523064225
388	0.750952884249235	0.39475580320069
389	0.750896202837652	0.394626707041853
390	0.750839670279305	0.394497940474289
391	0.750783285805973	0.394369501819475
392	0.750727048655344	0.394241389411693
393	0.750670958070955	0.394113601597891
394	0.75061501330213	0.393986136737563
395	0.750559213603924	0.393858993202616
396	0.750503558237062	0.393732169377248
397	0.750448046467886	0.393605663657824
398	0.750392677568293	0.393479474452754
399	0.750337450815684	0.393353600182374
400	0.750282365492904	0.393228039278822
401	0.750227420888194	0.394002340367491
402	0.750172616295129	0.393877401541349
403	0.750117951012572	0.39375277144812
404	0.750063424344617	0.393628448566007
405	0.750009035600541	0.393504431384447
406	0.749954784094746	0.393380718403998
407	0.749900669146719	0.393257308136231
408	0.749846690080971	0.393134199103625
409	0.749792846226994	0.393011389839457
410	0.749739136919213	0.392888878887698
411	0.749685561496933	0.39276666480291
412	0.749632119304295	0.392644746150145
413	0.749578809690229	0.392523121504838
414	0.749525632008405	0.392401789452714
415	0.749472585617191	0.392280748589685
416	0.749419669879605	0.392159997521752
417	0.749366884163269	0.392039534864911
418	0.749314227840368	0.391919359245055
419	0.749261700287606	0.391799469297882
420	0.74920930088616	0.3916798636688
421	0.74915702902164	0.391560541012838
422	0.749104884084045	0.391441499994551
423	0.750619925773746	0.391322739287933
424	0.750568033436866	0.391204257576326
425	0.750516266220965	0.391086053552336
426	0.750464623533202	0.390968125917741
427	0.750413104784922	0.390850473383411
428	0.750361709391615	0.39073309466922
429	0.750310436772882	0.39061598850396
430	0.750259286352393	0.390499153625265
431	0.75020825755785	0.390382588779522
432	0.75015734982095	0.390266292721795
433	0.750106562577346	0.390150264215743
434	0.750055895266615	0.390034502033541
435	0.750005347332217	0.389919004955804
436	0.74995491822146	0.389803771771506
437	0.749904607385467	0.389688801277908
438	0.749854414279141	0.389574092280477
439	0.749804338361127	0.389459643592819
440	0.74975437909378	0.389345454036599
441	0.749704535943134	0.389231522441469
442	0.749654808378862	0.389117847644999
443	0.74960519587425	0.389004428492602
444	0.749555697906161	0.388891263837468
445	0.749506313955	0.388778352540488
446	0.749457043504689	0.388665693470192
447	0.749407886042629	0.388553285502676
448	0.749358841059672	0.388441127521536
449	0.74930990805009	0.388329218417801
450	0.749261086511543	0.388217557089869
451	0.749212375945052	0.388106142443441
452	0.749163775854963	0.387994973391454
453	0.749115285748925	0.387884048854021
454	0.749066905137856	0.387773367758364
455	0.749018633535916	0.387662929038758
456	0.748970470460478	0.387552731636461
457	0.748922415432099	0.387442774499661
458	0.748874467974493	0.387333056583408
459	0.748826627614504	0.387223576849561
460	0.748778893882076	0.387114334266726
461	0.74873126631023	0.387005327810198
462	0.748683744435035	0.386896556461902
463	0.748636327795581	0.386788019210339
464	0.748589015933952	0.386679715050524
465	0.748541808395206	0.386571642983937
466	0.74849470472734	0.386463802018464
467	0.748447704481275	0.38635619116834
468	0.748400807210822	0.3862488094541
469	0.748354012472662	0.386141655902521
470	0.748307319826322	0.386034729546574
471	0.748260728834148	0.385928029425364
472	0.748214239061282	0.385821554584086
473	0.74816785007564	0.385715304073968
474	0.748121561447886	0.385609276952225
475	0.74807537275141	0.385503472282003
476	0.748029283562305	0.386282061671601
477	0.747983293459344	0.386176699117842
478	0.747937402023959	0.386071556240156
479	0.747891608840215	0.385966632124935
480	0.747845913494792	0.385861925864263
481	0.747800315576961	0.385757436555866
482	0.747754814678564	0.385653163303068
483	0.74770941039399	0.385549105214741
484	0.747664102320155	0.385445261405266
485	0.747618890056484	0.38534163099448
486	0.747573773204886	0.385238213107635
487	0.747528751369735	0.385135006875356
488	0.747483824157852	0.385032011433592
489	0.747438991178481	0.384929225923576
490	0.747394252043272	0.384826649491781
491	0.74734960636626	0.384724281289877
492	0.747305053763847	0.38462212047469
493	0.747260593854781	0.384520166208159
494	0.747216226260137	0.384418417657295
495	0.747171950603301	0.384316873994142
496	0.747127766509945	0.384215534395733
497	0.747083673608017	0.384114398044053
498	0.747039671527716	0.384013464125999
499	0.746995759901477	0.383912731833338
500	0.746951938363951	0.383812200362671
501	0.74690820655199	0.383711868915396
502	0.746864564104626	0.383611736697663
503	0.746821010663058	0.383511802920345
504	0.74677754587063	0.383412066798993
505	0.746734169372816	0.383312527553806
506	0.746690880817205	0.383213184409588
507	0.746647679853482	0.383114036595716
508	0.746604566133411	0.383015083346103
509	0.74656153931082	0.38291632389916
510	0.746518599041585	0.382817757497767
511	0.746475744983611	0.38271938338923
512	0.746432976796822	0.382621200825253
513	0.746390294143137	0.3825232090619
514	0.746347696686463	0.382425407359565
515	0.746305184092673	0.382327794982934
516	0.746262756029594	0.382230371200953
517	0.74622041216699	0.3821331352868
518	0.74617815217655	0.382036086517843
519	0.746135975731868	0.381939224175617
520	0.746093882508435	0.381842547545788
521	0.746051872183617	0.38174605591812
522	0.746009944436646	0.381649748586447
523	0.745968098948606	0.381553624848638
524	0.745926335402413	0.381457684006572
525	0.745884653482807	0.3813619253661
526	0.745843052876335	0.381266348237022
527	0.74580153327134	0.381170951933053
528	0.745760094357942	0.381075735771795
529	0.745718735828032	0.380980699074705
530	0.74567745737525	0.380885841167072
531	0.745636258694982	0.380791161377981
532	0.745595139484335	0.38069665904029
533	0.745554099442134	0.380602333490598
534	0.745513138268904	0.380508184069219
535	0.74547225566686	0.380414210120156
536	0.745431451339891	0.380320410991069
537	0.74539072499355	0.380226786033252
538	0.745350076335041	0.380133334601605
539	0.745309505073206	0.380040056054604
540	0.745269010918515	0.379946949754279
541	0.74522859358305	0.379854015066188
542	0.745188252780498	0.379761251359386
543	0.745147988226135	0.379668658006405
544	0.745107799636816	0.379576234383224
545	0.745067686730963	0.379483979869247
546	0.745027649228554	0.379391893847276
547	0.744987686851112	0.379299975703488
548	0.744947799321691	0.379208224827409
549	0.744907986364869	0.379116640611889
550	0.744868247706732	0.37902522245308
551	0.744828583074869	0.378933969750411
552	0.744788992198355	0.378842881906565
553	0.744749474807743	0.378751958327453
554	0.744710030635055	0.378661198422193
555	0.744670659413768	0.37857060160309
556	0.744631360878806	0.378480167285604
557	0.744592134766527	0.378389894888338
558	0.744552980814717	0.378299783833008
559	0.744513898762574	0.378209833544425
560	0.744474888350704	0.378989355272544
561	0.744435949321105	0.378899724804497
562	0.744397081417162	0.378810253395967
563	0.744358284383634	0.378720940483921
564	0.744319557966646	0.378631785508308
565	0.744280901913677	0.378542787912045
566	0.744242315973554	0.378453947140989
567	0.744203799896438	0.378365262643921
568	0.74416535343382	0.378276733872523
569	0.744126976338506	0.378188360281361
570	0.744088668364611	0.37810014132786
571	0.74405042926755	0.378012076472287
572	0.744012258804027	0.377924165177731
573	0.743974156732026	0.377836406910084
574	0.743936122810806	0.377748801138019
575	0.743898156800886	0.377661347332974
576	0.743860258464042	0.377574044969128
577	0.743822427563293	0.377486893523389
578	0.743784663862896	0.377399892475368
579	0.743746967128338	0.377313041307367
580	0.743709337126322	0.377226339504354
581	0.743671773624766	0.37713978655395
582	0.743634276392791	0.377053381946407
583	0.743596845200709	0.376967125174594
584	0.743559479820022	0.376881015733975
585	0.743522180023411	0.376795053122594
586	0.743484945584723	0.376709236841056
587	0.743447776278973	0.37662356639251
588	0.743410671882326	0.376538041282632
589	0.743373632172096	0.37645266101961
590	0.743336656926733	0.376367425114121
591	0.743299745925822	0.37628233307932
592	0.743262898950068	0.376197384430822
593	0.743226115781292	0.376112578686684
594	0.743189396202426	0.376027915367388
595	0.7431527399975	0.375943393995829
596	0.743116146951637	0.375859014097294
597	0.743079616851048	0.375774775199447
598	0.743043149483021	0.375690676832318
599	0.743006744635916	0.375606718528278
600	0.742970402099157	0.375522899822033
601	0.742934121663226	0.375439220250602
602	0.742897903119654	0.375355679353306
603	0.742861746261015	0.375272276671749
604	0.74282565088092	0.375189011749804
605	0.742789616774009	0.375105884133601
606	0.742753643735944	0.375022893371509
607	0.742717731563404	0.374940039014121
608	0.742681880054075	0.374857320614242
609	0.742646089006646	0.374774737726872
610	0.742610358220803	0.374692289909192
611	0.74257468749722	0.374609976720553
612	0.742539076637554	0.374527797722456
613	0.742503525444438	0.374445752478545
614	0.742468033721475	0.374363840554586
615	0.742432601273231	0.374282061518459
616	0.742397227905232	0.374200414940141
617	0.742361913423951	0.374118900391691
618	0.742326657636809	0.374037517447244
619	0.742291460352164	0.373956265682989
620	0.742256321379307	0.373875144677159
621	0.742221240528455	0.37379415401002
622	0.742186217610749	0.373713293263856
623	0.742151252438239	0.373632562022955
624	0.74211634482389	0.373551959873598
625	0.742081494581564	0.373471486404046
626	0.742046701526025	0.373391141204527
627	0.742011965472927	0.373310923867223
628	0.741977286238807	0.373230833986259
629	0.741942663641087	0.37315087115769
630	0.741908097498059	0.373071034979486
631	0.741873587628886	0.372991325051526
632	0.741839133853595	0.372911740975582
633	0.74180473599307	0.372832282355304
634	0.741770393869046	0.372752948796216
635	0.741736107304109	0.372673739905697
636	0.741701876121683	0.372594655292975
637	0.74166770014603	0.37251569456911
638	0.741633579202243	0.372436857346986
639	0.741599513116241	0.3723581432413
640	0.741565501714764	0.372279551868548
641	0.741531544825368	0.372201082847018
642	0.741497642276417	0.372122735796773
643	0.741463793897084	0.372044510339644
644	0.74142999951734	0.371966406099221
645	0.741396258967952	0.371888422700836
646	0.741362572080479	0.371810559771557
647	0.741328938687263	0.371732816940176
648	0.741295358621429	0.371655193837199
649	0.741261831716877	0.371577690094833
650	0.741228357808277	0.371500305346979
651	0.741194936731068	0.371423039229218
652	0.741161568321449	0.371345891378806
653	0.741128252416375	0.371268861434657
654	0.741094988853555	0.371191949037339
655	0.741061777471445	0.371115153829058
656	0.741028618109244	0.371893417850939
657	0.740995510606891	0.371816855954125
658	0.740962454805057	0.371740410182721
659	0.740929450545143	0.3716640801854
660	0.740896497669276	0.371587865612429
661	0.740863596020304	0.371511766115656
662	0.74083074544179	0.371435781348503
663	0.74079794577801	0.371359910965956
664	0.740765196873947	0.371284154624553
665	0.74073249857529	0.371208511982378
666	0.740699850728423	0.371132982699051
667	0.740667253180428	0.371057566435718
668	0.740634705779077	0.370982262855042
669	0.74060220837283	0.370907071621194
670	0.740569760810826	0.370831992399845
671	0.740537362942887	0.370757024858154
672	0.740505014619505	0.370682168664766
673	0.740472715691847	0.370607423489793
674	0.740440466011743	0.370532789004816
675	0.740408265431687	0.370458264882868
676	0.74037611380483	0.370383850798431
677	0.74034401098498	0.370309546427422
678	0.740311956826593	0.37023535144719
679	0.740279951184774	0.370161265536506
680	0.74024799391527	0.370087288375553
681	0.740216084874468	0.370013419645918
682	0.740184223919391	0.369939659030585
683	0.740152410907691	0.369866006213927
684	0.740120645697651	0.369792460881696
685	0.740088928148177	0.369719022721017
686	0.740057258118796	0.369645691420379
687	0.740025635469652	0.369572466669627
688	0.739994060061503	0.369499348159956
689	0.739962531755717	0.369426335583899
690	0.739931050414267	0.369353428635324
691	0.73989961589973	0.369280627009423
692	0.739868228075283	0.369207930402705
693	0.739836886804697	0.369135338512992
694	0.739805591952336	0.369062851039404
695	0.739774343383155	0.368990467682358
696	0.739743140962691	0.368918188143561
697	0.739711984557067	0.368846012125996
698	0.739680874032982	0.36877393933392
699	0.739649809257713	0.368701969472858
700	0.739618790099106	0.36863010224959
701	0.739587816425579	0.368558337372149
702	0.739556888106115	0.368486674549812
703	0.739526005010259	0.368415113493093
704	0.739495167008115	0.368343653913735
705	0.739464373970343	0.368272295524705
706	0.739433625768157	0.368201038040186
707	0.739402922273321	0.36812988117557
708	0.739372263358143	0.368058824647452
709	0.739341648895478	0.367987868173622
710	0.73931107875872	0.367917011473058
711	0.739280552821799	0.367846254265924
712	0.739250070959182	0.367775596273556
713	0.739219633045866	0.367705037218459
714	0.739189238957376	0.367634576824304
715	0.739158888569764	0.367564214815915
716	0.739128581759603	0.367493950919266
717	0.739098318403987	0.367423784861475
718	0.739068098380524	0.367353716370797
719	0.73903792156734	0.367283745176617
720	0.739007787843067	0.367213871009445
721	0.73897769708685	0.367144093600908
722	0.738947649178335	0.367074412683745
723	0.738917643997674	0.367004827991803
724	0.738887681425515	0.366935339260025
725	0.738857761343006	0.36686594622445
726	0.738827883631788	0.366796648622205
727	0.738798048173993	0.366727446191497
728	0.738768254852242	0.36665833867161
729	0.738738503549643	0.366589325802897
730	0.738708794149785	0.366520407326775
731	0.738679126536739	0.36645158298572
732	0.738649500595056	0.366382852523261
733	0.738619916209758	0.36631421568397
734	0.738590373266345	0.366245672213465
735	0.738560871650782	0.366177221858395
736	0.738531411249506	0.366108864366442
737	0.738501991949417	0.36604059948631
738	0.738472613637877	0.365972426967723
739	0.73844327620271	0.365904346561417
740	0.738413979532196	0.365836358019136
741	0.738384723515071	0.365768461093627
742	0.738355508040524	0.365700655538633
743	0.738326332998192	0.365632941108889
744	0.738297198278162	0.365565317560115
745	0.738268103770966	0.365497784649013
746	0.738239049367578	0.365430342133261
747	0.738210034959414	0.365362989771506
748	0.738181060438326	0.365295727323362
749	0.738152125696603	0.365228554549402
750	0.73812323062697	0.365161471211153
751	0.738094375122578	0.365094477071094
752	0.738065559077012	0.365027571892648
753	0.738036782384279	0.364960755440179
754	0.738008044938815	0.364894027478982
755	0.737979346635475	0.364827387775288
756	0.737950687369535	0.364760836096247
757	0.737922067036687	0.364694372209934
758	0.73789348553304	0.364627995885336
759	0.737864942755116	0.364561706892352
760	0.737836438599849	0.364495505001788
761	0.737807972964579	0.364429389985348
762	0.737779545747054	0.364363361615635
763	0.737751156845429	0.364297419666142
764	0.737722806158258	0.36423156391125
765	0.737694493584496	0.365006834424334
766	0.737666219023498	0.36494115038549
767	0.737637982375014	0.364875551869664
768	0.737609783539187	0.364810038654736
769	0.737581622416554	0.364744610519454
770	0.73755349890804	0.364679267243423
771	0.73752541291496	0.364614008607105
772	0.737497364339012	0.364548834391812
773	0.737469353082281	0.364483744379701
774	0.737441379047233	0.364418738353773
775	0.737413442136713	0.364353816097866
776	0.737385542253944	0.364288977396652
777	0.737357679302525	0.36422422203563
778	0.737329853186431	0.364159549801126
779	0.737302063810007	0.364094960480287
780	0.737274311077968	0.364030453861073
781	0.737246594895399	0.36396602973226
782	0.737218915167751	0.36390168788343
783	0.737191271800838	0.363837428104971
784	0.737163664700839	0.363773250188067
785	0.737136093774292	0.363709153924703
786	0.737108558928095	0.363645139107651
787	0.737081060069502	0.363581205530474
788	0.737053597106124	0.363517352987516
789	0.737026169945924	0.363453581273905
790	0.736998778497217	0.363389890185541
791	0.736971422668669	0.363326279519097
792	0.736944102369293	0.363262749072014
793	0.736916817508449	0.363199298642499
794	0.73688956799584	0.363135928029516
795	0.736862353741516	0.36307263703279
796	0.736835174655864	0.363009425452794
797	0.736808030649612	0.362946293090753
798	0.736780921633825	0.362883239748637
799	0.736753847519906	0.362820265229157
800	0.73672680821959	0.36275736933576
801	0.736699803644947	0.362694551872631
802	0.736672833708376	0.362631812644683
803	0.736645898322606	0.362569151457556
804	0.736618997400694	0.362506568117614
805	0.736592130856023	0.36244406243194
806	0.7365652986023	0.362381634208333
807	0.736538500553556	0.362319283255306
808	0.736511736624142	0.362257009382079
809	0.736485006728729	0.36219481239858
810	0.736458310782306	0.362132692115436
811	0.736431648700179	0.362070648343974
812	0.736405020397969	0.362008680896219
813	0.736378425791608	0.361946789584883
814	0.736351864797344	0.361884974223369
815	0.736325337331732	0.361823234625765
816	0.736298843311636	0.361761570606841
817	0.736272382654228	0.361699981982043
818	0.736245955276987	0.361638468567496
819	0.736219561097694	0.361577030179992
820	0.736193200034434	0.361515666636996
821	0.736166872005592	0.361454377756635
822	0.736140576929855	0.361393163357699
823	0.736114314726206	0.361332023259637
824	0.736088085313925	0.361270957282555
825	0.73606188861259	0.361209965247208
826	0.73603572454207	0.361149046975003
827	0.736009593022528	0.361088202287993
828	0.735983493974418	0.361027431008873
829	0.735957427318484	0.360966732960978
830	0.735931392975757	0.36090610796828
831	0.735905390867556	0.360845555855386
832	0.735879420915486	0.360785076447531
833	0.735853483041436	0.360724669570582
834	0.735827577167576	0.360664335051026
835	0.735801703216359	0.360604072715975
836	0.735775861110518	0.360543882393158
837	0.735750050773065	0.360483763910922
838	0.735724272127289	0.360423717098224
839	0.735698525096754	0.360363741784633
840	0.735672809605301	0.360303837800325
841	0.735647125577043	0.360244004976079
842	0.735621472936365	0.360184243143276
843	0.735595851607923	0.360124552133897
844	0.735570261516644	0.360064931780516
845	0.73554470258772	0.360005381916301
846	0.735519174746614	0.359945902375011
847	0.735493677919052	0.35988649299099
848	0.735468212031025	0.35982715359917
849	0.735442777008787	0.359767884035061
850	0.735417372778856	0.359708684134755
851	0.735391999268008	0.359649553734918
852	0.735366656403279	0.359590492672791
853	0.735341344111966	0.359531500786186
854	0.735316062321619	0.359472577913483
855	0.735290810960047	0.359413723893627
856	0.735265589955312	0.359354938566127
857	0.73524039923573	0.359296221771051
858	0.73521523872987	0.359237573349027
859	0.735190108366551	0.359178993141235
860	0.735165008074842	0.359120480989411
861	0.735139937784061	0.359062036735838
862	0.735114897423775	0.359003660223349
863	0.735089886923794	0.358945351295321
864	0.735064906214177	0.358887109795672
865	0.735039955225226	0.358828935568862
866	0.735015033887484	0.358770828459887
867	0.734990142131739	0.358712788314279
868	0.734965279889018	0.358654814978102
869	0.734940447090587	0.358596908297951
870	0.734915643667953	0.358539068120946
871	0.734890869552859	0.358481294294736
872	0.734866124677283	0.358423586667489
873	0.734841408973441	0.358365945087896
874	0.734816722373782	0.358308369405166
875	0.734792064810987	0.358250859469022
876	0.734767436217971	0.358193415129701
877	0.734742836527879	0.358136036237952
878	0.734718265674086	0.358078722645032
879	0.734693723590196	0.358021474202704
880	0.73466921021004	0.357964290763236
881	0.734644725467678	0.357907172179396
882	0.734620269297393	0.357850118304454
883	0.734595841633695	0.357793128992174
884	0.734571442411317	0.357736204096819
885	0.734547071565214	0.357679343473142
886	0.734522729030563	0.357622546976388
887	0.734498414742763	0.357565814462288
888	0.734474128637431	0.358336728878743
889	0.734449870650403	0.358280123899228
890	0.734425640717734	0.358223582472473
891	0.734401438775693	0.358167104456143
892	0.734377264760769	0.35811068970838
893	0.734353118609662	0.358054338087801
894	0.734329000259287	0.357998049453497
895	0.734304909646773	0.357941823665029
896	0.734280846709458	0.357885660582427
897	0.734256811384896	0.35782956006619
898	0.734232803610845	0.357773521977278
899	0.734208823325276	0.357717546177119
900	0.734184870466368	0.357661632527597
901	0.734160944972506	0.357605780891057
902	0.734137046782281	0.357549991130302
903	0.73411317583449	0.357494263108586
904	0.734089332068135	0.357438596689618
905	0.734065515422421	0.357382991737559
906	0.734041725836756	0.357327448117015
907	0.734017963250749	0.357271965693043
908	0.733994227604211	0.357216544331141
909	0.733970518837151	0.357161183897251
910	0.733946836889779	0.357105884257758
911	0.733923181702503	0.357050645279482
912	0.733899553215928	0.356995466829684
913	0.733875951370855	0.356940348776058
914	0.733852376108281	0.35688529098673
915	0.733828827369398	0.35683029333026
916	0.733805305095592	0.356775355675635
917	0.733781809228441	0.356720477892272
918	0.733758339709717	0.356665659850012
919	0.733734896481381	0.35661090141912
920	0.733711479485587	0.356556202470283
921	0.733688088664676	0.356501562874609
922	0.733664723961181	0.356446982503624
923	0.733641385317821	0.356392461229269
924	0.733618072677502	0.356337998923903
925	0.733594785983317	0.356283595460295
926	0.733571525178546	0.356229250711626
927	0.733548290206652	0.356174964551488
928	0.733525081011281	0.356120736853878
929	0.733501897536265	0.3560665674932
930	0.733478739725618	0.356012456344264
931	0.733455607523533	0.355958403282279
932	0.733432500874386	0.355904408182858
933	0.733409419722733	0.355850470922011
934	0.733386364013309	0.355796591376146
935	0.733363333691028	0.355742769422066
936	0.73334032870098	0.355689004936969
937	0.733317348988433	0.355635297798444
938	0.733294394498833	0.355581647884471
939	0.733271465177799	0.355528055073419
940	0.733248560971126	0.355474519244045
941	0.733225681824782	0.35542104027549
942	0.73320282768491	0.355367618047281
943	0.733179998497823	0.355314252439325
944	0.733157194210008	0.355260943331911
945	0.733134414768122	0.355207690605707
946	0.733111660118993	0.35515449414176
947	0.733088930209617	0.35510135382149
948	0.733066224987161	0.355048269526693
949	0.733043544398959	0.354995241139538
950	0.733020888392512	0.354942268542564
951	0.732998256915489	0.354889351618682
952	0.732975649915724	0.354836490251169
953	0.732953067341216	0.354783684323668
954	0.732930509140131	0.35473093372019
955	0.732907975260796	0.354678238325106
956	0.732885465651703	0.354625598023152
957	0.732862980261506	0.354573012699422
958	0.732840519039021	0.354520482239372
959	0.732818081933225	0.354468006528811
960	0.732795668893256	0.354415585453908
961	0.732773279868412	0.354363218901186
962	0.732750914808149	0.354310906757518
963	0.732728573662083	0.354258648910133
964	0.732706256379986	0.354206445246606
965	0.73268396291179	0.354154295654863
966	0.732661693207582	0.354102200023177
967	0.732639447217604	0.354050158240167
968	0.732617224892254	0.353998170194796
969	0.732595026182085	0.353946235776369
970	0.732572851037805	0.353894354874534
971	0.732550699410273	0.353842527379278
972	0.732528571250501	0.353790753180929
973	0.732506466509656	0.353739032170149
974	0.732484385139053	0.353687364237938
975	0.732462327090159	0.353635749275631
976	0.732440292314592	0.353584187174896
977	0.732418280764119	0.35353267782773
978	0.732396292390656	0.353481221126466
979	0.732374327146266	0.35342981696376
980	0.732352384983163	0.353378465232602
981	0.732330465853706	0.353327165826303
982	0.732308569710399	0.353275918638503
983	0.732286696505896	0.353224723563164
984	0.732264846192992	0.353173580494571
985	0.73224301872463	0.353122489327329
986	0.732221214053896	0.353071449956367
987	0.732199432134019	0.353020462276927
988	0.732177672918372	0.352969526184572
989	0.73215593636047	0.352918641575181
990	0.73213422241397	0.352867808344946
991	0.732112531032669	0.352817026390374
992	0.732090862170508	0.352766295608284
993	0.732069215781563	0.352715615895805
994	0.732047591820055	0.352664987150377
995	0.732025990240341	0.352614409269748
996	0.732004410996916	0.352563882151973
997	0.731982854044414	0.352513405695414
998	0.731961319337606	0.352462979798737
999	0.731939806831401	0.352412604360912
1000	0.73168436667467	0.352708745837843
1001	0.731896848241109	0.352312004459207
