1	0.966019395683336	0.778244720947212
2	0.954238323637095	0.753768219394109
3	0.946563018851393	0.737795493715761
4	0.940828778948746	0.725840608754994
5	0.936242467005647	0.716261868470889
6	0.932418449263042	0.708261547514624
7	0.929138644266513	0.701388644767662
8	0.926267268521375	0.695362369683931
9	0.923713890899017	0.689995699225529
10	0.921415194373091	0.685157659621295
11	0.919325093497353	0.680752895335912
12	0.917408988809246	0.676709793317767
13	0.915640236386853	0.672973186784088
14	0.913997879288856	0.669499667172123
15	0.912465134921158	0.666254458247484
16	0.911028354549227	0.663209265820533
17	0.909676288296956	0.660340758662299
18	0.908399553865729	0.657629470342495
19	0.907190244716122	0.655058989227156
20	0.90604163593976	0.652615350334433
21	0.90494795996288	0.650286571494537
22	0.90390423307724	0.648062294551723
23	0.902906119569651	0.645933504277711
24	0.901949824073331	0.643892305623089
25	0.901032005384872	0.641931745346874
26	0.900149706805966	0.640045667814455
27	0.899300299347275	0.638228597394862
28	0.898481435045468	0.636475641775835
29	0.89769100830652	0.634782411883018
30	0.896927123674174	0.633144955093398
31	0.896188068783193	0.631559699178484
32	0.895472291527709	0.630023404972116
33	0.894778380680207	0.628533126181914
34	0.894105049353706	0.627086175087965
35	0.893451120820892	0.625680093122859
36	0.89281551629832	0.624312625522259
37	0.892197244377741	0.622981699388087
38	0.891595391845082	0.621685404627305
39	0.891009115674049	0.620421977325328
40	0.890437636018548	0.619189785190077
41	0.889880230058048	0.61798731476465
42	0.889336226574298	0.616813160156752
43	0.888805001157529	0.61566601307394
44	0.888285971956494	0.614544653987173
45	0.887778595899938	0.613447944272712
46	0.887282365328149	0.612374819205159
47	0.886796804982302	0.611324281693319
48	0.886321469306967	0.610295396666314
49	0.885855940027494	0.609287286030584
50	0.885399823969337	0.608299124129466
51	0.884952751090897	0.607330133646411
52	0.884514372705293	0.606379581900802
53	0.884084359869692	0.605446777492057
54	0.883662401923619	0.604531067253444
55	0.883248205160001	0.603631833481904
56	0.88284149161476	0.602748491414413
57	0.882441997962473	0.601880486925002
58	0.882049474507156	0.601027294419663
59	0.881663684258498	0.600188414909089
60	0.881284402085021	0.599363374241515
61	0.880911413936594	0.598551721479942
62	0.880544516129606	0.597753027409827
63	0.880183514688837	0.596966883164838
64	0.879828224740708	0.596192898959647
65	0.879478469953181	0.595430702919888
66	0.879134082018068	0.5946799400005
67	0.878794900171955	0.593940270984529
68	0.87846077075233	0.593211371555338
69	0.878131546785873	0.592492931435836
70	0.877807087606134	0.591784653589016
71	0.877487258498127	0.591086253474615
72	0.8771719303676	0.590397458357254
73	0.876860979432953	0.589718006661813
74	0.876554286937962	0.589047647372247
75	0.87625173888365	0.588386139470353
76	0.875953225777808	0.587733251411358
77	0.875658642400759	0.587088760633462
78	0.875367887586149	0.586452453098729
79	0.875080864015611	0.585824122862948
80	0.874797478026251	0.58520357167231
81	0.87451763943003	0.584590608584897
82	0.87424126134415	0.583985049615204
83	0.873968260031664	0.583386717399994
84	0.873698554751571	0.582795440884004
85	0.873432067617728	0.582211055024079
86	0.873168723465973	0.581633400510458
87	0.872908449728877	0.581062323504035
88	0.872651176317618	0.580497675388515
89	0.872396835510495	0.579939312536438
90	0.872145361847628	0.579387096088187
91	0.871896692031456	0.578840891743083
92	0.871650764832638	0.578300569561822
93	0.871407521001013	0.577766003779493
94	0.871166903181305	0.577237072628516
95	0.870928855833256	0.57671365817088
96	0.87069332515593	0.576195646139086
97	0.870460259015912	0.575682925785276
98	0.870229606879179	0.57517538973803
99	0.870001319746407	0.574672933866381
100	0.869775350091518	0.574175457150614
101	0.869551651803272	0.573682861559435
102	0.869330180129715	0.573195051933151
103	0.869110891625336	0.57271193587251
104	0.868893744100759	0.57223342363286
105	0.868678696574835	0.571759428023345
106	0.868465709228992	0.571289864310836
107	0.868254743363723	0.570824650128344
108	0.868045761357083	0.570363705387664
109	0.867838726625105	0.569906952196006
110	0.867633603583998	0.569454314776414
111	0.867430357614061	0.569005719391763
112	0.867228955025209	0.568561094272126
113	0.86702936302402	0.568120369545366
114	0.866831549682227	0.567683477170745
115	0.866635483906594	0.567250350875429
116	0.866441135410071	0.566820926093709
117	0.866248474684203	0.566395139908822
118	0.866057472972693	0.565972930997226
119	0.865868102246088	0.565554239575214
120	0.865680335177511	0.565139007347741
121	0.865494145119406	0.564727177459367
122	0.86530950608123	0.564318694447201
123	0.865126392708054	0.563913504195754
124	0.86494478026003	0.563511553893608
125	0.864764644592679	0.563112791991815
126	0.864585962137957	0.562717168163938
127	0.864408709886079	0.562324633267668
128	0.864232865368038	0.561935139307933
129	0.864058406638815	0.561548639401431
130	0.863885312261231	0.561165087742527
131	0.863713561290411	0.560784439570449
132	0.863543133258846	0.560406651137719
133	0.863374008162012	0.560031679679774
134	0.863206166444523	0.559659483385712
135	0.863039588986807	0.559290021370121
136	0.862874257092262	0.558923253645943
137	0.862710152474885	0.558559141098323
138	0.862547257247355	0.558197645459404
139	0.862385553909538	0.557838729284028
140	0.862225025337404	0.557482355926298
141	0.86206565477234	0.557128489516977
142	0.861907425810839	0.556777094941673
143	0.861750322394549	0.55642813781979
144	0.861594328800669	0.556081584484202
145	0.861439429632675	0.555737401961637
146	0.861285609811365	0.555395557953718
147	0.86113285456621	0.555056020818658
148	0.860981149426993	0.554718759553565
149	0.860830480215737	0.554383743777343
150	0.860680833038893	0.55405094371416
151	0.860532194279796	0.553720330177463
152	0.86038455059136	0.553391874554517
153	0.860237888889022	0.553065548791447
154	0.860092196343905	0.552741325378767
155	0.859947460376212	0.552419177337371
156	0.859803668648826	0.552099078204977
157	0.859660809061112	0.551781002022997
158	0.859518869742923	0.551464923323824
159	0.859377839048789	0.551150817118514
160	0.859237705552285	0.550838658884859
161	0.859098458040587	0.550528424555826
162	0.858960085509177	0.550220090508345
163	0.858822577156729	0.549913633552456
164	0.858685922380142	0.549609030920768
165	0.858550110769721	0.549306260258251
166	0.858415132104512	0.549005299612325
167	0.858280976347769	0.548706127423253
168	0.858147633642559	0.548408722514812
169	0.858015094307502	0.548113064085244
170	0.857883348832626	0.547819131698472
171	0.857752387875353	0.547526905275569
172	0.857622202256598	0.547236365086479
173	0.857492782956976	0.546947491741972
174	0.857364121113132	0.546660266185834
175	0.85723620801416	0.546374669687278
176	0.857109035098134	0.546090683833567
177	0.856982593948731	0.545808290522851
178	0.856856876291959	0.545527471957199
179	0.856731873992961	0.545248210635827
180	0.856607579052924	0.544970489348517
181	0.85648398360606	0.544694291169212
182	0.856361079916682	0.544419599449789
183	0.856238860376349	0.544146397814006
184	0.856117317501097	0.543874670151601
185	0.855996443928741	0.543604400612565
186	0.855876232416248	0.543335573601559
187	0.855756675837188	0.543068173772482
188	0.855637767179242	0.542802186023183
189	0.855519499541787	0.542537595490316
190	0.855401866133533	0.542274387544325
191	0.855284860270234	0.542012547784562
192	0.855168475372451	0.541752062034533
193	0.855052704963374	0.541492916337265
194	0.854937542666702	0.541235096950796
195	0.854822982204576	0.540978590343772
196	0.854709017395568	0.540723383191165
197	0.854595642152714	0.540469462370097
198	0.854482850481608	0.540216814955765
199	0.854370636478528	0.539965428217472
200	0.854258994328629	0.539715289614757
201	0.85414791830416	0.539466386793622
202	0.854037402762744	0.539218707582845
203	0.853927442145686	0.538972239990395
204	0.85381803097633	0.538726972199925
205	0.853709163858458	0.538482892567354
206	0.853600835474719	0.538239989617536
207	0.853493040585104	0.537998252040998
208	0.853385774025457	0.537757668690769
209	0.853279030706016	0.537518228579277
210	0.853172805609995	0.537279920875321
211	0.8530670937922	0.537042734901117
212	0.852961890377668	0.53680666012941
213	0.852857190560352	0.536571686180654
214	0.852752989601825	0.536337802820265
215	0.852649282830023	0.536104999955925
216	0.852546065638007	0.535873267634958
217	0.85244333348277	0.535642596041766
218	0.852341081884048	0.535412975495315
219	0.852239306423183	0.53518439644669
220	0.852138002741993	0.534956849476697
221	0.852037166541677	0.534730325293524
222	0.851936793581744	0.534504814730448
223	0.851836879678962	0.534280308743603
224	0.851737420706334	0.534056798409789
225	0.851638412592096	0.533834274924336
226	0.851539851318738	0.533612729599008
227	0.851441732922045	0.533392153859961
228	0.851344053490156	0.533172539245741
229	0.851246809162654	0.532953877405325
230	0.851149996129665	0.532736160096207
231	0.851053610630982	0.532519379182526
232	0.850957648955203	0.532303526633229
233	0.850862107438898	0.53208859452028
234	0.850766982465781	0.531874575016903
235	0.850672270465908	0.531661460395864
236	0.850577967914888	0.531449243027787
237	0.850484071333114	0.531237915379508
238	0.85039057728501	0.531027470012464
239	0.850297482378286	0.530817899581114
240	0.850204783263222	0.53060919683139
241	0.850112476631956	0.530401354599187
242	0.85002055921779	0.530194365808878
243	0.849929027794511	0.529988223471864
244	0.849837879175728	0.529782920685148
245	0.849747110214217	0.529578450629944
246	0.849656717801284	0.529374806570312
247	0.849566698866142	0.529171981851818
248	0.84947705037529	0.528969969900225
249	0.849387769331924	0.528768764220207
250	0.849298852775337	0.528568358394092
251	0.849210297780352	0.528368746080627
252	0.849122101456748	0.528169921013766
253	0.849034260948713	0.527971877001491
254	0.848946773434296	0.52777460792464
255	0.848859636124878	0.527578107735778
256	0.848772846264645	0.527382370458071
257	0.848686401130084	0.527187390184193
258	0.84860029802947	0.526993161075255
259	0.848514534302385	0.526799677359745
260	0.848429107319228	0.5266069333325
261	0.848344014480743	0.526414923353687
262	0.848259253217555	0.526223641847813
263	0.848174820989715	0.526033083302746
264	0.848090715286251	0.525843242268761
265	0.848006933624733	0.525654113357596
266	0.847923473550838	0.525465691241534
267	0.847840332637931	0.525277970652499
268	0.847757508486651	0.525090946381165
269	0.847674998724501	0.524904613276088
270	0.847592801005454	0.52471896624285
271	0.847510913009555	0.524534000243219
272	0.847429332442544	0.524349710294326
273	0.84734805703547	0.524166091467856
274	0.84726708454433	0.523983138889252
275	0.847186412749695	0.52380084773694
276	0.847106039456363	0.523619213241558
277	0.847025962493001	0.523438230685206
278	0.846946179711801	0.523257895400711
279	0.846866688988149	0.523078202770896
280	0.846787488220282	0.522899148227872
281	0.846708575328971	0.522720727252337
282	0.846629948257195	0.522542935372889
283	0.846551604969831	0.522365768165352
284	0.846473543453337	0.522189221252109
285	0.846395761715459	0.522013290301455
286	0.846318257784921	0.521837971026954
287	0.846241029711143	0.521663259186811
288	0.846164075563942	0.521489150583253
289	0.846087393433258	0.521315641061922
290	0.84601098142887	0.521142726511276
291	0.845934837680126	0.520970402862008
292	0.84585896033567	0.52079866608646
293	0.845783347563184	0.520627512198064
294	0.845707997549121	0.52045693725078
295	0.845632908498456	0.52028693733855
296	0.845558078634431	0.52011750859476
297	0.845483506198312	0.519948647191707
298	0.845409189449143	0.519780349340081
299	0.845335126663507	0.519612611288452
300	0.845261316135296	0.519445429322767
301	0.845187756175476	0.519278799765854
302	0.845114445111863	0.519112718976933
303	0.845041381288898	0.518947183351143
304	0.844968563067427	0.518782189319063
305	0.844895988824489	0.518617733346254
306	0.844823656953101	0.518453811932802
307	0.844751565862049	0.518290421612866
308	0.844679713975682	0.518127558954242
309	0.844608099733714	0.517965220557926
310	0.844536721591021	0.517803403057686
311	0.844465578017445	0.517642103119644
312	0.844394667497607	0.51748131744186
313	0.844323988530712	0.517321042753926
314	0.844253539630366	0.517161275816568
315	0.844183319324388	0.517002013421248
316	0.844113326154638	0.516843252389776
317	0.844043558676829	0.516684989573932
318	0.843974015460363	0.516527221855086
319	0.843904695088149	0.516369946143831
320	0.84383559615644	0.516213159379617
321	0.843766717274663	0.516056858530393
322	0.843698057065259	0.515901040592253
323	0.843629614163516	0.51574570258909
324	0.843561387217412	0.515590841572255
325	0.843493374887462	0.515436454620214
326	0.843425575846558	0.515282538838224
327	0.84335798877982	0.515129091358001
328	0.843290612384448	0.5149761093374
329	0.843223445369571	0.514823589960099
330	0.843156486456105	0.514671530435284
331	0.843089734376609	0.514519927997345
332	0.843023187875143	0.514368779905571
333	0.842956845707134	0.514218083443852
334	0.842890706639234	0.514067835920385
335	0.842824769449187	0.513918034667389
336	0.842759032925701	0.513768677040811
337	0.84269349586831	0.513619760420053
338	0.842628157087252	0.513471282207692
339	0.84256301540334	0.513323239829208
340	0.842498069647836	0.513175630732715
341	0.842433318662329	0.513028452388695
342	0.842368761298614	0.512881702289739
343	0.842304396418574	0.512735377950292
344	0.842240222894059	0.512589476906392
345	0.842176239606775	0.51244399671543
346	0.842112445448163	0.512298934955897
347	0.842048839319294	0.512154289227142
348	0.841985420130751	0.512010057149138
349	0.841922186802525	0.51186623636224
350	0.841859138263904	0.511722824526958
351	0.84179627345337	0.511579819323723
352	0.841733591318489	0.511437218452664
353	0.841671090815813	0.511295019633388
354	0.841608770910774	0.511153220604755
355	0.841546630577588	0.511011819124665
356	0.841484668799153	0.510870812969844
357	0.84142288456695	0.510730199935635
358	0.841361276880951	0.510589977835788
359	0.841299844749521	0.510450144502257
360	0.841238587189327	0.510310697784997
361	0.841177503225243	0.51017163555177
362	0.84111659189026	0.51003295568794
363	0.841055852225396	0.509894656096289
364	0.84099528327961	0.509756734696818
365	0.840934884109713	0.509619189426566
366	0.840874653780278	0.509482018239418
367	0.840814591363563	0.509345219105927
368	0.840754695939421	0.509208790013129
369	0.840694966595221	0.50907272896437
370	0.840635402425763	0.508937033979123
371	0.840576002533201	0.508801703092822
372	0.840516766026962	0.508666734356686
373	0.840457692023668	0.508532125837554
374	0.840398779647059	0.508397875617713
375	0.840340028027918	0.508263981794738
376	0.840281436303993	0.508130442481331
377	0.840223003619925	0.507997255805156
378	0.840164729127174	0.507864419908685
379	0.840106611983949	0.50773193294904
380	0.840048651355132	0.507599793097841
381	0.839990846412213	0.507467998541053
382	0.839933196333217	0.507336547478838
383	0.839875700302637	0.507205438125403
384	0.839818357511368	0.507074668708859
385	0.839761167156635	0.506944237471075
386	0.839704128441934	0.506814142667534
387	0.839647240576961	0.506684382567196
388	0.839590502777553	0.506554955452355
389	0.839533914265621	0.50642585961851
390	0.839477474269089	0.506297093374219
391	0.839421182021831	0.506168655040978
392	0.839365036763613	0.506040542953077
393	0.83930903774003	0.505912755457481
394	0.839253184202447	0.505785290913695
395	0.839197475407943	0.505658147693639
396	0.839141910619248	0.505531324181525
397	0.839086489104693	0.505404818773729
398	0.839031210138147	0.505278629878674
399	0.838976072998963	0.505152755916708
400	0.838921076971927	0.505027195319982
401	0.838866221347198	0.504901946532337
402	0.838811505420258	0.504777008009186
403	0.838756928491856	0.504652378217399
404	0.838702489867961	0.504528055635191
405	0.838648188859704	0.504404038752009
406	0.838594024783332	0.504280326068423
407	0.838539996960152	0.504156916096017
408	0.838486104716489	0.50403380735728
409	0.838432347383629	0.503910998385499
410	0.838378724297776	0.503788487724657
411	0.838325234800001	0.503666273929329
412	0.838271878236194	0.503544355564574
413	0.838218653957023	0.50342273120584
414	0.838165561317878	0.503301399438862
415	0.838112599678834	0.503180358859562
416	0.838059768404602	0.503059608073952
417	0.838007066864485	0.502939145698038
418	0.837954494432332	0.502818970357723
419	0.837902050486499	0.502699080688716
420	0.837849734409801	0.502579475336435
421	0.837797545589474	0.502460152955918
422	0.837745483417127	0.502341112211729
423	0.837693547288709	0.502222351777872
424	0.837641736604459	0.5021038703377
425	0.837590050768872	0.501985666583828
426	0.837538489190656	0.501867739218044
427	0.837487051282692	0.501750086951226
428	0.837435736461998	0.501632708503256
429	0.837384544149685	0.501515602602939
430	0.837333473770925	0.501398767987915
431	0.837282524754909	0.501282203404581
432	0.83723169653481	0.50116590760801
433	0.837180988547747	0.50104987936187
434	0.837130400234751	0.500934117438344
435	0.837079931040722	0.500818620618056
436	0.837029580414402	0.500703387689989
437	0.836979347808332	0.500588417451411
438	0.836929232678824	0.5004737087078
439	0.836879234485919	0.500359260272769
440	0.836829352693362	0.50024507096799
441	0.836779586768559	0.500131139623124
442	0.836729936182552	0.50001746507575
443	0.836680400409979	0.499904046171289
444	0.836630978929047	0.499790881762938
445	0.836581671221498	0.499677970711597
446	0.836532476772574	0.499565311885802
447	0.836483395070991	0.499452904161658
448	0.836434425608904	0.499340746422769
449	0.83638556788188	0.499228837560171
450	0.836336821388861	0.49911717647227
451	0.83628818563214	0.499005762064774
452	0.836239660117332	0.498894593250628
453	0.836191244353337	0.498783668949951
454	0.83614293785232	0.498672988089975
455	0.836094740129675	0.498562549604979
456	0.836046650704003	0.49845235243623
457	0.835998669097077	0.498342395531921
458	0.83595079483382	0.498232677847113
459	0.835903027442274	0.498123198343669
460	0.835855366453576	0.498013955990203
461	0.835807811401926	0.497904949762015
462	0.835760361824566	0.497796178641039
463	0.835713017261749	0.497687641615781
464	0.835665777256717	0.497579337681265
465	0.835618641355672	0.497471265838976
466	0.835571609107751	0.497363425096806
467	0.835524680065004	0.497255814468998
468	0.835477853782365	0.497148432976092
469	0.835431129817628	0.497041279644873
470	0.835384507731425	0.496934353508316
471	0.835337987087199	0.496827653605534
472	0.835291567451183	0.496721178981728
473	0.835245248392373	0.496614928688132
474	0.835199029482507	0.496508901781967
475	0.835152910296042	0.496403097326386
476	0.835106890410128	0.496297514390427
477	0.835060969404589	0.496192152048963
478	0.8350151468619	0.496087009382655
479	0.834969422367163	0.4959820854779
480	0.834923795508085	0.495877379426788
481	0.834878265874958	0.49577289032705
482	0.834832833060638	0.495668617282016
483	0.83478749666052	0.495564559400565
484	0.83474225627252	0.495460715797082
485	0.834697111497055	0.495357085591409
486	0.834652061937019	0.495253667908807
487	0.834607107197766	0.495150461879902
488	0.834562246887087	0.495047466640651
489	0.83451748061519	0.494944681332292
490	0.834472807994685	0.494842105101303
491	0.834428228640558	0.494739737099359
492	0.834383742170153	0.494637576483292
493	0.834339348203159	0.494535622415045
494	0.834295046361582	0.494433874061636
495	0.834250836269731	0.494332330595113
496	0.8342067175542	0.494230991192514
497	0.834162689843848	0.49412985503583
498	0.83411875276978	0.494028921311961
499	0.83407490596533	0.493928189212682
500	0.834031149066043	0.493827657934596
501	0.83398748170966	0.493727326679107
502	0.833943903536094	0.49362719465237
503	0.833900414187419	0.493527261065262
504	0.833857013307849	0.493427525133341
505	0.833813700543722	0.493327986076807
506	0.833770475543484	0.493228643120472
507	0.833727337957673	0.493129495493716
508	0.833684287438898	0.493030542430457
509	0.833641323641829	0.492931783169111
510	0.833598446223176	0.492833216952561
511	0.833555654841675	0.49273484302812
512	0.833512949158071	0.492636660647494
513	0.833470328835104	0.492538669066754
514	0.833427793537492	0.492440867546296
515	0.833385342931917	0.492343255350811
516	0.833342976687007	0.49224583174925
517	0.833300694473323	0.492148596014794
518	0.833258495963345	0.492051547424817
519	0.833216380831455	0.491954685260857
520	0.833174348753923	0.491858008808585
521	0.833132399408892	0.491761517357768
522	0.833090532476366	0.491665210202245
523	0.833048747638192	0.491569086639889
524	0.833007044578049	0.491473145972583
525	0.832965422981432	0.491377387506182
526	0.83292388253564	0.49128181055049
527	0.83288242292976	0.491186414419226
528	0.832841043854655	0.491091198429995
529	0.832799745002951	0.490996161904261
530	0.832758526069022	0.490901304167313
531	0.832717386748978	0.490806624548242
532	0.83267632674065	0.490712122379909
533	0.83263534574358	0.490617796998917
534	0.832594443459007	0.490523647745584
535	0.832553619589853	0.490429673963917
536	0.832512873840711	0.49033587500158
537	0.832472205917834	0.49024225020987
538	0.832431615529121	0.490148798943689
539	0.832391102384105	0.490055520561519
540	0.83235066619394	0.489962414425394
541	0.832310306671393	0.489869479900873
542	0.832270023530826	0.489776716357017
543	0.832229816488189	0.48968412316636
544	0.832189685261006	0.489591699704885
545	0.832149629568363	0.489499445352
546	0.832109649130901	0.48940735949051
547	0.832069743670796	0.489315441506595
548	0.832029912911758	0.489223690789784
549	0.83199015657901	0.489132106732932
550	0.831950474399285	0.489040688732194
551	0.831910866100811	0.488949436187001
552	0.831871331413298	0.488858348500039
553	0.831831870067934	0.488767425077224
554	0.831792481797368	0.488676665327678
555	0.831753166335701	0.488586068663705
556	0.831713923418478	0.488495634500773
557	0.831674752782675	0.488405362257486
558	0.831635654166689	0.488315251355563
559	0.83159662731033	0.488225301219818
560	0.831557671954808	0.488135511278136
561	0.831518787842723	0.488045880961451
562	0.831479974718058	0.487956409703726
563	0.831441232326167	0.487867096941929
564	0.831402560413766	0.487777942116014
565	0.831363958728922	0.487688944668898
566	0.831325427021044	0.487600104046444
567	0.831286965040876	0.487511419697435
568	0.831248572540484	0.487422891073556
569	0.831210249273248	0.487334517629375
570	0.831171994993852	0.48724629882232
571	0.831133809458278	0.487158234112662
572	0.831095692423793	0.487070322963493
573	0.831057643648942	0.486982564840706
574	0.831019662893539	0.486894959212979
575	0.830981749918657	0.48680750555175
576	0.83094390448662	0.486720203331204
577	0.830906126360995	0.486633052028249
578	0.830868415306583	0.486546051122501
579	0.830830771089409	0.486459200096263
580	0.830793193476715	0.486372498434506
581	0.830755682236951	0.486285945624854
582	0.830718237139769	0.486199541157562
583	0.830680857956009	0.486113284525501
584	0.830643544457698	0.486027175224138
585	0.830606296418036	0.485941212751519
586	0.830569113611391	0.485855396608252
587	0.830531995813291	0.485769726297488
588	0.830494942800415	0.485684201324908
589	0.830457954350584	0.485598821198699
590	0.830421030242757	0.485513585429542
591	0.83038417025702	0.485428493530595
592	0.830347374174579	0.485343545017476
593	0.830310641777755	0.485258739408242
594	0.830273972849971	0.48517407622338
595	0.83023736717575	0.485089554985786
596	0.830200824540706	0.48500517522075
597	0.830164344731533	0.484920936455939
598	0.830127927536005	0.484836838221382
599	0.830091572742962	0.484752880049457
600	0.830055280142306	0.484669061474869
601	0.830019049524993	0.484585382034642
602	0.829982880683028	0.484501841268097
603	0.829946773409454	0.484418438716841
604	0.829910727498349	0.48433517392475
605	0.829874742744818	0.484252046437956
606	0.829838818944985	0.48416905580483
607	0.829802955895987	0.484086201575966
608	0.829767153395968	0.484003483304173
609	0.829731411244071	0.483920900544452
610	0.829695729240433	0.483838452853988
611	0.829660107186177	0.483756139792132
612	0.829624544883407	0.483673960920389
613	0.8295890421352	0.483591915802404
614	0.8295535987456	0.483510004003946
615	0.829518214519613	0.483428225092895
616	0.8294828892632	0.483346578639232
617	0.82944762278327	0.483265064215019
618	0.829412414887675	0.48318368139439
619	0.829377265385202	0.483102429753539
620	0.82934217408557	0.4830213088707
621	0.829307140799421	0.482940318326141
622	0.829272165338316	0.482859457702147
623	0.829237247514729	0.482778726583009
624	0.829202387142038	0.482698124555011
625	0.829167584034524	0.482617651206414
626	0.829132838007363	0.48253730612745
627	0.829098148876619	0.482457088910301
628	0.82906351645924	0.482376999149095
629	0.829028940573051	0.482297036439888
630	0.828994421036752	0.482217200380654
631	0.828959957669906	0.482137490571273
632	0.828925550292939	0.482057906613516
633	0.828891198727135	0.48197844811104
634	0.828856902794624	0.481899114669367
635	0.828822662318383	0.481819905895879
636	0.82878847712223	0.481740821399806
637	0.828754347030816	0.48166186079221
638	0.82872027186962	0.481583023685976
639	0.828686251464947	0.481504309695804
640	0.828652285643918	0.481425718438192
641	0.828618374234472	0.481347249531428
642	0.828584517065352	0.481268902595577
643	0.828550713966106	0.481190677252474
644	0.828516964767082	0.481112573125709
645	0.828483269299419	0.481034589840616
646	0.828449627395046	0.480956727024264
647	0.828416038886675	0.480878984305449
648	0.828382503607798	0.480801361314676
649	0.82834902139268	0.480723857684155
650	0.828315592076354	0.480646473047788
651	0.82828221549462	0.48056920704116
652	0.828248891484036	0.480492059301526
653	0.828215619881916	0.480415029467803
654	0.828182400526323	0.480338117180559
655	0.828149233256067	0.480261322082004
656	0.8281161179107	0.480184643815979
657	0.82808305433051	0.480108082027947
658	0.828050042356515	0.480031636364981
659	0.828017081830465	0.479955306475757
660	0.827984172594831	0.479879092010542
661	0.827951314492802	0.479802992621187
662	0.827918507368283	0.479727007961115
663	0.827885751065891	0.479651137685312
664	0.827853045430945	0.47957538145032
665	0.827820390309468	0.479499738914224
666	0.827787785548181	0.479424209736645
667	0.827755230994498	0.47934879357873
668	0.827722726496521	0.479273490103144
669	0.827690271903037	0.479198298974059
670	0.827657867063517	0.479123219857149
671	0.827625511828104	0.479048252419574
672	0.827593206047617	0.478973396329978
673	0.827560949573543	0.478898651258479
674	0.827528742258034	0.478824016876656
675	0.827496583953903	0.478749492857544
676	0.827464474514618	0.478675078875626
677	0.827432413794303	0.478600774606823
678	0.827400401647728	0.478526579728483
679	0.827368437930312	0.47845249391938
680	0.827336522498112	0.478378516859696
681	0.827304655207824	0.478304648231022
682	0.827272835916778	0.478230887716341
683	0.827241064482936	0.47815723500003
684	0.827209340764883	0.47808368976784
685	0.827177664621828	0.478010251706899
686	0.827146035913602	0.477936920505697
687	0.827114454500649	0.47786369585408
688	0.827082920244024	0.477790577443244
689	0.827051433005394	0.477717564965725
690	0.827019992647027	0.47764465811539
691	0.826988599031794	0.477571856587433
692	0.826957252023166	0.477499160078366
693	0.826925951485205	0.477426568286009
694	0.826894697282566	0.477354080909487
695	0.826863489280491	0.477281697649217
696	0.826832327344806	0.477209418206906
697	0.826801211341919	0.477137242285539
698	0.826770141138813	0.477065169589375
699	0.826739116603047	0.476993199823939
700	0.826708137602751	0.476921332696014
701	0.826677204006623	0.476849567913633
702	0.826646315683923	0.476777905186074
703	0.826615472504475	0.476706344223852
704	0.826584674338658	0.476634884738712
705	0.826553921057409	0.476563526443623
706	0.826523212532213	0.476492269052768
707	0.826492548635107	0.47642111228154
708	0.826461929238672	0.476350055846536
709	0.82643135421603	0.476279099465546
710	0.826400823440843	0.476208242857552
711	0.82637033678731	0.476137485742715
712	0.826339894130162	0.476066827842375
713	0.826309495344661	0.475996268879039
714	0.826279140306596	0.475925808576376
715	0.826248828892279	0.475855446659213
716	0.826218560978546	0.475785182853525
717	0.826188336442747	0.475715016886432
718	0.826158155162753	0.475644948486189
719	0.826128017016942	0.475574977382182
720	0.826097921884205	0.475505103304922
721	0.82606786964394	0.475435325986038
722	0.826037860176046	0.47536564515827
723	0.826007893360928	0.475296060555465
724	0.825977969079485	0.475226571912568
725	0.825948087213114	0.475157178965619
726	0.825918247643705	0.475087881451746
727	0.825888450253637	0.475018679109158
728	0.825858694925777	0.474949571677138
729	0.825828981543478	0.474880558896042
730	0.825799309990573	0.474811640507287
731	0.825769680151378	0.47474281625335
732	0.825740091910682	0.474674085877761
733	0.82571054515375	0.474605449125095
734	0.825681039766319	0.474536905740968
735	0.825651575634595	0.474468455472032
736	0.82562215264525	0.474400098065969
737	0.82559277068542	0.474331833271485
738	0.825563429642705	0.474263660838304
739	0.825534129405159	0.474195580517163
740	0.825504869861297	0.474127592059809
741	0.825475650900086	0.474059695218987
742	0.825446472410945	0.473991889748443
743	0.825417334283743	0.473924175402912
744	0.825388236408793	0.473856551938116
745	0.825359178676854	0.473789019110757
746	0.825330160979129	0.473721576678515
747	0.825301183207257	0.473654224400037
748	0.825272245253316	0.473586962034938
749	0.825243347009818	0.473519789343792
750	0.825214488369709	0.473452706088127
751	0.825185669226363	0.473385712030424
752	0.825156889473584	0.473318806934106
753	0.8251281490056	0.473251990563537
754	0.825099447717064	0.473185262684015
755	0.825070785503047	0.473118623061769
756	0.825042162259043	0.473052071463953
757	0.825013577880959	0.472985607658641
758	0.824985032265119	0.472919231414822
759	0.824956525308258	0.472852942502396
760	0.824928056907521	0.472786740692168
761	0.824899626960462	0.472720625755846
762	0.824871235365038	0.472654597466031
763	0.824842882019614	0.472588655596217
764	0.824814566822951	0.472522799920788
765	0.824786289674215	0.472457030215005
766	0.824758050472965	0.47239134625501
767	0.824729849119157	0.472325747817818
768	0.824701685513141	0.472260234681313
769	0.824673559555656	0.47219480662424
770	0.824645471147831	0.472129463426207
771	0.824617420191183	0.472064204867676
772	0.824589406587612	0.471999030729959
773	0.824561430239403	0.471933940795217
774	0.82453349104922	0.471868934846449
775	0.824505588920109	0.471804012667494
776	0.824477723755489	0.471739174043026
777	0.824449895459158	0.471674418758545
778	0.824422103935285	0.471609746600377
779	0.824394349088411	0.471545157355668
780	0.824366630823446	0.471480650812383
781	0.824338949045668	0.471416226759295
782	0.82431130366072	0.47135188498599
783	0.824283694574608	0.471287625282853
784	0.824256121693702	0.471223447441072
785	0.824228584924731	0.471159351252631
786	0.824201084174781	0.471095336510304
787	0.824173619351296	0.471031403007654
788	0.824146190362072	0.470967550539027
789	0.824118797115262	0.470903778899549
790	0.824091439519365	0.470840087885123
791	0.824064117483233	0.470776477292422
792	0.824036830916063	0.470712946918889
793	0.824009579727399	0.47064949656273
794	0.823982363827128	0.470586126022912
795	0.82395518312548	0.470522835099157
796	0.823928037533023	0.470459623591943
797	0.823900926960667	0.470396491302493
798	0.823873851319657	0.470333438032778
799	0.823846810521574	0.470270463585509
800	0.823819804478331	0.470207567764137
801	0.823792833102176	0.470144750372846
802	0.823765896305684	0.470082011216548
803	0.82373899400176	0.470019350100885
804	0.823712126103637	0.469956766832222
805	0.823685292524872	0.469894261217643
806	0.823658493179346	0.469831833064947
807	0.823631727981262	0.469769482182647
808	0.823604996845144	0.469707208379966
809	0.823578299685835	0.46964501146683
810	0.823551636418493	0.469582891253868
811	0.823525006958595	0.469520847552409
812	0.823498411221931	0.469458880174476
813	0.823471849124603	0.469396988932783
814	0.823445320583025	0.469335173640734
815	0.82341882551392	0.469273434112418
816	0.823392363834319	0.469211770162604
817	0.82336593546156	0.469150181606741
818	0.823339540313285	0.469088668260952
819	0.823313178307441	0.469027229942032
820	0.823286849362277	0.468965866467444
821	0.823260553396341	0.468904577655319
822	0.82323429032848	0.468843363324445
823	0.823208060077842	0.468782223294274
824	0.823181862563867	0.46872115738491
825	0.823155697706292	0.46866016541711
826	0.823129565425147	0.468599247212282
827	0.823103465640754	0.468538402592479
828	0.823077398273724	0.468477631380396
829	0.82305136324496	0.46841693339937
830	0.823025360475651	0.468356308473373
831	0.822999389887271	0.468295756427012
832	0.82297345140158	0.468235277085525
833	0.822947544940623	0.468174870274776
834	0.822921670426725	0.468114535821256
835	0.822895827782492	0.468054273552075
836	0.822870016930812	0.467994083294964
837	0.822844237794848	0.46793396487827
838	0.82281849029804	0.467873918130952
839	0.822792774364106	0.467813942882578
840	0.822767089917036	0.467754038963325
841	0.822741436881093	0.467694206203972
842	0.822715815180812	0.467634444435903
843	0.822690224740999	0.467574753491096
844	0.822664665486727	0.467515133202128
845	0.822639137343338	0.467455583402168
846	0.82261364023644	0.467396103924973
847	0.822588174091907	0.467336694604891
848	0.822562738835876	0.467277355276852
849	0.822537334394746	0.467218085776367
850	0.822511960695179	0.467158885939529
851	0.822486617664095	0.467099755603004
852	0.822461305228676	0.467040694604035
853	0.822436023316359	0.466981702780433
854	0.822410771854839	0.466922779970579
855	0.822385550772065	0.466863926013419
856	0.822360359996242	0.466805140748462
857	0.822335199455825	0.466746424015777
858	0.822310069079524	0.466687775655992
859	0.822284968796297	0.466629195510288
860	0.822259898535353	0.466570683420401
861	0.822234858226149	0.466512239228616
862	0.822209847798388	0.466453862777765
863	0.82218486718202	0.466395553911225
864	0.822159916307238	0.466337312472917
865	0.822134995104482	0.466279138307299
866	0.822110103504431	0.466221031259369
867	0.822085241438007	0.466162991174659
868	0.822060408836373	0.466105017899234
869	0.822035605630929	0.466047111279689
870	0.822010831753315	0.465989271163145
871	0.821986087135407	0.46593149739725
872	0.821961371709316	0.465873789830175
873	0.821936685407391	0.46581614831061
874	0.821912028162212	0.465758572687764
875	0.82188739990659	0.465701062811361
876	0.821862800573572	0.465643618531639
877	0.821838230096433	0.465586239699348
878	0.821813688408676	0.465528926165744
879	0.821789175444035	0.465471677782591
880	0.821764691136471	0.465414494402158
881	0.821740235420169	0.465357375877213
882	0.821715808229542	0.465300322061026
883	0.821691409499226	0.465243332807364
884	0.821667039164081	0.465186407970488
885	0.821642697159187	0.465129547405151
886	0.821618383419849	0.4650727509666
887	0.821594097881588	0.465016018510567
888	0.821569840480147	0.464959349893271
889	0.821545611151487	0.464902744971415
890	0.821521409831785	0.464846203602185
891	0.821497236457436	0.464789725643246
892	0.821473090965048	0.464733310952739
893	0.821448973291445	0.464676959389283
894	0.821424883373664	0.464620670811968
895	0.821400821148955	0.464564445080355
896	0.821376786554778	0.464508282054477
897	0.821352779528805	0.464452181594831
898	0.821328800008916	0.46439614356238
899	0.8213048479332	0.464340167818549
900	0.821280923239956	0.464284254225226
901	0.821257025867687	0.464228402644754
902	0.821233155755102	0.464172612939937
903	0.821209312841117	0.46411688497403
904	0.82118549706485	0.464061218610742
905	0.821161708365623	0.464005613714235
906	0.821137946682959	0.463950070149115
907	0.821114211956585	0.463894587780439
908	0.821090504126427	0.463839166473705
909	0.821066823132608	0.463783806094858
910	0.821043168915454	0.463728506510281
911	0.821019541415487	0.463673267586796
912	0.820995940573424	0.463618089191662
913	0.820972366330181	0.463562971192575
914	0.820948818626867	0.463507913457663
915	0.820925297404787	0.463452915855483
916	0.820901802605439	0.463397978255026
917	0.820878334170512	0.463343100525707
918	0.820854892041889	0.463288282537368
919	0.820831476161644	0.463233524160274
920	0.820808086472039	0.463178825265113
921	0.820784722915526	0.463124185722994
922	0.820761385434747	0.463069605405442
923	0.82073807397253	0.4630150841844
924	0.820714788471891	0.462960621932226
925	0.820691528876032	0.46290621852169
926	0.820668295128337	0.462851873825973
927	0.82064508717238	0.462797587718667
928	0.820621904951914	0.462743360073771
929	0.820598748410877	0.462689190765689
930	0.820575617493388	0.46263507966923
931	0.820552512143748	0.462581026659605
932	0.820529432306439	0.462527031612427
933	0.82050637792612	0.462473094403705
934	0.820483348947632	0.462419214909849
935	0.820460345315993	0.462365393007662
936	0.820437366976398	0.462311628574341
937	0.820414413874219	0.462257921487478
938	0.820391485955003	0.462204271625051
939	0.820368583164474	0.462150678865431
940	0.820345705448528	0.462097143087375
941	0.820322852753237	0.462043664170023
942	0.820300025024843	0.461990241992904
943	0.820277222209764	0.461936876435925
944	0.820254444254586	0.461883567379375
945	0.820231691106067	0.461830314703923
946	0.820208962711134	0.461777118290615
947	0.820186259016886	0.461723978020872
948	0.820163579970587	0.461670893776492
949	0.820140925519671	0.461617865439642
950	0.820118295611738	0.461564892892864
951	0.820095690194556	0.461511976019066
952	0.820073109216056	0.461459114701528
953	0.820050552624337	0.461406308823892
954	0.820028020367659	0.46135355827017
955	0.82000551239445	0.461300862924733
956	0.819983028653296	0.461248222672318
957	0.819960569092948	0.461195637398019
958	0.819938133662319	0.461143106987291
959	0.819915722310481	0.461090631325945
960	0.819893334986667	0.461038210300151
961	0.819870971640271	0.460985843796429
962	0.819848632220844	0.460933531701657
963	0.819826316678095	0.46088127390306
964	0.819804024961892	0.460829070288216
965	0.819781757022259	0.460776920745051
966	0.819759512809376	0.460724825161838
967	0.81973729227358	0.460672783427196
968	0.81971509536536	0.460620795430088
969	0.819692922035364	0.46056886105982
970	0.819670772234388	0.46051698020604
971	0.819648645913385	0.460465152758737
972	0.81962654302346	0.460413378608237
973	0.819604463515869	0.460361657645203
974	0.819582407342017	0.460309989760636
975	0.819560374453464	0.460258374845871
976	0.819538364801917	0.460206812792575
977	0.819516378339233	0.460155303492748
978	0.819494415017416	0.460103846838721
979	0.819472474788621	0.460052442723152
980	0.819450557605149	0.460001091039029
981	0.819428663419447	0.459949791679666
982	0.819406792184109	0.459898544538702
983	0.819384943851875	0.459847349510099
984	0.819363118375631	0.459796206488142
985	0.819341315708404	0.459745115367439
986	0.819319535803369	0.459694076042916
987	0.819297778613841	0.459643088409817
988	0.819276044093279	0.459592152363705
989	0.819254332195285	0.459541267800459
990	0.819232642873602	0.459490434616272
991	0.819210976082112	0.459439652707651
992	0.819189331774841	0.459388921971414
993	0.819167709905952	0.459338242304693
994	0.819146110429747	0.459287613604926
995	0.81912453330067	0.459237035769862
996	0.8191029784733	0.459186508697557
997	0.819081445902354	0.459136032286372
998	0.819059935542688	0.459085606434974
999	0.819038447349292	0.459035231042333
1000	0.819016981277293	0.458984906007722
1001	0.818995537281954	0.458934631230713
