1	0.00013442412959906	6.70791395898033e-11
2	0.000121167740647869	2.82329367615021e-11
3	0.000110503405374779	1.4380214595096e-11
4	0.000114227941284847	9.39937739611095e-12
5	0.000107551476537321	6.78792208182889e-12
6	0.000102272904949588	4.86018099540977e-12
7	9.79806755827618e-05	3.93160631776645e-12
8	9.44105428175773e-05	3.06129588925029e-12
9	9.13859767464051e-05	2.63477999586636e-12
10	8.87846223862764e-05	2.15706710042781e-12
11	8.65189136566592e-05	1.79843367181163e-12
12	8.45244354728624e-05	1.63369911611525e-12
13	8.27526708437038e-05	1.40076666969125e-12
14	8.11663239619899e-05	1.21432622077955e-12
15	7.97362114137001e-05	1.06277920427035e-12
16	7.84391394506851e-05	9.37931014946666e-13
17	7.72564196504363e-05	8.93398396247282e-13
18	7.61728087862798e-05	7.99476002533057e-13
19	7.51757372404556e-05	7.19623375085047e-13
20	7.42547378342344e-05	6.51164214928933e-13
21	7.34010165159336e-05	5.92029618331771e-13
22	7.26071251862638e-05	5.78302942135301e-13
23	7.18667092109672e-05	5.30156341911011e-13
24	7.11743103251968e-05	4.87781727966585e-13
25	7.05252111536221e-05	4.50291989450356e-13
26	6.99153113697082e-05	4.16964126756889e-13
27	6.93410281737182e-05	3.87204121797577e-13
28	6.87992156525165e-05	3.60520278749294e-13
29	7.55701395691569e-05	3.59438492265712e-13
30	7.50347274486332e-05	3.362648559806e-13
31	7.45269613910863e-05	3.15262216599147e-13
32	7.40446894603674e-05	2.9616761297757e-13
33	7.35859840247285e-05	2.78756726167484e-13
34	7.31491127311474e-05	2.62837260037747e-13
35	7.27325139281935e-05	2.4824360800686e-13
36	7.23347757551356e-05	2.34832528026008e-13
37	7.19546182692647e-05	2.37306853930063e-13
38	7.15908781042371e-05	2.25143667230431e-13
39	7.12424952472658e-05	2.13892230473771e-13
40	7.09085015985259e-05	2.03463641071044e-13
41	7.05880110362028e-05	1.93779574179055e-13
42	7.02802107589782e-05	1.84770807573184e-13
43	6.9984353716654e-05	1.76375981064005e-13
44	6.9699751971221e-05	1.68540548785542e-13
45	6.94257708564504e-05	1.61215890831387e-13
46	6.91618238251537e-05	1.54358557130555e-13
47	6.89073678906361e-05	1.57574257841015e-13
48	6.86618995831966e-05	1.51145265693889e-13
49	6.84249513544407e-05	1.45101854045756e-13
50	6.81960883720662e-05	1.39413793952328e-13
51	6.79749056561054e-05	1.34053761862641e-13
52	6.77610255145256e-05	1.28997010848581e-13
53	6.7554095242011e-05	1.24221084434128e-13
54	6.73537850506219e-05	1.1970556683076e-13
55	6.71597862053152e-05	1.15431864380397e-13
56	6.69718093408168e-05	1.11383013827717e-13
57	6.67895829394179e-05	1.07543513722794e-13
58	6.66128519518628e-05	1.03899175818995e-13
59	6.64413765457432e-05	1.00436993801162e-13
60	6.62749309677264e-05	1.03343958087087e-13
61	6.61133025076156e-05	1.00011325809269e-13
62	6.59562905536573e-05	9.68373400058555e-14
63	6.58037057297985e-05	9.38120884536699e-14
64	6.56553691066143e-05	9.0926421160597e-14
65	6.55111114786204e-05	8.81718810946297e-14
66	6.53707727014949e-05	8.55406421477703e-14
67	6.52342010834154e-05	8.30254534839147e-14
68	6.51012528254109e-05	8.06195895307966e-14
69	6.49717915061247e-05	7.83168049711542e-14
70	6.48456876068989e-05	7.61112941700223e-14
71	6.47228180735185e-05	7.39976545453854e-14
72	6.46030659113197e-05	7.19708534501853e-14
73	6.44863198107134e-05	7.0026198186192e-14
74	6.43724738004662e-05	6.81593088157639e-14
75	6.42614269263581e-05	7.05128095567892e-14
76	6.41530829530304e-05	6.86817618182621e-14
77	6.40473500871119e-05	6.69211213727285e-14
78	6.39441407198283e-05	6.52273241946169e-14
79	6.38433711875158e-05	6.35970289531253e-14
80	6.37449615485877e-05	6.20271005205662e-14
81	6.36488353756311e-05	6.05145948881583e-14
82	6.35549195614513e-05	5.90567453536674e-14
83	6.34631441379635e-05	5.7650949859777e-14
84	6.33734421069502e-05	5.62947593749239e-14
85	6.32857492817715e-05	5.49858672196507e-14
86	6.3200004139214e-05	5.37220992515431e-14
87	6.31161476807066e-05	5.25014048307306e-14
88	6.30341233022273e-05	5.13218484957927e-14
89	6.29538766722651e-05	5.01816022869475e-14
90	6.2875355617246e-05	4.90789386596255e-14
91	6.2798510013905e-05	4.80122239371085e-14
92	6.27232916881035e-05	4.69799122558682e-14
93	6.26496543196492e-05	4.87949161623092e-14
94	6.25775533526973e-05	4.77678583440965e-14
95	6.25069459113589e-05	4.67728896727485e-14
96	6.2437790720155e-05	4.58086871508186e-14
97	6.23700480290044e-05	4.48739952670373e-14
98	6.2303679542429e-05	4.39676219070765e-14
99	6.22386483527137e-05	4.30884345505022e-14
100	6.13509713969747e-05	4.23249490948222e-14
101	6.21124567963666e-05	4.14073647409686e-14
102	6.20512290018134e-05	4.0603484556338e-14
103	6.19912035383821e-05	3.98227889731979e-14
104	6.19323495557874e-05	3.90643949316697e-14
105	6.18746372602437e-05	3.83274610178992e-14
106	6.18180378690382e-05	3.7611185129201e-14
107	6.17625235674482e-05	3.69148022905108e-14
108	6.17080674678715e-05	3.62375826110373e-14
109	6.16546435710285e-05	3.55788293709228e-14
110	6.16022267291162e-05	3.49378772285411e-14
111	6.15507926107987e-05	3.43140905398203e-14
112	6.15003176679335e-05	3.37068617816589e-14
113	6.14507791039237e-05	3.31156100721332e-14
114	6.14021548436059e-05	3.44916608647652e-14
115	6.13544235045994e-05	3.38970725948275e-14
116	6.13075643700116e-05	3.33177277132474e-14
117	6.12615573624421e-05	3.27531095790606e-14
118	6.12163830192093e-05	3.2202723255351e-14
119	6.11720224687303e-05	3.16660944242296e-14
120	6.11284574079892e-05	3.1142768364569e-14
121	6.10856700810412e-05	3.06323089883836e-14
122	6.10436432584956e-05	3.01342979320436e-14
123	6.10023602179193e-05	2.96483336987787e-14
124	6.09618047251231e-05	2.91740308491981e-14
125	6.09219610162742e-05	2.8711019236772e-14
126	6.08828137808e-05	2.82589432854465e-14
127	6.08443481450383e-05	2.78174613067562e-14
128	6.08065496565954e-05	2.73862448539897e-14
129	6.07694042693783e-05	2.69649781111227e-14
130	6.07328983292717e-05	2.65533573144006e-14
131	6.06970185604117e-05	2.61510902045881e-14
132	6.06617520520503e-05	2.57578955080457e-14
133	6.06270862459553e-05	2.53735024449094e-14
134	6.05930089243472e-05	2.49976502627669e-14
135	6.05595081983178e-05	2.46300877943346e-14
136	6.0526572496738e-05	2.42705730377301e-14
137	6.04941905556012e-05	2.39188727580333e-14
138	6.0462351407807e-05	2.35747621089084e-14
139	6.0431044373351e-05	2.32380242731451e-14
140	6.04002590498977e-05	2.42556703739747e-14
141	6.03699853037399e-05	2.39140856767125e-14
142	6.03402132610935e-05	2.35796661545642e-14
143	6.03109332997515e-05	2.32522128010565e-14
144	6.02821360410446e-05	2.29315334711017e-14
145	6.02538123421189e-05	2.26174425990594e-14
146	6.0225953288505e-05	2.23097609302243e-14
147	6.01985501869717e-05	2.20083152650107e-14
148	6.01715945586433e-05	2.17129382151527e-14
149	6.01450781323821e-05	2.1423467971283e-14
150	6.01189928384098e-05	2.11397480812822e-14
151	6.00933308021659e-05	2.08616272388357e-14
152	6.00680843383973e-05	2.05889590816629e-14
153	6.00432459454524e-05	2.03216019989165e-14
154	6.0018808299792e-05	2.00594189472786e-14
155	5.99947642506912e-05	1.98022772753098e-14
156	5.99711068151374e-05	1.95500485556252e-14
157	5.99478291728991e-05	1.93026084245081e-14
158	5.99249246617787e-05	1.90598364285821e-14
159	5.990238677303e-05	1.88216158781915e-14
160	5.98802091469312e-05	1.85878337071547e-14
161	5.98583855685121e-05	1.83583803385775e-14
162	5.98369099634385e-05	1.81331495564281e-14
163	5.98157763940182e-05	1.79120383825935e-14
164	5.97949790553664e-05	1.76949469591505e-14
165	5.97745122716794e-05	1.74817784356004e-14
166	5.97543704926486e-05	1.72724388608307e-14
167	5.97345482899878e-05	1.70668370795778e-14
168	5.97150403540767e-05	1.68648846331759e-14
169	5.96958414907168e-05	1.66664956643955e-14
170	5.9676946617993e-05	1.74216429063947e-14
171	5.96583507632381e-05	1.72190872907784e-14
172	5.96400490600955e-05	1.70200438237185e-14
173	5.96220367456785e-05	1.68244317748598e-14
174	5.96043091578166e-05	1.66321727201794e-14
175	5.95868617323972e-05	1.64431904633699e-14
176	5.95696900007849e-05	1.62574109603324e-14
177	5.95527895873238e-05	1.60747622466369e-14
178	5.95361562069221e-05	1.58951743678218e-14
179	5.95197856627074e-05	1.57185793124005e-14
180	5.95036738437594e-05	1.55449109474608e-14
181	5.94878167229079e-05	1.53741049567407e-14
182	5.94722103546019e-05	1.52060987810713e-14
183	5.94568508728445e-05	1.50408315610876e-14
184	5.94417344891866e-05	1.48782440821042e-14
185	5.94268574907864e-05	1.47182787210669e-14
186	5.94122162385235e-05	1.45608793954901e-14
187	5.93978071651697e-05	1.44059915142937e-14
188	5.93836267736196e-05	1.42535619304624e-14
189	5.93696716351662e-05	1.4103538895448e-14
190	5.93559383878283e-05	1.39558720152429e-14
191	5.93424237347372e-05	1.38105122080546e-14
192	5.93291244425544e-05	1.36674116635158e-14
193	5.93160373399495e-05	1.35265238033659e-14
194	5.93031593161123e-05	1.33878032435435e-14
195	5.92904873193141e-05	1.32512057576324e-14
196	5.92780183555072e-05	1.31166882416078e-14
197	5.92657494869631e-05	1.29842086798269e-14
198	5.92536778309522e-05	1.28537261122165e-14
199	5.92418005584604e-05	1.27252006026093e-14
200	5.92301148929375e-05	1.25985932081822e-14
201	5.92186181090885e-05	1.2473865949954e-14
202	5.920730753169e-05	1.23509817842995e-14
203	5.91961805344444e-05	1.22299045754424e-14
204	5.91852345388638e-05	1.21105990688862e-14
205	5.91744670131859e-05	1.19930308657479e-14
206	5.91638754713197e-05	1.2549303646258e-14
207	5.9153457471815e-05	1.24286478624209e-14
208	5.91432106168661e-05	1.2309723827161e-14
209	5.91331325513401e-05	1.21924985577078e-14
210	5.91232209618292e-05	1.20769398528041e-14
211	5.91134735757316e-05	1.1963016270589e-14
212	5.91038881603511e-05	1.18506971072086e-14
213	5.90944625220279e-05	1.1739952376126e-14
214	5.90851945052883e-05	1.16307527881054e-14
215	5.90760819920159e-05	1.15230697318432e-14
216	5.90671229006451e-05	1.14168752552261e-14
217	5.90583151853762e-05	1.13121420471891e-14
218	5.90496568354113e-05	1.12088434201546e-14
219	5.90411458742076e-05	1.11069532930289e-14
220	5.90327803587528e-05	1.10064461747388e-14
221	5.90245583788549e-05	1.09072971482858e-14
222	5.9016478056453e-05	1.08094818553019e-14
223	5.90085375449475e-05	1.07129764810873e-14
224	5.90007350285406e-05	1.06177577401139e-14
225	5.89930687215992e-05	1.05238028619774e-14
226	5.89855368680321e-05	1.04310895777834e-14
227	5.89781377406801e-05	1.03395961069502e-14
228	5.89708696407262e-05	1.0249301144416e-14
229	5.89637308971147e-05	1.01601838482351e-14
230	5.89567198659891e-05	1.00722238275496e-14
231	5.89498349301395e-05	9.98540113092441e-15
232	5.8943074498468e-05	9.89969623503271e-15
233	5.89364370054649e-05	9.81509003367963e-15
234	5.89299209106942e-05	9.73156382715263e-15
235	5.89235246982977e-05	9.6490993118885e-15
236	5.89172468765079e-05	9.56767857044464e-15
237	5.89110859771701e-05	9.48728406176597e-15
238	5.8905040555279e-05	9.40789861173646e-15
239	5.88991091885284e-05	9.32950540400641e-15
240	5.88932904768615e-05	9.25208797108625e-15
241	5.88875830420475e-05	9.1756301856974e-15
242	5.88819855272526e-05	9.10011625237306e-15
243	5.88764965966289e-05	9.02553069929931e-15
244	5.88711149349152e-05	8.95185837038966e-15
245	5.88658392470373e-05	8.87908441758474e-15
246	5.88606682577289e-05	9.29637401505631e-15
247	5.88556007111535e-05	9.22140875704884e-15
248	5.88506353705355e-05	9.14734662846687e-15
249	5.8845771017805e-05	9.0741731803059e-15
250	5.88410064532438e-05	9.00187425136872e-15
251	5.88363404951439e-05	8.9304359614138e-15
252	5.88317719794715e-05	8.85984470449239e-15
253	5.88272997595412e-05	8.7900871424698e-15
254	5.88229227056919e-05	8.72115019872439e-15
255	5.88186397049772e-05	8.65302105201874e-15
256	5.88144496608569e-05	8.58568713053797e-15
257	5.88103514928981e-05	8.51913610608927e-15
258	5.88063441364807e-05	8.45335588845901e-15
259	5.88024265425114e-05	8.38833461992091e-15
260	5.8798597677145e-05	8.32406066989218e-15
261	5.87948565215067e-05	8.26052262973201e-15
262	5.87912020714268e-05	8.19770930767843e-15
263	5.87876333371747e-05	8.13560972392001e-15
264	5.87841493432043e-05	8.07421310579701e-15
265	5.87807491279017e-05	8.01350888312913e-15
266	5.87774317433378e-05	7.95348668366578e-15
267	5.8774196255029e-05	7.89413632865522e-15
268	5.87710417417002e-05	7.83544782852877e-15
269	5.87679672950536e-05	7.77741137869708e-15
270	5.87649720195439e-05	7.7200173554549e-15
271	5.87620550321544e-05	7.66325631199131e-15
272	5.87592154621823e-05	7.60711897450206e-15
273	5.87564524510261e-05	7.55159623840177e-15
274	5.87537651519763e-05	7.49667916463148e-15
275	5.87511527300133e-05	7.44235897606108e-15
276	5.87486143616074e-05	7.38862705398176e-15
277	5.87461492345229e-05	7.33547493468712e-15
278	5.87437565476254e-05	7.28289430614005e-15
279	5.87414355106994e-05	7.23087700472287e-15
280	5.87391853442578e-05	7.1794150120685e-15
281	5.87370052793664e-05	7.12850045197005e-15
282	5.87348945574667e-05	7.07812558736723e-15
283	5.87328524302009e-05	7.02828281740674e-15
284	5.87308781592445e-05	6.97896467457486e-15
285	5.87289710161413e-05	6.93016382190044e-15
286	5.87271302821359e-05	6.88187305022585e-15
287	5.87253552480204e-05	6.83408527554449e-15
288	5.8723645213972e-05	6.78679353640253e-15
289	5.87219994894051e-05	6.73999099136359e-15
290	5.8720417392817e-05	6.69367091653425e-15
291	5.8718898251641e-05	6.64782670314903e-15
292	5.87174414021039e-05	6.60245185521286e-15
293	5.87160461890825e-05	6.55753998719985e-15
294	5.87147119659651e-05	6.86826777481134e-15
295	5.87134380945158e-05	6.82186340305769e-15
296	5.87122239447381e-05	6.77592773354708e-15
297	5.87110688947466e-05	6.73045447536155e-15
298	5.87099723306392e-05	6.68543744277593e-15
299	5.87089336463662e-05	6.64087055315409e-15
300	5.87079522436112e-05	6.59674782489417e-15
301	5.87070275316662e-05	6.55306337542146e-15
302	5.87061589273156e-05	6.50981141922751e-15
303	5.8705345854716e-05	6.46698626595443e-15
304	5.87045877452836e-05	6.42458231852333e-15
305	5.87038840375797e-05	6.38259407130535e-15
306	5.87032341772042e-05	6.34101610833435e-15
307	5.87026376166796e-05	6.29984310156059e-15
308	5.87020938153521e-05	6.25906980914353e-15
309	5.8701602239284e-05	6.21869107378342e-15
310	5.87011623611486e-05	6.17870182109037e-15
311	5.87007736601336e-05	6.13909705799012e-15
312	5.87004356218407e-05	6.09987187116513e-15
313	5.87001477381863e-05	6.06102142553096e-15
314	5.86999095073097e-05	6.02254096274601e-15
315	5.86997204334759e-05	5.98442579975446e-15
316	5.86995800269873e-05	5.9466713273615e-15
317	5.86994878040898e-05	5.90927300883966e-15
318	5.86994432868866e-05	5.87222637856605e-15
319	5.869944600325e-05	5.83552704068904e-15
320	5.86994954867356e-05	5.79917066782436e-15
321	5.86995912764994e-05	5.7631529997792e-15
322	5.8699732917216e-05	5.72746984230436e-15
323	5.86999199589927e-05	5.69211706587297e-15
324	5.87001519572943e-05	5.65709060448573e-15
325	5.8700428472865e-05	5.62238645450187e-15
326	5.87007490716492e-05	5.58800067349477e-15
327	5.8701113324716e-05	5.5539293791326e-15
328	5.8701520808188e-05	5.52016874808202e-15
329	5.87019711031627e-05	5.48671501493593e-15
330	5.87024637956469e-05	5.45356447116329e-15
331	5.87029984764834e-05	5.42071346408124e-15
332	5.87035747412803e-05	5.38815839584914e-15
333	5.87041921903443e-05	5.35589572248312e-15
334	5.87048504286149e-05	5.32392195289179e-15
335	5.87055490655975e-05	5.29223364793165e-15
336	5.87062877152976e-05	5.26082741948232e-15
337	5.87070659961598e-05	5.22969992954075e-15
338	5.87078835310028e-05	5.19884788933434e-15
339	5.87087399469594e-05	5.16826805845216e-15
340	5.87096348754164e-05	5.13795724399421e-15
341	5.87105679519517e-05	5.10791229973755e-15
342	5.87115388162822e-05	5.07813012532036e-15
343	5.87125471122005e-05	5.04860766544165e-15
344	5.8713592487521e-05	5.01934190907778e-15
345	5.87146745940248e-05	4.99032988871485e-15
346	5.87157930874033e-05	4.96156867959613e-15
347	5.87169476272057e-05	4.93305539898509e-15
348	5.87181378767858e-05	5.1674892613622e-15
349	5.87193635032505e-05	5.13796227704791e-15
350	5.87206241774064e-05	5.10868764705397e-15
351	5.87219195737135e-05	5.07966250386638e-15
352	5.87232493702319e-05	5.05088402058547e-15
353	5.87246132485754e-05	5.02234941023741e-15
354	5.87260108938628e-05	4.99405592509945e-15
355	5.87274419946694e-05	4.96600085603852e-15
356	5.87289062429839e-05	4.93818153186273e-15
357	5.87304033341591e-05	4.91059531868525e-15
358	5.87319329668684e-05	4.88323961930115e-15
359	5.87334948430647e-05	4.85611187257589e-15
360	5.87350886679313e-05	4.82920955284595e-15
361	5.87367141498422e-05	4.80253016933091e-15
362	5.87383710003206e-05	4.77607126555686e-15
363	5.87400589339959e-05	4.74983041879093e-15
364	5.87417776685632e-05	4.72380523948677e-15
365	5.87435269247422e-05	4.69799337074046e-15
366	5.87453064262413e-05	4.67239248775681e-15
367	5.87471158997155e-05	4.64700029732603e-15
368	5.87489550747254e-05	4.6218145373101e-15
369	5.87508236837071e-05	4.59683297613884e-15
370	5.87527214619283e-05	4.57205341231571e-15
371	5.87546481474554e-05	4.54747367393268e-15
372	5.8756603481114e-05	4.52309161819439e-15
373	5.87585872064576e-05	4.49890513095104e-15
374	5.87605990697302e-05	4.47491212624015e-15
375	5.87626388198315e-05	4.4511105458367e-15
376	5.87647062082851e-05	4.42749835881181e-15
377	5.87668009892037e-05	4.40407356109936e-15
378	5.87689229192557e-05	4.38083417507088e-15
379	5.87710717576347e-05	4.35777824911811e-15
380	5.87732472660258e-05	4.33490385724313e-15
381	5.87754492085746e-05	4.31220909865626e-15
382	5.87776773518586e-05	4.28969209738109e-15
383	5.87799314648531e-05	4.26735100186686e-15
384	5.87822113189035e-05	4.24518398460775e-15
385	5.8784516687695e-05	4.22318924176921e-15
386	5.87868473472247e-05	4.20136499282087e-15
387	5.87892030757697e-05	4.17970948017633e-15
388	5.87915836538627e-05	4.15822096883916e-15
389	5.87939888642628e-05	4.13689774605552e-15
390	5.87964184919265e-05	4.11573812097262e-15
391	5.87988723239837e-05	4.0947404243038e-15
392	5.88013501497064e-05	4.07390300799908e-15
393	5.88038517604885e-05	4.05322424492186e-15
394	5.88063769498149e-05	4.03270252853129e-15
395	5.88089255132392e-05	4.01233627257013e-15
396	5.88114972483558e-05	3.99212391075833e-15
397	5.8814091954778e-05	3.97206389649176e-15
398	5.8816709434111e-05	3.95215470254647e-15
399	5.88193494899307e-05	3.93239482078789e-15
400	5.88220119277563e-05	3.91278276188528e-15
401	5.88246965550315e-05	3.89331705503107e-15
402	5.88274031810971e-05	3.87399624766508e-15
403	5.88301316171708e-05	3.85481890520356e-15
404	5.88328816763252e-05	3.83578361077292e-15
405	5.88356531734618e-05	3.81688896494786e-15
406	5.88384459252967e-05	3.79813358549434e-15
407	5.88412597503315e-05	3.77951610711669e-15
408	5.8844094468836e-05	3.76103518120913e-15
409	5.88469499028265e-05	3.7426894756116e-15
410	5.8849825876047e-05	3.92046362455025e-15
411	5.88527222139451e-05	3.90143308126493e-15
412	5.88556387436567e-05	3.88254076830626e-15
413	5.88585752939819e-05	3.86378535017424e-15
414	5.88615316953691e-05	3.84516550745851e-15
415	5.88645077798924e-05	3.82667993660635e-15
416	5.88675033812368e-05	3.80832734969441e-15
417	5.88705183346772e-05	3.7901064742045e-15
418	5.88735524770592e-05	3.77201605280292e-15
419	5.8876605646782e-05	3.75405484312359e-15
420	5.88796776837811e-05	3.73622161755475e-15
421	5.88827684295105e-05	3.71851516302918e-15
422	5.88858777269241e-05	3.70093428081783e-15
423	5.88890054204601e-05	3.68347778632707e-15
424	5.88921513560213e-05	3.66614450889902e-15
425	5.88953153809643e-05	3.64893329161536e-15
426	5.88984973440768e-05	3.6318429911042e-15
427	5.89016970955623e-05	3.6148724773503e-15
428	5.89049144870284e-05	3.59802063350813e-15
429	5.89081493714674e-05	3.58128635571823e-15
430	5.891140160324e-05	3.56466855292635e-15
431	5.89146710380621e-05	3.54816614670569e-15
432	5.89179575329897e-05	3.53177807108184e-15
433	5.8921260946403e-05	3.5155032723608e-15
434	5.89245811379891e-05	3.49934070895932e-15
435	5.89279179687336e-05	3.48328935123853e-15
436	5.89312713009015e-05	3.46734818133981e-15
437	5.89346409980216e-05	3.45151619302343e-15
438	5.89380269248785e-05	3.43579239150975e-15
439	5.89414289474929e-05	3.42017579332307e-15
440	5.89448469331107e-05	3.40466542613763e-15
441	5.89482807501909e-05	3.38926032862644e-15
442	5.8951730268388e-05	3.37395955031225e-15
443	5.89551953585434e-05	3.35876215142093e-15
444	5.89586758926682e-05	3.34366720273717e-15
445	5.89621717439355e-05	3.32867378546249e-15
446	5.89656827866629e-05	3.31378099107532e-15
447	5.89692088963029e-05	3.29898792119347e-15
448	5.89727499494288e-05	3.28429368743859e-15
449	5.89763058237247e-05	3.26969741130279e-15
450	5.89798763979721e-05	3.25519822401732e-15
451	5.89834615520386e-05	3.24079526642338e-15
452	5.89870611668644e-05	3.22648768884472e-15
453	5.89906751244542e-05	3.2122746509624e-15
454	5.89943033078636e-05	3.1981553216914e-15
455	5.89979456011865e-05	3.18412887905906e-15
456	5.90016018895481e-05	3.17019451008558e-15
457	5.90052720590904e-05	3.15635141066606e-15
458	5.9008955996962e-05	3.14259878545461e-15
459	5.90126535913086e-05	3.12893584775e-15
460	5.90163647312627e-05	3.11536181938331e-15
461	5.90200893069305e-05	3.10187593060694e-15
462	5.90238272093847e-05	3.08847741998562e-15
463	5.90275783306516e-05	3.07516553428886e-15
464	5.90313425637059e-05	3.06193952838509e-15
465	5.90351198024525e-05	3.04879866513747e-15
466	5.90389099417252e-05	3.03574221530101e-15
467	5.90427128772727e-05	3.02276945742161e-15
468	5.90465285057498e-05	3.00987967773616e-15
469	5.90503567247066e-05	2.99707217007456e-15
470	5.90541974325832e-05	2.9843462357629e-15
471	5.90580505286959e-05	2.97170118352818e-15
472	5.90619159132303e-05	2.95913632940445e-15
473	5.90657934872338e-05	2.9466509966403e-15
474	5.90696831526031e-05	2.9342445156078e-15
475	5.90735848120784e-05	2.92191622371259e-15
476	5.90774983692337e-05	2.9096654653055e-15
477	5.90814237284692e-05	2.89749159159537e-15
478	5.90853607949998e-05	2.88539396056313e-15
479	5.90893094748512e-05	2.87337193687713e-15
480	5.90932696748489e-05	2.86142489180977e-15
481	5.90972413026101e-05	2.9969143625325e-15
482	5.91012242665352e-05	2.98450524201701e-15
483	5.91052184758045e-05	2.97217303466505e-15
484	5.91092238403627e-05	2.95991710616503e-15
485	5.91132402709174e-05	2.94773682873086e-15
486	5.91172676789286e-05	2.93563158102172e-15
487	5.91213059766014e-05	2.92360074806272e-15
488	5.91253550768792e-05	2.91164372116682e-15
489	5.91294148934357e-05	2.89975989785786e-15
490	5.91334853406691e-05	2.88794868179461e-15
491	5.91375663336917e-05	2.87620948269606e-15
492	5.91416577883257e-05	2.86454171626751e-15
493	5.91457596210955e-05	2.85294480412805e-15
494	5.91498717492199e-05	2.84141817373874e-15
495	5.9153994090605e-05	2.82996125833197e-15
496	5.91581265638403e-05	2.81857349684185e-15
497	5.91622690881878e-05	2.80725433383547e-15
498	5.91664215835783e-05	2.79600321944514e-15
499	5.91705839706022e-05	2.78481960930169e-15
500	5.91747561705082e-05	2.77370296446855e-15
501	5.91789381051895e-05	2.76265275137688e-15
502	5.91831296971842e-05	2.75166844176146e-15
503	5.91873308696647e-05	2.74074951259769e-15
504	5.9191541546434e-05	2.72989544603916e-15
505	5.91957616519159e-05	2.71910572935637e-15
506	5.91999911111564e-05	2.70837985487619e-15
507	5.92042298498074e-05	2.697717319922e-15
508	5.92084777941316e-05	2.68711762675493e-15
509	5.92127348709866e-05	2.67658028251579e-15
510	5.92170010078278e-05	2.66610479916762e-15
511	5.92212761326957e-05	2.65569069343932e-15
512	5.92255601742153e-05	2.64533748676986e-15
513	5.92298530615876e-05	2.63504470525336e-15
514	5.92341547245855e-05	2.62481187958468e-15
515	5.92384650935471e-05	2.61463854500618e-15
516	5.9242784099372e-05	2.60452424125476e-15
517	5.92471116735141e-05	2.59446851250986e-15
518	5.92514477479782e-05	2.58447090734211e-15
519	5.92557922553128e-05	2.57453097866264e-15
520	5.92601451286065e-05	2.56464828367312e-15
521	5.92645063014822e-05	2.55482238381645e-15
522	5.9268875708092e-05	2.54505284472806e-15
523	5.92732532831127e-05	2.53533923618794e-15
524	5.92776389617397e-05	2.52568113207333e-15
525	5.92820326796856e-05	2.51607811031182e-15
526	5.92864343731692e-05	2.50652975283547e-15
527	5.92908439789165e-05	2.49703564553506e-15
528	6.52170338566783e-05	2.48759537821541e-15
529	6.52218934417589e-05	2.47820854455092e-15
530	6.52267615087182e-05	2.46887474204188e-15
531	6.52316379902361e-05	2.45959357197139e-15
532	6.52365228195228e-05	2.45036463936275e-15
533	6.52414159303127e-05	2.44118755293732e-15
534	6.52463172568578e-05	2.43206192507326e-15
535	6.52512267339279e-05	2.4229873717644e-15
536	6.52561442967998e-05	2.41396351257996e-15
537	6.52610698812565e-05	2.40498997062467e-15
538	6.52660034235823e-05	2.39606637249929e-15
539	6.52709448605575e-05	2.387192348262e-15
540	6.52758941294516e-05	2.37836753138981e-15
541	6.52808511680247e-05	2.36959155874089e-15
542	6.5285815914516e-05	2.36086407051711e-15
543	6.52907883076443e-05	2.35218471022719e-15
544	6.52957682866024e-05	2.34355312465036e-15
545	6.53007557910524e-05	2.3349689638003e-15
546	6.53057507611212e-05	2.32643188088978e-15
547	6.53107531373971e-05	2.31794153229551e-15
548	6.53157628609235e-05	2.30949757752375e-15
549	6.53207798732006e-05	2.30109967917594e-15
550	6.53258041161723e-05	2.29274750291516e-15
551	6.53308355322295e-05	2.28444071743283e-15
552	6.53358740642038e-05	2.27617899441578e-15
553	6.53409196553639e-05	2.26796200851389e-15
554	6.53459722494089e-05	2.25978943730801e-15
555	6.53510317904697e-05	2.25166096127836e-15
556	6.53560982230984e-05	2.24357626377328e-15
557	6.53611714922725e-05	2.23553503097841e-15
558	6.53662515433851e-05	2.2275369518862e-15
559	6.53713383222416e-05	2.21958171826587e-15
560	6.537643177506e-05	2.21166902463374e-15
561	6.53815318484635e-05	2.31583519510237e-15
562	6.53866384894781e-05	2.30760868988361e-15
563	6.53917516455285e-05	2.29942594127168e-15
564	6.53968712644383e-05	2.29128663949519e-15
565	6.54019972944185e-05	2.28319047751921e-15
566	6.54071296840733e-05	2.27513715101622e-15
567	6.54122683823896e-05	2.26712635833757e-15
568	6.54174133387381e-05	2.25915780048523e-15
569	6.54225645028661e-05	2.25123118108385e-15
570	6.54277218248987e-05	2.24334620635323e-15
571	6.54328852553325e-05	2.23550258508112e-15
572	6.54380547450311e-05	2.2277000285963e-15
573	6.54432302452271e-05	2.21993825074201e-15
574	6.5448411707512e-05	2.21221696784977e-15
575	6.545359908384e-05	2.20453589871337e-15
576	6.5458792326519e-05	2.19689476456337e-15
577	6.54639913882109e-05	2.18929328904171e-15
578	6.54691962219283e-05	2.18173119817681e-15
579	6.54744067810309e-05	2.17420822035881e-15
580	6.54796230192217e-05	2.1667240863152e-15
581	6.54848448905452e-05	2.1592785290868e-15
582	6.54900723493851e-05	2.1518712840038e-15
583	6.54953053504587e-05	2.14450208866239e-15
584	6.55005438488172e-05	2.13717068290144e-15
585	6.55057877998405e-05	2.12987680877956e-15
586	6.55110371592369e-05	2.12262021055241e-15
587	6.55162918830362e-05	2.11540063465025e-15
588	6.5521551927592e-05	2.10821782965587e-15
589	6.55268172495743e-05	2.1010715462826e-15
590	6.55320878059715e-05	2.09396153735277e-15
591	6.55373635540827e-05	2.08688755777626e-15
592	6.5542644451519e-05	2.07984936452942e-15
593	6.55479304561991e-05	2.07284671663423e-15
594	6.55532215263467e-05	2.0658793751376e-15
595	6.5558517620489e-05	2.058947103091e-15
596	6.55638186974526e-05	2.05204966553038e-15
597	6.55691247163616e-05	2.04518682945618e-15
598	6.55744356366372e-05	2.03835836381369e-15
599	6.5579751417991e-05	2.03156403947362e-15
600	6.55850720204267e-05	2.02480362921281e-15
601	6.55903974042344e-05	2.01807690769534e-15
602	6.55957275299904e-05	2.01138365145365e-15
603	6.56010623585542e-05	2.00472363887003e-15
604	6.56064018510658e-05	1.99809665015826e-15
605	6.56117459689439e-05	1.99150246734549e-15
606	6.56170946738833e-05	1.98494087425431e-15
607	6.56224479278526e-05	1.97841165648503e-15
608	6.56278056930911e-05	1.97191460139819e-15
609	6.56331679321081e-05	1.96544949809718e-15
610	6.56385346076811e-05	1.95901613741119e-15
611	6.56439056828507e-05	1.9526143118783e-15
612	6.56492811209217e-05	1.94624381572869e-15
613	6.56546608854574e-05	1.93990444486814e-15
614	6.56600449402826e-05	1.93359599686171e-15
615	6.56654332494764e-05	1.92731827091752e-15
616	6.56708257773716e-05	1.92107106787084e-15
617	6.56762224885561e-05	1.91485419016824e-15
618	6.5681623347864e-05	1.90866744185196e-15
619	6.56870283203805e-05	1.90251062854457e-15
620	6.56924373714352e-05	1.89638355743356e-15
621	6.56978504666024e-05	1.89028603725635e-15
622	6.57032675716989e-05	1.88421787828532e-15
623	6.5708688652782e-05	1.87817889231308e-15
624	6.57141136761449e-05	1.8721688926378e-15
625	6.57195426083192e-05	1.8661876940489e-15
626	6.57249754160711e-05	1.86023511281267e-15
627	6.57304120663968e-05	1.85431096665823e-15
628	6.57358525265259e-05	1.84841507476354e-15
629	6.57412967639161e-05	1.84254725774163e-15
630	6.57467447462513e-05	1.83670733762692e-15
631	6.575219644144e-05	1.83089513786174e-15
632	6.57576518176163e-05	1.82511048328304e-15
633	6.57631108431332e-05	1.81935320010907e-15
634	6.57685734865656e-05	1.81362311592646e-15
635	6.57740397167049e-05	1.80792005967722e-15
636	6.57795095025608e-05	1.80224386164601e-15
637	6.57849828133541e-05	1.79659435344754e-15
638	6.57904596185224e-05	1.79097136801399e-15
639	6.57959398877114e-05	1.78537473958281e-15
640	6.58014235907795e-05	1.77980430368431e-15
641	6.58069106977901e-05	1.77425989712975e-15
642	6.58124011790131e-05	1.76874135799932e-15
643	6.58178950049251e-05	1.76324852563026e-15
644	6.58233921462045e-05	1.75778124060529e-15
645	6.58288925737294e-05	1.75233934474091e-15
646	6.58343962585811e-05	1.7469226810761e-15
647	6.58399031720366e-05	1.74153109386085e-15
648	6.58454132855708e-05	1.73616442854507e-15
649	6.58509265708527e-05	1.73082253176751e-15
650	6.58564429997471e-05	1.72550525134474e-15
651	6.58619625443088e-05	1.72021243626036e-15
652	6.58674851767842e-05	1.80067564284192e-15
653	6.58730108696073e-05	1.79516914073241e-15
654	6.58785395954035e-05	1.78968785854979e-15
655	6.58840713269804e-05	1.78423164251825e-15
656	6.58896060373331e-05	1.77880034003222e-15
657	6.58951436996388e-05	1.77339379964576e-15
658	6.59006842872575e-05	1.76801187106191e-15
659	6.59062277737291e-05	1.7626544051223e-15
660	6.59117741327722e-05	1.75732125379683e-15
661	6.59173233382844e-05	1.75201227017343e-15
662	6.59228753643385e-05	1.74672730844788e-15
663	6.59284301851845e-05	1.74146622391391e-15
664	6.5933987775244e-05	1.7362288729532e-15
665	6.59395481091113e-05	1.73101511302564e-15
666	6.59451111615528e-05	1.72582480265959e-15
667	6.59506769075041e-05	1.72065780144233e-15
668	6.59562453220684e-05	1.71551397001048e-15
669	6.5961816380517e-05	1.71039317004071e-15
670	6.59673900582887e-05	1.70529526424037e-15
671	6.5972966330984e-05	1.70022011633829e-15
672	6.59785451743687e-05	1.69516759107571e-15
673	6.59841265643706e-05	1.69013755419724e-15
674	6.59897104770771e-05	1.68512987244194e-15
675	6.59952968887378e-05	1.6801444135345e-15
676	6.60008857757585e-05	1.67518104617653e-15
677	6.60064771147034e-05	1.67023964003786e-15
678	6.6012070882293e-05	1.66532006574804e-15
679	6.60176670554029e-05	1.66042219488785e-15
680	6.60232656110622e-05	1.65554589998087e-15
681	6.60288665264515e-05	1.6506910544853e-15
682	6.60344697789053e-05	1.64585753278563e-15
683	6.6040075345907e-05	1.64104521018462e-15
684	6.6045683205089e-05	1.63625396289515e-15
685	6.60512933342321e-05	1.63148366803233e-15
686	6.60569057112654e-05	1.62673420360564e-15
687	6.60625203142631e-05	1.62200544851105e-15
688	6.60681371214435e-05	1.61729728252339e-15
689	6.60737561111692e-05	1.61260958628862e-15
690	6.60793772619464e-05	1.60794224131633e-15
691	6.60850005524214e-05	1.60329512997223e-15
692	6.60906259613821e-05	1.59866813547077e-15
693	6.60962534677565e-05	1.59406114186771e-15
694	6.61018830506101e-05	1.58947403405296e-15
695	6.61075146891462e-05	1.58490669774337e-15
696	6.61131483627044e-05	1.58035901947554e-15
697	6.61187840507612e-05	1.57583088659884e-15
698	6.61244217329251e-05	1.57132218726845e-15
699	6.61300613889404e-05	1.56683281043839e-15
700	6.61357029986824e-05	1.5623626458547e-15
701	6.61413465421608e-05	1.55791158404873e-15
702	6.61469919995117e-05	1.55347951633036e-15
703	6.61526393510035e-05	1.54906633478138e-15
704	6.61582885770321e-05	1.544671932249e-15
705	6.61639396581232e-05	1.54029620233921e-15
706	6.61695925749272e-05	1.53593903941046e-15
707	6.61752473082217e-05	1.53160033856724e-15
708	6.6180903838908e-05	1.52727999565373e-15
709	6.61865621480129e-05	1.52297790724761e-15
710	6.61922222166861e-05	1.51869397065383e-15
711	6.61978840261981e-05	1.51442808389849e-15
712	6.62035475579434e-05	1.51018014572282e-15
713	6.62092127934355e-05	1.50595005557706e-15
714	6.62148797143067e-05	1.50173771361463e-15
715	6.62205483023103e-05	1.49754302068614e-15
716	6.62262185393159e-05	1.49336587833366e-15
717	6.62318904073112e-05	1.48920618878483e-15
718	6.62375638883993e-05	1.48506385494722e-15
719	6.62432389647993e-05	1.48093878040261e-15
720	6.62489156188446e-05	1.47683086940144e-15
721	6.62545938329838e-05	1.4727400268572e-15
722	6.62602735897753e-05	1.46866615834095e-15
723	6.62659548718925e-05	1.46460917007586e-15
724	6.62716376621203e-05	1.46056896893183e-15
725	6.62773219433507e-05	1.45654546242013e-15
726	6.62830076985906e-05	1.45253855868813e-15
727	6.62886949109518e-05	1.44854816651399e-15
728	6.62943835636556e-05	1.44457419530159e-15
729	6.63000736400322e-05	1.44061655507525e-15
730	6.63057651235155e-05	1.43667515647477e-15
731	6.63114579976487e-05	1.43274991075025e-15
732	6.6317152246079e-05	1.42884072975723e-15
733	6.63228478525559e-05	1.4249475259516e-15
734	6.63285448009352e-05	1.42107021238483e-15
735	6.63342430751741e-05	1.41720870269905e-15
736	6.63399426593346e-05	1.41336291112224e-15
737	6.63456435375768e-05	1.40953275246347e-15
738	6.6351345694165e-05	1.40571814210821e-15
739	6.63570491134602e-05	1.40191899601361e-15
740	6.63627537799255e-05	1.39813523070392e-15
741	6.63684596781224e-05	1.39436676326587e-15
742	6.63741667927086e-05	1.39061351134414e-15
743	6.63798751084405e-05	1.38687539313686e-15
744	6.6385584610172e-05	1.38315232739116e-15
745	6.63912952828511e-05	1.37944423339875e-15
746	6.63970071115231e-05	1.3757510309915e-15
747	6.64027200813259e-05	1.37207264053722e-15
748	6.64084341774933e-05	1.36840898293525e-15
749	6.64141493853516e-05	1.36475997961225e-15
750	6.64198656903192e-05	1.36112555251803e-15
751	6.64255830779076e-05	1.3575056241213e-15
752	6.64313015337191e-05	1.35390011740561e-15
753	6.64370210434474e-05	1.41670598160621e-15
754	6.64427415928762e-05	1.41295320726305e-15
755	6.64484631678777e-05	1.40921532452731e-15
756	6.64541857544148e-05	1.40549225471337e-15
757	6.6459909338537e-05	1.40178391965463e-15
758	6.64656339063835e-05	1.39809024169942e-15
759	6.64713594441781e-05	1.39441114370692e-15
760	6.64770859382331e-05	1.39074654904313e-15
761	6.64828133749463e-05	1.3870963815769e-15
762	6.64885417408003e-05	1.38346056567596e-15
763	6.64942710223631e-05	1.37983902620297e-15
764	6.65000012062849e-05	1.37623168851172e-15
765	6.65057322793044e-05	1.37263847844322e-15
766	6.6511464228237e-05	1.36905932232189e-15
767	6.65171970399845e-05	1.3654941469518e-15
768	6.65229307015306e-05	1.36194287961295e-15
769	6.65286651999387e-05	1.3584054480575e-15
770	6.65344005223534e-05	1.35488178050615e-15
771	6.65401366560002e-05	1.3513718056445e-15
772	6.6545873588185e-05	1.34787545261939e-15
773	6.65516113062899e-05	1.34439265103537e-15
774	6.65573497977795e-05	1.34092333095115e-15
775	6.65630890501935e-05	1.33746742287607e-15
776	6.65688290511501e-05	1.33402485776665e-15
777	6.6574569788345e-05	1.33059556702311e-15
778	6.658031124955e-05	1.32717948248596e-15
779	6.6586053422613e-05	1.32377653643264e-15
780	6.65917962954569e-05	1.32038666157413e-15
781	6.65975398560817e-05	1.31700979105164e-15
782	6.66032840925587e-05	1.3136458584333e-15
783	6.66090289930347e-05	1.31029479771093e-15
784	6.66147745457308e-05	1.30695654329675e-15
785	6.66205207389405e-05	1.30363103002018e-15
786	6.66262675610291e-05	1.30031819312472e-15
787	6.66320150004348e-05	1.29701796826473e-15
788	6.66377630456659e-05	1.29373029150233e-15
789	6.66435116853042e-05	1.29045509930427e-15
790	6.66492609080007e-05	1.28719232853894e-15
791	6.66550107024769e-05	1.28394191647327e-15
792	6.66607610575227e-05	1.28070380076969e-15
793	6.66665119619995e-05	1.27747791948321e-15
794	6.66722634048344e-05	1.27426421105841e-15
795	6.66780153750259e-05	1.2710626143265e-15
796	6.66837678616382e-05	1.26787306850246e-15
797	6.66895208538043e-05	1.26469551318208e-15
798	6.6695274340723e-05	1.26152988833918e-15
799	6.6701028311661e-05	1.25837613432271e-15
800	6.67067827559484e-05	1.25523419185396e-15
801	6.67125376629845e-05	1.25210400202381e-15
802	6.67182930222308e-05	1.2489855062899e-15
803	6.67240488232151e-05	1.24587864647397e-15
804	6.67298050555297e-05	1.24278336475907e-15
805	6.67355617088292e-05	1.23969960368693e-15
806	6.67413187728342e-05	1.23662730615528e-15
807	6.6747076237325e-05	1.23356641541517e-15
808	6.67528340921489e-05	1.2305168750684e-15
809	6.67585923272117e-05	1.22747862906489e-15
810	6.67643509324821e-05	1.22445162170011e-15
811	6.6770109897992e-05	1.22143579761254e-15
812	6.67758692138317e-05	1.21843110178111e-15
813	6.67816288701546e-05	1.21543747952275e-15
814	6.67873888571721e-05	1.21245487648983e-15
815	6.67931491651569e-05	1.20948323866772e-15
816	6.67989097844407e-05	1.20652251237237e-15
817	6.68046707054148e-05	1.20357264424785e-15
818	6.68104319185287e-05	1.20063358126397e-15
819	6.68161934142901e-05	1.19770527071389e-15
820	6.68219551832658e-05	1.19478766021173e-15
821	6.68277172160785e-05	1.1918806976903e-15
822	6.68334795034079e-05	1.18898433139868e-15
823	6.68392420359935e-05	1.18609850989998e-15
824	6.68450048046284e-05	1.18322318206907e-15
825	6.68507678001633e-05	1.18035829709024e-15
826	6.68565310135022e-05	1.17750380445504e-15
827	6.68622944356086e-05	1.17465965396002e-15
828	6.68680580574979e-05	1.17182579570447e-15
829	6.68738218702404e-05	1.16900218008832e-15
830	6.68795858649629e-05	1.16618875780994e-15
831	6.68853500328429e-05	1.16338547986394e-15
832	6.68911143651142e-05	1.1605922975391e-15
833	6.68968788530632e-05	1.15780916241623e-15
834	6.69026434880283e-05	1.15503602636604e-15
835	6.69084082614017e-05	1.15227284154712e-15
836	6.69141731646276e-05	1.14951956040383e-15
837	6.69199381892018e-05	1.14677613566427e-15
838	6.6925703326672e-05	1.14404252033824e-15
839	6.69314685686366e-05	1.14131866771527e-15
840	6.69372339067466e-05	1.13860453136256e-15
841	6.69429993327008e-05	1.13590006512303e-15
842	6.69487648382513e-05	1.13320522311341e-15
843	6.69545304151983e-05	1.13051995972216e-15
844	6.69602960553921e-05	1.12784422960771e-15
845	6.69660617507333e-05	1.12517798769642e-15
846	6.69718274931702e-05	1.12252118918072e-15
847	6.69775932746999e-05	1.11987378951724e-15
848	6.69833590873706e-05	1.11723574442493e-15
849	6.69891249232739e-05	1.1146070098832e-15
850	6.69948907745525e-05	1.11198754213012e-15
851	6.70006566333964e-05	1.10937729766056e-15
852	6.70064224920434e-05	1.10677623322438e-15
853	6.70121883427755e-05	1.10418430582469e-15
854	6.70179541779229e-05	1.10160147271601e-15
855	6.70237199898645e-05	1.09902769140255e-15
856	6.70294857710208e-05	1.09646291963645e-15
857	6.70352515138617e-05	1.09390711541603e-15
858	6.70410172109e-05	1.09136023698411e-15
859	6.7046782854696e-05	1.08882224282624e-15
860	6.70525484378532e-05	1.08629309166909e-15
861	6.705831395302e-05	1.0837727424787e-15
862	6.70640793928903e-05	1.08126115445886e-15
863	6.70698447502002e-05	1.07875828704944e-15
864	6.70756100177321e-05	1.07626409992476e-15
865	6.708137518831e-05	1.07377855299196e-15
866	6.70871402548005e-05	1.07130160638939e-15
867	6.70929052101154e-05	1.12054220024192e-15
868	6.70986700472079e-05	1.11796333007923e-15
869	6.71044347590749e-05	1.11539335238867e-15
870	6.7110199338753e-05	1.11283222633309e-15
871	6.71159637793228e-05	1.11027991130949e-15
872	6.71217280739065e-05	1.10773636694744e-15
873	6.71274922156669e-05	1.10520155310743e-15
874	6.71332561978088e-05	1.10267542987932e-15
875	6.71390200135761e-05	1.10015795758077e-15
876	6.71447836562566e-05	1.09764909675567e-15
877	6.71505471191751e-05	1.09514880817259e-15
878	6.71563103956989e-05	1.09265705282328e-15
879	6.71620734792335e-05	1.09017379192109e-15
880	6.71678363632262e-05	1.08769898689953e-15
881	6.71735990411618e-05	1.08523259941071e-15
882	6.71793615065645e-05	1.08277459132388e-15
883	6.71851237529983e-05	1.08032492472397e-15
884	6.7190885774066e-05	1.07788356191012e-15
885	6.71966475634076e-05	1.07545046539421e-15
886	6.72024091147027e-05	1.07302559789942e-15
887	6.72081704216678e-05	1.07060892235888e-15
888	6.7213931478058e-05	1.06820040191412e-15
889	6.7219692277665e-05	1.06579999991377e-15
890	6.72254528143201e-05	1.06340767991213e-15
891	6.72312130818871e-05	1.06102340566778e-15
892	6.72369730742721e-05	1.05864714114223e-15
893	6.72427327854141e-05	1.05627885049851e-15
894	6.72484922092899e-05	1.05391849809992e-15
895	6.72542513399125e-05	1.05156604850853e-15
896	6.72600101713302e-05	1.04922146648401e-15
897	6.72657686976286e-05	1.04688471698222e-15
898	6.72715269129259e-05	1.04455576515393e-15
899	6.72772848113782e-05	1.0422345763435e-15
900	6.72830423871763e-05	1.0399211160876e-15
901	6.72887996345453e-05	1.03761535011397e-15
902	6.72945565477451e-05	1.03531724434006e-15
903	6.73003131210708e-05	1.03302676487187e-15
904	6.73060693488502e-05	1.03074387800264e-15
905	6.7311825225447e-05	1.02846855021163e-15
906	6.73175807452567e-05	1.02620074816288e-15
907	6.73233359027106e-05	1.023940438704e-15
908	6.73290906922728e-05	1.02168758886495e-15
909	6.7334845108438e-05	1.01944216585684e-15
910	6.73405991457394e-05	1.01720413707073e-15
911	6.7346352798738e-05	1.01497347007648e-15
912	6.73521060620294e-05	1.01275013262151e-15
913	6.73578589302426e-05	1.0105340926297e-15
914	6.73636113980366e-05	1.00832531820021e-15
915	6.73693634601042e-05	1.00612377760631e-15
916	6.737511511117e-05	1.00392943929425e-15
917	6.73808663459896e-05	1.00174227188218e-15
918	6.73866171593506e-05	9.9956224415893e-16
919	6.73923675460718e-05	9.97389325083005e-16
920	6.73981175010027e-05	9.95223483781399e-16
921	6.74038670190236e-05	9.93064689548523e-16
922	6.74096160950478e-05	9.90912911845143e-16
923	6.74153647240155e-05	9.88768120297254e-16
924	6.74211129008995e-05	9.86630284695041e-16
925	6.74268606207036e-05	9.84499374991812e-16
926	6.743260787846e-05	9.8237536130292e-16
927	6.74383546692308e-05	9.80258213904754e-16
928	6.74441009881087e-05	9.7814790323366e-16
929	6.74498468302159e-05	9.76044399884919e-16
930	6.74555921907022e-05	9.73947674611752e-16
931	6.74613370647493e-05	9.71857698324268e-16
932	6.74670814475648e-05	9.69774442088451e-16
933	6.74728253343885e-05	9.67697877125207e-16
934	6.74785687204866e-05	9.65627974809313e-16
935	6.74843116011533e-05	9.63564706668473e-16
936	6.74900539717129e-05	9.61508044382301e-16
937	6.74957958275172e-05	9.5945795978139e-16
938	6.75015371639454e-05	9.57414424846312e-16
939	6.75072779764045e-05	9.55377411706682e-16
940	6.75130182603302e-05	9.53346892640211e-16
941	6.75187580111845e-05	9.51322840071732e-16
942	6.75244972244579e-05	9.49305226572298e-16
943	6.75302358956662e-05	9.47294024858246e-16
944	6.75359740203544e-05	9.45289207790252e-16
945	6.75417115940931e-05	9.43290748372444e-16
946	6.75474486124795e-05	9.41298619751475e-16
947	6.75531850711382e-05	9.39312795215628e-16
948	6.75589209657197e-05	9.37333248193923e-16
949	6.75646562919e-05	9.35359952255227e-16
950	6.75703910453827e-05	9.3339288110735e-16
951	6.75761252218958e-05	9.31432008596208e-16
952	6.75818588171933e-05	9.29477308704935e-16
953	6.75875918270557e-05	9.27528755553014e-16
954	6.75933242472891e-05	9.25586323395417e-16
955	6.75990560737238e-05	9.23649986621774e-16
956	6.76047873022156e-05	9.21719719755518e-16
957	6.76105179286456e-05	9.19795497453035e-16
958	6.76162479489197e-05	9.17877294502864e-16
959	6.76219773589685e-05	9.15965085824835e-16
960	6.76277061547475e-05	9.14058846469268e-16
961	6.76334343322368e-05	9.12158551616164e-16
962	6.76391618874395e-05	9.10264176574384e-16
963	6.76448888163843e-05	9.08375696780847e-16
964	6.76506151151228e-05	9.06493087799758e-16
965	6.76563407797318e-05	9.04616325321781e-16
966	6.76620658063116e-05	9.02745385163278e-16
967	6.76677901909841e-05	9.00880243265527e-16
968	6.76735139298976e-05	8.99020875693932e-16
969	6.76792370192213e-05	8.97167258637299e-16
970	6.76849594551499e-05	8.95319368407007e-16
971	6.76906812338986e-05	8.93477181436321e-16
972	6.76964023517083e-05	8.91640674279582e-16
973	6.77021228048408e-05	8.89809823611494e-16
974	6.77078425895812e-05	8.87984606226389e-16
975	6.7713561702237e-05	8.86164999037458e-16
976	6.7719280139138e-05	8.84350979076046e-16
977	6.77249978966371e-05	8.82542523490937e-16
978	6.77307149711078e-05	8.80739609547606e-16
979	6.77364313589475e-05	8.78942214627518e-16
980	6.77421470565747e-05	8.77150316227428e-16
981	6.77478620604293e-05	8.75363891958664e-16
982	6.77535763669724e-05	8.73582919546422e-16
983	6.77592899726895e-05	8.71807376829097e-16
984	6.77650028740831e-05	8.70037241757562e-16
985	6.77707150676806e-05	8.68272492394509e-16
986	6.77764265500288e-05	8.66513106913753e-16
987	6.77821373176969e-05	8.64759063599572e-16
988	6.77878473672735e-05	8.63010340846018e-16
989	6.77935566953689e-05	8.61266917156269e-16
990	6.77992652986142e-05	8.59528771141961e-16
991	6.78049731736605e-05	8.57795881522526e-16
992	6.78106803171792e-05	8.56068227124555e-16
993	6.7816386725864e-05	8.54345786881137e-16
994	6.78220923964261e-05	8.93223238403747e-16
995	6.78277973255988e-05	8.91429649699216e-16
996	6.78335015101333e-05	8.89641457854546e-16
997	6.78392049468043e-05	8.87858641239402e-16
998	6.78449076324021e-05	8.86081178331748e-16
999	6.785060956374e-05	8.84309047717125e-16
1000	6.69573810436237e-05	8.58903977755624e-16
1001	6.78620111509785e-05	8.80780698243389e-16
