1	5.96750796877965e-06	5.88410441183165e-10
2	1.25400620455473e-05	6.97785134058379e-10
3	1.7691212389282e-05	7.25065099759334e-10
4	2.21734138822551e-05	7.33272014849802e-10
5	2.61787833688244e-05	7.36356922493466e-10
6	2.98239043108778e-05	7.04466658468108e-10
7	3.31848849171128e-05	7.07501482290446e-10
8	3.6314465159375e-05	6.79281962647498e-10
9	3.92509260411835e-05	6.84345131914701e-10
10	4.20230832331156e-05	6.5982909087978e-10
11	4.4653268062439e-05	6.37420654327834e-10
12	4.71592022924897e-05	6.45224694535343e-10
13	4.95552292247053e-05	6.2543264698221e-10
14	5.18531518387605e-05	6.07145613488101e-10
15	5.40628210874469e-05	5.90190385198561e-10
16	5.61925597399024e-05	6.00231684571421e-10
17	5.82494747031246e-05	5.84854032956707e-10
18	6.02396917306795e-05	5.70464598949704e-10
19	6.21685348773972e-05	5.56964050044709e-10
20	6.40406658218086e-05	5.68187022668249e-10
21	6.58601935160171e-05	5.55690406074409e-10
22	7.21348432146445e-05	5.43884399336892e-10
23	7.39746584098874e-05	5.32708522126334e-10
24	7.57688217160416e-05	5.22109370197783e-10
25	7.75201277753748e-05	5.12039604342669e-10
26	7.92311026616866e-05	5.24065670250519e-10
27	8.090403851736e-05	5.14540069250265e-10
28	8.25410226558044e-05	5.05448326826057e-10
29	8.41439621734022e-05	4.96758861171353e-10
30	8.57146048898615e-05	4.88443201930834e-10
31	8.72545572649826e-05	4.80475609480557e-10
32	8.87652998087941e-05	4.72832749085875e-10
33	9.02482004007041e-05	4.85090972122925e-10
34	9.17045258541864e-05	4.77738805184069e-10
35	9.31354520013341e-05	4.70664404171633e-10
36	9.45420725223001e-05	4.638509303055e-10
37	9.59254067053126e-05	4.57282936072482e-10
38	9.72864062913177e-05	4.50946221213677e-10
39	9.86259615317539e-05	4.44827706453502e-10
40	9.99449065671744e-05	4.3891532245776e-10
41	0.000101244024217432	4.33197911906913e-10
42	0.000102524050260157	4.45298957893629e-10
43	0.000103785677262722	4.39720334560036e-10
44	0.000105029558023286	4.34314717656878e-10
45	0.000106256308668518	4.29073482381193e-10
46	0.000107466511448913	4.23988592531207e-10
47	0.00010866071726694	4.19052549897542e-10
48	0.000109839447968573	4.14258348866688e-10
49	0.00011100319842464	4.0959943561516e-10
50	0.000112152438425075	4.05069671356543e-10
51	0.000113287614406174	4.00663299174875e-10
52	0.000114409151028474	4.12388442304021e-10
53	0.000115517452620722	4.08044275133093e-10
54	0.000116612904503542	4.03812602762192e-10
55	0.000117695874204797	3.99688740754009e-10
56	0.000118766712577262	3.9566827236645e-10
57	0.000119825754828031	3.91747029214033e-10
58	0.000120873321467987	3.87921073609224e-10
59	0.000121909719188809	3.84186682413983e-10
60	0.000122935241674117	3.80540332251352e-10
61	0.000123950170350701	3.76978685943762e-10
62	0.000124954775085156	3.73498580059669e-10
63	0.000125949314830652	3.70097013463058e-10
64	0.000126934038228157	3.81295316655824e-10
65	0.000127909184165935	3.77913607757258e-10
66	0.00012887498230082	3.74605095309323e-10
67	0.000129831653544379	3.71367232822061e-10
68	0.00013077941051682	3.68197595565121e-10
69	0.000131718457971209	3.65093873190903e-10
70	0.000132648993190336	3.62053862896581e-10
71	0.000133571206358332	3.59075463079134e-10
72	0.000134485280908997	3.56156667441896e-10
73	0.000135391393852559	3.53295559515146e-10
74	0.000136289716082495	3.50490307556811e-10
75	0.000137180412663868	3.47739159802483e-10
76	0.000138063643104515	3.45040440036827e-10
77	0.00013893956161032	3.42392543461011e-10
78	0.000139808317325693	3.52988583545991e-10
79	0.00014067005456028	3.5033873482885e-10
80	0.000141524913002865	3.47737087813159e-10
81	0.000142373027923324	3.45182234565558e-10
82	0.000143214530363436	3.42672823720085e-10
83	0.000144049547317296	3.40207557593916e-10
84	0.000144878201902011	3.37785189480773e-10
85	0.000145700613519297	3.35404521109216e-10
86	0.000146516898008582	3.33064400254054e-10
87	0.000147327167792136	3.30763718490133e-10
88	0.000148131532012732	3.28501409078537e-10
89	0.000148930096664308	3.26276444976095e-10
90	0.000149722964716042	3.24087836959789e-10
91	0.000150510236230265	3.2193463185829e-10
92	0.000151292008474554	3.19815910883478e-10
93	0.000152068376028372	3.1773078805532e-10
94	0.000152839430884561	3.15678408714011e-10
95	0.000153605262545991	3.25605751316365e-10
96	0.000154365958117656	3.23540635866969e-10
97	0.000155121602394451	3.21507030387317e-10
98	0.000155872277944891	3.19504163884865e-10
99	0.000156618065191002	3.17531291325342e-10
100	0.000160812599647169	3.15693002442481e-10
101	0.000158095286180043	3.13672671084815e-10
102	0.000158826870703988	3.11785553417456e-10
103	0.000159553868621765	3.09925687773268e-10
104	0.000160276350701082	3.08092443352771e-10
105	0.000160994385972882	3.06285209448544e-10
106	0.000161708041789619	3.0450339463199e-10
107	0.000162417383881049	3.02746425979931e-10
108	0.000163122476407685	3.0101374833876e-10
109	0.000163823382012014	2.99304823624009e-10
110	0.000164520161867621	2.97619130153337e-10
111	0.000165212875726262	2.9595616201107e-10
112	0.000165901581963083	2.94315428442546e-10
113	0.000166586337619966	2.92696453276626e-10
114	0.000167267198447189	3.01980032813584e-10
115	0.000167944218943411	3.00344259720078e-10
116	0.00016861745239411	2.98729661631246e-10
117	0.000169286950908516	2.97135799631312e-10
118	0.000169952765455125	2.95562247323676e-10
119	0.000170614945895854	2.94008590376964e-10
120	0.000171273541018908	2.92474426091011e-10
121	0.000171928598570403	2.90959362981754e-10
122	0.000172580165284813	2.89463020384065e-10
123	0.000173228286914297	2.8798502807162e-10
124	0.00017387300825694	2.86525025892943e-10
125	0.000174514373183975	2.85082663422825e-10
126	0.000175152424666015	2.83657599628345e-10
127	0.000175787204798351	2.82249502548786e-10
128	0.000176418754825345	2.80858048988771e-10
129	0.000177047115163964	2.79482924223964e-10
130	0.000177672325426494	2.78123821718745e-10
131	0.000178294424442463	2.76780442855286e-10
132	0.000178913450279796	2.75452496673485e-10
133	0.00017952944026527	2.74139699621255e-10
134	0.000180142431004246	2.72841775314663e-10
135	0.000180752458399759	2.71558454307503e-10
136	0.000181359557670955	2.70289473869826e-10
137	0.000181963763370917	2.78906586023127e-10
138	0.000182565109403904	2.77619984613643e-10
139	0.000183163629042031	2.76347472487813e-10
140	0.000183759354941391	2.7508880300165e-10
141	0.00018435231915767	2.73843735451378e-10
142	0.000184942553161256	2.72612034891478e-10
143	0.000185530087851865	2.713934719595e-10
144	0.000186114953572705	2.70187822707323e-10
145	0.000186697180124196	2.68994868438601e-10
146	0.000187276796777259	2.67814395552126e-10
147	0.000187853832286194	2.66646195390846e-10
148	0.000188428314901165	2.65490064096321e-10
149	0.000189000272380293	2.64345802468344e-10
150	0.000189569732001394	2.63213215829576e-10
151	0.000190136720573354	2.62092113894917e-10
152	0.00019070126444716	2.60982310645471e-10
153	0.000191263389526613	2.59883624206881e-10
154	0.000191823121278718	2.58795876731883e-10
155	0.00019238048474376	2.57718894286883e-10
156	0.000192935504545097	2.56652506742414e-10
157	0.000193488204898669	2.55596547667303e-10
158	0.000194038609622219	2.54550854226416e-10
159	0.000194586742144262	2.53515267081825e-10
160	0.000195132625512794	2.52489630297267e-10
161	0.000195676282403756	2.5147379124577e-10
162	0.000196217735129249	2.50467600520324e-10
163	0.000196757005645536	2.58460134603205e-10
164	0.000197294115560811	2.57437228177367e-10
165	0.000197829086142751	2.56423872499974e-10
166	0.000198361938325867	2.55419925257693e-10
167	0.000198892692718646	2.544252470536e-10
168	0.000199421369610511	2.53439701331151e-10
169	0.000199947988978578	2.52463154300559e-10
170	0.000200472570494243	2.51495474867489e-10
171	0.000200995133529591	2.5053653456398e-10
172	0.000201515697163623	2.49586207481508e-10
173	0.000202034280188339	2.48644370206122e-10
174	0.000202550901114644	2.47710901755575e-10
175	0.000203065578178108	2.46785683518375e-10
176	0.000203578329344577	2.45868599194685e-10
177	0.000204089172315627	2.44959534739012e-10
178	0.000204598124533905	2.44058378304623e-10
179	0.000205105203188298	2.43165020189616e-10
180	0.000205610425218998	2.42279352784598e-10
181	0.000206113807322432	2.41401270521912e-10
182	0.000206615365956061	2.40530669826356e-10
183	0.000207115117343065	2.3966744906735e-10
184	0.000207613077476915	2.38811508512482e-10
185	0.000208109262125821	2.37962750282418e-10
186	0.000221635319023935	2.37121078307095e-10
187	0.000222158788648447	2.36286398283183e-10
188	0.000222680420706784	2.35458617632748e-10
189	0.000223200231040205	2.34637645463095e-10
190	0.000223718235272622	2.33823392527749e-10
191	0.000224234448814693	2.33015771188514e-10
192	0.000224748886867794	2.32214695378617e-10
193	0.000225261564427926	2.31420080566855e-10
194	0.000225772496289513	2.38795172052033e-10
195	0.000226281697049105	2.37985554457101e-10
196	0.000226789181109015	2.37182373164235e-10
197	0.000227294962680851	2.36385546658827e-10
198	0.000227799055788977	2.35594994845387e-10
199	0.000228301474273896	2.34810639016108e-10
200	0.000228802231795549	2.34032401820282e-10
201	0.000229301341836537	2.33260207234539e-10
202	0.000229798817705288	2.32493980533865e-10
203	0.000230294672539125	2.31733648263397e-10
204	0.000230788919307288	2.3097913821096e-10
205	0.000231281570813877	2.3023037938032e-10
206	0.000231772639700734	2.29487301965142e-10
207	0.000232262138450258	2.28749837323617e-10
208	0.000232750079388164	2.28017917953748e-10
209	0.000233236474686169	2.2729147746928e-10
210	0.000233721336364639	2.26570450576231e-10
211	0.000234204676295158	2.25854773050038e-10
212	0.000234686506203053	2.25144381713269e-10
213	0.000235166837669869	2.24439214413908e-10
214	0.000235645682135777	2.23739210004186e-10
215	0.000236123050901936	2.23044308319933e-10
216	0.000236598955132821	2.22354450160458e-10
217	0.00023707340585847	2.21669577268914e-10
218	0.000237546413976717	2.20989632313164e-10
219	0.000238017990255351	2.20314558867101e-10
220	0.000238488145334252	2.19644301392445e-10
221	0.000238956889727469	2.18978805220961e-10
222	0.000239424233825252	2.18318016537128e-10
223	0.000239890187896061	2.17661882361219e-10
224	0.000240354762088518	2.17010350532785e-10
225	0.000240817966433311	2.16363369694545e-10
226	0.000241279810845095	2.15720889276649e-10
227	0.00024174030512431	2.15082859481321e-10
228	0.000242199458958996	2.21907778647079e-10
229	0.000242657281926552	2.21256617535565e-10
230	0.000243113783495472	2.20609911890191e-10
231	0.000243568973027042	2.19967613225372e-10
232	0.000244022859776997	2.19329673780425e-10
233	0.000244475452897161	2.18696046505787e-10
234	0.000244926761437036	2.18066685049538e-10
235	0.00024537679434538	2.17441543744254e-10
236	0.000245825560471729	2.16820577594139e-10
237	0.000246273068567924	2.16203742262465e-10
238	0.000246719327289568	2.15590994059292e-10
239	0.000247164345197493	2.14982289929466e-10
240	0.000247608130759169	2.14377587440887e-10
241	0.000248050692350111	2.1377684477304e-10
242	0.000248492038255236	2.13180020705782e-10
243	0.000248932176670218	2.1258707460838e-10
244	0.00024937111570279	2.11997966428789e-10
245	0.000249808863374054	2.1141265668317e-10
246	0.000250245427619732	2.10831106445635e-10
247	0.00025068081629143	2.10253277338218e-10
248	0.000251115037157842	2.09679131521067e-10
249	0.00025154809790596	2.09108631682844e-10
250	0.000251980006142252	2.08541741031337e-10
251	0.000252410769393811	2.07978423284271e-10
252	0.000252840395109498	2.07418642660323e-10
253	0.000253268890661049	2.06862363870318e-10
254	0.000253696263344172	2.06309552108623e-10
255	0.000254122520379626	2.05760173044718e-10
256	0.000254547668914269	2.05214192814948e-10
257	0.0002549717160221	2.04671578014447e-10
258	0.000255394668705271	2.04132295689229e-10
259	0.000255816533895095	2.03596313328454e-10
260	0.000256237318453017	2.03063598856842e-10
261	0.000256657029171593	2.02534120627254e-10
262	0.000257075672775424	2.02007847413422e-10
263	0.000257493255922099	2.01484748402831e-10
264	0.000257909785203104	2.00964793189746e-10
265	0.000258325267144719	2.00447951768382e-10
266	0.000258739708208912	1.99934194526209e-10
267	0.000259153114794193	1.99423492237403e-10
268	0.000259565493236485	2.05715866833497e-10
269	0.000259976849809948	2.05193935570802e-10
270	0.000260387190727813	2.04675075355714e-10
271	0.000260796522143188	2.04159257497893e-10
272	0.000261204850149861	2.03646453675019e-10
273	0.000261612180783074	2.03136635926786e-10
274	0.000262018520020306	2.02629776649012e-10
275	0.000262423873782021	2.02125848587881e-10
276	0.000262828247932419	2.01624824834274e-10
277	0.000263231648280163	2.01126678818235e-10
278	0.000263634080579109	2.00631384303527e-10
279	0.000264035550529006	2.00138915382306e-10
280	0.000264436063776196	1.99649246469891e-10
281	0.0002648356259143	1.99162352299636e-10
282	0.000265234242484897	1.98678207917905e-10
283	0.000265631918978176	1.98196788679138e-10
284	0.000266028660833606	1.97718070241017e-10
285	0.000266424473440561	1.97242028559713e-10
286	0.000266819362138965	1.96768639885244e-10
287	0.000267213332219905	1.96297880756895e-10
288	0.00026760638892625	1.95829727998744e-10
289	0.00026799853745325	1.95364158715264e-10
290	0.000268389782949128	1.9490115028701e-10
291	0.000268780130515665	1.94440680366381e-10
292	0.000269169585208775	1.9398272687347e-10
293	0.000269558152039065	1.93527267991984e-10
294	0.000269945835972398	1.93074282165241e-10
295	0.000270332641930438	1.92623748092241e-10
296	0.000270718574791191	1.92175644723809e-10
297	0.00027110363938953	1.91729951258812e-10
298	0.000271487840517719	1.91286647140439e-10
299	0.000271871182925941	1.9084571205255e-10
300	0.000272253671322782	1.90407125916097e-10
301	0.000272635310375748	1.89970868885603e-10
302	0.000273016104711751	1.89536921345707e-10
303	0.000273396058917585	1.8910526390777e-10
304	0.000273775177540418	1.88675877406543e-10
305	0.000274153465088247	1.88248742896896e-10
306	0.000274530926030372	1.87823841650599e-10
307	0.000274907564797844	1.87401155153168e-10
308	0.000275283385783906	1.8698066510076e-10
309	0.000275658393344461	1.86562353397126e-10
310	0.000276032591798476	1.86146202150619e-10
311	0.000276405985428433	1.8573219367125e-10
312	0.000276778578480745	1.91549130803727e-10
313	0.000277150375166168	1.9112558258732e-10
314	0.000277521379660215	1.90704195526074e-10
315	0.000277891596103561	1.90284952139806e-10
316	0.000278261028602446	1.89867835142344e-10
317	0.000278629681229053	1.89452827438785e-10
318	0.000278997558021911	1.89039912122806e-10
319	0.000279364662986264	1.88629072474015e-10
320	0.000279731000094458	1.8822029195536e-10
321	0.000280096573286304	1.8781355421056e-10
322	0.000280461386469443	1.87408843061602e-10
323	0.000280825443519709	1.87006142506266e-10
324	0.000281188748281489	1.86605436715697e-10
325	0.000281551304568055	1.86206710032017e-10
326	0.000281913116161932	1.85809946965978e-10
327	0.000282274186815221	1.85415132194648e-10
328	0.000282634520249939	1.85022250559147e-10
329	0.000282994120158358	1.84631287062407e-10
330	0.000283352990203316	1.84242226866982e-10
331	0.000283711134018546	1.83855055292883e-10
332	0.000284068555209002	1.83469757815455e-10
333	0.000284425257351152	1.83086320063288e-10
334	0.000284781243993306	1.8270472781616e-10
335	0.000285136518655902	1.82324967003014e-10
336	0.000285491084831823	1.81947023699971e-10
337	0.000285844945986681	1.81570884128371e-10
338	0.000286198105559112	1.81196534652845e-10
339	0.000286550566961069	1.80823961779427e-10
340	0.000286902333578095	1.8045315215368e-10
341	0.000287253408769615	1.80084092558873e-10
342	0.000287603795869198	1.79716769914164e-10
343	0.000287953498184851	1.79351171272831e-10
344	0.000288302518999264	1.78987283820522e-10
345	0.000288650861570092	1.78625094873534e-10
346	0.00028899852913021	1.78264591877118e-10
347	0.000289345524887971	1.77905762403813e-10
348	0.000289691852027467	1.77548594151808e-10
349	0.000290037513708773	1.77193074943322e-10
350	0.000290382513068199	1.76839192723018e-10
351	0.000290726853218532	1.76486935556433e-10
352	0.000291070537249282	1.76136291628445e-10
353	0.000291413568226924	1.75787249241747e-10
354	0.00029175594919512	1.75439796815359e-10
355	0.000292097683174964	1.75093922883155e-10
356	0.000292438773165209	1.74749616092416e-10
357	0.000292779222142486	1.74406865202405e-10
358	0.000293119033061537	1.74065659082956e-10
359	0.000293458208855433	1.73725986713101e-10
360	0.000293796752435789	1.73387837179701e-10
361	0.000294134666692984	1.73051199676109e-10
362	0.000294471954496364	1.72716063500845e-10
363	0.000294808618694467	1.78080626570985e-10
364	0.000295144662115215	1.77737481436553e-10
365	0.000295480087566121	1.77395854730626e-10
366	0.000295814897834505	1.77055735819319e-10
367	0.000296149095687674	1.76717114170873e-10
368	0.000296482683873133	1.76379979354399e-10
369	0.000296815665118767	1.7604432103866e-10
370	0.000297148042133046	1.75710128990854e-10
371	0.000297479817605205	1.75377393075424e-10
372	0.000297810994205434	1.75046103252884e-10
373	0.00029814157458507	1.74716249578661e-10
374	0.000298471561376759	1.7438782220195e-10
375	0.000298800957194667	1.74060811364597e-10
376	0.000299129764634628	1.73735207399988e-10
377	0.000299457986274338	1.73411000731955e-10
378	0.00029978562467353	1.73088181873704e-10
379	0.000300112682374127	1.72766741426753e-10
380	0.000300439161900439	1.72446670079886e-10
381	0.000300765065759302	1.72127958608126e-10
382	0.000301090396440269	1.71810597871714e-10
383	0.000301415156415758	1.71494578815116e-10
384	0.000301739348141213	1.71179892466029e-10
385	0.000302062974055277	1.70866529934415e-10
386	0.000302386036579936	1.70554482411535e-10
387	0.00030270853812068	1.70243741169012e-10
388	0.000303030481066656	1.69934297557892e-10
389	0.000303351867790828	1.6962614300773e-10
390	0.00030367270065011	1.6931926902568e-10
391	0.000303992981985534	1.69013667195607e-10
392	0.000304312714122384	1.68709329177201e-10
393	0.000304631899370345	1.68406246705114e-10
394	0.000304950540023652	1.68104411588099e-10
395	0.000305268638361215	1.67803815708165e-10
396	0.000305586196646784	1.67504451019752e-10
397	0.000305903217129065	1.67206309548898e-10
398	0.000306219702041867	1.66909383392439e-10
399	0.00030653565360424	1.66613664717205e-10
400	0.000306851074020602	1.66319145759232e-10
401	0.000307165965480873	1.66025818822988e-10
402	0.00030748033016061	1.65733676280602e-10
403	0.000307794170221132	1.65442710571113e-10
404	0.00030810748780965	1.65152914199717e-10
405	0.000308420285059388	1.6486427973704e-10
406	0.000308732564089714	1.64576799818402e-10
407	0.000309044327006263	1.64290467143112e-10
408	0.000309355575901055	1.64005274473751e-10
409	0.000309666312852618	1.63721214635482e-10
410	0.000309976539926107	1.63438280515358e-10
411	0.000310286259173428	1.63156465061646e-10
412	0.000310595472633338	1.62875761283157e-10
413	0.000310904182331577	1.62596162248585e-10
414	0.000311212390280981	1.62317661085854e-10
415	0.000311520098481579	1.62040250981476e-10
416	0.000311827308920724	1.61763925179917e-10
417	0.000312134023573192	1.61488676982967e-10
418	0.00031244024440129	1.61214499749125e-10
419	0.000312745973354977	1.66174911985643e-10
420	0.00031305121237195	1.65894010238645e-10
421	0.000313355963377768	1.6561419405318e-10
422	0.000313660228285948	1.65335456799765e-10
423	0.000313964008998067	1.65057791904402e-10
424	0.000314267307403868	1.64781192847986e-10
425	0.00031457012538136	1.64505653165722e-10
426	0.000314872464796919	1.64231166446548e-10
427	0.000315174327505381	1.63957726332573e-10
428	0.000315475715350144	1.6368532651851e-10
429	0.000315776630163267	1.63413960751127e-10
430	0.000316077073765564	1.631436228287e-10
431	0.000316377047966696	1.62874306600472e-10
432	0.000316676554565267	1.62606005966124e-10
433	0.000316975595348913	1.62338714875248e-10
434	0.000317274172094403	1.62072427326824e-10
435	0.00031757228656772	1.61807137368713e-10
436	0.000317869940524151	1.61542839097151e-10
437	0.000318167135708384	1.61279526656246e-10
438	0.000318463873854589	1.61017194237483e-10
439	0.000318760156686505	1.60755836079246e-10
440	0.00031905598591753	1.60495446466327e-10
441	0.0003193513632508	1.60236019729455e-10
442	0.000319646290379282	1.59977550244826e-10
443	0.000319940768985847	1.59720032433642e-10
444	0.000320234800743359	1.5946346076165e-10
445	0.000320528387314761	1.59207829738693e-10
446	0.000320821530353141	1.58953133918258e-10
447	0.000321114231501824	1.58699367897043e-10
448	0.000321406492394451	1.58446526314516e-10
449	0.000321698314655054	1.58194603852485e-10
450	0.000321989699898126	1.57943595234675e-10
451	0.000322280649728716	1.57693495226307e-10
452	0.000322571165742488	1.57444298633685e-10
453	0.000322861249525805	1.57196000303781e-10
454	0.000323150902655798	1.56948595123837e-10
455	0.000323440126700445	1.56702078020962e-10
456	0.00032372892321864	1.56456443961737e-10
457	0.000324017293760266	1.56211687951824e-10
458	0.00032430523986627	1.55967805035582e-10
459	0.000324592763068726	1.55724790295684e-10
460	0.000324879864890913	1.55482638852745e-10
461	0.000325166546847376	1.55241345864942e-10
462	0.000325452810444005	1.55000906527656e-10
463	0.000325738657178097	1.54761316073101e-10
464	0.000326024088538417	1.54522569769969e-10
465	0.000326309106005275	1.54284662923077e-10
466	0.000326593711050591	1.5404759087301e-10
467	0.000326877905137949	1.53811348995783e-10
468	0.00032716168972268	1.5357593270249e-10
469	0.000327445066251908	1.53341337438975e-10
470	0.000327728036164621	1.5310755868549e-10
471	0.000328010600891739	1.52874591956369e-10
472	0.000328292761856164	1.526424327997e-10
473	0.000328574520472855	1.52411076797003e-10
474	0.000328855878148877	1.52180519562908e-10
475	0.00032913683628347	1.51950756744845e-10
476	0.000329417396268104	1.51721784022727e-10
477	0.000329697559486534	1.51493597108645e-10
478	0.000329977327314872	1.51266191746566e-10
479	0.000330256701121635	1.51039563712023e-10
480	0.000330535682267801	1.50813708811828e-10
481	0.00033081427210687	1.5058862288377e-10
482	0.00033109247198492	1.5036430179633e-10
483	0.000331370283240664	1.54944941946903e-10
484	0.000331647707205502	1.54715009001086e-10
485	0.000331924745203578	1.54485852765144e-10
486	0.000332201398551831	1.54257469099109e-10
487	0.000332477668560054	1.54029853893231e-10
488	0.000332753556530945	1.538030030677e-10
489	0.000333029063760158	1.53576912572375e-10
490	0.000333304191536352	1.53351578386496e-10
491	0.000333578941141255	1.53126996518428e-10
492	0.000333853313849701	1.52903163005386e-10
493	0.000334127310929695	1.52680073913166e-10
494	0.000334400933642442	1.52457725335892e-10
495	0.000334674183242424	1.5223611339575e-10
496	0.000334947060977426	1.52015234242736e-10
497	0.000335219568088597	1.517950840544e-10
498	0.000335491705810496	1.51575659035597e-10
499	0.000335763475371141	1.51356955418238e-10
500	0.000336034877992055	1.51138969461044e-10
501	0.000336305914888311	1.50921697449309e-10
502	0.000336576587268582	1.50705135694652e-10
503	0.000336846896335187	1.50489280534787e-10
504	0.000337116843284134	1.50274128333287e-10
505	0.00033738642930517	1.50059675479346e-10
506	0.00033765565558182	1.49845918387558e-10
507	0.000337924523291441	1.49632853497687e-10
508	0.000338193033605254	1.49420477274439e-10
509	0.000338461187688393	1.49208786207247e-10
510	0.000338728986699957	1.48997776810042e-10
511	0.000338996431793037	1.48787445621045e-10
512	0.00033926352411477	1.48577789202548e-10
513	0.000339530264806379	1.48368804140698e-10
514	0.000339796655003211	1.48160487045294e-10
515	0.000340062695834783	1.47952834549573e-10
516	0.00034032838842482	1.47745843310007e-10
517	0.000340593733891297	1.47539510006095e-10
518	0.000340858733346485	1.4733383134017e-10
519	0.000341123387896975	1.4712880403719e-10
520	0.000341387698643733	1.46924424844547e-10
521	0.000341651666682139	1.46720690531871e-10
522	0.000341915293102011	1.46517597890834e-10
523	0.000342178578987662	1.46315143734962e-10
524	0.000342441525417923	1.46113324899442e-10
525	0.000342704133466197	1.45912138240942e-10
526	0.000342966404200475	1.45711580637416e-10
527	0.000343228338683398	1.45511648987932e-10
528	0.000343489937972273	1.45312340212479e-10
529	0.000343751203119122	1.45113651251798e-10
530	0.000344012135170713	1.44915579067197e-10
531	0.000344272735168596	1.44718120640381e-10
532	0.000344533004149145	1.44521272973272e-10
533	0.000344792943143579	1.44325033087844e-10
534	0.000345052553178019	1.44129398025944e-10
535	0.000345311835273498	1.43934364849134e-10
536	0.000345570790446014	1.43739930638514e-10
537	0.000345829419706556	1.43546092494565e-10
538	0.00034608772406114	1.43352847536979e-10
539	0.000346345704510841	1.43160192904502e-10
540	0.000346603362051825	1.42968125754772e-10
541	0.000346860697675389	1.42776643264161e-10
542	0.000347117712367989	1.42585742627617e-10
543	0.000347374407111266	1.42395421058511e-10
544	0.000347630782882091	1.42205675788481e-10
545	0.000347886840652584	1.42016504067282e-10
546	0.000348142581390159	1.41827903162631e-10
547	0.000348398006057544	1.41639870360066e-10
548	0.000348653115612815	1.41452402962792e-10
549	0.000348907911009432	1.41265498291532e-10
550	0.000349162393196263	1.41079153684395e-10
551	0.000349416563117618	1.40893366496718e-10
552	0.000349670421713274	1.40708134100934e-10
553	0.000349923969918515	1.44949118821369e-10
554	0.000350177208664154	1.44759189160093e-10
555	0.000350430138876557	1.44569823736782e-10
556	0.000350682761477687	1.44381019910209e-10
557	0.00035093507738512	1.44192775056067e-10
558	0.00035118708751208	1.44005086566833e-10
559	0.000351438792767459	1.43817951851634e-10
560	0.000351690194055861	1.43631368336108e-10
561	0.000351941292277612	1.43445333462272e-10
562	0.000352192088328801	1.4325984468839e-10
563	0.000352442583101302	1.43074899488842e-10
564	0.000352692777482797	1.42890495353995e-10
565	0.000352942672356811	1.42706629790071e-10
566	0.000353192268602734	1.42523300319023e-10
567	0.00035344156709585	1.42340504478408e-10
568	0.000353690568707359	1.42158239821264e-10
569	0.00035393927430441	1.41976503915982e-10
570	0.00035418768475012	1.41795294346187e-10
571	0.0003544358009036	1.41614608710619e-10
572	0.000354683623619991	1.41434444623004e-10
573	0.000354931153750474	1.41254799711948e-10
574	0.000355178392142302	1.41075671620807e-10
575	0.000355425339638834	1.40897058007578e-10
576	0.000355671997079543	1.40718956544782e-10
577	0.000355918365300043	1.40541364919349e-10
578	0.000356164445132135	1.40364280832501e-10
579	0.000356410237403798	1.40187701999649e-10
580	0.00035665574293924	1.40011626150271e-10
581	0.000356900962558907	1.39836051027811e-10
582	0.000357145897079509	1.39660974389564e-10
583	0.000357390547314048	1.39486394006571e-10
584	0.000357634914071838	1.3931230766351e-10
585	0.000357878998158527	1.39138713158593e-10
586	0.000358122800376119	1.38965608303457e-10
587	0.000358366321523	1.38792990923065e-10
588	0.000358609562393959	1.38620858855596e-10
589	0.000358852523780209	1.38449209952352e-10
590	0.000359095206469413	1.38278042077647e-10
591	0.000359337611245694	1.38107353108716e-10
592	0.000359579738889679	1.37937140935608e-10
593	0.000359821590178494	1.37767403461095e-10
594	0.000360063165885807	1.37598138600568e-10
595	0.000360304466781838	1.37429344281944e-10
596	0.000360545493633381	1.37261018445573e-10
597	0.000360786247203831	1.37093159044135e-10
598	0.000361026728253191	1.36925764042555e-10
599	0.000361266937538114	1.36758831417905e-10
600	0.000361506875811904	1.36592359159314e-10
601	0.000361746543824541	1.36426345267876e-10
602	0.00036198594232271	1.36260787756559e-10
603	0.000362225072049809	1.36095684650116e-10
604	0.000362463933745982	1.35931033984997e-10
605	0.000362702528148118	1.35766833809261e-10
606	0.000362940855989897	1.35603082182486e-10
607	0.000363178918001788	1.35439777175686e-10
608	0.000363416714911076	1.35276916871226e-10
609	0.000363654247441881	1.35114499362732e-10
610	0.000363891516315179	1.34952522755012e-10
611	0.000364128522248815	1.34790985163972e-10
612	0.00036436526595753	1.34629884716532e-10
613	0.000364601748152968	1.34469219550545e-10
614	0.000364837969543708	1.34308987814715e-10
615	0.000365073930835271	1.34149187668518e-10
616	0.000365309632730141	1.33989817282122e-10
617	0.000365545075927783	1.33830874836308e-10
618	0.000365780261124668	1.33672358522392e-10
619	0.000366015189014279	1.33514266542148e-10
620	0.000366249860287138	1.33356597107729e-10
621	0.000366484275630809	1.33199348441593e-10
622	0.000366718435729941	1.33042518776429e-10
623	0.000366952341266258	1.32886106355078e-10
624	0.000367185992918592	1.32730109430462e-10
625	0.000367419391362894	1.3257452626551e-10
626	0.000367652537272257	1.32419355133086e-10
627	0.000367885431316919	1.32264594315913e-10
628	0.000368118074164297	1.32110242106508e-10
629	0.000368350466478986	1.31956296807105e-10
630	0.000368582608922794	1.31802756729588e-10
631	0.000368814502154744	1.35731537023664e-10
632	0.000369046146831091	1.35574066686759e-10
633	0.00036927754360534	1.35417008973614e-10
634	0.000369508693128273	1.35260362182855e-10
635	0.000369739596047946	1.35104124622702e-10
636	0.00036997025300971	1.34948294610901e-10
637	0.000370200664656239	1.34792870474659e-10
638	0.000370430831627532	1.34637850550574e-10
639	0.000370660754560931	1.34483233184566e-10
640	0.000370890434091136	1.34329016731816e-10
641	0.00037111987085022	1.34175199556694e-10
642	0.000371349065467651	1.34021780032701e-10
643	0.000371578018570299	1.33868756542397e-10
644	0.00037180673078245	1.33716127477342e-10
645	0.000372035202725825	1.33563891238028e-10
646	0.000372263435019591	1.33412046233822e-10
647	0.000372491428280378	1.33260590882898e-10
648	0.00037271918312229	1.33109523612176e-10
649	0.000372946700156927	1.32958842857266e-10
650	0.000373173979993387	1.32808547062399e-10
651	0.000373401023238292	1.32658634680372e-10
652	0.000373627830495794	1.32509104172486e-10
653	0.000373854402367586	1.32359954008488e-10
654	0.000374080739452929	1.3221118266651e-10
655	0.000374306842348652	1.32062788633013e-10
656	0.000374532711649175	1.31914770402729e-10
657	0.000374758347946509	1.31767126478601e-10
658	0.000374983751830293	1.3161985537173e-10
659	0.000375208923887779	1.31472955601314e-10
660	0.000375433864703865	1.31326425694597e-10
661	0.000375658574861103	1.31180264186808e-10
662	0.000375883054939705	1.31034469621113e-10
663	0.000376107305517566	1.30889040548554e-10
664	0.000376331327170271	1.30743975527998e-10
665	0.000376555120471108	1.30599273126081e-10
666	0.000376778685991082	1.30454931917159e-10
667	0.000377002024298932	1.30310950483253e-10
668	0.000377225135961126	1.30167327413994e-10
669	0.000377448021541893	1.30024061306576e-10
670	0.000377670681603233	1.298811507657e-10
671	0.000377893116704913	1.29738594403527e-10
672	0.000378115327404497	1.29596390839626e-10
673	0.000378337314257348	1.29454538700919e-10
674	0.000378559077816648	1.29313036621641e-10
675	0.000378780618633392	1.29171883243281e-10
676	0.000379001937256428	1.2903107721454e-10
677	0.000379223034232444	1.28890617191278e-10
678	0.000379443910105989	1.28750501836467e-10
679	0.000379664565419484	1.28610729820145e-10
680	0.000379885000713234	1.28471299819367e-10
681	0.000380105216525441	1.28332210518157e-10
682	0.000380325213392209	1.28193460607464e-10
683	0.000380544991847562	1.28055048785113e-10
684	0.000380764552423448	1.27916973755762e-10
685	0.000380983895649763	1.27779234230854e-10
686	0.000381203022054344	1.27641828928573e-10
687	0.00038142193216299	1.27504756573799e-10
688	0.000381640626499478	1.27368015898064e-10
689	0.000381859105585565	1.27231605639507e-10
690	0.000382077369940997	1.27095524542833e-10
691	0.000382295420083524	1.26959771359263e-10
692	0.000382513256528919	1.26824344846501e-10
693	0.000382730879790971	1.26689243768682e-10
694	0.000382948290381505	1.26554466896336e-10
695	0.000383165488810396	1.26420013006342e-10
696	0.000383382475585573	1.26285880881889e-10
697	0.000383599251213024	1.26152069312432e-10
698	0.000383815816196826	1.26018577093655e-10
699	0.00038403217103913	1.25885403027426e-10
700	0.000384248316240187	1.25752545921762e-10
701	0.000384464252298356	1.2562000459078e-10
702	0.000384679979710111	1.25487777854668e-10
703	0.000384895498970047	1.25355864539639e-10
704	0.000385110810570896	1.25224263477892e-10
705	0.000385325915003544	1.25092973507576e-10
706	0.000385540812757016	1.24961993472752e-10
707	0.000385755504318508	1.2483132222335e-10
708	0.000385969990173394	1.24700958615135e-10
709	0.000386184270805224	1.24570901509669e-10
710	0.000386398346695742	1.24441149774274e-10
711	0.000386612218324892	1.24311702281995e-10
712	0.000386825886170834	1.24182557911559e-10
713	0.000387039350709941	1.24053715547346e-10
714	0.000387252612416815	1.23925174079349e-10
715	0.0003874656717643	1.23796932403135e-10
716	0.000387678529223486	1.23668989419816e-10
717	0.000387891185263714	1.23541344036008e-10
718	0.000388103640352596	1.27182144838398e-10
719	0.000388315894956014	1.27051212124345e-10
720	0.000388527949538128	1.26920582749674e-10
721	0.000388739804561395	1.2679025560996e-10
722	0.000388951460486573	1.26660229606273e-10
723	0.000389162917772719	1.26530503645143e-10
724	0.000389374176877212	1.26401076638531e-10
725	0.000389585238255758	1.26271947503791e-10
726	0.000389796102362391	1.26143115163634e-10
727	0.000390006769649489	1.260145785461e-10
728	0.000390217240567783	1.25886336584519e-10
729	0.000390427515566357	1.25758388217482e-10
730	0.000390637595092664	1.25630732388804e-10
731	0.000390847479592532	1.25503368047495e-10
732	0.000391057169510174	1.25376294147727e-10
733	0.000391266665288186	1.252495096488e-10
734	0.000391475967367566	1.2512301351511e-10
735	0.000391685076187727	1.24996804716122e-10
736	0.000391893992186486	1.24870882226331e-10
737	0.000392102715800084	1.24745245025236e-10
738	0.0003923112474632	1.2461989209731e-10
739	0.000392519587608939	1.24494822431963e-10
740	0.000392727736668859	1.24370035023519e-10
741	0.00039293569507297	1.24245528871181e-10
742	0.000393143463249746	1.24121302979003e-10
743	0.000393351041626122	1.23997356355856e-10
744	0.000393558430627515	1.23873688015405e-10
745	0.000393765630677824	1.23750296976077e-10
746	0.000393972642199435	1.23627182261027e-10
747	0.000394179465613244	1.23504342898119e-10
748	0.000394386101338631	1.23381777919885e-10
749	0.00039459254979351	1.23259486363508e-10
750	0.000394798811394307	1.23137467270786e-10
751	0.000395004886555972	1.23015719688108e-10
752	0.000395210775691991	1.22894242666423e-10
753	0.000395416479214396	1.22773035261214e-10
754	0.00039562199753376	1.22652096532473e-10
755	0.000395827331059218	1.22531425544669e-10
756	0.000396032480198465	1.22411021366722e-10
757	0.000396237445357762	1.22290883071978e-10
758	0.000396442226941954	1.22171009738183e-10
759	0.000396646825354464	1.22051400447454e-10
760	0.000396851240997299	1.21932054286252e-10
761	0.000397055474271075	1.2181297034536e-10
762	0.000397259525575005	1.21694147719853e-10
763	0.00039746339530691	1.21575585509074e-10
764	0.000397667083863231	1.21457282816609e-10
765	0.000397870591639032	1.2133923875026e-10
766	0.000398073919028005	1.21221452422022e-10
767	0.000398277066422481	1.21103922948056e-10
768	0.000398480034213433	1.20986649448664e-10
769	0.000398682822790476	1.20869631048268e-10
770	0.000398885432541895	1.20752866875381e-10
771	0.000399087863854626	1.20636356062583e-10
772	0.000399290117114279	1.20520097746503e-10
773	0.00039949219270513	1.20404091067785e-10
774	0.000399694091010148	1.20288335171074e-10
775	0.000399895812410977	1.20172829204988e-10
776	0.000400097357287966	1.20057572322091e-10
777	0.000400298726020154	1.19942563678878e-10
778	0.000400499918985291	1.19827802435744e-10
779	0.000400700936559836	1.19713287756967e-10
780	0.000400901779118966	1.19599018810681e-10
781	0.00040110244703658	1.19484994768857e-10
782	0.00040130294068531	1.19371214807275e-10
783	0.000401503260436522	1.1925767810551e-10
784	0.00040170340666032	1.19144383846903e-10
785	0.000401903379725563	1.1903133121854e-10
786	0.000402103179999852	1.18918519411235e-10
787	0.000402302807849555	1.188059476195e-10
788	0.000402502263639805	1.18693615041534e-10
789	0.000402701547734494	1.18581520879191e-10
790	0.000402900660496308	1.18469664337967e-10
791	0.000403099602286701	1.18358044626975e-10
792	0.000403298373465916	1.18246660958923e-10
793	0.000403496974392991	1.18135512550097e-10
794	0.000403695405425765	1.18024598620339e-10
795	0.000403893666920876	1.17913918393024e-10
796	0.000404091759233771	1.17803471095042e-10
797	0.000404289682718715	1.17693255956779e-10
798	0.000404487437728788	1.17583272212094e-10
799	0.000404685024615904	1.17473519098302e-10
800	0.000404882443730802	1.1736399585615e-10
801	0.000405079695423059	1.17254701729803e-10
802	0.000405276780041091	1.1714563596682e-10
803	0.000405473697932162	1.17036797818137e-10
804	0.000405670449442387	1.16928186538046e-10
805	0.000405867034916747	1.16819801384178e-10
806	0.000406063454699068	1.16711641617483e-10
807	0.000406259709132061	1.16603706502211e-10
808	0.0004064557985573	1.16495995305893e-10
809	0.000406651723315236	1.16388507299322e-10
810	0.000406847483745208	1.16281241756538e-10
811	0.000407043080185442	1.16174197954805e-10
812	0.000407238512973052	1.16067375174596e-10
813	0.000407433782444054	1.15960772699572e-10
814	0.000407628888933367	1.19338538061767e-10
815	0.000407823832774813	1.19229181336898e-10
816	0.000408018614301134	1.19120049348453e-10
817	0.00040821323384398	1.19011141371512e-10
818	0.000408407691733931	1.18902456684347e-10
819	0.000408601988300492	1.18793994568409e-10
820	0.000408796123872097	1.18685754308309e-10
821	0.000408990098776116	1.18577735191796e-10
822	0.000409183913338871	1.18469936509745e-10
823	0.000409377567885615	1.18362357556137e-10
824	0.000409571062740556	1.18254997628044e-10
825	0.000409764398226867	1.18147856025606e-10
826	0.000409957574666668	1.18040932052022e-10
827	0.000410150592381048	1.17934225013526e-10
828	0.000410343451690068	1.17827734219377e-10
829	0.000410536152912756	1.17721458981834e-10
830	0.000410728696367131	1.17615398616148e-10
831	0.000410921082370178	1.17509552440539e-10
832	0.000411113311237879	1.17403919776183e-10
833	0.000411305383285205	1.17298499947195e-10
834	0.000411497298826122	1.17193292280614e-10
835	0.000411689058173599	1.17088296106382e-10
836	0.000411880661639608	1.16983510757336e-10
837	0.000412072109535131	1.16878935569186e-10
838	0.000412263402170154	1.16774569880501e-10
839	0.000412454539853699	1.16670413032694e-10
840	0.000412645522893796	1.16566464370007e-10
841	0.000412836351597502	1.16462723239492e-10
842	0.000413027026270907	1.16359188991003e-10
843	0.000413217547219139	1.16255860977171e-10
844	0.000413407914746358	1.16152738553397e-10
845	0.000413598129155772	1.16049821077835e-10
846	0.000413788190749628	1.15947107911374e-10
847	0.000413978099829237	1.15844598417626e-10
848	0.000414167856694954	1.1574229196291e-10
849	0.000414357461646197	1.1564018791624e-10
850	0.000414546914981448	1.15538285649307e-10
851	0.000414736216998258	1.15436584536466e-10
852	0.000414925367993242	1.15335083954722e-10
853	0.000415114368262097	1.15233783283716e-10
854	0.000415303218099599	1.1513268190571e-10
855	0.000415491917799605	1.15031779205573e-10
856	0.000415680467655055	1.14931074570768e-10
857	0.000415868867957992	1.14830567391336e-10
858	0.000416057118999539	1.14730257059885e-10
859	0.000416245221069927	1.14630142971575e-10
860	0.000416433174458488	1.14530224524105e-10
861	0.000416620979453659	1.14430501117696e-10
862	0.000416808636342987	1.14330972155083e-10
863	0.000416996145413133	1.14231637041499e-10
864	0.000417183506949877	1.14132495184662e-10
865	0.000417370721238115	1.14033545994758e-10
866	0.000417557788561877	1.13934788884437e-10
867	0.000417744709204317	1.13836223268792e-10
868	0.000417931483447718	1.13737848565347e-10
869	0.000418118111573499	1.1363966419405e-10
870	0.000418304593862231	1.13541669577251e-10
871	0.000418490930593609	1.13443864139698e-10
872	0.000418677122046491	1.1334624730852e-10
873	0.000418863168498873	1.13248818513215e-10
874	0.000419049070227919	1.13151577185637e-10
875	0.000419234827509934	1.13054522759987e-10
876	0.000419420440620396	1.12957654672794e-10
877	0.000419605909833943	1.12860972362912e-10
878	0.000419791235424383	1.127644752715e-10
879	0.000419976417664695	1.12668162842012e-10
880	0.000420161456827027	1.12572034520188e-10
881	0.000420346353182713	1.12476089754039e-10
882	0.000420531107002265	1.12380327993837e-10
883	0.000420715718555381	1.12284748692101e-10
884	0.000420900188110947	1.12189351303588e-10
885	0.00042108451593704	1.1209413528528e-10
886	0.000421268702300933	1.11999100096372e-10
887	0.000421452747469099	1.11904245198261e-10
888	0.000421636651707208	1.11809570054537e-10
889	0.00042182041528014	1.11715074130966e-10
890	0.00042200403845198	1.11620756895485e-10
891	0.000422187521486025	1.11526617818188e-10
892	0.000422370864644789	1.11432656371314e-10
893	0.000422554068190001	1.11338872029237e-10
894	0.00042273713238261	1.11245264268456e-10
895	0.000422920057482798	1.11151832567581e-10
896	0.000423102843749958	1.11058576407328e-10
897	0.000423285491442731	1.10965495270501e-10
898	0.00042346800081898	1.10872588641987e-10
899	0.000423650372135812	1.10779856008742e-10
900	0.00042383260564957	1.10687296859782e-10
901	0.000424014701615842	1.10594910686174e-10
902	0.000424196660289456	1.1050269698102e-10
903	0.0004243784819245	1.10410655239455e-10
904	0.000424560166774306	1.10318784958628e-10
905	0.00042474171509146	1.10227085637699e-10
906	0.000424923127127813	1.10135556777824e-10
907	0.000425104403134473	1.10044197882146e-10
908	0.000425285543361816	1.09953008455789e-10
909	0.000425466548059475	1.0986198800584e-10
910	0.000425647417476365	1.09771136041346e-10
911	0.000425828151860666	1.09680452073302e-10
912	0.000426008751459836	1.09589935614642e-10
913	0.000426189216520618	1.09499586180225e-10
914	0.000426369547289027	1.0940940328683e-10
915	0.000426549744010365	1.09319386453148e-10
916	0.000426729806929226	1.09229535199764e-10
917	0.000426909736289489	1.09139849049156e-10
918	0.000427089532334329	1.09050327525683e-10
919	0.000427269195306217	1.12189268585311e-10
920	0.000427448725446919	1.12097432264011e-10
921	0.000427628122997506	1.12005763989739e-10
922	0.000427807388198354	1.11914263280408e-10
923	0.000427986521289141	1.11822929655821e-10
924	0.00042816552250886	1.11731762637659e-10
925	0.000428344392095814	1.11640761749472e-10
926	0.000428523130287622	1.11549926516673e-10
927	0.000428701737321218	1.11459256466523e-10
928	0.000428880213432856	1.11368751128127e-10
929	0.000429058558858119	1.11278410032422e-10
930	0.000429236773831915	1.11188232712168e-10
931	0.000429414858588474	1.11098218701942e-10
932	0.000429592813361364	1.11008367538126e-10
933	0.00042977063838348	1.10918678758898e-10
934	0.000429948333887058	1.10829151904225e-10
935	0.000430125900103677	1.10739786515854e-10
936	0.000430303337264247	1.106505821373e-10
937	0.000430480645599026	1.10561538313845e-10
938	0.000430657825337626	1.10472654592518e-10
939	0.000430834876709	1.10383930522098e-10
940	0.000431011799941452	1.10295365653097e-10
941	0.000431188595262646	1.10206959537757e-10
942	0.0004313652628996	1.10118711730038e-10
943	0.000431541803078692	1.10030621785612e-10
944	0.000431718216025659	1.09942689261851e-10
945	0.000431894501965602	1.09854913717824e-10
946	0.000432070661122997	1.09767294714286e-10
947	0.000432246693721675	1.0967983181367e-10
948	0.000432422599984851	1.09592524580077e-10
949	0.000432598380135107	1.09505372579271e-10
950	0.000432774034394402	1.0941837537867e-10
951	0.000432949562984078	1.09331532547337e-10
952	0.000433124966124854	1.09244843655973e-10
953	0.000433300244036832	1.0915830827691e-10
954	0.000433475396939502	1.090719259841e-10
955	0.000433650425051741	1.08985696353111e-10
956	0.00043382532859182	1.08899618961116e-10
957	0.000434000107777396	1.08813693386887e-10
958	0.000434174762825526	1.08727919210789e-10
959	0.000434349293952665	1.08642296014768e-10
960	0.000434523701374664	1.08556823382347e-10
961	0.000434697985306777	1.08471500898617e-10
962	0.000434872145963666	1.08386328150231e-10
963	0.0004350461835594	1.08301304725393e-10
964	0.000435220098307445	1.08216430213855e-10
965	0.000435393890420694	1.08131704206908e-10
966	0.000435567560111444	1.08047126297373e-10
967	0.000435741107591411	1.07962696079594e-10
968	0.000435914533071726	1.07878413149436e-10
969	0.00043608783676294	1.07794277104269e-10
970	0.000436261018875028	1.07710287542967e-10
971	0.000436434079617392	1.07626444065901e-10
972	0.000436607019198852	1.07542746274927e-10
973	0.000436779837827664	1.07459193773386e-10
974	0.000436952535711509	1.07375786166092e-10
975	0.000437125113057509	1.07292523059323e-10
976	0.000437297570072217	1.07209404060822e-10
977	0.000437469906961617	1.07126428779784e-10
978	0.000437642123931135	1.07043596826849e-10
979	0.00043781422118565	1.069609078141e-10
980	0.00043798619892947	1.06878361355049e-10
981	0.000438158057366349	1.06795957064639e-10
982	0.000438329796699502	1.06713694559229e-10
983	0.000438501417131576	1.06631573456594e-10
984	0.000438672918864684	1.06549593375912e-10
985	0.000438844302100382	1.06467753937766e-10
986	0.00043901556703969	1.06386054764127e-10
987	0.00043918671388308	1.06304495478357e-10
988	0.000439357742830489	1.06223075705196e-10
989	0.000439528654081306	1.06141795070759e-10
990	0.000439699447834396	1.0606065320253e-10
991	0.000439870124288081	1.05979649729351e-10
992	0.000440040683640154	1.05898784281422e-10
993	0.000440211126087875	1.0581805649029e-10
994	0.000440381451827979	1.05737465988846e-10
995	0.000440551661056676	1.05657012411316e-10
996	0.00044072175396964	1.05576695393257e-10
997	0.00044089173076204	1.05496514571549e-10
998	0.00044106159162851	1.05416469584391e-10
999	0.000441231336763166	1.05336560071293e-10
1000	0.000450287369642924	1.0638671878563e-10
1001	0.000441570480610949	1.05177146031842e-10
