1	0.878916525211765	0.76192040360485
2	0.877395671281111	0.755737844474704
3	0.876440325418103	0.751595587645464
4	0.875734254283854	0.748438560116036
5	0.875172963618904	0.745865892588676
6	0.87470659624505	0.743688484773135
7	0.874307378583812	0.741795587798605
8	0.873958220467232	0.74011680343604
9	0.873647844753703	0.738603588260254
10	0.873368413333039	0.737232447547269
11	0.873114254752584	0.735968087495505
12	0.872881131365812	0.734797936809686
13	0.872665792619234	0.733713101134392
14	0.872465689976932	0.732694110355115
15	0.872278787963005	0.731732723520335
16	0.872103434851388	0.730828524132727
17	0.871938271729347	0.7299730796066
18	0.871782167022779	0.72915772440216
19	0.871634168374544	0.728378515610758
20	0.87149346663001	0.727632147768208
21	0.87135936844658	0.726923638752601
22	0.871232883447153	0.726242152406879
23	0.871112738741001	0.725585499935108
24	0.870997522900825	0.724951754848441
25	0.870886843105621	0.724339212179832
26	0.870780351857776	0.723748484637848
27	0.870677740256797	0.723180366538406
28	0.870578732477476	0.722629171923531
29	0.870483081202468	0.722093817091883
30	0.870390563817783	0.721573321967926
31	0.870300979223108	0.721066797138769
32	0.870214145141384	0.720573432870445
33	0.870129895836633	0.720094511815415
34	0.870048080167847	0.719630499085108
35	0.869968559921196	0.719177485768396
36	0.869891208374099	0.718734905946503
37	0.869815909053492	0.71830223748733
38	0.869742554657583	0.717878997585043
39	0.869671046115906	0.717464738857569
40	0.869601291766919	0.717059045919909
41	0.869533206635901	0.716661532364999
42	0.869466711798837	0.716275999784243
43	0.869401733820254	0.715897976760576
44	0.869338204254942	0.715527044002181
45	0.869276059205016	0.715162910381342
46	0.869215238925112	0.71480530285537
47	0.869155687469562	0.714453964979462
48	0.869097352376304	0.714108655570486
49	0.869040184383025	0.713769147503575
50	0.868984137171669	0.713435226625919
51	0.868929167137972	0.713106690774278
52	0.868875233183143	0.712786407998891
53	0.868822296525171	0.712471538053138
54	0.868770320527594	0.712161457468265
55	0.868719270543813	0.711856005672465
56	0.868669113775292	0.711555030275469
57	0.868619819142179	0.711258386514492
58	0.86857135716507	0.71096593674666
59	0.868523699856776	0.710677549983293
60	0.868476820623102	0.710393101461941
61	0.868430694171738	0.710112472252556
62	0.868385296428499	0.709835548894554
63	0.868340604460189	0.709562223061894
64	0.868296596403491	0.709294782007961
65	0.868253251399317	0.7090312165756
66	0.868210549532115	0.708770915950582
67	0.86816847177371	0.708513790448745
68	0.868126999931256	0.708259754144148
69	0.868086116598958	0.708008724659053
70	0.868045805113237	0.707760622968496
71	0.868006049511041	0.707515373218236
72	0.867966834491052	0.707272902554992
73	0.867928145377538	0.70703314096798
74	0.867889968086651	0.706796021140859
75	0.867852289094958	0.706561478313274
76	0.867815095410042	0.706329450151237
77	0.867778374543011	0.706099876625706
78	0.867742114482763	0.705874047399002
79	0.867706303671871	0.705651615544167
80	0.867670930983981	0.705431446510395
81	0.867635985702595	0.705213488971882
82	0.867601457501152	0.704997693384285
83	0.867567336424295	0.704784011902039
84	0.86753361287026	0.704572398300458
85	0.867500277574299	0.704362807902292
86	0.867467321593055	0.70415519750842
87	0.867434736289842	0.703949525332426
88	0.867402513320755	0.70374575093877
89	0.867370644621561	0.703543835184342
90	0.867339122395315	0.70334374016317
91	0.867307939100649	0.703145429154071
92	0.867277087440712	0.702948866571066
93	0.867246560352682	0.702754017916393
94	0.867216350997852	0.702560849735933
95	0.867186452752226	0.702370901716803
96	0.867156859197609	0.702183012868369
97	0.867127564113151	0.701996693155404
98	0.867098561467324	0.701811913211109
99	0.867069845410303	0.701628644511974
100	0.867042490696413	0.701446794889495
101	0.867013250528813	0.701266530778404
102	0.866985360849814	0.701087632629001
103	0.866957736037789	0.700910139437354
104	0.866930371049672	0.700734026439447
105	0.866903260985623	0.700559269541515
106	0.866876401083647	0.700385845295705
107	0.866849786714458	0.700213730876861
108	0.866823413376589	0.700042904060334
109	0.866797276691714	0.699873343200792
110	0.866771372400195	0.69970502721196
111	0.866745696356817	0.699537935547242
112	0.866720244526723	0.699372048181189
113	0.86669501298152	0.699207345591761
114	0.866669997895561	0.699044081621833
115	0.866645195542385	0.698883402004557
116	0.866620602291312	0.698723839562413
117	0.866596214604182	0.698565376810208
118	0.86657202903223	0.698407996683565
119	0.866548042213097	0.698251682525326
120	0.866524250867962	0.698096418072504
121	0.866500651798786	0.697942187443754
122	0.866477241885685	0.697788975127346
123	0.86645401808439	0.697636765969611
124	0.866430977423822	0.697485545163835
125	0.866408117003762	0.697335298239597
126	0.866385433992607	0.697186011052494
127	0.86636292562522	0.697037669774286
128	0.866340589200866	0.696890260883389
129	0.866318422081216	0.696743771155745
130	0.86629642168844	0.69659818765602
131	0.866274585503369	0.696453497729131
132	0.866252911063721	0.69630968899209
133	0.866231395962401	0.696166749326136
134	0.866210037845859	0.696024666869158
135	0.866188834412512	0.695883430008388
136	0.866167783411221	0.695743027373355
137	0.866146882639826	0.695603982105647
138	0.866126129943731	0.695466665499517
139	0.866105523214542	0.69533014201546
140	0.866085060388756	0.695194401295983
141	0.866064739446488	0.695059433191993
142	0.866044558410249	0.694925227757159
143	0.866024515343769	0.69479177524246
144	0.866004608350855	0.694659066090922
145	0.865984835574289	0.694527090932531
146	0.865965195194767	0.69439584057931
147	0.865945685429871	0.694265306020562
148	0.865926304533077	0.694135478418271
149	0.865907050792796	0.694006349102643
150	0.865887922531447	0.693877909567807
151	0.865868918104558	0.693750151467635
152	0.865850035899903	0.693623066611712
153	0.865831274336658	0.693496646961424
154	0.865812631864592	0.693370884626169
155	0.865794106963281	0.693245771859695
156	0.865775698141347	0.69312130105654
157	0.86575740393572	0.692997464748591
158	0.865739222910927	0.692874255601745
159	0.865721153658399	0.692751666412669
160	0.865703194795802	0.692629690105666
161	0.86568534496639	0.692508319729626
162	0.865667602838375	0.692387548455073
163	0.865649967104315	0.692267409589833
164	0.865632436480526	0.692149058040823
165	0.86561500970651	0.692031279792441
166	0.865597685544393	0.691914068540063
167	0.865580462778392	0.691797418086066
168	0.865563340214288	0.691681322337383
169	0.86554631667892	0.691565775303124
170	0.865529391019691	0.691450771092275
171	0.865512562104086	0.691336303911449
172	0.865495828819215	0.691222368062712
173	0.865479190071353	0.691108957941458
174	0.865462644785508	0.690996068034357
175	0.865446191904988	0.690883692917348
176	0.865429830390996	0.690771827253693
177	0.865413559222219	0.690660465792085
178	0.865397377394444	0.690549603364801
179	0.86538128392017	0.690439234885914
180	0.865365277828247	0.690329355349546
181	0.865349358163509	0.690219959828171
182	0.86533352398643	0.690111043470963
183	0.865317774372781	0.690002601502186
184	0.865302108413297	0.689894629219629
185	0.865286525213359	0.689787121993082
186	0.865271119284388	0.689680075262843
187	0.8652560007434	0.689573484538282
188	0.865240960799586	0.689467345396421
189	0.865225998630173	0.689361653480564
190	0.865211113425295	0.689256404498962
191	0.865196304387716	0.6891515942235
192	0.865181570732575	0.689047218488431
193	0.865166911687125	0.688943273189137
194	0.865152326490489	0.688840571245205
195	0.865137814393417	0.688738537749037
196	0.865123374658045	0.688636918414807
197	0.865109006557672	0.688535709410525
198	0.865094709376531	0.688434906959005
199	0.865080482409572	0.688334507336802
200	0.865066324962247	0.688234506873186
201	0.865052236350306	0.688134901949135
202	0.865038215899588	0.688035688996351
203	0.865024262945828	0.687936864496302
204	0.865010376834464	0.687838424979286
205	0.864996556920446	0.687740367023518
206	0.864982802568051	0.687642687254238
207	0.864969113150708	0.687545382342836
208	0.864955488050822	0.687448449006007
209	0.8649419266596	0.687351884004911
210	0.864928428376885	0.687255684144368
211	0.864914992610998	0.687159846272063
212	0.86490161877857	0.687064367277765
213	0.864888306304396	0.686969244092577
214	0.864875054621275	0.686874473688189
215	0.864861863169868	0.686780053076157
216	0.864848731398552	0.686685979307192
217	0.864835658763273	0.686592249470474
218	0.864822644727416	0.686498860692967
219	0.864809688761663	0.686405810138762
220	0.864796790343866	0.686313095008433
221	0.864783948958915	0.686220712538395
222	0.864771164098612	0.686128660000292
223	0.864758435261548	0.686036934700389
224	0.864745761952983	0.685945533978978
225	0.864733143684727	0.6858544552098
226	0.864720579975027	0.685763695799477
227	0.864708070348451	0.685673253186954
228	0.864695614335778	0.685583268216965
229	0.864683211473892	0.685494371612989
230	0.864670861305676	0.685405781144126
231	0.864658563379907	0.685317494398261
232	0.864646317251158	0.685229508992693
233	0.864634122479693	0.68514182257365
234	0.864621978631379	0.685054432815817
235	0.864609885277582	0.684967337421869
236	0.864597841995082	0.68488053412202
237	0.864585848365975	0.684794020673574
238	0.864573903977591	0.684707794860489
239	0.864562008422402	0.684621854492953
240	0.864550161297938	0.68453619740696
241	0.864538362206705	0.684450821463901
242	0.864526610756101	0.684365724550165
243	0.864514906558337	0.68428090457674
244	0.864503249230357	0.684196359478828
245	0.864491638393766	0.684112087215469
246	0.864480073674747	0.684028085769164
247	0.864468554703994	0.683944353145515
248	0.864457081116636	0.683860887372868
249	0.864445652552167	0.68377768650196
250	0.864434268654375	0.683694748605577
251	0.864422929071278	0.683612071778219
252	0.864411633455054	0.683529654135767
253	0.864400381461975	0.683447493815161
254	0.864389172752343	0.683365588974081
255	0.864378006990433	0.683283937790636
256	0.864366883844422	0.683202538463057
257	0.864355802986333	0.683121389209398
258	0.864344764091978	0.683040488267242
259	0.864333766840897	0.68295983389341
260	0.864322810916299	0.68287942436368
261	0.864311896005011	0.682799257972505
262	0.86430102179742	0.682719333032743
263	0.864290187987418	0.682639647875389
264	0.864279394272352	0.682560200849309
265	0.864268640352972	0.682480990320983
266	0.864257925933377	0.682402014674252
267	0.864247250720968	0.682323272310067
268	0.864236614426397	0.682245374016863
269	0.864226016763523	0.682167890159281
270	0.864215457449357	0.682090632561009
271	0.864204936204024	0.682013599704639
272	0.864194452750714	0.681936790088536
273	0.864184006815634	0.681860202226607
274	0.86417359812797	0.681783834648092
275	0.864163226419841	0.681707685897347
276	0.864152891426255	0.681631754533632
277	0.864142592885071	0.681556039130909
278	0.864132330536958	0.681480538277637
279	0.864122104125351	0.681405250576574
280	0.864111913396414	0.681330174644578
281	0.864101758099005	0.681255309112421
282	0.864091637984632	0.681180652624595
283	0.864081552807418	0.681106203839125
284	0.864071502324066	0.681031961427393
285	0.864061486293821	0.680957924073951
286	0.864051504478435	0.680884090476351
287	0.864041556642133	0.680810459344966
288	0.864031642551578	0.680737029402824
289	0.864021761975839	0.680663799385435
290	0.864011914686356	0.680590768040633
291	0.864002100456907	0.680517934128407
292	0.863992319063579	0.680445296420746
293	0.863982570284735	0.680372853701481
294	0.863972853900984	0.680300604766129
295	0.863963169695148	0.680228548421743
296	0.863953517452236	0.680156683486763
297	0.863943896959413	0.680085008790867
298	0.86393430800597	0.680013523174828
299	0.863924750383297	0.679942225490374
300	0.863915223884857	0.679871114600043
301	0.863905728306155	0.67980018937705
302	0.863896263444713	0.679729448705149
303	0.863886829100043	0.679658891478502
304	0.863877425073622	0.679588516601544
305	0.863868051168865	0.67951832298886
306	0.8638587071911	0.679448309565051
307	0.863849392947546	0.679378475264615
308	0.863840108247282	0.679308819031819
309	0.863830852901231	0.679239339820583
310	0.863821626722131	0.679170036594356
311	0.863812429524512	0.679100908326003
312	0.863803261124678	0.679032053077353
313	0.863794121340677	0.678963967322471
314	0.863785009992286	0.67889605176051
315	0.863775926900984	0.67882830541087
316	0.863766871889932	0.678760727301713
317	0.863757844783955	0.67869331646986
318	0.863748845409517	0.678626071960686
319	0.863739873594702	0.678558992828017
320	0.863730929169195	0.678492078134028
321	0.863722011964259	0.678425326949144
322	0.863713121812721	0.678358738351945
323	0.863704258548946	0.678292311429063
324	0.863695422008824	0.678226045275092
325	0.863686612029749	0.678159938992492
326	0.863677828450598	0.678093991691498
327	0.863669071111718	0.678028202490026
328	0.863660339854903	0.677962570513589
329	0.863651634523383	0.677897094895201
330	0.863642954961799	0.677831774775297
331	0.863634301016192	0.677766609301641
332	0.863625672533983	0.677701597629247
333	0.863617069363959	0.677636738920293
334	0.863608491356253	0.677572032344038
335	0.863599938362333	0.677507477076742
336	0.863591410234982	0.677443072301588
337	0.863582906828283	0.677378817208601
338	0.863574427997607	0.677314710994569
339	0.863565973599594	0.677250752862972
340	0.863557543492141	0.677186942023902
341	0.863549137534384	0.67712327769399
342	0.863540755586687	0.677059759096333
343	0.863532397510628	0.676996385460423
344	0.863524063168979	0.676933156022072
345	0.863515752425701	0.676870070023348
346	0.863507465145924	0.6768071267125
347	0.863499201195934	0.676744325343892
348	0.863490960443165	0.676681665177937
349	0.863482742756179	0.67661914548103
350	0.863474548004658	0.67655676552548
351	0.863466376059388	0.676494524589449
352	0.863458226792251	0.676432421956886
353	0.863450100076207	0.676370456917467
354	0.863441995785287	0.676308628766528
355	0.863433913794577	0.67624693680501
356	0.863425853980209	0.676185380339396
357	0.863417816219347	0.676123958681649
358	0.863409800390179	0.676062671149158
359	0.863401806371901	0.676001517064677
360	0.863393834044711	0.675940495756271
361	0.863385883289793	0.675879606557254
362	0.863377953989309	0.67581884880614
363	0.863370046026388	0.675758711497709
364	0.863362159285116	0.675698822834156
365	0.863354293650524	0.675639062362926
366	0.863346449008577	0.675579429449228
367	0.863338625246167	0.675519923463148
368	0.863330822251102	0.675460543779606
369	0.863323039912094	0.675401289778298
370	0.863315278118751	0.675342160843653
371	0.863307536761567	0.675283156364781
372	0.863299815731913	0.675224275735426
373	0.863292114922027	0.675165518353917
374	0.863284434225006	0.675106883623123
375	0.863276773534794	0.675048370950404
376	0.863269132746177	0.674989979747568
377	0.86326151175477	0.674931709430827
378	0.863253910457013	0.674873559420746
379	0.863246328750157	0.674815529142206
380	0.863238766532261	0.674757618024357
381	0.863231223702177	0.674699825500577
382	0.86322370015955	0.674642151008427
383	0.863216195804802	0.674584593989611
384	0.863208710539128	0.674527153889937
385	0.863201244264488	0.674469830159269
386	0.863193796883597	0.674412622251496
387	0.863186368299921	0.674355529624486
388	0.863178958417664	0.674298551740047
389	0.863171567141765	0.674241688063891
390	0.863164194377888	0.674184938065596
391	0.863156840032418	0.674128301218564
392	0.863149504012446	0.674071776999987
393	0.863142186225773	0.67401536489081
394	0.863134886580893	0.673959064375693
395	0.86312760498699	0.673902874942976
396	0.863120341353933	0.673846796084644
397	0.863113095592266	0.673790827296291
398	0.863105867613201	0.673734968077085
399	0.863098657328613	0.673679217929734
400	0.863091464651036	0.673623576360454
401	0.863084289493651	0.673568042878932
402	0.863077131770281	0.673512616998297
403	0.86306999139539	0.673457298235082
404	0.863062868284066	0.673402086109198
405	0.863055762352028	0.673346980143897
406	0.863048673515609	0.673291979865745
407	0.863041601691756	0.673237084804586
408	0.863034546798021	0.673182294493514
409	0.863027508752557	0.673127608468843
410	0.863020487474112	0.673073026270077
411	0.86301348288202	0.673018547439877
412	0.863006494896202	0.672964171524037
413	0.862999523437154	0.67290989807145
414	0.862992568425943	0.672855726634084
415	0.862985629784205	0.672801656766948
416	0.862978707434135	0.67274768802807
417	0.862971801298484	0.672693819978465
418	0.862964911300554	0.67264005218211
419	0.862958037364191	0.672586518782209
420	0.862951179413781	0.672533485542817
421	0.862944337374246	0.672480550277108
422	0.862937511171038	0.672427712564875
423	0.862930700730131	0.672374971988718
424	0.862923905978021	0.672322328134008
425	0.86291712684172	0.672269780588868
426	0.862910363248748	0.672217328944147
427	0.862903615127131	0.672164972793396
428	0.862896882405397	0.672112711732842
429	0.862890165012569	0.672060545361367
430	0.862883462878162	0.672008473280481
431	0.862876775932176	0.671956495094301
432	0.862870104105097	0.67190461040953
433	0.862863447327887	0.671852818835428
434	0.862856805531982	0.671801119983795
435	0.862850178649286	0.671749513468947
436	0.862843566612171	0.671697998907691
437	0.862836969353466	0.67164657591931
438	0.862830386806461	0.671595244125533
439	0.862823818904896	0.671544003150522
440	0.862817265582958	0.671492852620843
441	0.862810726775282	0.671441792165452
442	0.86280420241694	0.671390821415669
443	0.862797692443443	0.671339940005161
444	0.862791196790732	0.67128914756992
445	0.86278471539518	0.671238443748244
446	0.862778248193581	0.671187828180718
447	0.862771795123152	0.67113730051019
448	0.862765356121528	0.671086860381759
449	0.862758931126757	0.67103650744275
450	0.862752520077295	0.670986241342695
451	0.862746122912007	0.670936061733319
452	0.86273973957016	0.670885968268518
453	0.86273336999142	0.67083596060434
454	0.862727014115848	0.67078603839897
455	0.862720671883898	0.670736201312709
456	0.862714343236413	0.670686449007956
457	0.862708028114621	0.670636781149196
458	0.862701726460133	0.670587197402975
459	0.862695438214937	0.670537697437887
460	0.862689163321399	0.670488280924558
461	0.862682901722254	0.670438947535625
462	0.862676653360609	0.670389696945723
463	0.862670418179936	0.670340528831467
464	0.86266419612407	0.670291442871438
465	0.862657987137203	0.670242438746161
466	0.862651791163889	0.670193516138095
467	0.862645608149029	0.670144674731616
468	0.862639438037881	0.670095914212999
469	0.862633280776045	0.670047234270403
470	0.86262713630947	0.669998634593859
471	0.862621004584444	0.66995011487525
472	0.862614885547594	0.6699016748083
473	0.862608779145885	0.669853314088557
474	0.862602685326612	0.669805032413379
475	0.862596604037404	0.669756829481917
476	0.862590535226215	0.669708704995106
477	0.862584478841325	0.669660658655646
478	0.862578434831335	0.669612690167989
479	0.862572403145167	0.669564799238326
480	0.862566383732059	0.669516985574573
481	0.862560376541564	0.669469248886355
482	0.862554381523545	0.669421588884996
483	0.862548398628176	0.669374461425681
484	0.862542427805936	0.669327426004834
485	0.86253646900761	0.669280465661362
486	0.862530522184282	0.669233580116047
487	0.862524587287336	0.669186769091287
488	0.862518664268455	0.66914003231108
489	0.862512753079612	0.669093369501017
490	0.862506853673075	0.669046780388264
491	0.862500966001401	0.669000264701553
492	0.862495090017432	0.668953822171172
493	0.862489225674297	0.668907452528945
494	0.862483372925408	0.66886115550823
495	0.862477531724455	0.6688149308439
496	0.862471702025407	0.668768778272333
497	0.862465883782509	0.668722697531404
498	0.86246007695028	0.668676688360467
499	0.86245428148351	0.66863075050035
500	0.862448497337258	0.668584883693341
501	0.86244272446685	0.668539087683174
502	0.862436962827876	0.668493362215025
503	0.862431212376192	0.668447707035493
504	0.862425473067912	0.668402121892596
505	0.862419744859409	0.668356606535757
506	0.862414027707314	0.668311160715791
507	0.862408321568512	0.668265784184902
508	0.86240262640014	0.668220476696663
509	0.862396942159587	0.668175238006015
510	0.862391268804491	0.668130067869248
511	0.862385606292735	0.668084966043999
512	0.862379954582448	0.668039932289235
513	0.862374313632002	0.667994966365248
514	0.862368683400011	0.667950068033645
515	0.862363063845326	0.667905237057332
516	0.862357454927038	0.667860473200513
517	0.862351856604472	0.667815776228675
518	0.862346268837188	0.667771145908581
519	0.862340691584976	0.667726582008257
520	0.862335124807858	0.667682084296988
521	0.862329568466085	0.667637652545305
522	0.862324022520132	0.667593286524976
523	0.862318486930701	0.667548986008999
524	0.862312961658718	0.667504750771592
525	0.86230744666533	0.667460580588183
526	0.862301941911902	0.667416475235403
527	0.862296447360019	0.667372434491077
528	0.862290962971483	0.667328458134214
529	0.862285488708311	0.667284545944999
530	0.862280024532732	0.667240697704785
531	0.862274570407188	0.667196913196086
532	0.86226912629433	0.667153192202565
533	0.86226369215702	0.667109534509029
534	0.862258267958324	0.667065939901418
535	0.862252853661516	0.667022408166802
536	0.862247449230073	0.666978939093366
537	0.862242054627674	0.666935532470408
538	0.8622366698182	0.666892188088326
539	0.862231294765732	0.666848905738616
540	0.862225929434546	0.666805685213859
541	0.862220573789119	0.666762526307716
542	0.86221522779412	0.66671942881492
543	0.862209891414413	0.666676392531267
544	0.862204564615052	0.666633417253613
545	0.862199247361287	0.666590502779859
546	0.862193939618552	0.666547648908952
547	0.862188641352473	0.666504855440872
548	0.86218335252886	0.666462122176625
549	0.862178073113711	0.666419448918241
550	0.862172803073206	0.666376835468761
551	0.862167542373708	0.666334281632232
552	0.862162290981764	0.6662917872137
553	0.862157048864096	0.666249521767238
554	0.86215181598761	0.666207564347831
555	0.862146592319388	0.666165665186067
556	0.862141377826686	0.666123824092811
557	0.862136172476938	0.666082040879881
558	0.862130976237749	0.666040315360046
559	0.8621257890769	0.665998647347018
560	0.86212061096234	0.665957036655444
561	0.86211544186219	0.665915483100902
562	0.862110281744739	0.665873986499892
563	0.862105130578445	0.665832546669836
564	0.862099988331931	0.665791163429061
565	0.862094854973985	0.665749836596803
566	0.862089730473562	0.665708565993197
567	0.862084614799777	0.665667351439268
568	0.862079507921907	0.665626192756932
569	0.862074409809393	0.665585089768982
570	0.862069320431832	0.665544042299088
571	0.862064239758981	0.665503050171788
572	0.862059167760755	0.665462113212486
573	0.862054104407224	0.66542123124744
574	0.862049049668614	0.665380404103763
575	0.862044003515306	0.665339631609412
576	0.862038965917832	0.665298913593185
577	0.862033936846878	0.665258249884717
578	0.862028916273279	0.66521764031447
579	0.862023904168024	0.665177084713731
580	0.862018900502245	0.665136582914605
581	0.862013905247227	0.665096134750013
582	0.862008918374399	0.66505574005368
583	0.862003939855338	0.665015398660136
584	0.861998969661764	0.664975110404708
585	0.861994007765541	0.664934875123515
586	0.861989054138678	0.664894692653463
587	0.861984108753325	0.66485456283224
588	0.861979171581771	0.664814485498309
589	0.861974242596448	0.664774460490908
590	0.861969321769925	0.66473448765004
591	0.861964409074911	0.66469456681647
592	0.861959504484251	0.664654697831719
593	0.861954607970926	0.66461488053806
594	0.861949719508054	0.664575114778516
595	0.861944839068886	0.66453540039685
596	0.861939966626807	0.664495737237562
597	0.861935102155336	0.664456125145886
598	0.861930245628121	0.664416563967785
599	0.861925397018945	0.664377053549943
600	0.861920556301717	0.664337593739766
601	0.861915723450478	0.664298184385373
602	0.861910898439396	0.664258825335592
603	0.861906081242768	0.664219516439958
604	0.861901271835015	0.664180257548706
605	0.861896470190688	0.664141048512767
606	0.861891676284459	0.664101889183765
607	0.861886890091126	0.664062779414011
608	0.861882111585611	0.664023719056502
609	0.861877340742957	0.66398470796491
610	0.86187257753833	0.663945745993584
611	0.861867821947017	0.663906832997543
612	0.861863073944425	0.663867968832475
613	0.86185833350608	0.663829153354727
614	0.861853600607628	0.663790386421306
615	0.861848875224831	0.663751667889872
616	0.861844157333569	0.663712997618736
617	0.861839446909839	0.663674375466855
618	0.861834743929752	0.663635801293827
619	0.861830048369537	0.66359727495989
620	0.861825360205534	0.663558796325915
621	0.861820679414198	0.663520365253402
622	0.861816005972096	0.663481981604479
623	0.861811339855907	0.663443645241898
624	0.861806681042423	0.663405356029025
625	0.861802029508543	0.663367113829846
626	0.86179738523128	0.663328918508955
627	0.861792748187753	0.663290769931555
628	0.861788118355191	0.663252667963453
629	0.86178349571093	0.663214612471054
630	0.861778880232414	0.663176603321362
631	0.861774271897193	0.663138645393478
632	0.861769670682922	0.663101101193487
633	0.861765076567362	0.663063602489169
634	0.861760489528379	0.66302614915116
635	0.861755909543941	0.66298874105067
636	0.861751336592121	0.662951378059481
637	0.861746770651094	0.662914060049936
638	0.861742211699134	0.662876786894945
639	0.861737659714622	0.662839558467976
640	0.861733114676034	0.662802374643053
641	0.861728576561949	0.662765235294752
642	0.861724045351044	0.6627281402982
643	0.861719521022096	0.66269108952907
644	0.861715003553979	0.662654082863576
645	0.861710492925666	0.662617120178474
646	0.861705989116225	0.662580201351056
647	0.86170149210482	0.662543326259146
648	0.861697001870714	0.662506494781101
649	0.861692518393262	0.662469706795803
650	0.861688041651914	0.662432962182658
651	0.861683571626216	0.662396260821594
652	0.861679108295804	0.662359602593057
653	0.861674651640411	0.662322987378006
654	0.861670201639859	0.662286415057914
655	0.861665758274063	0.662249885514762
656	0.861661321523028	0.662213398631037
657	0.861656891366852	0.662176954289729
658	0.861652467785721	0.662140552374328
659	0.861648050759911	0.662104192768822
660	0.861643640269787	0.662067875357692
661	0.861639236295802	0.662031600025911
662	0.861634838818499	0.661995366658941
663	0.861630447818505	0.661959175142729
664	0.861626063276537	0.661923025363705
665	0.861621685173397	0.661886917208781
666	0.861617313489972	0.661850850565344
667	0.861612948207236	0.661814825321257
668	0.861608589306246	0.661778841364856
669	0.861604236768144	0.661742898584944
670	0.861599890574158	0.661706996870792
671	0.861595550705595	0.661671136112135
672	0.861591217143848	0.66163531619917
673	0.861586889870392	0.661599537022552
674	0.861582568866783	0.661563798473391
675	0.861578254114658	0.661528100443253
676	0.861573945595737	0.661492442824153
677	0.861569643291817	0.661456825508556
678	0.861565347184777	0.661421248389371
679	0.861561057256577	0.661385711359952
680	0.861556773489253	0.661350214314095
681	0.861552495864921	0.661314757146032
682	0.861548224365774	0.661279339750432
683	0.861543958974085	0.661243962022398
684	0.861539699672202	0.661208623857462
685	0.86153544644255	0.66117332515159
686	0.861531199267631	0.661138065801169
687	0.861526958130022	0.661102845703011
688	0.861522723012376	0.661067664754353
689	0.861518493897422	0.661032522852847
690	0.86151427076796	0.660997419896565
691	0.861510053606869	0.660962355783992
692	0.861505842397097	0.660927330414026
693	0.861501637121669	0.660892343685976
694	0.86149743776368	0.660857395499557
695	0.861493244306298	0.660822485754892
696	0.861489056732766	0.660787614352505
697	0.861484875026394	0.660752781193323
698	0.861480699170566	0.660717986178671
699	0.861476529148736	0.66068322921027
700	0.861472364944429	0.660648510190239
701	0.861468206541238	0.660613829021087
702	0.861464053922829	0.660579185605712
703	0.861459907072935	0.660544579847403
704	0.861455765975356	0.660510011649835
705	0.861451630613964	0.660475480917064
706	0.861447500972698	0.660440987553533
707	0.861443377035563	0.66040653146406
708	0.861439258786632	0.660372112553844
709	0.861435146210046	0.660337730728459
710	0.861431039290011	0.660303385893852
711	0.8614269380108	0.660269077956343
712	0.861422842356752	0.660234806822621
713	0.861418752312271	0.660200572399743
714	0.861414667861826	0.660166374595133
715	0.861410588989951	0.660132213316577
716	0.861406515681242	0.660098088472225
717	0.861402447920363	0.660063999970586
718	0.861398385692039	0.660030018909746
719	0.861394328981059	0.65999633539305
720	0.861390277772274	0.659962687594079
721	0.861386232050599	0.659929075423643
722	0.861382191801009	0.6598954987929
723	0.861378157008544	0.659861957613354
724	0.861374127658304	0.659828451796852
725	0.861370103735448	0.659794981255582
726	0.861366085225199	0.659761545902073
727	0.86136207211284	0.659728145649192
728	0.861358064383712	0.659694780410142
729	0.861354062023219	0.65966145009846
730	0.861350065016822	0.659628154628018
731	0.861346073350043	0.659594893913017
732	0.861342087008461	0.659561667867988
733	0.861338105977715	0.65952847640779
734	0.861334130243503	0.659495319447608
735	0.861330159791577	0.659462196902951
736	0.861326194607753	0.65942910868965
737	0.861322234677898	0.659396054723859
738	0.86131827998794	0.659363034922048
739	0.861314330523861	0.659330049201009
740	0.861310386271703	0.659297097477846
741	0.861306447217561	0.659264179669979
742	0.861302513347586	0.65923129569514
743	0.861298584647985	0.659198445471375
744	0.861294661105022	0.659165628917035
745	0.861290742705012	0.659132845950782
746	0.861286829434329	0.659100096491584
747	0.861282921279399	0.659067380458714
748	0.861279018226701	0.659034697771747
749	0.861275120262769	0.65900204835056
750	0.861271227374191	0.658969432115331
751	0.861267339547608	0.658936848986537
752	0.861263456769713	0.658904298884951
753	0.861259579027251	0.658871781731642
754	0.861255706307022	0.658839297447973
755	0.861251838595876	0.6588068459556
756	0.861247975880715	0.65877442717647
757	0.861244118148493	0.658742041032821
758	0.861240265386214	0.658709687447176
759	0.861236417580936	0.658677366342348
760	0.861232574719763	0.658645077641433
761	0.861228736789854	0.658612821267814
762	0.861224903778416	0.658580597145153
763	0.861221075672706	0.658548405197396
764	0.861217252460031	0.658516245348766
765	0.861213434127747	0.658484117523767
766	0.861209620663259	0.658452021647178
767	0.861205812054022	0.658419957644053
768	0.861202008287539	0.658387925439723
769	0.861198209351361	0.65835592495979
770	0.861194415233087	0.658323956130126
771	0.861190625920364	0.658292018876876
772	0.861186841400888	0.658260113126452
773	0.861183061662401	0.658228238805535
774	0.861179286692692	0.658196395841069
775	0.861175516479598	0.658164584160266
776	0.861171751011002	0.658132803690599
777	0.861167990274833	0.658101054359807
778	0.861164234259066	0.658069336095886
779	0.861160482951724	0.658037648827092
780	0.861156736340875	0.658005992481943
781	0.861152994414629	0.65797436698921
782	0.861149257161146	0.657942772277922
783	0.861145524568629	0.657911208277363
784	0.861141796625325	0.657879674917068
785	0.861138073319528	0.657848172126826
786	0.861134354639574	0.657816699836677
787	0.861130640573843	0.65778525797691
788	0.861126931110761	0.657753846478064
789	0.861123226238795	0.657722465270923
790	0.861119525946459	0.657691114286518
791	0.861115830222307	0.657659793456127
792	0.861112139054938	0.657628502711267
793	0.861108452432991	0.657597241983703
794	0.861104770345152	0.657566011205438
795	0.861101092780146	0.657534810308715
796	0.861097419726741	0.657503639226019
797	0.861093751173747	0.657472497890071
798	0.861090087110016	0.657441386233827
799	0.861086427524441	0.657410304190483
800	0.861082772405958	0.657379251693466
801	0.861079121743541	0.657348228676438
802	0.861075475526208	0.657317235073293
803	0.861071833743016	0.657286270818156
804	0.861068196383063	0.657255335845383
805	0.861064563435488	0.657224430089557
806	0.861060934889468	0.657193553485491
807	0.861057310734223	0.657162705968225
808	0.86105369095901	0.657131887473023
809	0.861050075553127	0.657101097935375
810	0.86104646450591	0.657070337290995
811	0.861042857806736	0.657039605475818
812	0.861039255445021	0.657008902426002
813	0.861035657410217	0.656978228077926
814	0.861032063691816	0.656947705521423
815	0.861028474279351	0.656917386204991
816	0.861024889162389	0.656887095123403
817	0.861021308330538	0.65685683221452
818	0.861017731773442	0.656826597416415
819	0.861014159480784	0.656796390667376
820	0.861010591442284	0.656766211905899
821	0.861007027647698	0.656736061070691
822	0.861003468086821	0.656705938100671
823	0.860999912749485	0.656675842934965
824	0.860996361625556	0.656645775512904
825	0.86099281470494	0.65661573577403
826	0.860989271977578	0.656585723658087
827	0.860985733433446	0.656555739105025
828	0.860982199062557	0.656525782054998
829	0.860978668854961	0.656495852448361
830	0.860975142800742	0.656465950225674
831	0.86097162089002	0.656436075327694
832	0.86096810311295	0.656406227695381
833	0.860964589459725	0.656376407269892
834	0.860961079920568	0.656346613992584
835	0.860957574485741	0.656316847805009
836	0.860954073145539	0.656287108648918
837	0.860950575890292	0.656257396466255
838	0.860947082710363	0.65622771119916
839	0.860943593596152	0.656198052789965
840	0.86094010853809	0.656168421181197
841	0.860936627526644	0.656138816315573
842	0.860933150552313	0.656109238136003
843	0.860929677605632	0.656079686585585
844	0.860926208677166	0.656050161607608
845	0.860922743757516	0.656020663145548
846	0.860919282837315	0.655991191143069
847	0.86091582590723	0.655961745544023
848	0.860912372957958	0.655932326292447
849	0.860908923980232	0.655902933332562
850	0.860905478964816	0.655873566608776
851	0.860902037902505	0.655844226065677
852	0.860898600784128	0.655814911648039
853	0.860895167600546	0.655785623300814
854	0.86089173834265	0.655756360969139
855	0.860888313001365	0.655727124598328
856	0.860884891567646	0.655697914133877
857	0.86088147403248	0.655668729521458
858	0.860878060386886	0.655639570706922
859	0.860874650621912	0.655610437636297
860	0.86087124472864	0.655581330255788
861	0.86086784269818	0.655552248511774
862	0.860864444521674	0.655523192350809
863	0.860861050190295	0.65549416171962
864	0.860857659695245	0.65546515656511
865	0.860854273027757	0.655436176834352
866	0.860850890179096	0.655407222474591
867	0.860847511140553	0.655378293433242
868	0.860844135903453	0.655349389657892
869	0.860840764459147	0.655320511096296
870	0.860837396799019	0.655291657696377
871	0.860834032914481	0.655262829406228
872	0.860830672796973	0.655234026174108
873	0.860827316437966	0.655205247948441
874	0.86082396382896	0.655176494677818
875	0.860820614961482	0.655147766310996
876	0.86081726982709	0.655119062796894
877	0.860813928417371	0.655090384084596
878	0.860810590723937	0.655061730123348
879	0.860807256738432	0.655033100862558
880	0.860803926452527	0.655004496251796
881	0.860800599857921	0.654975916240793
882	0.860797276946341	0.65494736077944
883	0.860793957709543	0.654918829817785
884	0.860790642139308	0.654890323306038
885	0.860787330227449	0.654861841194564
886	0.860784021965802	0.654833383433887
887	0.860780717346233	0.654804949974688
888	0.860777416360634	0.654776540767801
889	0.860774119000926	0.65474815576422
890	0.860770825259056	0.654719794915088
891	0.860767535126996	0.654691458171707
892	0.860764248596748	0.654663145485529
893	0.860760965660339	0.654634856808159
894	0.860757686309823	0.654606592091355
895	0.860754410537278	0.654578351287026
896	0.860751138334813	0.654550134347232
897	0.86074786969456	0.654521941224182
898	0.860744604608678	0.654493771870233
899	0.860741343069351	0.654465626237896
900	0.86073808506879	0.654437504279824
901	0.860734830599232	0.654409405948821
902	0.860731579652937	0.654381331197837
903	0.860728332222194	0.654353279979969
904	0.860725088299316	0.654325252248458
905	0.86072184787664	0.654297247956691
906	0.860718610946531	0.654269267058199
907	0.860715377501375	0.654241309506658
908	0.860712147533587	0.654213375255886
909	0.860708921035606	0.654185464259843
910	0.860705697999892	0.654157576472633
911	0.860702478418936	0.6541297118485
912	0.860699262285247	0.654101870341828
913	0.860696049591363	0.654074051907144
914	0.860692840329846	0.654046256499112
915	0.860689634493279	0.654018484072535
916	0.860686432074271	0.653990734582357
917	0.860683233065456	0.653963007983658
918	0.860680037459492	0.653935304231655
919	0.860676845249057	0.653907623888146
920	0.860673656426858	0.653880233401095
921	0.860670470985621	0.65385286540737
922	0.8606672889181	0.653825519863161
923	0.860664110217067	0.653798196724789
924	0.860660934875323	0.65377089594871
925	0.860657762885687	0.653743617491512
926	0.860654594241005	0.653716361309914
927	0.860651428934143	0.653689127360765
928	0.860648266957992	0.653661915601046
929	0.860645108305465	0.653634725987867
930	0.860641952969499	0.653607558478468
931	0.86063880094305	0.653580413030219
932	0.860635652219101	0.653553289600616
933	0.860632506790653	0.653526188147283
934	0.860629364650733	0.653499108627974
935	0.860626225792389	0.653472051000567
936	0.86062309020869	0.653445015223068
937	0.860619957892729	0.653418001253607
938	0.860616828837618	0.653391009050441
939	0.860613703036494	0.653364038571951
940	0.860610580482513	0.653337089776641
941	0.860607461168856	0.653310162623143
942	0.860604345088722	0.653283257070207
943	0.860601232235333	0.653256373076708
944	0.860598122601934	0.653229510601644
945	0.860595016181788	0.653202669604133
946	0.860591912968181	0.653175850043416
947	0.860588812954421	0.653149051878855
948	0.860585716133835	0.653122275069929
949	0.860582622499773	0.65309551957624
950	0.860579532045604	0.653068785357509
951	0.860576444764718	0.653042072373575
952	0.860573360650527	0.653015380584395
953	0.860570279696463	0.652988709950045
954	0.860567201895977	0.652962060430717
955	0.860564127242543	0.652935431986722
956	0.860561055729654	0.652908824578486
957	0.860557987350823	0.652882238166551
958	0.860554922099582	0.652855672711576
959	0.860551859969486	0.652829128174332
960	0.860548800954109	0.652802604515708
961	0.860545745047043	0.652776101696705
962	0.860542692241901	0.65274961967844
963	0.860539642532317	0.65272315842214
964	0.860536595911944	0.652696717889148
965	0.860533552374453	0.652670298040918
966	0.860530511913536	0.652643898839016
967	0.860527474522904	0.652617520245119
968	0.860524440196288	0.652591162221015
969	0.860521408927437	0.652564824728605
970	0.860518380710121	0.652538507729897
971	0.860515355538126	0.65251221118701
972	0.860512333405261	0.652485935062173
973	0.860509314305351	0.652459679317724
974	0.860506298232242	0.652433443916109
975	0.860503285179795	0.652407228819881
976	0.860500275141896	0.652381033991701
977	0.860497268112443	0.65235485939434
978	0.860494264085356	0.652328704990671
979	0.860491263054574	0.652302570743678
980	0.860488265014053	0.652276456616448
981	0.860485269957768	0.652250362572174
982	0.860482277879712	0.652224288574155
983	0.860479288773896	0.652198234585796
984	0.86047630263435	0.652172200570602
985	0.86047331945512	0.652146186492185
986	0.860470339230273	0.652120192314262
987	0.860467361953891	0.65209421800065
988	0.860464387620076	0.65206826351527
989	0.860461416222946	0.652042328822146
990	0.860458447756639	0.652016413885402
991	0.860455482215308	0.651990518669265
992	0.860452519593125	0.651964643138064
993	0.860449559884279	0.651938787256227
994	0.860446603082976	0.651912950988283
995	0.860443649183441	0.651887134298861
996	0.860440698179915	0.65186133715269
997	0.860437750066656	0.651835559514598
998	0.86043480483794	0.651809801349512
999	0.860431862488059	0.651784062622456
1000	0.860434811359409	0.65175860546781
1001	0.860425986402058	0.651732643343028
