1	0.0252193034688589	255.767715669477
2	0.0401537525030108	721.6126041848
3	0.0564172420615003	1376.5514462892
4	0.0724602660769252	2191.12612673632
5	0.0883339317451111	3140.42659562598
6	0.104066464895614	4405.6993382301
7	0.119676235031548	5613.33394522117
8	0.135176425085968	7226.54192085566
9	0.150577110133145	8636.41858135978
10	0.16588632836928	10564.9403469062
11	0.181110694112818	12687.3585257792
12	0.196255777397091	14344.2524530224
13	0.211326353693764	16744.1305615335
14	0.226326576207186	19329.3767763473
15	0.241260099370408	22099.9899607207
16	0.25613017016114	23978.4240951023
17	0.270939697385073	26984.6733707525
18	0.285691305391961	30168.3157879259
19	0.300387376495168	33529.350935434
20	0.315030085004139	35507.2108173536
21	0.329621424905639	39066.5928257969
22	0.322673765999395	42795.8984450069
23	0.336262348390321	46695.1274948467
24	0.34980755364983	50764.2798239348
25	0.36331075677608	55003.3553041376
26	0.376773241172936	56962.6309185242
27	0.390196207936865	61352.7515597575
28	0.403580783889965	65905.7886998856
29	0.416928028568734	70621.7422718856
30	0.430238940336781	75500.6122173894
31	0.44351446175752	80542.3984853397
32	0.456755484338015	85747.1010308791
33	0.46996285273518	87433.7065662465
34	0.483137368499996	92740.8090361443
35	0.496279793422693	98204.2458912958
36	0.509390852531737	103824.017105093
37	0.522471236791051	109600.122653746
38	0.53552160553325	115532.562515919
39	0.54854258866096	121621.336672426
40	0.561534788643705	127866.445105967
41	0.574498782333953	134267.887800906
42	0.58743512262271	135248.975926727
43	0.600344339952243	141697.208465755
44	0.613226943701316	148295.584391876
45	0.626083423456306	155044.10369484
46	0.638914250179836	161942.766365279
47	0.651719877287295	168991.572394618
48	0.664500741640214	176190.521774991
49	0.677257264464537	183539.614499174
50	0.68998985220083	191038.850560517
51	0.702698897292732	198688.229952894
52	0.715384778919193	198469.590363782
53	0.72804786367559	206110.561336342
54	0.740688506208015	213895.845376012
55	0.753307049804904	221825.442478481
56	0.765903826949485	229899.35263975
57	0.778479159836296	238117.575856103
58	0.791033360854729	246480.112124083
59	0.803566733042141	254986.96144047
60	0.816079570509016	263638.12380226
61	0.828572158838276	272433.59920665
62	0.841044775460679	281373.38765102
63	0.853497690008164	290457.48913292
64	0.865931164646653	288270.36356029
65	0.878345454389948	297286.067981546
66	0.89074080739587	306440.588302655
67	0.903117465246099	315733.924521798
68	0.915475663210664	325166.076637267
69	0.927815630498251	334737.044647453
70	0.940137590493198	344446.828550848
71	0.95244176098012	354295.428346023
72	0.964728354356911	364282.844031637
73	0.976997577836964	374409.075606424
74	0.989249633641171	384674.123069191
75	1.00148471918045	395077.986418803
76	1.01370302722932	405620.665654199
77	1.02590474609114	416302.160774367
78	1.0380900597554	411156.709457774
79	1.05025914804765	421706.185958773
80	1.06241218677247	432389.28942473
81	1.07454934784981	443206.019854866
82	1.08667079944523	454156.377248442
83	1.09877670609423	465240.361604753
84	1.11086722882108	476457.972923137
85	1.12294252525246	487809.211202956
86	1.1350027497262	499294.076443613
87	1.1470480533953	510912.568644534
88	1.15907858432758	522664.687805173
89	1.17109448760119	534550.433925016
90	1.18309590539611	546569.807003567
91	1.19508297708192	558722.807040359
92	1.20705583930204	571009.43403494
93	1.21901462605451	583429.687986886
94	1.23095946876969	595983.568895792
95	1.2428904963848	586336.452108946
96	1.2548078354156	598687.127038707
97	1.26671161002531	611166.525603081
98	1.27860194209093	623774.64780175
99	1.29047895126701	636511.493634398
100	1.27437408120123	649160.441743656
101	1.31419346882273	662371.35620047
102	1.32603120594071	675494.372933339
103	1.33785607775771	688746.113299084
104	1.34966819369335	702126.577297454
105	1.36146766128123	715635.764928213
106	1.37325458621816	729273.676191136
107	1.3850290724117	743040.311086004
108	1.39679122202603	756935.669612613
109	1.40854113552627	770959.751770758
110	1.42027891172122	785112.557560252
111	1.43200464780486	799394.086980913
112	1.4437184393961	813804.340032562
113	1.45542038057764	828343.316715034
114	1.46711056393322	812634.767785704
115	1.47878908058384	826898.031452855
116	1.4904560202227	841285.380444221
117	1.50211147114914	855796.814759665
118	1.51375552030137	870432.334399056
119	1.52538825328829	885191.939362272
120	1.53700975442021	900075.629649189
121	1.54862010673872	915083.405259694
122	1.56021939204553	930215.266193675
123	1.57180769093056	945471.212451025
124	1.58338508279904	960851.244031641
125	1.59495164589793	976355.360935427
126	1.60650745734143	991983.563162284
127	1.61805259313586	1007735.85071213
128	1.62958712820368	1023612.22358486
129	1.64111113640696	1039612.68178041
130	1.65262469057001	1055737.22529868
131	1.66412786250147	1071985.85413961
132	1.67562072301576	1088358.56830312
133	1.68710334195387	1104855.36778913
134	1.69857578820367	1121476.25259759
135	1.71003812971949	1138221.22272841
136	1.72149043354136	1155090.27818154
137	1.7329327658135	1130597.06560694
138	1.74436519180259	1147108.42061675
139	1.75578777591518	1163739.46889796
140	1.76720058171502	1180490.21045053
141	1.77860367193961	1197360.6452744
142	1.7899971085165	1214350.77336953
143	1.80138095257911	1231460.59473587
144	1.81275526448209	1248690.10937338
145	1.82412010381636	1266039.31728201
146	1.83547552942369	1283508.21846172
147	1.84682159941098	1301096.81291248
148	1.85815837116408	1318805.10063424
149	1.86948590136139	1336633.08162698
150	1.88080424598698	1354580.75589064
151	1.89211346034346	1372648.12342521
152	1.90341359906458	1390835.18423065
153	1.91470471612737	1409141.93830693
154	1.92598686486412	1427568.38565401
155	1.93726009797402	1446114.52627187
156	1.94852446753454	1464780.36016048
157	1.95978002501244	1483565.88731982
158	1.97102682127466	1502471.10774986
159	1.98226490659888	1521496.02145057
160	1.99349433068382	1540640.62842194
161	2.00471514265929	1559904.92866394
162	2.01592739109609	1579288.92217655
163	2.02713112401557	1543186.73022632
164	2.03832638889906	1562127.61056078
165	2.04951323269697	1581184.02124185
166	2.06069170183787	1600355.96226954
167	2.07186184223719	1619643.43364381
168	2.08302369930575	1639046.43536466
169	2.09417731795824	1658564.96743206
170	2.1053227426213	1678199.02984601
171	2.11646001724159	1697948.6226065
172	2.12758918529365	1717813.74571349
173	2.13871028978746	1737794.39916699
174	2.14982337327605	1757890.582967
175	2.16092847786276	1778102.29711347
176	2.17202564520844	1798429.54160642
177	2.1831149165385	1818872.31644584
178	2.19419633264968	1839430.6216317
179	2.20526993391696	1860104.45716401
180	2.21633576029996	1880893.82304275
181	2.22739385134951	1901798.71926792
182	2.23844424621387	1922819.14583951
183	2.24948698364509	1943955.1027575
184	2.2605221020048	1965206.5900219
185	2.27154963927042	1986573.6076327
186	2.14835994105818	2008056.15558989
187	2.15872480942361	2029654.23389346
188	2.16908264735835	2051367.84254341
189	2.1794334892156	2073196.98153974
190	2.18977736901302	2095141.65088244
191	2.20011432043773	2117201.85057151
192	2.2104443768512	2139377.58060692
193	2.22076757129388	2161668.8409887
194	2.23108393648998	2109411.95102142
195	2.24139350485197	2131164.33554025
196	2.25169630848511	2153028.30094346
197	2.26199237919176	2175003.84723104
198	2.27228174847583	2197090.97440299
199	2.28256444754686	2219289.68245932
200	2.29284050732424	2241599.97140003
201	2.30310995844134	2264021.8412251
202	2.31337283124935	2286555.29193454
203	2.32362915582136	2309200.32352836
204	2.33387896195608	2331956.93600653
205	2.34412227918173	2354825.12936908
206	2.35435913675962	2377804.90361599
207	2.36458956368791	2400896.25874727
208	2.37481358870508	2424099.19476291
209	2.38503124029351	2447413.71166292
210	2.39524254668289	2470839.80944731
211	2.40544753585359	2494377.48811605
212	2.41564623554003	2518026.74766916
213	2.42583867323386	2541787.58810665
214	2.43602487618724	2565660.00942849
215	2.446204871416	2589644.01163472
216	2.45637868570258	2613739.59472531
217	2.46654634559931	2637946.75870028
218	2.47670787743116	2662265.50355961
219	2.48686330729884	2686695.82930334
220	2.49701266108159	2711237.73593143
221	2.50715596444002	2735891.22344391
222	2.51729324281898	2760656.29184076
223	2.52742452145018	2785532.941122
224	2.53754982535492	2810521.17128763
225	2.54766917934684	2835620.98233764
226	2.55778260803432	2860832.37427204
227	2.56789013582319	2886155.34709085
228	2.57799178691922	2813728.38662673
229	2.58808758533053	2838415.88938333
230	2.59817755487011	2863211.22267568
231	2.60826171915813	2888114.38650376
232	2.61834010162436	2913125.38086761
233	2.62841272551042	2938244.2057672
234	2.63847961387213	2963470.86120256
235	2.64854078958164	2988805.34717367
236	2.6585962753298	3014247.66368054
237	2.66864609362812	3039797.81072318
238	2.67869026681111	3065455.78830159
239	2.68872881703823	3091221.59641577
240	2.69876176629605	3117095.23506573
241	2.70878913640019	3143076.70425147
242	2.71881094899743	3169166.00397299
243	2.72882722556755	3195363.13423029
244	2.73883798742545	3221668.09502339
245	2.74884325572286	3248080.88635228
246	2.75884305145038	3274601.50821697
247	2.76883739543921	3301229.96061746
248	2.77882630836307	3327966.24355376
249	2.78880981073994	3354810.35702586
250	2.79878792293382	3381762.30103379
251	2.80876066515652	3408822.07557752
252	2.81872805746931	3435989.68065708
253	2.82869011978468	3463265.11627247
254	2.83864687186794	3490648.38242368
255	2.84859833333887	3518139.47911073
256	2.8585445236734	3545738.40633362
257	2.86848546220507	3573445.16409234
258	2.87842116812674	3601259.75238692
259	2.888351660492	3629182.17121734
260	2.89827695821685	3657212.42058362
261	2.908197080081	3685350.50048574
262	2.91811204472954	3713596.41092375
263	2.92802187067424	3741950.15189762
264	2.93792657629508	3770411.72340735
265	2.94782617984165	3798981.12545296
266	2.95772069943447	3827658.35803446
267	2.96761015306651	3856443.42115184
268	2.97749455860436	3756904.39249698
269	2.98737393378972	3784946.48172982
270	2.99724829624064	3813092.83710023
271	3.00711766345281	3841343.45860823
272	3.01698205280089	3869698.34625382
273	3.02684148153974	3898157.50003699
274	3.03669596680566	3926720.91995779
275	3.04654552561758	3955388.60601615
276	3.0563901748784	3984160.55821214
277	3.06622993137601	4013036.77654575
278	3.0760648117846	4042017.26101697
279	3.08589483266574	4071102.0116258
280	3.09572001046957	4100291.02837227
281	3.10554036153593	4129584.31125637
282	3.11535590209539	4158981.86027808
283	3.12516664827054	4188483.67543746
284	3.13497261607679	4218089.75673445
285	3.14477382142373	4247800.10416912
286	3.15457028011598	4277614.71774143
287	3.16436200785436	4307533.5974514
288	3.1741490202368	4337556.74329902
289	3.18393133275945	4367684.15528432
290	3.19370896081765	4397915.83340729
291	3.20348191970688	4428251.77766794
292	3.21325022462379	4458691.98806625
293	3.22301389066714	4489236.46460226
294	3.23277293283875	4519885.20727596
295	3.24252736604441	4550638.21608733
296	3.25227720509483	4581495.49103642
297	3.26202246470654	4612457.03212321
298	3.27176315950289	4643522.8393477
299	3.28149930401471	4674692.9127099
300	3.29123091268142	4705967.25220983
301	3.30095799985178	4737345.85784747
302	3.31068057978475	4768828.72962286
303	3.32039866665043	4800415.86753594
304	3.33011227453073	4832107.27158677
305	3.33982141742033	4863902.94177534
306	3.34952610922743	4895802.87810166
307	3.35922636377455	4927807.08056572
308	3.36892219479947	4959915.54916754
309	3.3786136159557	4992128.2839071
310	3.38830064081358	5024445.28478444
311	3.39798328286088	5056866.55179955
312	3.40766155550351	4923894.5502821
313	3.41733547206643	4955463.28927031
314	3.42700504579427	4987132.90385533
315	3.43667028985208	5018903.39403722
316	3.44633121732598	5050774.75981596
317	3.45598784122406	5082747.00119155
318	3.46564017447689	5114820.118164
319	3.47528822993832	5146994.11073334
320	3.48493202038613	5179268.97889955
321	3.49457155852266	5211644.72266262
322	3.50420685697559	5244121.34202256
323	3.51383792829855	5276698.83697939
324	3.52346478497166	5309377.20753312
325	3.53308743940241	5342156.45368373
326	3.54270590392607	5375036.57543124
327	3.55232019080644	5408017.57277566
328	3.5619303122365	5441099.44571697
329	3.57153628033888	5474282.19425521
330	3.58113810716664	5507565.81839036
331	3.59073580470381	5540950.31812242
332	3.60032938486585	5574435.6934514
333	3.6099188595005	5608021.94437731
334	3.61950424038812	5641709.07090015
335	3.62908553924243	5675497.07301994
336	3.63866276771096	5709385.95073666
337	3.64823593737568	5743375.7040503
338	3.65780505975355	5777466.33296093
339	3.66737014629701	5811657.83746849
340	3.67693120839463	5845950.21757303
341	3.68648825737153	5880343.47327449
342	3.69604130449004	5914837.60457293
343	3.70559036095003	5949432.61146835
344	3.71513543788966	5984128.49396075
345	3.72467654638574	6018925.25205012
346	3.73421369745425	6053822.88573645
347	3.74374690205094	6088821.3950198
348	3.75327617107167	6123920.77990013
349	3.76280151535302	6159121.04037745
350	3.77232294567277	6194422.17645174
351	3.78184047275033	6229824.18812308
352	3.79135410724726	6265327.0753914
353	3.80086385976765	6300930.83825673
354	3.8103697408587	6336635.47671908
355	3.81987176101113	6372440.99077846
356	3.82936993065959	6408347.38043485
357	3.83886426018324	6444354.64568825
358	3.84835475990606	6480462.78653871
359	3.8578414400973	6516671.80298618
360	3.867324310972	6552981.69503071
361	3.87680338269134	6589392.46267229
362	3.88627866536316	6625904.10591089
363	3.89575016904224	6449329.99298649
364	3.90521790373086	6484868.63528772
365	3.91468187937919	6520504.92537678
366	3.92414210588554	6556238.86325375
367	3.93359859309696	6592070.44891854
368	3.94305135080954	6627999.68237122
369	3.9525003887689	6664026.56361175
370	3.9619457166704	6700151.09264019
371	3.97138734415971	6736373.2694565
372	3.98082528083314	6772693.09406071
373	3.9902595362379	6809110.56645277
374	3.99969011987274	6845625.68663275
375	4.00911704118797	6882238.45460063
376	4.01854030958619	6918948.87035639
377	4.02795993442241	6955756.93390006
378	4.0373759250044	6992662.64523166
379	4.04678829059332	7029666.00435115
380	4.0561970404037	7066767.01125856
381	4.06560218360412	7103965.66595388
382	4.07500372931728	7141261.96843712
383	4.08440168662055	7178655.9187083
384	4.09379606454625	7216147.51676741
385	4.10318687208189	7253736.76261444
386	4.11257411817065	7291423.65624944
387	4.12195781171159	7329208.19767235
388	4.13133796156011	7367090.38688322
389	4.14071457652805	7405070.223882
390	4.15008766538431	7443147.70866878
391	4.15945723685486	7481322.84124349
392	4.16882329962329	7519595.62160619
393	4.17818586233102	7557966.04975683
394	4.18754493357754	7596434.12569542
395	4.19690052192094	7634999.84942201
396	4.20625263587789	7673663.22093654
397	4.21560128392423	7712424.24023909
398	4.22494647449512	7751282.90732959
399	4.23428821598534	7790239.22220806
400	4.24362651674958	7829293.18487454
401	4.25296138510282	7868444.79532902
402	4.26229282932047	7907694.05357148
403	4.27162085763875	7947040.95960194
404	4.28094547825491	7986485.5134204
405	4.29026669932761	8026027.71502685
406	4.29958452897705	8065667.56442134
407	4.30889897528535	8105405.06160381
408	4.31821004629675	8145240.20657432
409	4.32751775001797	8185172.99933282
410	4.33682209441833	8225203.43987935
411	4.3461230874301	8265331.52821394
412	4.35542073694884	8305557.26433653
413	4.36471505083351	8345880.64824714
414	4.37400603690668	8386301.67994583
415	4.3832937029551	8426820.3594325
416	4.39257805672954	8467436.68670725
417	4.40185910594529	8508150.66177002
418	4.4111368582824	8548962.28462086
419	4.42041132138574	8319341.49876718
420	4.4296825028655	8359056.9421404
421	4.43895041029722	8398866.95797446
422	4.44821505122209	8438771.54626939
423	4.45747643314723	8478770.70702521
424	4.46673456354586	8518864.4402419
425	4.47598944985758	8559052.74591947
426	4.48524109948851	8599335.62405794
427	4.49448951981161	8639713.07465727
428	4.50373471816693	8680185.0977175
429	4.51297670186169	8720751.69323862
430	4.52221547817058	8761412.86122063
431	4.53145105433602	8802168.60166359
432	4.54068343756829	8843018.91456741
433	4.54991263504586	8883963.79993213
434	4.55913865391543	8925003.25775777
435	4.56836150129228	8966137.28804433
436	4.57758118426047	9007365.89079181
437	4.58679770987295	9048689.06600016
438	4.59601108515185	9090106.81366949
439	4.60522131708866	9131619.1337997
440	4.61442841264443	9173226.02639086
441	4.62363237874997	9214927.49144294
442	4.63283322230603	9256723.52895596
443	4.6420309501835	9298614.13892993
444	4.65122556922366	9340599.32136482
445	4.66041708623824	9382679.07626066
446	4.66960550800978	9424853.40361745
447	4.67879084129172	9467122.30343517
448	4.68797309280855	9509485.77571384
449	4.69715226925605	9551943.82045351
450	4.70632837730158	9594496.43765409
451	4.71550142358402	9637143.62731566
452	4.72467141471413	9679885.38943818
453	4.73383835727466	9722721.72402162
454	4.74300225782064	9765652.6310661
455	4.75216312287937	9808678.11057153
456	4.76132095895073	9851798.16253793
457	4.7704757725073	9895012.7869653
458	4.77962756999456	9938321.98385365
459	4.78877635783104	9981725.753203
460	4.79792214240849	10025224.0950133
461	4.80706493009209	10068817.0092846
462	4.81620472722052	10112504.4960169
463	4.82534154010619	10156286.5552102
464	4.83447537503545	10200163.1868646
465	4.84360623826869	10244134.3909798
466	4.85273413604042	10288200.1675561
467	4.86185907455969	10332360.5165934
468	4.87098106000986	10376615.4380918
469	4.88010009854915	10420964.9320511
470	4.88921619631057	10465408.9984714
471	4.89832935940205	10509947.6373528
472	4.9074395939068	10554580.8486952
473	4.91654690588321	10599308.6324986
474	4.92565130136516	10644130.988763
475	4.93475278636213	10689047.9174884
476	4.94385136685933	10734059.4186749
477	4.95294704881794	10779165.4923224
478	4.96203983817507	10824366.138431
479	4.97112974084404	10869661.3570006
480	4.98021676271453	10915051.1480312
481	4.98930090965267	10960535.5115229
482	4.9983821875012	11006114.4474756
483	5.0074606020796	10709117.8142247
484	5.01653615918425	10753466.8164953
485	5.02560886458852	10797907.4589266
486	5.03467872404299	10842439.7415185
487	5.04374574327553	10887063.6642709
488	5.05280992799141	10931779.227184
489	5.06187128387343	10976586.4302577
490	5.07092981658223	11021485.273492
491	5.07998553175612	11066475.756887
492	5.08903843501146	11111557.8804425
493	5.0980885319426	11156731.6441587
494	5.10713582812227	11201997.0480354
495	5.11618032910138	11247354.0920729
496	5.12522204040937	11292802.7762709
497	5.13426096755431	11338343.1006296
498	5.14329711602297	11383975.0651489
499	5.15233049128092	11429698.6698289
500	5.16136109877269	11475513.9146695
501	5.17038894392195	11521420.7996707
502	5.17941403213155	11567419.3248326
503	5.18843636878365	11613509.4901552
504	5.1974559592399	11659691.2956384
505	5.20647280884143	11705964.7412822
506	5.21548692290915	11752329.8270867
507	5.22449830674364	11798786.5530519
508	5.23350696562549	11845334.9191777
509	5.24251290481529	11891974.9254641
510	5.25151612955372	11938706.5719113
511	5.26051664506178	11985529.8585191
512	5.26951445654076	12032444.7852875
513	5.27850956917247	12079451.3522167
514	5.28750198811927	12126549.5593065
515	5.29649171852424	12173739.406557
516	5.30547876551123	12221020.8939682
517	5.31446313418504	12268394.0215401
518	5.32344482963134	12315858.7892726
519	5.33242385691712	12363415.1971658
520	5.34140022109049	12411063.2452197
521	5.35037392718083	12458802.9334343
522	5.35934498019907	12506634.2618097
523	5.36831338513759	12554557.2303457
524	5.37727914697046	12602571.8390423
525	5.3862422706534	12650678.0878997
526	5.3952027611241	12698875.9769178
527	5.40416062330206	12747165.5060966
528	5.41311586208886	12795546.6754362
529	5.42206848236822	12844019.4849364
530	5.43101848900611	12892583.9345973
531	5.43996588685081	12941240.0244189
532	5.44891068073298	12989987.7544013
533	5.4578528754659	13038827.1245444
534	5.46679247584534	13087758.1348481
535	5.4757294866499	13136780.7853126
536	5.48466391264088	13185895.0759379
537	5.49359575856256	13235101.0067239
538	5.50252502914214	13284398.5776706
539	5.51145172908993	13333787.788778
540	5.52037586309943	13383268.6400461
541	5.52929743584736	13432841.131475
542	5.53821645199374	13482505.2630647
543	5.54713291618217	13532261.034815
544	5.55604683303963	13582108.4467262
545	5.56495820717684	13632047.498798
546	5.5738670431881	13682078.1910306
547	5.58277334565156	13732200.523424
548	5.59167711912925	13782414.495978
549	5.60057836816712	13832720.1086929
550	5.60947709729519	13883117.3615685
551	5.61837331102757	13933606.2546049
552	5.62726701386268	13984186.7878021
553	5.63615821028308	13606339.0524064
554	5.64504690475577	13655552.9176075
555	5.65393310173229	13704855.624962
556	5.66281680564856	13754247.17447
557	5.67169802092523	13803727.5661315
558	5.68057675196758	13853296.7999465
559	5.68945300316576	13902954.8759149
560	5.69832677889467	13952701.7940368
561	5.70719808351419	14002537.5543122
562	5.71606692136923	14052462.1567411
563	5.72493329678968	14102475.6013235
564	5.73379721409075	14152577.8880593
565	5.74265867757282	14202769.0169486
566	5.75151769152155	14253048.9879915
567	5.76037426020802	14303417.8011878
568	5.7692283878888	14353875.4565376
569	5.77808007880596	14404421.954041
570	5.78692933718721	14455057.2936978
571	5.79577616724595	14505781.4755081
572	5.8046205731813	14556594.4994719
573	5.81346255917824	14607496.3655892
574	5.8223021294077	14658487.0738601
575	5.83113928802644	14709566.6242845
576	5.83997403917736	14760735.0168624
577	5.84880638698962	14811992.2515937
578	5.85763633557823	14863338.3284786
579	5.86646388904475	14914773.247517
580	5.8752890514769	14966297.0087089
581	5.88411182694884	15017909.6120544
582	5.89293221952123	15069611.0575534
583	5.90175023324116	15121401.3452058
584	5.91056587214239	15173280.4750119
585	5.91937914024531	15225248.4469714
586	5.92819004155702	15277305.2610845
587	5.93699858007146	15329450.9173511
588	5.94580475976939	15381685.4157713
589	5.95460858461848	15434008.7563449
590	5.96341005857337	15486420.9390722
591	5.97220918557587	15538921.963953
592	5.98100596955471	15591511.8309873
593	5.98980041442595	15644190.5401751
594	5.99859252409282	15696958.0915166
595	6.00738230244586	15749814.4850115
596	6.01616975336296	15802759.72066
597	6.02495488070944	15855793.798462
598	6.03373768833818	15908916.7184176
599	6.04251818008947	15962128.4805268
600	6.05129635979127	16015429.0847895
601	6.06007223125928	16068818.5312058
602	6.06884579829678	16122296.8197756
603	6.07761706469496	16175863.950499
604	6.08638603423273	16229519.9233759
605	6.09515271067706	16283264.7384065
606	6.10391709778269	16337098.3955905
607	6.11267919929252	16391020.8949282
608	6.12143901893748	16445032.2364194
609	6.13019656043663	16499132.4200642
610	6.13895182749722	16553321.4458626
611	6.14770482381475	16607599.3138145
612	6.15645555307295	16661966.0239201
613	6.16520401894406	16716421.5761792
614	6.17395022508853	16770965.9705919
615	6.18269417515541	16825599.2071582
616	6.19143587278225	16880321.285878
617	6.20017532159519	16935132.2067515
618	6.20891252520891	16990031.9697785
619	6.21764748722683	17045020.5749591
620	6.22638021124106	17100098.0222933
621	6.23511070083267	17155264.3117811
622	6.24383895957127	17210519.4434225
623	6.2525649910156	17265863.4172175
624	6.26128879871326	17321296.2331661
625	6.27001038620083	17376817.8912683
626	6.27872975700392	17432428.3915241
627	6.28744691463731	17488127.7339335
628	6.29616186260486	17543915.9184965
629	6.30487460439967	17599792.9452131
630	6.31358514350403	17655758.8140833
631	6.32229348338953	17179158.025345
632	6.33099962751717	17233613.1475834
633	6.33970357933734	17288154.4401843
634	6.34840534228975	17342781.9031477
635	6.35710491980368	17397495.5364736
636	6.36580231529808	17452295.3401619
637	6.37449753218124	17507181.3142128
638	6.38319057385123	17562153.4586261
639	6.39188144369575	17617211.7734019
640	6.40057014509228	17672356.2585401
641	6.40925668140809	17727586.9140409
642	6.41794105600017	17782903.7399041
643	6.42662327221543	17838306.7361299
644	6.43530333339068	17893795.9027181
645	6.44398124285269	17949371.2396688
646	6.45265700391829	18005032.746982
647	6.46133061989428	18060780.4246577
648	6.47000209407762	18116614.272696
649	6.47867142975534	18172534.2910967
650	6.48733863020468	18228540.4798599
651	6.49600369869311	18284632.8389857
652	6.50466663847832	18340811.3684739
653	6.51332745280845	18397076.0683246
654	6.52198614492183	18453426.9385378
655	6.53064271804729	18509863.9791136
656	6.53929717540402	18566387.1900519
657	6.54794952020184	18622996.5713527
658	6.55659975564088	18679692.123016
659	6.56524788491202	18736473.8450418
660	6.57389391119667	18793341.7374301
661	6.58253783766687	18850295.800181
662	6.59117966748543	18907336.0332944
663	6.59981940380581	18964462.4367702
664	6.60845704977229	19021675.0106086
665	6.61709260851994	19078973.7548096
666	6.62572608317469	19136358.669373
667	6.63435747685329	19193829.7542991
668	6.64298679266361	19251387.0095875
669	6.65161403370436	19309030.4352385
670	6.66023920306518	19366760.0312522
671	6.66886230382695	19424575.7976283
672	6.67748333906152	19482477.7343669
673	6.6861023118319	19540465.8414681
674	6.69471922519218	19598540.1189319
675	6.70333408218787	19656700.5667581
676	6.71194688585547	19714947.184947
677	6.72055763922288	19773279.9734982
678	6.72916634530934	19831698.9324122
679	6.73777300712539	19890204.0616886
680	6.74637762767304	19948795.3613276
681	6.7549802099456	20007472.8313292
682	6.76358075692795	20066236.4716932
683	6.77217927159641	20125086.2824199
684	6.78077575691894	20184022.2635091
685	6.78937021585485	20243044.4149608
686	6.79796265135531	20302152.7367751
687	6.80655306636302	20361347.2289519
688	6.81514146381235	20420627.8914913
689	6.82372784662935	20479994.7243933
690	6.83231221773194	20539447.7276578
691	6.8408945800298	20598986.9012849
692	6.84947493642427	20658612.2452746
693	6.8580532898087	20718323.7596269
694	6.86662964306833	20778121.4443416
695	6.87520399908025	20838005.299419
696	6.88377636071347	20897975.3248589
697	6.89234673082918	20958031.5206614
698	6.90091511228033	21018173.8868265
699	6.90948150791213	21078402.4233541
700	6.91804592056184	21138717.1302443
701	6.92660835305875	21199118.0074971
702	6.93516880822435	21259605.0551125
703	6.9437272888724	21320178.2730904
704	6.95228379780883	21380837.661431
705	6.96083833783165	21441583.2201341
706	6.96939091173147	21502414.9491997
707	6.977941522291	21563332.848628
708	6.98649017228533	21624336.9184189
709	6.99503686448194	21685427.1585723
710	7.00358160164073	21746603.5690884
711	7.01212438651409	21807866.149967
712	7.02066522184674	21869214.9012082
713	7.02920411037602	21930649.822812
714	7.03774105483184	21992170.9147784
715	7.04627605793657	22053778.1771074
716	7.05480912240514	22115471.609799
717	7.0633402509453	22177251.2128532
718	7.07186944625722	21580216.9375123
719	7.08039671103389	21640333.3704356
720	7.08892204796106	21700533.4206678
721	7.0974454597171	21760817.0882088
722	7.10596694897312	21821184.3730586
723	7.11448651839321	21881635.2752174
724	7.12300417063419	21942169.794685
725	7.13151990834568	22002787.9314614
726	7.14003373417032	22063489.6855467
727	7.14854565074358	22124275.0569409
728	7.15705566069383	22185144.0456439
729	7.16556376664253	22246096.6516558
730	7.17406997120408	22307132.8749765
731	7.1825742769859	22368252.7156061
732	7.19107668658844	22429456.1735446
733	7.19957720260535	22490743.2487919
734	7.20807582762332	22552113.9413481
735	7.21657256422208	22613568.2512132
736	7.22506741497466	22675106.1783871
737	7.23356038244731	22736727.7228699
738	7.2420514691993	22798432.8846616
739	7.25054067778341	22860221.6637622
740	7.25902801074555	22922094.0601716
741	7.2675134706249	22984050.0738899
742	7.27599705995399	23046089.704917
743	7.28447878125879	23108212.9532531
744	7.29295863705854	23170419.818898
745	7.30143662986594	23232710.3018518
746	7.30991276218712	23295084.4021146
747	7.31838703652156	23357542.1196861
748	7.3268594553625	23420083.4545666
749	7.33533002119637	23482708.4067559
750	7.34379873650326	23545416.9762542
751	7.35226560375686	23608209.1630613
752	7.36073062542445	23671084.9671773
753	7.36919380396678	23734044.3886022
754	7.3776551418384	23797087.427336
755	7.38611464148739	23860214.0833786
756	7.39457230535556	23923424.3567302
757	7.40302813587851	23986718.2473907
758	7.41148213548539	24050095.75536
759	7.4199343065992	24113556.8806383
760	7.42838465163683	24177101.6232254
761	7.43683317300877	24240729.9831215
762	7.44527987311943	24304441.9603264
763	7.45372475436711	24368237.5548403
764	7.46216781914391	24432116.7666631
765	7.47060906983585	24496079.5957948
766	7.47904850882289	24560126.0422353
767	7.48748613847891	24624256.1059848
768	7.49592196117173	24688469.7870432
769	7.50435597926331	24752767.0854104
770	7.51278819510934	24817148.0010866
771	7.52121861105981	24881612.5340718
772	7.52964722945858	24946160.6843658
773	7.53807405264378	25010792.4519687
774	7.54649908294744	25075507.8368806
775	7.55492232269591	25140306.8391013
776	7.56334377420946	25205189.458631
777	7.57176343980273	25270155.6954696
778	7.58018132178443	25335205.5496171
779	7.58859742245753	25400339.0210735
780	7.59701174411923	25465556.1098389
781	7.605424289061	25530856.8159131
782	7.61383505956852	25596241.1392963
783	7.62224405792181	25661709.0799884
784	7.63065128639526	25727260.6379895
785	7.63905674725749	25792895.8132994
786	7.64746044277159	25858614.6059183
787	7.65586237519497	25924417.0158462
788	7.66426254677941	25990303.0430829
789	7.67266095977129	26056272.6876286
790	7.68105761641114	26122325.9494832
791	7.68945251893417	26188462.8286467
792	7.69784566957008	26254683.3251192
793	7.70623707054296	26320987.4389006
794	7.71462672407148	26387375.169991
795	7.72301463236886	26453846.5183902
796	7.7314007976429	26520401.4840984
797	7.73978522209597	26587040.0671156
798	7.74816790792509	26653762.2674417
799	7.7565488573218	26720568.0850768
800	7.76492807247233	26787457.5200208
801	7.7733055555576	26854430.5722736
802	7.78168130875323	26921487.2418355
803	7.7900553342295	26988627.5287063
804	7.79842763415146	27055851.4328861
805	7.80679821067877	27123158.9543748
806	7.81516706596609	27190550.0931725
807	7.82353420216261	27258024.849279
808	7.83189962141244	27325583.2226946
809	7.84026332585457	27393225.2134191
810	7.8486253176227	27460950.8214525
811	7.8569855988454	27528760.046795
812	7.8653441716462	27596652.8894464
813	7.87370103814346	27664629.3494067
814	7.88205620045043	26923019.7024621
815	7.89040966067538	26989173.9077487
816	7.89876142092138	27055409.289095
817	7.90711148328665	27121725.846501
818	7.91545984986422	27188123.5799667
819	7.92380652274221	27254602.489492
820	7.93215150400373	27321162.575077
821	7.940494795727	27387803.8367216
822	7.94883639998509	27454526.2744259
823	7.9571763188464	27521329.8881899
824	7.96551455437431	27588214.6780135
825	7.97385110862717	27655180.6438968
826	7.98218598365869	27722227.7858398
827	7.99051918151759	27789356.1038425
828	7.99885070424775	27856565.5979048
829	8.0071805538883	27923856.2680267
830	8.01550873247337	27991228.1142083
831	8.02383524203253	28058681.1364496
832	8.03216008459047	28126215.3347506
833	8.04048326216712	28193830.7091113
834	8.04880477677771	28261527.2595316
835	8.05712463043269	28329304.9860116
836	8.06544282513779	28397163.8885513
837	8.07375936289411	28465103.9671507
838	8.08207424569817	28533125.2218097
839	8.09038747554152	28601227.6525285
840	8.09869905441135	28669411.2593068
841	8.10700898429016	28737676.0421449
842	8.1153172671558	28806022.0010427
843	8.1236239049815	28874449.1360001
844	8.131928899736	28942957.4470173
845	8.14023225338337	29011546.9340941
846	8.14853396788333	29080217.5972305
847	8.15683404519078	29148969.4364268
848	8.16513248725631	29217802.4516826
849	8.17342929602599	29286716.6429982
850	8.18172447344134	29355712.0103735
851	8.19001802143942	29424788.5538084
852	8.19830994195295	29493946.2733031
853	8.20660023691006	29563185.1688574
854	8.21488890823451	29632505.2404714
855	8.22317595784567	29701906.4881452
856	8.23146138765858	29771388.9118786
857	8.2397451995837	29840952.5116717
858	8.24802739552737	29910597.2875245
859	8.25630797739146	29980323.239437
860	8.26458694707349	30050130.3674092
861	8.2728643064667	30120018.6714412
862	8.28114005745999	30189988.1515328
863	8.28941420193806	30260038.8076841
864	8.29768674178122	30330170.639895
865	8.30595767886565	30400383.6481658
866	8.31422701506309	30470677.8324962
867	8.32249475224121	30541053.1928864
868	8.33076089226345	30611509.7293362
869	8.33902543698907	30682047.4418457
870	8.34728838827293	30752666.330415
871	8.35554974796603	30823366.3950439
872	8.36380951791494	30894147.6357327
873	8.37206769996232	30965010.052481
874	8.38032429594642	31035953.6452891
875	8.38857930770168	31106978.4141569
876	8.39683273705819	31178084.3590844
877	8.40508458584206	31249271.4800717
878	8.41333485587528	31320539.7771186
879	8.42158354897578	31391889.2502253
880	8.42983066695754	31463319.8993916
881	8.43807621163037	31534831.7246178
882	8.44632018480011	31606424.7259035
883	8.45456258826857	31678098.9032491
884	8.4628034238336	31749854.2566543
885	8.47104269328903	31821690.7861193
886	8.47928039842474	31893608.4916441
887	8.48751654102664	31965607.3732285
888	8.49575112287671	32037687.4308726
889	8.50398414575298	32109848.6645764
890	8.51221561142959	32182091.07434
891	8.52044552167675	32254414.6601635
892	8.52867387826075	32326819.4220464
893	8.53690068294406	32399305.3599892
894	8.54512593748529	32471872.4739917
895	8.55334964363906	32544520.764054
896	8.56157180315639	32617250.2301759
897	8.56979241778423	32690060.8723576
898	8.57801148926587	32762952.6905991
899	8.58622901934067	32835925.6849002
900	8.59444500974431	32908979.8552611
901	8.60265946220859	32982115.2016817
902	8.61087237846174	33055331.7241621
903	8.61908376022791	33128629.4227022
904	8.6272936092278	33202008.2973021
905	8.63550192717829	33275468.3479616
906	8.64370871579246	33349009.574681
907	8.65191397677977	33422631.97746
908	8.66011771184587	33496335.5562988
909	8.66831992269298	33570120.3111973
910	8.67652061101935	33643986.2421556
911	8.68471977851977	33717933.3491737
912	8.69291742688534	33791961.6322515
913	8.70111355780339	33866071.0913889
914	8.7093081729578	33940261.7265862
915	8.71750127402882	34014533.5378432
916	8.72569286269299	34088886.5251599
917	8.73388294062333	34163320.6885364
918	8.74207150948931	34237836.0279727
919	8.75025857095676	33325076.3239537
920	8.75844412668803	33397605.1300935
921	8.76662817834186	33470212.7764142
922	8.77481072757347	33542899.2629154
923	8.78299177603465	33615664.5895973
924	8.79117132537352	33688508.75646
925	8.79934937723482	33761431.7635032
926	8.80752593325975	33834433.6107273
927	8.81570099508606	33907514.2981319
928	8.8238745643481	33980673.8257173
929	8.83204664267662	34053912.1934833
930	8.84021723169894	34127229.4014301
931	8.84838633303909	34200625.4495576
932	8.85655394831751	34274100.3378658
933	8.86472007915139	34347654.0663545
934	8.87288472715442	34421286.6350241
935	8.88104789393682	34494998.0438743
936	8.88920958110563	34568788.2929053
937	8.89736979026445	34642657.3821168
938	8.90552852301336	34716605.3115091
939	8.91368578094928	34790632.0810822
940	8.92184156566579	34864737.6908359
941	8.92999587875301	34938922.1407703
942	8.93814872179783	35013185.4308854
943	8.9463000963838	35087527.5611812
944	8.95445000409124	35161948.5316577
945	8.96259844649715	35236448.342315
946	8.97074542517516	35311026.9931529
947	8.97889094169583	35385684.4841715
948	8.98703499762624	35460420.8153708
949	8.99517759453039	35535235.9867508
950	9.00331873396904	35610129.9983116
951	9.01145841749957	35685102.850053
952	9.01959664667629	35760154.5419752
953	9.02773342305031	35835285.074078
954	9.03586874816944	35910494.4463616
955	9.0440026235784	35985782.6588259
956	9.05213505081862	36061149.7114709
957	9.06026603142851	36136595.6042966
958	9.06839556694326	36212120.337303
959	9.07652365889483	36287723.91049
960	9.08465030881218	36363406.3238579
961	9.0927755182211	36439167.5774065
962	9.10089928864418	36515007.6711357
963	9.10902162160093	36590926.6050458
964	9.11714251860793	36666924.3791365
965	9.1252619811784	36743000.9934079
966	9.13338001082266	36819156.44786
967	9.14149660904787	36895390.7424929
968	9.14961177735821	36971703.8773065
969	9.15772551725477	37048095.8523007
970	9.16583783023558	37124566.6674758
971	9.17394871779561	37201116.3228314
972	9.18205818142688	37277744.818368
973	9.19016622261836	37354452.1540852
974	9.19827284285605	37431238.329983
975	9.20637804362282	37508103.3460617
976	9.21448182639862	37585047.2023211
977	9.22258419266053	37662069.8987611
978	9.23068514388265	37739171.435382
979	9.23878468153582	37816351.8121835
980	9.24688280708826	37893611.0291657
981	9.25497952200522	37970949.0863287
982	9.26307482774875	38048365.9836724
983	9.2711687257783	38125861.7211969
984	9.27926121755016	38203436.2989021
985	9.28735230451787	38281089.716788
986	9.29544198813194	38358821.9748546
987	9.3035302698401	38436633.073102
988	9.31161715108705	38514523.0115301
989	9.31970263331489	38592491.790139
990	9.3277867179625	38670539.4089285
991	9.33586940646618	38748665.8678989
992	9.34395070025923	38826871.1670499
993	9.35203060077221	38905155.3063817
994	9.36010910943276	38983518.2858942
995	9.36818622766567	39061960.1055875
996	9.37626195689313	39140480.7654614
997	9.38433629853422	39219080.2655162
998	9.3924092540054	39297758.6057517
999	9.40048082472043	39376515.7861679
1000	9.22287363306139	39036296.5996581
1001	9.4166198175223	39534266.6675425
