1	0.886663683030637	0.758262394237453
2	0.884310384507448	0.751522278315541
3	0.882901908854088	0.747071126148905
4	0.881907497554592	0.743702049933594
5	0.881144930017376	0.740969636063746
6	0.880529909711555	0.738655774850851
7	0.880016650025953	0.73665344546718
8	0.879577586175931	0.734873194766098
9	0.879199146464051	0.733280134895115
10	0.878866811174343	0.731824600867174
11	0.878569347912982	0.730492954686456
12	0.878300480498143	0.729261010938352
13	0.878055460034983	0.7281099118746
14	0.877830610309953	0.727035599776548
15	0.877623029909277	0.726027065022841
16	0.877430390568313	0.725071875554244
17	0.877250796811085	0.724164134812592
18	0.877082685870517	0.723306008939323
19	0.876924754812346	0.722488303978675
20	0.876775906474643	0.721704935809933
21	0.876635208698563	0.720952846745411
22	0.876501863125867	0.720229883414227
23	0.876375180999299	0.719540423538016
24	0.876254564167391	0.718874951595624
25	0.87613949001073	0.71823167934291
26	0.876029499360221	0.717609016621301
27	0.875924186724489	0.717005542792331
28	0.875823192318273	0.716422516818823
29	0.87572619550917	0.715859955884445
30	0.875632909391434	0.715312950236537
31	0.875543076262845	0.714780568119553
32	0.875456463830804	0.714261961385713
33	0.875372862011501	0.713756355656797
34	0.875292080214728	0.713263041901937
35	0.875213945028843	0.712784446046562
36	0.875138298237444	0.712318928966642
37	0.875064995112514	0.711863787195363
38	0.874993902939229	0.711418515279094
39	0.874924899735854	0.710982644888176
40	0.87485787313868	0.710555741220737
41	0.874792719427216	0.710137399834873
42	0.874729342669069	0.709727243849106
43	0.87466765396737	0.70932695859536
44	0.874607570796402	0.708936395778041
45	0.874549016413347	0.708552952045529
46	0.874491919335979	0.70817634163216
47	0.874436212877645	0.707806296153451
48	0.874381834732207	0.70744256320546
49	0.874328726602644	0.707084905103516
50	0.874276833867959	0.70673309774394
51	0.87422610528375	0.706386929574556
52	0.874176492712471	0.706046200661693
53	0.874127950879929	0.705713798668659
54	0.874080437155024	0.705386923376743
55	0.874033911350134	0.705064896753288
56	0.87398833553988	0.704747559314609
57	0.873943673896273	0.704434759560771
58	0.873899892538514	0.70412635344399
59	0.873856959395921	0.703822203880909
60	0.873814844082626	0.70352218030445
61	0.87377351778286	0.703226158251424
62	0.873732953145779	0.702934018982522
63	0.873693124188891	0.702645649131659
64	0.873654006209257	0.702362599504516
65	0.873615575701743	0.70208443118906
66	0.873577810283646	0.701809684619519
67	0.87354068862512	0.7015382659214
68	0.873504190384881	0.701270085153345
69	0.873468296150708	0.701005056087272
70	0.873432987384323	0.700743096003803
71	0.873398246370281	0.700484125501693
72	0.873364056168508	0.700228068320139
73	0.873330400570198	0.699974851172916
74	0.873297264056773	0.699724403593415
75	0.873264631761672	0.699476657789729
76	0.873232489434724	0.699231548508996
77	0.873200823408906	0.69898986115235
78	0.873169620569303	0.698752366280957
79	0.873138868324087	0.698517300326202
80	0.873108554577365	0.698284607589637
81	0.873078667703758	0.698054234329172
82	0.873049196524577	0.697826128667155
83	0.873020130285474	0.697600240503849
84	0.872991458635469	0.697376521435897
85	0.872963171607246	0.697154924679457
86	0.872935259598629	0.69693540499768
87	0.872907713355159	0.696717918632223
88	0.872880523953684	0.696502423238564
89	0.872853682786905	0.696288877824823
90	0.872827181548806	0.696077242693904
91	0.87280101222091	0.695867479388713
92	0.872775167059295	0.69565955064027
93	0.872749638582347	0.69545552169861
94	0.87272441955917	0.695253291348671
95	0.872699502998626	0.695052772317811
96	0.872674882138971	0.694853931967186
97	0.872650550438039	0.694656738613965
98	0.87262650156393	0.694461161493787
99	0.872602729386204	0.694267170725065
100	0.872593824728639	0.694074746805719
101	0.872556529766706	0.693883832927329
102	0.87253400440487	0.693694430251363
103	0.872511728287726	0.693506502572809
104	0.872489696271299	0.693320023945708
105	0.872467903365946	0.693134969125771
106	0.872446344730319	0.692951313544917
107	0.872425015665603	0.692769033286962
108	0.872403911610041	0.69258810506441
109	0.87238302813371	0.692408506196265
110	0.872362360933548	0.692230639177062
111	0.872341905828605	0.692055470866967
112	0.87232165875552	0.691881554170079
113	0.872301615764196	0.691708868840786
114	0.87228177301368	0.69153739513747
115	0.872262126768218	0.691367113805659
116	0.872242673393494	0.691198006061878
117	0.872223409353026	0.691030053578177
118	0.872204331204728	0.690863238467289
119	0.872185435597614	0.690697543268395
120	0.872166719268645	0.690532950933467
121	0.872148179039715	0.69036944481415
122	0.872129811814761	0.690207008649176
123	0.872111614576989	0.690045626552268
124	0.872093584386224	0.689885283000516
125	0.872075718376364	0.689725962823206
126	0.872058013752942	0.68956765119108
127	0.872040467790779	0.689410333606006
128	0.872023077831742	0.689253995891034
129	0.872005841282584	0.689098624180834
130	0.871988755612872	0.688944204912481
131	0.871971818352999	0.688792046358866
132	0.871955027092265	0.688641065410078
133	0.871938379477047	0.68849098852301
134	0.871921873209024	0.688341803387119
135	0.871905506043477	0.688193497950351
136	0.871889275787658	0.688046060411834
137	0.871873180299211	0.687899479214845
138	0.871857217484657	0.687753743040005
139	0.871841385297935	0.687608840798728
140	0.871825681738994	0.687464761626887
141	0.871810104852443	0.687321494878699
142	0.871794652726242	0.687179030120821
143	0.871779323490444	0.687037357126649
144	0.871764115315982	0.686896465870796
145	0.8717490264135	0.686756346523773
146	0.871734055032222	0.68661698944683
147	0.871719199458864	0.686478385186978
148	0.871704458016584	0.686340524472167
149	0.871689829063963	0.686203398206625
150	0.871675310994027	0.686066997466348
151	0.871660902233303	0.685931313494728
152	0.871646601240898	0.685796337698332
153	0.871632406507621	0.6856620616428
154	0.871618316555124	0.68552917936299
155	0.871604329935083	0.685397639383256
156	0.871590445228391	0.685266767839246
157	0.87157666104439	0.685136556974742
158	0.871562976020123	0.685006999172529
159	0.871549388819612	0.684878086951046
160	0.871535898133158	0.684749812961127
161	0.871522502676661	0.684622169982846
162	0.871509201190967	0.684495150922456
163	0.871495992441232	0.684368748809419
164	0.871482875216309	0.684242956793522
165	0.871469848328146	0.684117768142078
166	0.871456910611215	0.68399317623721
167	0.871444060921951	0.683869174573216
168	0.871431298138205	0.683745756754
169	0.871418621158725	0.68362291649059
170	0.87140602890264	0.683500647598717
171	0.871393520308968	0.683378943996467
172	0.871381094336139	0.683257799701999
173	0.871368749961523	0.683137208831322
174	0.871356486180982	0.683017165596141
175	0.871344302008434	0.682897664301758
176	0.871332196475423	0.682778699345034
177	0.871320168630705	0.6826602652124
178	0.871308217539854	0.682542356477932
179	0.871296342284863	0.682424967801468
180	0.871284541963772	0.682308093926786
181	0.871272815690299	0.682192881086698
182	0.871261162593479	0.682078200497191
183	0.87124958181732	0.681964014343184
184	0.871238072520467	0.681850317737129
185	0.871226633875869	0.681737105866216
186	0.871215265070462	0.681624373990824
187	0.871203965304861	0.681512117443025
188	0.871192733793056	0.681400331625118
189	0.871181569762116	0.681289012008209
190	0.871170472451909	0.681178154130817
191	0.87115944111482	0.681067753597521
192	0.87114847501548	0.680957806077647
193	0.871137573430506	0.680848307303974
194	0.871126735648243	0.680739253071484
195	0.871115960968513	0.680630639236138
196	0.871105248702375	0.680522461713682
197	0.871094598171887	0.680414716478486
198	0.871084008709873	0.680307399562408
199	0.871073479659704	0.680200507053684
200	0.871063010375075	0.68009403509585
201	0.871052600219792	0.679987979886688
202	0.871042248567568	0.679882337677192
203	0.871031954801816	0.679777104770569
204	0.871021718315456	0.679672277521254
205	0.871011538510718	0.679567852333952
206	0.871001414798958	0.679463825662706
207	0.870991346600475	0.679360194009979
208	0.870981333344331	0.679256953925766
209	0.870971374468179	0.679154102006717
210	0.870961469418089	0.679051634895292
211	0.87095161764839	0.678950481209733
212	0.870941818621501	0.678849802471954
213	0.870932071807778	0.678749494943088
214	0.870922376685359	0.678649555472872
215	0.870912732740013	0.678549980952454
216	0.870903139464993	0.678450768313651
217	0.870893596360897	0.67835191452824
218	0.870884102935523	0.678253416607247
219	0.870874658703736	0.678155271600266
220	0.870865263187333	0.678057476594782
221	0.870855915914915	0.677960028715521
222	0.870846616421757	0.6778629251238
223	0.870837364249685	0.677766163016904
224	0.870828158946958	0.677669739627467
225	0.870819000068143	0.677573652222871
226	0.870809887174007	0.677477898104659
227	0.870800819831394	0.677382474607955
228	0.870791797613126	0.677287379100901
229	0.870782820097884	0.677192608984107
230	0.870773886870111	0.677098161690106
231	0.8707649975199	0.677004034682829
232	0.870756151642902	0.676910225457082
233	0.870747348840221	0.676816731538042
234	0.870738588718318	0.676723550480758
235	0.87072987088892	0.676630679869664
236	0.870721194968924	0.676538117318103
237	0.870712560580306	0.676445860467858
238	0.870703967350037	0.676353906988699
239	0.870695414909991	0.676262254577927
240	0.870686902896864	0.676170900959941
241	0.87067843095209	0.676079843885804
242	0.870669998721758	0.67598908113282
243	0.870661605856536	0.675898610504126
244	0.870653252011591	0.675808429828281
245	0.870644936846512	0.675719425060454
246	0.870636660025237	0.675630718670756
247	0.870628421215981	0.675542293017374
248	0.870620220091161	0.675454146047512
249	0.870612056327332	0.675366275731647
250	0.870603929605109	0.675278680063178
251	0.87059583960911	0.675191357058075
252	0.870587786027884	0.675104304754535
253	0.870579768553849	0.675017521212644
254	0.870571786883226	0.674931004514051
255	0.870563840715981	0.67484475276164
256	0.870555929755763	0.674758764079216
257	0.870548053709843	0.674673036611192
258	0.870540212289057	0.674587568522281
259	0.87053240520775	0.674502357997198
260	0.870524632183717	0.674417403240367
261	0.870516892938152	0.674332702475628
262	0.870509187195592	0.674248253945956
263	0.870501514683864	0.674164055913183
264	0.870493875134035	0.674080106657721
265	0.870486268280358	0.673996404478296
266	0.870478693860229	0.673912947691687
267	0.870471151614129	0.673829734632461
268	0.870463641285584	0.673746763652724
269	0.870456162621115	0.673664033121869
270	0.870448715370192	0.673581541426333
271	0.870441299285189	0.673499286969351
272	0.87043391412134	0.673417268170729
273	0.870426559636695	0.673335483466601
274	0.870419235592078	0.673253931309209
275	0.870411941751045	0.673172610166674
276	0.870404677879845	0.673091518522777
277	0.870397443747374	0.673010654876744
278	0.870390239125143	0.672930017743034
279	0.870383063787232	0.672849605651126
280	0.870375917510258	0.672769417145316
281	0.870368800073333	0.672689450784517
282	0.870361711258032	0.672609705142057
283	0.870354650848351	0.672530874661288
284	0.870347618630676	0.672452358815956
285	0.870340614393749	0.672374057329656
286	0.870333637928629	0.67229596884517
287	0.870326689028663	0.672218092018618
288	0.870319767489452	0.672140425519281
289	0.870312873108817	0.672062968029429
290	0.870306005686771	0.671985718244151
291	0.870299165025481	0.671908674871183
292	0.870292350929246	0.671831836630741
293	0.870285563204461	0.671755202255364
294	0.870278801659588	0.671678770489749
295	0.870272066105129	0.671602540090594
296	0.870265356353597	0.671526509826444
297	0.870258672219486	0.671450678477536
298	0.870252013519246	0.671375044835652
299	0.870245380071255	0.67129960770397
300	0.87023877169579	0.671224365896918
301	0.870232188215005	0.67114931824003
302	0.870225629452902	0.671074463569809
303	0.870219095235308	0.670999800733585
304	0.870212585389848	0.670925328589379
305	0.870206099745922	0.670851046005772
306	0.870199638134681	0.670776951861769
307	0.870193200389003	0.670703045046672
308	0.870186786343467	0.670629324459949
309	0.870180395834338	0.670555789011113
310	0.870174028699534	0.670482437619592
311	0.870167684778613	0.670409269214613
312	0.870161363912745	0.670336282735076
313	0.870155065944697	0.670263477129442
314	0.870148790718803	0.670190851355611
315	0.870142538080953	0.670118404380811
316	0.870136307878565	0.670046135181482
317	0.87013009996057	0.669974042743168
318	0.870123914177391	0.669902126060406
319	0.870117750380919	0.669830384136617
320	0.870111608424503	0.669758815984003
321	0.870105488162924	0.669687420623438
322	0.870099389452379	0.669616197084369
323	0.870093312150461	0.669545144404713
324	0.870087256116147	0.669474261630756
325	0.870081221209771	0.669403710044599
326	0.870075207293015	0.669333865245015
327	0.87006921422889	0.669264185878872
328	0.870063241881713	0.669194671034121
329	0.870057290117102	0.669125319806521
330	0.870051358801948	0.669056131299559
331	0.870045447804407	0.668987104624352
332	0.87003955699388	0.668918238899563
333	0.870033686241002	0.668849533251315
334	0.870027835417619	0.668780986813104
335	0.870022004396783	0.668712598725716
336	0.870016193052727	0.66864436813714
337	0.870010401260859	0.668576294202493
338	0.870004628897742	0.668508376083936
339	0.869998875841083	0.668440612950592
340	0.869993141969716	0.668373003978471
341	0.869987427163594	0.668305548350394
342	0.869981731303767	0.668238245255911
343	0.869976054272378	0.668171093891234
344	0.86997039595264	0.668104093459154
345	0.869964756228833	0.668037243168977
346	0.869959134986286	0.667970542236445
347	0.869953532111363	0.667903989883669
348	0.869947947491453	0.667837585339057
349	0.86994238101496	0.667771327837248
350	0.869936832571286	0.667705216619038
351	0.869931302050824	0.667639250931321
352	0.869925789344943	0.667573430027015
353	0.869920294345977	0.667507753165003
354	0.869914816947216	0.667442219610063
355	0.869909357042893	0.667376828632809
356	0.869903914528172	0.667311579509626
357	0.869898489299139	0.66724647152261
358	0.869893081252794	0.667181503959505
359	0.869887690287031	0.667116676113644
360	0.86988231630064	0.667051987283887
361	0.869876959193286	0.666987436774569
362	0.869871618865509	0.666923023895435
363	0.869866295218704	0.666858747961587
364	0.869860988155117	0.666794608293426
365	0.869855697577836	0.666730604216599
366	0.869850423390779	0.66666673506194
367	0.869845165498685	0.66660300016542
368	0.869839923807105	0.666539398868092
369	0.869834698222395	0.666475930516037
370	0.869829488651703	0.666412594460316
371	0.869824295002963	0.666349390056914
372	0.869819117184885	0.666286316666693
373	0.869813955106948	0.666223799800869
374	0.86980880867939	0.666161607234774
375	0.8698036778132	0.666099542517242
376	0.869798562420107	0.666037605034273
377	0.869793462412579	0.665975794176451
378	0.869788377703809	0.665914109338899
379	0.869783308207707	0.665852549921237
380	0.869778253838895	0.665791115327532
381	0.869773214512697	0.665729804966255
382	0.869768190145135	0.665668618250238
383	0.869763180652916	0.66560755459663
384	0.869758185953429	0.665546613426853
385	0.869753205964734	0.665485794166561
386	0.869748240605561	0.665425096245597
387	0.869743289795295	0.665364519097953
388	0.869738353453975	0.665304062161726
389	0.869733431502283	0.665243724879081
390	0.86972852386154	0.665183506696212
391	0.869723630453699	0.665123407063298
392	0.869718751201336	0.665063425434468
393	0.869713886027646	0.66500356126776
394	0.869709034856434	0.664943814025087
395	0.869704197612113	0.664884183172194
396	0.869699374219692	0.664824668178626
397	0.869694564604774	0.664765268517689
398	0.869689768693548	0.664705983666413
399	0.869684986412781	0.66464681310552
400	0.869680217689819	0.664587756319385
401	0.869675462452572	0.664528812796002
402	0.869670720629514	0.664469982026951
403	0.869665992149676	0.664411263507363
404	0.86966127694264	0.664352656735886
405	0.869656574938532	0.664294161214653
406	0.86965188606802	0.664235776449249
407	0.869647210262305	0.664177501948677
408	0.869642547453116	0.664119337225327
409	0.869637897572707	0.664061281794947
410	0.869633260553851	0.664003335176606
411	0.86962863632983	0.663945496892668
412	0.869624024834439	0.66388776646876
413	0.869619426001972	0.663830143433741
414	0.869614839767222	0.663772627319674
415	0.869610266065475	0.663715217661792
416	0.869605704832506	0.663657913998476
417	0.869601156004569	0.663600715871221
418	0.869596619518402	0.663543622824607
419	0.869592095311211	0.663486634406276
420	0.869587583320674	0.663429750166899
421	0.869583083484933	0.66337296966015
422	0.869578595742589	0.66331629244268
423	0.869574120032699	0.663259718074089
424	0.869569656294768	0.663203246116901
425	0.869565204468751	0.663146876136533
426	0.869560764495044	0.663091084527531
427	0.869556336314479	0.663035469242285
428	0.869551919868323	0.662979953657618
429	0.869547515098273	0.662924537354438
430	0.869543121946448	0.662869219916397
431	0.869538740355392	0.662814000929862
432	0.869534370268064	0.662758879983896
433	0.869530011627836	0.662703856670233
434	0.869525664378489	0.662648930583251
435	0.869521328464211	0.662594101319954
436	0.869517003829589	0.662539368479943
437	0.869512690419609	0.662484731665402
438	0.869508388179651	0.662430190481065
439	0.869504097055484	0.662375744534202
440	0.869499816993265	0.662321393434593
441	0.869495547939531	0.662267136794509
442	0.869491289841202	0.662212974228685
443	0.869487042645571	0.662158905354307
444	0.869482806300304	0.662104929790982
445	0.869478580753436	0.662051047160726
446	0.869474365953367	0.661997257087936
447	0.869470161848859	0.661943559199373
448	0.869465968389032	0.661889953124143
449	0.869461785523362	0.661836438493674
450	0.869457613201676	0.661783014941699
451	0.869453451374153	0.661729682104234
452	0.869449299991313	0.661676439619562
453	0.869445159004021	0.66162328712821
454	0.869441028363481	0.661570224272933
455	0.869436908021233	0.661517250698694
456	0.869432797929151	0.661464366052647
457	0.869428698039437	0.661411569984116
458	0.869424608304622	0.661358862144579
459	0.869420528677562	0.66130624218765
460	0.869416459111431	0.661253709769061
461	0.869412399559724	0.661201264546643
462	0.869408349976253	0.66114890618031
463	0.869404310315138	0.661096634332044
464	0.869400280530814	0.661044448665874
465	0.869396260578019	0.66099234884786
466	0.869392250411798	0.660940334546078
467	0.869388249987497	0.660888405430605
468	0.869384259260762	0.660836561173497
469	0.869380278187534	0.660784801448778
470	0.869376306724049	0.660733125932423
471	0.869372344826832	0.66068153430234
472	0.869368392452701	0.660630026238357
473	0.869364449558756	0.660578601422205
474	0.869360516102382	0.660527259537504
475	0.869356592041247	0.660476000269744
476	0.869352677333296	0.660424823306277
477	0.86934877193675	0.660373728336295
478	0.869344875810104	0.660322715050819
479	0.869340988912127	0.660271783142684
480	0.869337111201854	0.660220932306524
481	0.869333242638589	0.660170162238759
482	0.8693293831819	0.660119472637578
483	0.869325532791618	0.660068863202928
484	0.869321691427832	0.660018518142646
485	0.869317859050891	0.659968561393854
486	0.869314035621401	0.659918683146755
487	0.869310221100217	0.659868883111051
488	0.869306415448449	0.659819160998118
489	0.869302618627456	0.659769516520991
490	0.869298830598843	0.659719949394352
491	0.869295051324461	0.659670459334516
492	0.869291280766402	0.659621046059418
493	0.869287518887003	0.659571709288604
494	0.869283765648837	0.659522448743213
495	0.869280021014713	0.65947326414597
496	0.869276284947677	0.659424155221171
497	0.869272557411009	0.65937512169467
498	0.869268838368217	0.659326163293869
499	0.86926512778304	0.659277279747708
500	0.869261425619445	0.659228470786647
501	0.869257731841622	0.659179736142661
502	0.869254046413987	0.659131075549225
503	0.869250369301177	0.659082488741303
504	0.869246700468047	0.659033975455337
505	0.869243039879673	0.658985535429238
506	0.869239387501346	0.658937168402369
507	0.869235743298572	0.658888874115543
508	0.869232107237067	0.658840652311001
509	0.869228479282762	0.658792502732413
510	0.869224859401797	0.658744425124858
511	0.869221247560515	0.658696419234819
512	0.869217643725471	0.658648484810168
513	0.869214047863421	0.658600621600162
514	0.869210459941324	0.658552829355427
515	0.86920687992634	0.658505107827949
516	0.869203307785829	0.658457456771067
517	0.869199743487349	0.658409875939459
518	0.869196186998654	0.658362365089135
519	0.869192638287692	0.658314923977425
520	0.869189097322605	0.658267552362972
521	0.869185564071726	0.658220250005719
522	0.869182038503578	0.658173016666904
523	0.869178520586874	0.658125852109046
524	0.869175010290512	0.658078756095936
525	0.869171507583577	0.658031728392633
526	0.869168012435337	0.65798476876545
527	0.869164524815246	0.657937876981943
528	0.869161044692934	0.657891052810909
529	0.869157572038215	0.657844296022371
530	0.86915410682108	0.657797606387572
531	0.869150649011698	0.657750983678966
532	0.869147198580411	0.657704427670206
533	0.869143755497739	0.657657938136142
534	0.869140319734371	0.657611514852807
535	0.869136891261173	0.657565157597409
536	0.869133470049176	0.657518866148327
537	0.869130056069582	0.657472640285096
538	0.869126649293762	0.657426479788404
539	0.869123249693251	0.657380384440083
540	0.869119857239752	0.657334354023099
541	0.869116471905129	0.657288388321546
542	0.86911309366141	0.657242487120636
543	0.869109722480786	0.657196650206692
544	0.869106358335604	0.657150877367143
545	0.869103001198374	0.657105168390511
546	0.869099651041762	0.657059523066408
547	0.869096307838591	0.657013941185526
548	0.869092971561838	0.656968422539628
549	0.869089642184636	0.656923329310684
550	0.869086319680271	0.656878378058233
551	0.869083004022179	0.656833488813342
552	0.869079695183948	0.65678866137398
553	0.869076393139317	0.656743895539139
554	0.869073097862171	0.656699191108833
555	0.869069809326543	0.656654547884086
556	0.869066527506614	0.656609965666929
557	0.869063252376709	0.656565444260392
558	0.869059983911296	0.656520983468493
559	0.869056722084989	0.656476583096239
560	0.86905346687254	0.656432242949613
561	0.869050218248846	0.656387962835569
562	0.869046976188942	0.656343742562027
563	0.869043740668001	0.656299581937864
564	0.869040511661337	0.65625548077291
565	0.869037289144396	0.656211438877941
566	0.869034073092765	0.656167456064669
567	0.869030863482163	0.656123532145741
568	0.869027660288443	0.656079666934732
569	0.869024463487592	0.656035860246133
570	0.869021273055728	0.655992111895353
571	0.869018088969101	0.655948421698706
572	0.86901491120409	0.65590478947341
573	0.869011739737203	0.655861215037578
574	0.869008574545078	0.655817698210212
575	0.869005415604478	0.6557742388112
576	0.869002262892295	0.655730836661307
577	0.868999116385543	0.655687491582171
578	0.868995976061363	0.655644203396296
579	0.86899284189702	0.655600971927046
580	0.868989713869899	0.655557796998642
581	0.868986591957511	0.655514678436155
582	0.868983476137484	0.655471616065497
583	0.868980366387569	0.655428609713422
584	0.868977262685636	0.655385659207515
585	0.868974165009671	0.65534276437619
586	0.86897107333778	0.655299925048681
587	0.868967987648187	0.655257141055042
588	0.868964907919228	0.655214412226135
589	0.868961834129358	0.655171738393631
590	0.868958766257144	0.655129119390003
591	0.868955704281268	0.655086555048516
592	0.868952648180524	0.655044045203229
593	0.868949597933819	0.655001589688986
594	0.868946553520169	0.654959188341412
595	0.868943514918703	0.654916840996906
596	0.868940482108658	0.654874547492641
597	0.868937455069381	0.654832307666552
598	0.868934433780326	0.654790121357337
599	0.868931418221056	0.654747988404451
600	0.86892840837124	0.654705908648097
601	0.868925404210651	0.654663881929228
602	0.86892240571917	0.654621908089537
603	0.868919412876782	0.654579986971455
604	0.868916425663575	0.654538118418143
605	0.868913444059739	0.654496302273493
606	0.868910468045569	0.654454538382119
607	0.86890749760146	0.654412826589352
608	0.868904532707909	0.654371166741241
609	0.868901573345511	0.65432955868454
610	0.868898619494963	0.654288002266712
611	0.868895671137061	0.654246497335919
612	0.868892728252698	0.65420504374102
613	0.868889790822864	0.654163641331566
614	0.868886858828648	0.654122289957797
615	0.868883932251235	0.654080989470634
616	0.868881011071903	0.654039739721679
617	0.868878095272029	0.653998540563211
618	0.86887518483308	0.653957391848176
619	0.868872279736622	0.65391629343019
620	0.868869379964309	0.653875558982569
621	0.86886648549789	0.653834957547157
622	0.868863596319207	0.653794405490983
623	0.86886071241019	0.65375390267168
624	0.868857833752863	0.653713448947521
625	0.868854960329338	0.653673044177417
626	0.868852092121818	0.65363268822091
627	0.868849229112592	0.653592380938172
628	0.868846371284042	0.653552122189998
629	0.868843518618632	0.653511911837807
630	0.868840671098918	0.653471749743634
631	0.868837828707541	0.653431635770126
632	0.868834991427227	0.653391569780544
633	0.868832159240788	0.653351551638751
634	0.868829332131121	0.653311581209215
635	0.868826510081209	0.653271658357004
636	0.868823693074115	0.653231782947778
637	0.868820881092989	0.653191954847792
638	0.868818074121061	0.653152173923888
639	0.868815272141646	0.653112440043494
640	0.868812475138137	0.653072753074617
641	0.868809683094012	0.653033112885845
642	0.868806895992826	0.652993519346337
643	0.868804113818216	0.652953972325826
644	0.868801336553899	0.652914471694611
645	0.86879856418367	0.652875017323557
646	0.868795796691403	0.652835609084087
647	0.86879303406105	0.652796246848185
648	0.86879027627664	0.652756930488387
649	0.86878752332228	0.652717659877782
650	0.868784775182152	0.652678434890005
651	0.868782031840517	0.652639255399237
652	0.868779293281709	0.6526001212802
653	0.868776559490137	0.652561032408154
654	0.868773830450286	0.652521988658896
655	0.868771106146715	0.652482989908753
656	0.868768386564056	0.652444036034582
657	0.868765671687015	0.652405126913765
658	0.868762961500369	0.652366262424209
659	0.868760255988971	0.652327442444338
660	0.868757555137741	0.652288666853096
661	0.868754858931675	0.652249935529938
662	0.868752167355836	0.652211248354831
663	0.868749480395362	0.652172605208252
664	0.868746798035456	0.652134005971179
665	0.868744120261394	0.652095450525095
666	0.868741447058521	0.652056938751982
667	0.86873877841225	0.652018470534317
668	0.868736114308063	0.651980045755074
669	0.868733454731508	0.651941664297713
670	0.868730799668203	0.651903326046187
671	0.868728149103832	0.651865030884929
672	0.868725503024146	0.651826778698859
673	0.868722861414962	0.651788569373375
674	0.868720224262163	0.651750402794351
675	0.868717591551697	0.651712278848137
676	0.868714963269578	0.651674197421553
677	0.868712339401884	0.65163615840189
678	0.868709719934758	0.651598161676905
679	0.868707104854406	0.651560207134816
680	0.868704494147098	0.651522294664306
681	0.868701887799167	0.651484424154515
682	0.868699285797008	0.651446595495037
683	0.868696688127081	0.651408808575923
684	0.868694094775904	0.651371063287672
685	0.868691505730059	0.651333359521234
686	0.86868892097619	0.651295697168002
687	0.868686340501001	0.651258076119816
688	0.868683764291254	0.651220496268953
689	0.868681192333776	0.651182957508132
690	0.868678624615449	0.651145459730506
691	0.868676061123219	0.651108002829663
692	0.868673501844087	0.651070586699622
693	0.868670946765114	0.65103321123483
694	0.868668395873421	0.650995876330162
695	0.868665849156184	0.650958581880916
696	0.868663306600641	0.650921327782814
697	0.868660768194083	0.650884113931995
698	0.86865823392386	0.650847249535064
699	0.868655703777379	0.650810473560053
700	0.868653177742102	0.650773737138536
701	0.868650655805547	0.650737040169293
702	0.86864813795529	0.65070038255151
703	0.86864562417896	0.650663764184773
704	0.868643114464242	0.65062718496907
705	0.868640608798874	0.650590644804786
706	0.868638107170651	0.650554143592701
707	0.868635609567421	0.650517681233991
708	0.868633115977084	0.650481257630221
709	0.868630626387596	0.650444872683347
710	0.868628140786965	0.650408526295711
711	0.868625659163252	0.650372218370042
712	0.86862318150457	0.650335948809449
713	0.868620707799083	0.650299717517425
714	0.868618238035011	0.650263524397842
715	0.868615772200621	0.650227369354947
716	0.868613310284234	0.650191252293364
717	0.868610852274222	0.65015517311809
718	0.868608398159005	0.65011913173449
719	0.868605947927056	0.650083128048302
720	0.868603501566898	0.65004716196563
721	0.868601059067103	0.650011233392942
722	0.868598620416292	0.64997534223707
723	0.868596185603137	0.649939488405208
724	0.868593754616359	0.649903671804909
725	0.868591327444724	0.649867892344082
726	0.868588904077051	0.649832149930995
727	0.868586484502205	0.649796444474267
728	0.868584068709099	0.649760775882869
729	0.868581656686694	0.649725144066125
730	0.868579248423997	0.649689548933705
731	0.868576843910065	0.649653990395625
732	0.868574443133998	0.649618468362248
733	0.868572046084946	0.649582982744276
734	0.868569652752103	0.649547533452757
735	0.86856726312471	0.649512120399075
736	0.868564877192053	0.649476743494953
737	0.868562494943465	0.649441402652449
738	0.868560116368323	0.649406097783955
739	0.868557741456048	0.649370828802196
740	0.868555370196109	0.649335595620228
741	0.868553002578015	0.649300398151437
742	0.868550638591325	0.649265236309532
743	0.868548278225635	0.649230110008552
744	0.868545921470591	0.649195019162858
745	0.868543568315879	0.649159963687134
746	0.86854121875123	0.649124943496384
747	0.868538872766416	0.649089958505931
748	0.868536530351254	0.649055008631417
749	0.868534191495603	0.649020093788797
750	0.868531856189362	0.648985213894342
751	0.868529524422476	0.648950368864636
752	0.868527196184929	0.648915558616572
753	0.868524871466747	0.648880783067354
754	0.868522550257999	0.648846042134493
755	0.868520232548794	0.648811335735808
756	0.868517918329281	0.648776663789421
757	0.868515607589651	0.648742026213757
758	0.868513300320136	0.648707422927543
759	0.868510996511006	0.648672853849808
760	0.868508696152574	0.648638318899877
761	0.868506399235191	0.648603817997374
762	0.868504105749247	0.648569351062218
763	0.868501815685174	0.648534918014622
764	0.868499529033441	0.648500518775093
765	0.868497245784556	0.648466153264426
766	0.868494965929067	0.648431821403711
767	0.868492689457561	0.648397523114322
768	0.86849041636066	0.648363258317922
769	0.868488146629028	0.648329026936459
770	0.868485880253365	0.648294828892165
771	0.86848361722441	0.648260664107555
772	0.868481357532937	0.648226532505426
773	0.868479101169761	0.648192434008853
774	0.868476848125731	0.648158368541191
775	0.868474598391734	0.648124336026073
776	0.868472351958694	0.648090336387407
777	0.868470108817572	0.648056369549374
778	0.868467868959365	0.64802243543643
779	0.868465632375106	0.647988533973303
780	0.868463399055862	0.64795466508499
781	0.86846116899274	0.647920828696758
782	0.86845894217688	0.647887024734142
783	0.868456718599457	0.647853451060132
784	0.868454498251682	0.647820035202415
785	0.868452281124801	0.647786651239757
786	0.868450067210095	0.647753299099457
787	0.86844785649888	0.647719978709069
788	0.868445648982505	0.64768668999641
789	0.868443444652356	0.647653432889546
790	0.86844124349985	0.647620207316805
791	0.868439045516439	0.647587013206766
792	0.86843685069361	0.647553850488259
793	0.868434659022883	0.647520719090369
794	0.868432470495811	0.647487618942429
795	0.86843028510398	0.647454549974022
796	0.868428102839009	0.647421512114979
797	0.868425923692552	0.647388505295378
798	0.868423747656293	0.64735552944554
799	0.868421574721949	0.647322584496033
800	0.868419404881272	0.647289670377669
801	0.868417238126043	0.6472567870215
802	0.868415074448077	0.647223934358819
803	0.868412913839219	0.647191112321159
804	0.868410756291349	0.647158320840293
805	0.868408601796375	0.647125559848231
806	0.868406450346238	0.647092829277217
807	0.868404301932912	0.647060129059733
808	0.868402156548398	0.647027459128495
809	0.868400014184731	0.64699481941645
810	0.868397874833977	0.646962209856779
811	0.868395738488231	0.646929630382893
812	0.868393605139619	0.646897080928434
813	0.868391474780297	0.64686456142727
814	0.868389347402452	0.646832071813499
815	0.868387222998301	0.646799612021445
816	0.868385101560089	0.646767181985657
817	0.868382983080093	0.646734781640909
818	0.868380867550619	0.646702410922199
819	0.868378754964002	0.646670069764745
820	0.868376645312605	0.64663775810399
821	0.868374538588823	0.646605475875594
822	0.868372434785077	0.646573223015438
823	0.868370333893819	0.646540999459621
824	0.868368235907529	0.64650880514446
825	0.868366140818714	0.646476640006486
826	0.868364048619911	0.646444503982447
827	0.868361959303686	0.646412397009306
828	0.868359872862632	0.646380319024238
829	0.868357789289369	0.64634826996463
830	0.868355708576546	0.646316249768081
831	0.86835363071684	0.646284258372401
832	0.868351555702954	0.64625229571561
833	0.868349483527621	0.646220361735933
834	0.868347414183598	0.646188456371806
835	0.868345347663672	0.64615657956187
836	0.868343283960655	0.646124731244972
837	0.868341223067387	0.646092911360163
838	0.868339164976735	0.6460611198467
839	0.868337109681591	0.64602935664404
840	0.868335057174875	0.645997621691844
841	0.868333007449534	0.645965914929972
842	0.868330960498538	0.645934236298486
843	0.868328916314886	0.645902585737646
844	0.868326874891602	0.645870963187911
845	0.868324836221736	0.645839368589937
846	0.868322800298363	0.645807801884576
847	0.868320767114586	0.645776263012877
848	0.868318736663529	0.645744751916083
849	0.868316708938346	0.64571326853563
850	0.868314683932214	0.645681812813149
851	0.868312661638334	0.64565038469046
852	0.868310642049934	0.645618984109579
853	0.868308625160267	0.645587611012706
854	0.868306610962608	0.645556265342238
855	0.868304599450259	0.645524947040754
856	0.868302590616547	0.645493656051025
857	0.868300584454821	0.645462392316008
858	0.868298580958455	0.645431155778846
859	0.868296580120849	0.645399946382868
860	0.868294581935424	0.645368764071586
861	0.868292586395628	0.645337608788697
862	0.868290593494931	0.645306480478081
863	0.868288603226827	0.6452753790838
864	0.868286615584833	0.645244304550098
865	0.86828463056249	0.645213256821397
866	0.868282648153363	0.645182235842303
867	0.868280668351038	0.645151241557596
868	0.868278691149128	0.645120273912239
869	0.868276716541265	0.645089332851368
870	0.868274744521106	0.645058418320298
871	0.868272775082329	0.645027530264521
872	0.868270808218638	0.644996668629702
873	0.868268843923757	0.64496583336168
874	0.868266882191433	0.64493502440647
875	0.868264923015434	0.644904241710257
876	0.868262966389554	0.64487365953316
877	0.868261012307605	0.644843222482515
878	0.868259060763423	0.644812811281373
879	0.868257111750867	0.64478242587711
880	0.868255165263815	0.644752066217271
881	0.868253221296169	0.644721732249567
882	0.868251279841853	0.644691423921877
883	0.86824934089481	0.644661141182241
884	0.868247404449005	0.644630883978868
885	0.868245470498428	0.644600652260128
886	0.868243539037086	0.644570445974557
887	0.868241610059009	0.64454026507085
888	0.868239683558247	0.644510109497866
889	0.868237759528871	0.644479979204626
890	0.868235837964975	0.644449874140308
891	0.868233918860672	0.644419794254253
892	0.868232002210095	0.64438973949596
893	0.868230088007398	0.644359709815086
894	0.868228176246757	0.644329705161445
895	0.868226266922366	0.644299725485011
896	0.868224360028441	0.64426977073591
897	0.868222455559218	0.644239840864427
898	0.868220553508952	0.644209935821001
899	0.868218653871919	0.644180055556226
900	0.868216756642414	0.644150200020847
901	0.868214861814754	0.644120369165766
902	0.868212969383272	0.644090562942035
903	0.868211079342323	0.644060781300858
904	0.868209191686283	0.644031024193591
905	0.868207306409544	0.64400129157174
906	0.86820542350652	0.643971583386961
907	0.868203542971642	0.643941899591058
908	0.868201664799363	0.643912240135986
909	0.868199788984153	0.643882604973845
910	0.868197915520501	0.643852994056886
911	0.868196044402916	0.643823407337505
912	0.868194175625926	0.643793844768241
913	0.868192309184076	0.643764306301785
914	0.868190445071931	0.643734791890968
915	0.868188583284076	0.643705301488766
916	0.86818672381511	0.643675835048301
917	0.868184866659655	0.643646392522836
918	0.868183011812349	0.643616973865776
919	0.868181159267849	0.643587579030672
920	0.868179309020831	0.643558207971211
921	0.868177461065986	0.643528860641224
922	0.868175615398027	0.643499536994681
923	0.868173772011682	0.643470236985693
924	0.868171930901698	0.643440960568509
925	0.86817009206284	0.643411707697517
926	0.86816825548989	0.643382478327241
927	0.868166421177647	0.643353272412345
928	0.86816458912093	0.643324089907628
929	0.868162759314574	0.643294930768026
930	0.86816093175343	0.643265794948611
931	0.868159106432368	0.643236682404589
932	0.868157283346274	0.643207593091301
933	0.868155462490053	0.643178526964224
934	0.868153643858627	0.643149483978963
935	0.868151827446931	0.643120464091262
936	0.868150013249923	0.643091467256995
937	0.868148201262573	0.643062493432167
938	0.868146391479869	0.643033542572914
939	0.868144583896817	0.643004614635506
940	0.86814277850844	0.642975709576339
941	0.868140975309774	0.642946827351941
942	0.868139174295875	0.64291796791897
943	0.868137375461814	0.642889131234211
944	0.86813557880268	0.642860317254576
945	0.868133784313574	0.642831525937109
946	0.868131991989619	0.642802757238977
947	0.868130201825949	0.642774011117476
948	0.868128413817716	0.642745287530025
949	0.868126627960091	0.642716586434173
950	0.868124844248255	0.64268790778759
951	0.868123062677408	0.642659251548074
952	0.868121283242768	0.642630617673544
953	0.868119505939565	0.642602006122045
954	0.868117730763046	0.642573416851744
955	0.868115957708473	0.64254484982093
956	0.868114186771125	0.642516304988016
957	0.868112417946295	0.642487782311535
958	0.868110651229293	0.642459281750142
959	0.868108886615441	0.642430803262612
960	0.86810712410008	0.64240234680784
961	0.868105363678565	0.642373912344842
962	0.868103605346264	0.642345499832752
963	0.868101849098563	0.642317109230825
964	0.868100094930861	0.64228874049843
965	0.868098342838573	0.642260393595057
966	0.868096592817128	0.642232068480315
967	0.868094844861971	0.642203765113925
968	0.86809309896856	0.642175483455728
969	0.868091355132369	0.64214722346568
970	0.868089613348887	0.642118985103853
971	0.868087873613616	0.642090768330434
972	0.868086135922073	0.642062573105724
973	0.868084400269789	0.642034399390139
974	0.868082666652312	0.642006247144208
975	0.868080935065201	0.641978116328572
976	0.86807920550403	0.64195000690399
977	0.868077477964388	0.641922016131073
978	0.868075752441878	0.641894216055099
979	0.868074028932117	0.641866437050977
980	0.868072307430735	0.641838679080276
981	0.868070587933378	0.641810942104678
982	0.868068870435703	0.641783226085972
983	0.868067154933383	0.641755530986058
984	0.868065441422105	0.641727856766942
985	0.868063729897568	0.641700203390739
986	0.868062020355486	0.641672570819673
987	0.868060312791586	0.641644959016072
988	0.868058607201607	0.641617367942373
989	0.868056903581305	0.64158979756112
990	0.868055201926447	0.641562247834959
991	0.868053502232814	0.641534718726646
992	0.868051804496199	0.641507210199039
993	0.868050108712411	0.641479722215102
994	0.86804841487727	0.641452254737903
995	0.868046722986609	0.641424807730615
996	0.868045033036275	0.641397381156511
997	0.868043345022129	0.641369974978972
998	0.868041658940043	0.641342589161477
999	0.868039974785902	0.641315223667611
1000	0.868041949993075	0.641288788761163
1001	0.868036612245064	0.641260553505605
