1	0.970918188821366	0.742978076415938
2	0.958173186270694	0.713312990952397
3	0.950140766261455	0.694691767817736
4	0.944264223116111	0.681057713330722
5	0.939634902974353	0.670289343705941
6	0.935820495786376	0.661386441813009
7	0.932580576167618	0.653796132214995
8	0.929767427425208	0.647180159980142
9	0.927283736063295	0.641316339699385
10	0.925061984358951	0.636050824557051
11	0.923053410311679	0.631272652285006
12	0.921221651533513	0.626899144631005
13	0.919538872716473	0.62286703855134
14	0.917983295743348	0.619126843564295
15	0.916537563654977	0.615639111566319
16	0.915187621903256	0.612371890201184
17	0.91392193225711	0.609298935796162
18	0.912730907323046	0.606398429177203
19	0.911606495337117	0.603652033524425
20	0.910541869736027	0.601044190430825
21	0.909531193311815	0.598561585345873
22	0.908569436441357	0.596192735723396
23	0.907652235172354	0.593927669547396
24	0.906775779125298	0.59175767143008
25	0.905936722002324	0.589675079921055
26	0.905132109448027	0.587673124110194
27	0.904359320378827	0.585745790722203
28	0.903616018874542	0.583887715118913
29	0.902900114431816	0.582094091226657
30	0.902209728895614	0.580360596577169
31	0.901543168767517	0.578683329517099
32	0.900898901875894	0.577058756289788
33	0.9002755376096	0.57548366618315
34	0.899671810082137	0.573955133311713
35	0.899086563720602	0.572470483888926
36	0.898518740872596	0.571027268069588
37	0.897967371101692	0.569623235617288
38	0.897431561903084	0.568256314789734
39	0.896910490619471	0.566924593944415
40	0.896403397375944	0.565626305454529
41	0.895909578883755	0.564359811595476
42	0.89542838298802	0.563123592119103
43	0.894959203854838	0.561916233279144
44	0.894501477710054	0.560736418109078
45	0.894054679055621	0.559582917784731
46	0.893618317300816	0.558454583929514
47	0.893191933755018	0.557350341741498
48	0.892775098936516	0.556269183839175
49	0.892367410158398	0.555210164737566
50	0.891968489358023	0.55417239587875
51	0.89157798114124	0.553155041151353
52	0.891195551016377	0.552157312842362
53	0.890820883796382	0.551178467972161
54	0.89045368215029	0.55021780497006
55	0.890093665287608	0.549274660653039
56	0.88974056776128	0.548348407475127
57	0.889394138376657	0.547438451018817
58	0.889054139195417	0.546544227703417
59	0.88872034462472	0.5456652026882
60	0.888392540583004	0.544800867950805
61	0.88807052373483	0.543950740523618
62	0.887754100788041	0.543114360872782
63	0.887443087847256	0.542291291406227
64	0.887137309818382	0.541481115098575
65	0.88683659985939	0.540683434222121
66	0.886540798873122	0.539897869174201
67	0.886249755038341	0.539124057392303
68	0.885963323375606	0.538361652349161
69	0.885681365344941	0.537610322620843
70	0.885403748472538	0.536869751021586
71	0.88513034600402	0.536139633799694
72	0.884861036582047	0.535419679889426
73	0.884595703946223	0.534709610214232
74	0.884334236653515	0.534009157037198
75	0.884076527817492	0.533318063354873
76	0.88382247486492	0.532636082331089
77	0.883571979308324	0.531962976767613
78	0.883324946533294	0.531298518608813
79	0.883081285599398	0.530642488477747
80	0.882840909053679	0.529994675241301
81	0.882603732755788	0.529354875602234
82	0.8823696757139	0.528722893716147
83	0.882138659930629	0.528098540831579
84	0.881910610258216	0.527481634951562
85	0.881685454262327	0.526872000515133
86	0.881463122093871	0.526269468097395
87	0.881243546368259	0.525673874126849
88	0.881026662051606	0.525085060618824
89	0.880812406353404	0.524502874923905
90	0.880600718625219	0.523927169490365
91	0.88039154026503	0.523357801639681
92	0.880184814626812	0.522794633354265
93	0.879980486935056	0.52223753107663
94	0.879778504203876	0.521686365519262
95	0.879578815160432	0.521141011484513
96	0.879381370172381	0.520601347693894
97	0.879186121179123	0.520067256626178
98	0.878993021626588	0.519538624363781
99	0.878802026405362	0.519015340446918
100	0.87861309179194	0.518497297735053
101	0.878426175392928	0.517984392275234
102	0.878241236092011	0.517476523176878
103	0.878058233999523	0.516973592492657
104	0.877877130404479	0.516475505105111
105	0.877697887728913	0.515982168618675
106	0.877520469484403	0.5154934932568
107	0.877344840230647	0.515009391763899
108	0.877170965535983	0.514529779311834
109	0.876998811939745	0.514054573410695
110	0.876828346916346	0.513583693823648
111	0.876659538841007	0.513117062485623
112	0.876492356957031	0.512654603425633
113	0.87632677134454	0.512196242692542
114	0.87616275289061	0.511741908284086
115	0.876000273260713	0.511291530078993
116	0.875839304871407	0.510845039772025
117	0.875679820864215	0.510402370811804
118	0.875521795080616	0.50996345834128
119	0.875365202038104	0.509528239140694
120	0.875210016907262	0.509096651572929
121	0.875056215489786	0.508668635531121
122	0.874903774197434	0.508244132388418
123	0.874752670031831	0.507823084949785
124	0.874602880565101	0.507405437405754
125	0.874454383921293	0.506991135288028
126	0.874307158758542	0.506580125426851
127	0.87416118425195	0.506172355910053
128	0.874016440077136	0.505767776043698
129	0.873872906394445	0.50536633631427
130	0.87373056383376	0.504967988352294
131	0.873589393479908	0.50457268489737
132	0.873449376858625	0.504180379764519
133	0.873310495923056	0.503791027811798
134	0.873172733040762	0.50340458490913
135	0.873036070981224	0.503021007908281
136	0.872900492903801	0.502640254613955
137	0.872765982346142	0.502262283755932
138	0.872632523213019	0.501887054962223
139	0.87250009976557	0.501514528733193
140	0.87236869661093	0.501144666416606
141	0.872238298692237	0.500777430183561
142	0.872108891278988	0.500412783005266
143	0.871980459957748	0.500050688630637
144	0.871852990623174	0.49969111156467
145	0.871726469469363	0.499334017047557
146	0.871600882981494	0.498979371034527
147	0.871476217927761	0.498627140176359
148	0.871352461351582	0.498277291800572
149	0.871229600564072	0.49792979389323
150	0.871107623136771	0.497584615081367
151	0.870986516894617	0.497241724615986
152	0.870866269909155	0.496901092355622
153	0.870746870491964	0.496562688750443
154	0.87062830718831	0.496226484826865
155	0.870510568770999	0.495892452172669
156	0.870393644234436	0.495560562922585
157	0.870277522788869	0.49523078974435
158	0.870162193854824	0.494903105825197
159	0.870047647057712	0.494577484858772
160	0.869933872222616	0.49425390103246
161	0.869820859369228	0.493932329015111
162	0.869708598706961	0.493612743945134
163	0.869597080630199	0.493295121418964
164	0.869486295713699	0.492979437479883
165	0.869376234708142	0.492665668607174
166	0.869266888535803	0.492353791705602
167	0.869158248286373	0.49204378409522
168	0.869050305212887	0.491735623501464
169	0.868943050727792	0.491429288045554
170	0.868836476399117	0.491124756235172
171	0.868730573946771	0.490822006955411
172	0.868625335238935	0.490521019459991
173	0.868520752288577	0.490221773362728
174	0.868416817250049	0.489924248629248
175	0.868313522415804	0.489628425568941
176	0.868210860213188	0.489334284827134
177	0.868108823201337	0.4890418073775
178	0.868007404068157	0.488750974514669
179	0.86790659562739	0.488461767847047
180	0.867806390815767	0.488174169289843
181	0.867706782690231	0.487888161058277
182	0.867607764425249	0.487603725660984
183	0.867509329310192	0.487320845893594
184	0.867411470746787	0.487039504832486
185	0.867314182246642	0.486759685828715
186	0.867217457428834	0.486481372502098
187	0.867121290017569	0.486204548735461
188	0.867025673839901	0.485929198669037
189	0.86693060282351	0.485655306695016
190	0.866836070994544	0.485382857452233
191	0.866742072475516	0.485111835821002
192	0.866648601483258	0.484842226918077
193	0.866555652326927	0.48457401609175
194	0.866463219406062	0.484307188917074
195	0.866371297208698	0.484041731191204
196	0.866279880309522	0.483777628928865
197	0.866188963368077	0.483514868357926
198	0.866098541127016	0.483253435915097
199	0.866008608410401	0.482993318241719
200	0.865919160122038	0.482734502179676
201	0.865830191243859	0.482476974767399
202	0.865741696834349	0.482220723235966
203	0.865653672027004	0.481965735005309
204	0.865566112028831	0.481711997680507
205	0.865479012118886	0.481459499048167
206	0.865392367646848	0.481208227072899
207	0.865306174031625	0.480958169893875
208	0.865220426760001	0.480709315821467
209	0.865135121385304	0.480461653333969
210	0.865050253526119	0.480215171074395
211	0.864965818865024	0.479969857847355
212	0.864881813147359	0.479725702616005
213	0.864798232180023	0.479482694499064
214	0.864715071830302	0.479240822767908
215	0.864632328024722	0.479000076843723
216	0.86454999674793	0.478760446294734
217	0.864468074041602	0.478521920833488
218	0.864386556003375	0.478284490314208
219	0.864305438785805	0.478048144730199
220	0.864224718595346	0.477812874211322
221	0.864144391691359	0.477578669021517
222	0.864064454385139	0.477345519556387
223	0.863984903038959	0.477113416340835
224	0.86390573406515	0.476882350026752
225	0.863826943925186	0.476652311390758
226	0.863748529128802	0.476423291331996
227	0.863670486233122	0.476195280869967
228	0.863592811841815	0.475968271142419
229	0.863515502604262	0.475742253403281
230	0.863438555214748	0.475517219020639
231	0.863361966411667	0.475293159474759
232	0.863285732976746	0.475070066356154
233	0.863209851734287	0.474847931363684
234	0.863134319550424	0.474626746302709
235	0.863059133332398	0.474406503083269
236	0.862984290027843	0.474187193718316
237	0.862909786624094	0.473968810321969
238	0.862835620147504	0.473751345107815
239	0.862761787662778	0.473534790387244
240	0.862688286272323	0.473319138567819
241	0.862615113115605	0.473104382151674
242	0.862542265368531	0.472890513733955
243	0.862469740242829	0.472677526001284
244	0.862397534985454	0.472465411730261
245	0.862325646878001	0.472254163785995
246	0.862254073236127	0.472043775120658
247	0.862182811408994	0.471834238772082
248	0.862111858778711	0.47162554786237
249	0.862041212759798	0.471417695596546
250	0.861970870798655	0.471210675261224
251	0.861900830373045	0.47100448022331
252	0.861831088991587	0.470799103928723
253	0.861761644193256	0.47059453990115
254	0.861692493546893	0.470390781740814
255	0.861623634650735	0.47018782312328
256	0.861555065131937	0.469985657798272
257	0.86148678264612	0.469784279588517
258	0.861418784876914	0.46958368238862
259	0.861351069535525	0.469383860163944
260	0.861283634360293	0.469184806949526
261	0.861216477116274	0.468986516849009
262	0.861149595594822	0.468788984033589
263	0.861082987613179	0.468592202740995
264	0.861016651014079	0.468396167274471
265	0.860950583665349	0.468200872001794
266	0.860884783459532	0.468006311354301
267	0.860819248313501	0.467812479825931
268	0.860753976168093	0.4676193719723
269	0.860688964987747	0.467426982409773
270	0.860624212760141	0.467235305814572
271	0.860559717495848	0.467044336921885
272	0.86049547722799	0.466854070525005
273	0.8604314900119	0.466664501474473
274	0.860367753924793	0.466475624677242
275	0.860304267065438	0.466287435095861
276	0.860241027553845	0.466099927747662
277	0.860178033530944	0.465913097703973
278	0.860115283158286	0.465726940089341
279	0.860052774617736	0.465541450080765
280	0.859990506111177	0.465356622906948
281	0.859928475860222	0.465172453847563
282	0.859866682105926	0.464988938232524
283	0.859805123108507	0.464806071441283
284	0.85974379714707	0.464623848902125
285	0.859682702519336	0.464442266091486
286	0.859621837541375	0.464261318533277
287	0.85956120054735	0.464081001798225
288	0.859500789889255	0.463901311503221
289	0.859440603936666	0.463722243310677
290	0.859380641076491	0.463543792927904
291	0.859320899712732	0.463365956106492
292	0.859261378266239	0.463188728641699
293	0.859202075174481	0.463012106371863
294	0.859142988891314	0.462836085177808
295	0.85908411788675	0.46266066098227
296	0.85902546064674	0.462485829749332
297	0.858967015672953	0.462311587483865
298	0.858908781482556	0.462137930230981
299	0.858850756608012	0.461964854075494
300	0.858792939596862	0.461792355141391
301	0.858735329011527	0.461620429591309
302	0.858677923429103	0.461449073626026
303	0.858620721441165	0.461278283483956
304	0.858563721653574	0.461108055440652
305	0.858506922686282	0.46093838580832
306	0.858450323173148	0.46076927093534
307	0.85839392176175	0.460600707205794
308	0.858337717113205	0.460432691039003
309	0.858281707901989	0.460265218889066
310	0.858225892815761	0.460098287244419
311	0.858170270555192	0.459931892627387
312	0.85811483983379	0.45976603159375
313	0.85805959937774	0.459600700732319
314	0.858004547925732	0.45943589666451
315	0.857949684228802	0.459271616043932
316	0.857895007050172	0.459107855555982
317	0.857840515165095	0.458944611917439
318	0.857786207360697	0.458781881876071
319	0.857732082435828	0.458619662210248
320	0.85767813920091	0.458457949728556
321	0.857624376477792	0.458296741269423
322	0.857570793099604	0.458136033700746
323	0.857517387910615	0.457975823919529
324	0.85746415976609	0.45781610885152
325	0.857411107532158	0.457656885450857
326	0.857358230085668	0.457498150699725
327	0.85730552631406	0.457339901608005
328	0.857252995115235	0.457182135212941
329	0.857200635397419	0.457024848578806
330	0.85714844607904	0.456868038796576
331	0.857096426088601	0.456711702983602
332	0.857044574364556	0.456555838283297
333	0.856992889855187	0.456400441864823
334	0.856941371518486	0.456245510922777
335	0.856890018322035	0.456091042676894
336	0.856838829242889	0.455937034371743
337	0.856787803267462	0.455783483276434
338	0.856736939391416	0.455630386684327
339	0.856686236619545	0.455477741912745
340	0.85663569396567	0.455325546302693
341	0.856585310452527	0.455173797218581
342	0.856535085111665	0.455022492047946
343	0.856485016983336	0.454871628201188
344	0.856435105116394	0.4547212031113
345	0.856385348568197	0.454571214233607
346	0.856335746404498	0.454421659045507
347	0.856286297699354	0.454272535046217
348	0.856237001535027	0.454123839756525
349	0.856187857001883	0.453975570718536
350	0.856138863198305	0.453827725495435
351	0.856090019230594	0.453680301671243
352	0.856041324212879	0.453533296850581
353	0.855992777267027	0.453386708658435
354	0.855944377522554	0.453240534739929
355	0.855896124116536	0.453094772760096
356	0.85584801619352	0.452949420403654
357	0.855800052905446	0.452804475374785
358	0.855752233411554	0.45265993539692
359	0.855704556878305	0.45251579821252
360	0.855657022479302	0.452372061582871
361	0.855609629395201	0.452228723287867
362	0.855562376813642	0.452085781125811
363	0.855515263929162	0.45194323291321
364	0.85546828994312	0.451801076484573
365	0.855421454063622	0.451659309692217
366	0.855374755505446	0.451517930406069
367	0.855328193489966	0.451376936513478
368	0.855281767245079	0.45123632591902
369	0.855235476005134	0.451096096544315
370	0.855189319010861	0.450956246327843
371	0.855143295509297	0.450816773224762
372	0.855097404753723	0.450677675206724
373	0.85505164600359	0.450538950261705
374	0.855006018524455	0.450400596393826
375	0.854960521587915	0.450262611623181
376	0.854915154471536	0.450124993985668
377	0.854869916458796	0.449987741532823
378	0.854824806839015	0.449850852331649
379	0.854779824907295	0.449714324464458
380	0.854734969964458	0.449578156028709
381	0.854690241316983	0.449442345136846
382	0.854645638276947	0.449306889916143
383	0.854601160161965	0.44917178850855
384	0.85455680629513	0.449037039070539
385	0.854512576004956	0.44890263977295
386	0.854468468625322	0.44876858880085
387	0.854424483495412	0.448634884353377
388	0.854380619959662	0.4485015246436
389	0.854336877367703	0.448368507898376
390	0.854293255074308	0.448235832358205
391	0.854249752439338	0.448103496277093
392	0.854206368827688	0.447971497922414
393	0.854163103609236	0.447839835574773
394	0.854119956158791	0.447708507527874
395	0.854076925856041	0.447577512088381
396	0.854034012085505	0.447446847575797
397	0.85399121423648	0.447316512322324
398	0.853948531702995	0.447186504672742
399	0.853905963883761	0.447056822984284
400	0.853863510182124	0.446927465626504
401	0.853821170006016	0.446798430981162
402	0.853778942767911	0.446669717442097
403	0.853736827884778	0.44654132341511
404	0.853694824778034	0.446413247317847
405	0.853652932873501	0.446285487579675
406	0.853611151601362	0.446158042641575
407	0.853569480396116	0.446030910956022
408	0.853527918696534	0.445904090986876
409	0.853486465945619	0.445777581209267
410	0.853445121590561	0.445651380109488
411	0.853403885082699	0.445525486184884
412	0.853362755877475	0.445399897943747
413	0.853321733434399	0.44527461390521
414	0.853280817217002	0.445149632599137
415	0.853240006692805	0.445024952566028
416	0.853199301333271	0.444900572356909
417	0.853158700613774	0.444776490533235
418	0.853118204013555	0.444652705666791
419	0.853077811015688	0.44452921633959
420	0.853037521107041	0.444406021143777
421	0.85299733377824	0.444283118681535
422	0.852957248523632	0.444160507564986
423	0.852917264841249	0.444038186416098
424	0.852877382232774	0.443916153866596
425	0.852837600203503	0.443794408557863
426	0.852797918262314	0.443672949140857
427	0.85275833592163	0.443551774276016
428	0.852718852697385	0.443430882633169
429	0.852679468108995	0.443310272891454
430	0.852640181679317	0.443189943739224
431	0.852600992934625	0.443069893873969
432	0.852561901404571	0.442950122002223
433	0.852522906622158	0.442830626839488
434	0.852484008123703	0.442711407110149
435	0.852445205448813	0.442592461547388
436	0.852406498140347	0.442473788893109
437	0.852367885744392	0.442355387897857
438	0.852329367810228	0.442237257320736
439	0.8522909438903	0.442119395929334
440	0.85225261354019	0.442001802499643
441	0.852214376318585	0.441884475815988
442	0.852176231787252	0.441767414670945
443	0.852138179511007	0.441650617865271
444	0.852100219057686	0.441534084207828
445	0.852062349998121	0.441417812515512
446	0.852024571906111	0.44130180161318
447	0.85198688435839	0.441186050333578
448	0.851949286934611	0.44107055751727
449	0.851911779217307	0.440955322012571
450	0.851874360791875	0.440840342675478
451	0.851837031246544	0.440725618369597
452	0.851799790172353	0.440611147966081
453	0.851762637163121	0.440496930343562
454	0.851725571815429	0.440382964388084
455	0.851688593728589	0.440269248993036
456	0.851651702504621	0.440155783059094
457	0.851614897748232	0.44004256549415
458	0.851578179066788	0.439929595213252
459	0.851541546070292	0.439816871138544
460	0.851504998371362	0.4397043921992
461	0.851468535585204	0.439592157331364
462	0.851432157329593	0.439480165478094
463	0.851395863224851	0.439368415589294
464	0.851359652893817	0.439256906621664
465	0.851323525961836	0.439145637538635
466	0.851287482056729	0.439034607310314
467	0.851251520808772	0.438923814913425
468	0.851215641850679	0.438813259331256
469	0.851179844817578	0.4387029395536
470	0.851144129346988	0.438592854576698
471	0.851108495078802	0.438483003403189
472	0.851072941655265	0.438373385042053
473	0.851037468720952	0.438263998508557
474	0.851002075922752	0.438154842824202
475	0.850966762909843	0.438045917016673
476	0.850931529333677	0.437937220119782
477	0.850896374847956	0.437828751173423
478	0.850861299108618	0.437720509223515
479	0.850826301773813	0.437612493321956
480	0.850791382503887	0.437504702526571
481	0.850756540961365	0.437397135901064
482	0.850721776810926	0.437289792514968
483	0.850687089719392	0.437182671443596
484	0.850652479355707	0.437075771767996
485	0.850617945390917	0.436969092574902
486	0.850583487498156	0.436862632956686
487	0.850549105352628	0.436756392011314
488	0.850514798631585	0.436650368842299
489	0.850480567014318	0.436544562558655
490	0.850446410182132	0.436438972274853
491	0.850412327818334	0.436333597110778
492	0.850378319608215	0.436228436191681
493	0.850344385239034	0.436123488648138
494	0.850310524400002	0.436018753616007
495	0.850276736782264	0.435914230236386
496	0.850243022078885	0.435809917655568
497	0.850209379984833	0.435705815025002
498	0.850175810196965	0.435601921501248
499	0.850142312414011	0.435498236245942
500	0.850108886336556	0.435394758425748
501	0.85007553166703	0.435291487212326
502	0.850042248109688	0.435188421782283
503	0.850009035370598	0.435085561317141
504	0.849975893157625	0.434982905003296
505	0.84994282118042	0.434880452031977
506	0.849909819150398	0.434778201599212
507	0.849876886780732	0.434676152905784
508	0.849844023786334	0.4345743051572
509	0.849811229883843	0.434472657563652
510	0.84977850479161	0.434371209339976
511	0.849745848229685	0.434269959705621
512	0.849713259919803	0.434168907884612
513	0.849680739585372	0.434068053105511
514	0.849648286951458	0.433967394601386
515	0.849615901744773	0.433866931609771
516	0.849583583693659	0.433766663372638
517	0.84955133252808	0.433666589136357
518	0.849519147979608	0.433566708151663
519	0.849487029781405	0.433467019673625
520	0.849454977668219	0.43336752296161
521	0.849422991376364	0.433268217279252
522	0.849391070643713	0.433169101894417
523	0.849359215209682	0.433070176079173
524	0.849327424815221	0.432971439109757
525	0.849295699202802	0.43287289026654
526	0.849264038116403	0.432774528834003
527	0.849232441301501	0.432676354100698
528	0.84920090850506	0.432578365359222
529	0.849169439475516	0.432480561906186
530	0.849138033962769	0.43238294304218
531	0.849106691718171	0.432285508071751
532	0.849075412494514	0.432188256303366
533	0.849044196046019	0.432091187049386
534	0.849013042128327	0.431994299626037
535	0.848981950498486	0.43189759335338
536	0.848950920914941	0.431801067555282
537	0.848919953137523	0.431704721559389
538	0.848889046927439	0.431608554697099
539	0.848858202047262	0.431512566303529
540	0.848827418260919	0.431416755717493
541	0.848796695333685	0.431321122281472
542	0.848766033032165	0.431225665341589
543	0.848735431124292	0.431130384247577
544	0.848704889379313	0.43103527835276
545	0.848674407567779	0.43094034701402
546	0.848643985461539	0.430845589591775
547	0.848613622833723	0.430751005449952
548	0.848583319458741	0.43065659395596
549	0.848553075112268	0.430562354480666
550	0.848522889571235	0.43046828639837
551	0.848492762613822	0.430374389086779
552	0.848462694019447	0.430280661926985
553	0.848432683568757	0.430187104303437
554	0.848402731043621	0.430093715603917
555	0.848372836227116	0.430000495219519
556	0.848342998903524	0.429907442544623
557	0.84831321885832	0.429814556976873
558	0.848283495878164	0.429721837917149
559	0.848253829750892	0.429629284769551
560	0.848224220265507	0.42953689694137
561	0.848194667212173	0.429444673843067
562	0.848165170382201	0.429352614888253
563	0.848135729568048	0.429260719493664
564	0.848106344563305	0.429168987079137
565	0.848077015162685	0.429077417067592
566	0.848047741162024	0.428986008885011
567	0.848018522358263	0.428894761960409
568	0.847989358549448	0.428803675725822
569	0.847960249534717	0.428712749616278
570	0.847931195114296	0.428621983069782
571	0.847902195089486	0.428531375527291
572	0.847873249262661	0.428440926432696
573	0.847844357437259	0.428350635232798
574	0.847815519417769	0.428260501377293
575	0.847786735009731	0.428170524318748
576	0.847758004019727	0.42808070351258
577	0.847729326255367	0.427991038417041
578	0.847700701525291	0.427901528493195
579	0.847672129639156	0.427812173204897
580	0.847643610407631	0.427722972018778
581	0.847615143642388	0.427633924404224
582	0.847586729156097	0.427545029833356
583	0.847558366762419	0.427456287781011
584	0.847530056275996	0.427367697724728
585	0.847501797512448	0.427279259144722
586	0.847473590288366	0.427190971523872
587	0.8474454344213	0.4271028343477
588	0.84741732972976	0.427014847104353
589	0.847389276033204	0.426927009284588
590	0.847361273152032	0.426839320381749
591	0.847333320907583	0.426751779891754
592	0.847305419122123	0.426664387313077
593	0.847277567618843	0.426577142146729
594	0.847249766221853	0.42649004389624
595	0.84722201475617	0.426403092067648
596	0.84719431304772	0.426316286169475
597	0.847166660923325	0.426229625712714
598	0.847139058210699	0.426143110210811
599	0.847111504738444	0.426056739179652
600	0.847084000336041	0.425970512137542
601	0.847056544833847	0.425884428605192
602	0.847029138063085	0.425798488105701
603	0.847001779855842	0.425712690164543
604	0.846974470045061	0.425627034309548
605	0.846947208464537	0.425541520070889
606	0.846919994948908	0.425456146981064
607	0.846892829333655	0.425370914574885
608	0.846865711455088	0.425285822389458
609	0.846838641150349	0.425200869964168
610	0.846811618257402	0.425116056840669
611	0.846784642615027	0.425031382562866
612	0.846757714062817	0.424946846676898
613	0.84673083244117	0.424862448731126
614	0.846703997591286	0.424778188276122
615	0.84667720935516	0.424694064864646
616	0.846650467575579	0.424610078051639
617	0.846623772096113	0.424526227394208
618	0.846597122761113	0.424442512451607
619	0.846570519415704	0.424358932785229
620	0.846543961905783	0.42427548795859
621	0.846517450078008	0.424192177537313
622	0.846490983779799	0.42410900108912
623	0.846464562859332	0.424025958183812
624	0.846438187165529	0.42394304839326
625	0.84641185654806	0.423860271291391
626	0.846385570857332	0.423777626454173
627	0.846359329944491	0.423695113459605
628	0.846333133661411	0.423612731887702
629	0.846306981860691	0.423530481320481
630	0.846280874395651	0.423448361341952
631	0.84625481112033	0.423366371538103
632	0.846228791889475	0.423284511496886
633	0.846202816558542	0.423202780808209
634	0.846176884983689	0.423121179063917
635	0.846150997021773	0.423039705857789
636	0.846125152530343	0.422958360785516
637	0.846099351367638	0.422877143444696
638	0.84607359339258	0.422796053434819
639	0.846047878464773	0.422715090357256
640	0.846022206444497	0.422634253815247
641	0.845996577192702	0.422553543413889
642	0.845970990571008	0.422472958760125
643	0.845945446441694	0.422392499462732
644	0.845919944667702	0.422312165132311
645	0.845894485112626	0.422231955381273
646	0.845869067640712	0.422151869823831
647	0.845843692116852	0.422071908075987
648	0.845818358406581	0.421992069755519
649	0.845793066376071	0.421912354481975
650	0.84576781589213	0.421832761876658
651	0.845742606822195	0.421753291562617
652	0.845717439034329	0.421673943164635
653	0.84569231239722	0.421594716309221
654	0.845667226780173	0.421515610624596
655	0.845642182053107	0.421436625740685
656	0.845617178086553	0.421357761289106
657	0.845592214751649	0.421279016903158
658	0.845567291920136	0.421200392217814
659	0.845542409464356	0.421121886869709
660	0.845517567257245	0.421043500497129
661	0.845492765172332	0.420965232740002
662	0.845468003083735	0.420887083239891
663	0.845443280866157	0.420809051639977
664	0.845418598394881	0.420731137585056
665	0.84539395554577	0.420653340721526
666	0.845369352195259	0.42057566069738
667	0.845344788220356	0.420498097162192
668	0.845320263498634	0.420420649767112
669	0.845295777908232	0.420343318164853
670	0.845271331327847	0.420266102009684
671	0.845246923636735	0.420189000957423
672	0.845222554714704	0.42011201466542
673	0.845198224442114	0.420035142792555
674	0.845173932699871	0.419958384999229
675	0.845149679369423	0.419881740947349
676	0.84512546433276	0.419805210300324
677	0.84510128747241	0.419728792723056
678	0.845077148671432	0.419652487881928
679	0.845053047813418	0.4195762954448
680	0.845028984782486	0.419500215080996
681	0.845004959463279	0.419424246461296
682	0.844980971740961	0.419348389257931
683	0.844957021501212	0.419272643144571
684	0.844933108630232	0.419197007796316
685	0.844909233014726	0.419121482889692
686	0.844885394541914	0.419046068102639
687	0.844861593099517	0.418970763114501
688	0.844837828575762	0.418895567606025
689	0.844814100859373	0.418820481259346
690	0.844790409839575	0.41874550375798
691	0.844766755406081	0.41867063478682
692	0.844743137449101	0.418595874032125
693	0.844719555859328	0.41852122118151
694	0.844696010527944	0.418446675923943
695	0.844672501346611	0.418372237949735
696	0.844649028207472	0.418297906950531
697	0.844625591003145	0.418223682619304
698	0.844602189626724	0.418149564650347
699	0.844578823971772	0.418075552739265
700	0.844555493932322	0.418001646582968
701	0.844532199402872	0.417927845879664
702	0.844508940278383	0.417854150328849
703	0.844485716454278	0.417780559631305
704	0.844462527826433	0.417707073489086
705	0.844439374291185	0.417633691605516
706	0.844416255745319	0.41756041368518
707	0.844393172086071	0.417487239433916
708	0.844370123211124	0.417414168558809
709	0.844347109018605	0.417341200768184
710	0.844324129407086	0.417268335771598
711	0.844301184275574	0.417195573279835
712	0.844278273523517	0.417122913004896
713	0.844255397050793	0.417050354659997
714	0.844232554757717	0.416977897959555
715	0.844209746545029	0.416905542619189
716	0.844186972313899	0.416833288355709
717	0.844164231965921	0.416761134887109
718	0.84414152540311	0.416689081932564
719	0.844118852527902	0.416617129212418
720	0.84409621324315	0.416545276448182
721	0.844073607452121	0.416473523362526
722	0.844051035058497	0.416401869679272
723	0.844028495966369	0.41633031512339
724	0.844005990080236	0.416258859420988
725	0.843983517305002	0.416187502299307
726	0.843961077545977	0.416116243486718
727	0.843938670708869	0.416045082712711
728	0.843916296699788	0.415974019707892
729	0.843893955425239	0.415903054203975
730	0.843871646792121	0.415832185933777
731	0.843849370707727	0.415761414631213
732	0.843827127079739	0.415690740031286
733	0.843804915816227	0.415620161870088
734	0.843782736825646	0.415549679884785
735	0.843760590016838	0.41547929381362
736	0.843738475299022	0.4154090033959
737	0.8437163925818	0.415338808371997
738	0.843694341775148	0.415268708483336
739	0.843672322789421	0.415198703472391
740	0.843650335535344	0.415128793082684
741	0.843628379924015	0.415058977058771
742	0.8436064558669	0.414989255146245
743	0.843584563275833	0.414919627091725
744	0.843562702063011	0.414850092642851
745	0.843540872140996	0.41478065154828
746	0.843519073422711	0.414711303557681
747	0.843497305821437	0.414642048421726
748	0.843475569250812	0.414572885892091
749	0.843453863624831	0.414503815721443
750	0.84343218885784	0.414434837663441
751	0.843410544864538	0.414365951472727
752	0.843388931559971	0.414297156904923
753	0.843367348859536	0.414228453716625
754	0.843345796678972	0.414159841665395
755	0.843324274934365	0.414091320509762
756	0.84330278354214	0.414022890009211
757	0.843281322419064	0.413954549924183
758	0.843259891482242	0.413886300016063
759	0.843238490649114	0.413818140047184
760	0.843217119837456	0.413750069780815
761	0.843195778965376	0.413682088981158
762	0.843174467951314	0.413614197413344
763	0.843153186714038	0.41354639484343
764	0.843131935172644	0.413478681038387
765	0.843110713246555	0.413411055766104
766	0.843089520855514	0.413343518795378
767	0.843068357919592	0.413276069895911
768	0.843047224359176	0.413208708838303
769	0.843026120094974	0.413141435394051
770	0.843005045048011	0.413074249335542
771	0.842983999139625	0.413007150436049
772	0.842962982291472	0.412940138469725
773	0.842941994425518	0.4128732132116
774	0.842921035464039	0.412806374437579
775	0.84290010532962	0.412739621924431
776	0.842879203945154	0.412672955449789
777	0.842858331233839	0.412606374792146
778	0.842837487119179	0.412539879730849
779	0.842816671524977	0.412473470046093
780	0.842795884375339	0.412407145518922
781	0.84277512559467	0.412340905931218
782	0.842754395107674	0.412274751065702
783	0.842733692839348	0.412208680705926
784	0.842713018714986	0.412142694636273
785	0.842692372660175	0.412076792641946
786	0.842671754600793	0.412010974508973
787	0.842651164463008	0.411945240024194
788	0.842630602173276	0.411879588975262
789	0.842610067658343	0.411814021150637
790	0.842589560845236	0.411748536339585
791	0.84256908166127	0.411683134332168
792	0.84254863003404	0.411617814919244
793	0.842528205891425	0.411552577892465
794	0.842507809161581	0.411487423044268
795	0.842487439772943	0.411422350167873
796	0.842467097654224	0.411357359057282
797	0.842446782734412	0.411292449507269
798	0.842426494942767	0.411227621313383
799	0.842406234208826	0.411162874271939
800	0.842386000462393	0.411098208180017
801	0.842365793633544	0.411033622835456
802	0.842345613652623	0.410969118036852
803	0.842325460450242	0.410904693583553
804	0.842305333957277	0.410840349275658
805	0.84228523410487	0.410776084914007
806	0.842265160824425	0.410711900300186
807	0.842245114047608	0.410647795236516
808	0.842225093706347	0.410583769526053
809	0.842205099732828	0.410519822972582
810	0.842185132059493	0.410455955380617
811	0.842165190619044	0.410392166555395
812	0.842145275344435	0.410328456302871
813	0.842125386168877	0.410264824429718
814	0.842105523025831	0.41020127074332
815	0.84208568584901	0.410137795051771
816	0.842065874572379	0.410074397163872
817	0.84204608913015	0.410011076889124
818	0.842026329456784	0.409947834037727
819	0.842006595486986	0.409884668420578
820	0.84198688715571	0.409821579849265
821	0.84196720439815	0.409758568136065
822	0.841947547149746	0.409695633093938
823	0.841927915346177	0.40963277453653
824	0.841908308923365	0.409569992278162
825	0.841888727817469	0.409507286133833
826	0.841869171964886	0.409444655919212
827	0.841849641302253	0.409382101450637
828	0.841830135766438	0.409319622545113
829	0.841810655294546	0.409257219020306
830	0.841791199823916	0.409194890694542
831	0.841771769292119	0.409132637386803
832	0.841752363636955	0.409070458916722
833	0.841732982796455	0.409008355104585
834	0.841713626708881	0.408946325771322
835	0.841694295312719	0.408884370738507
836	0.841674988546684	0.408822489828354
837	0.841655706349716	0.408760682863717
838	0.841636448660979	0.40869894966808
839	0.841617215419861	0.408637290065563
840	0.841598006565972	0.408575703880909
841	0.841578822039141	0.408514190939491
842	0.841559661779421	0.408452751067303
843	0.84154052572708	0.408391384090955
844	0.841521413822607	0.408330089837679
845	0.841502326006707	0.408268868135316
846	0.841483262220299	0.408207718812321
847	0.841464222404519	0.408146641697753
848	0.841445206500716	0.408085636621279
849	0.841426214450452	0.408024703413166
850	0.8414072461955	0.407963841904282
851	0.841388301677844	0.40790305192609
852	0.841369380839677	0.407842333310647
853	0.841350483623403	0.4077816858906
854	0.841331609971631	0.407721109499185
855	0.841312759827179	0.407660603970224
856	0.841293933133067	0.407600169138119
857	0.841275129832525	0.407539804837854
858	0.841256349868983	0.407479510904989
859	0.841237593186073	0.407419287175658
860	0.841218859727633	0.407359133486569
861	0.841200149437698	0.407299049674996
862	0.841181462260505	0.407239035578782
863	0.841162798140488	0.407179091036332
864	0.841144157022281	0.407119215886614
865	0.841125538850715	0.407059409969152
866	0.841106943570815	0.406999673124028
867	0.841088371127804	0.406940005191878
868	0.841069821467098	0.406880406013886
869	0.841051294534306	0.406820875431788
870	0.841032790275229	0.406761413287864
871	0.841014308635862	0.406702019424936
872	0.840995849562389	0.40664269368637
873	0.840977413001183	0.406583435916067
874	0.840958998898808	0.406524245958466
875	0.840940607202015	0.40646512365854
876	0.840922237857741	0.406406068861791
877	0.840903890813112	0.406347081414251
878	0.840885566015436	0.406288161162477
879	0.840867263412209	0.406229307953551
880	0.840848982951109	0.406170521635077
881	0.840830724579996	0.406111802055175
882	0.840812488246913	0.406053149062486
883	0.840794273900085	0.405994562506161
884	0.840776081487916	0.405936042235865
885	0.84075791095899	0.405877588101774
886	0.84073976226207	0.40581919995457
887	0.840721635346096	0.40576087764544
888	0.840703530160185	0.405702621026073
889	0.840685446653632	0.405644429948661
890	0.840667384775906	0.405586304265893
891	0.84064934447665	0.405528243830953
892	0.840631325705682	0.405470248497521
893	0.840613328412993	0.405412318119766
894	0.840595352548745	0.40535445255235
895	0.840577398063272	0.405296651650418
896	0.84055946490708	0.405238915269605
897	0.840541553030844	0.405181243266024
898	0.840523662385406	0.405123635496272
899	0.840505792921781	0.405066091817424
900	0.840487944591146	0.40500861208703
901	0.84047011734485	0.404951196163116
902	0.840452311134404	0.404893843904181
903	0.840434525911487	0.404836555169191
904	0.840416761627941	0.404779329817584
905	0.840399018235773	0.40472216770926
906	0.840381295687153	0.404665068704588
907	0.840363593934411	0.404608032664393
908	0.840345912930043	0.404551059449965
909	0.840328252626701	0.404494148923049
910	0.840310612977201	0.404437300945848
911	0.840292993934517	0.404380515381015
912	0.840275395451781	0.40432379209166
913	0.840257817482284	0.404267130941339
914	0.840240259979474	0.404210531794057
915	0.840222722896957	0.404153994514266
916	0.840205206188493	0.404097518966861
917	0.840187709807998	0.404041105017179
918	0.840170233709542	0.403984752530997
919	0.840152777847349	0.403928461374532
920	0.840135342175798	0.403872231414435
921	0.840117926649418	0.403816062517792
922	0.840100531222891	0.403759954552123
923	0.84008315585105	0.403703907385377
924	0.840065800488879	0.403647920885933
925	0.840048465091511	0.403591994922596
926	0.840031149614228	0.403536129364596
927	0.840013854012462	0.403480324081588
928	0.83999657824179	0.403424578943647
929	0.83997932225794	0.403368893821266
930	0.839962086016784	0.40331326858536
931	0.83994486947434	0.403257703107257
932	0.839927672586773	0.403202197258699
933	0.839910495310389	0.403146750911843
934	0.839893337601643	0.403091363939254
935	0.83987619941713	0.403036036213908
936	0.839859080713588	0.402980767609186
937	0.839841981447898	0.402925557998877
938	0.839824901577082	0.402870407257172
939	0.839807841058304	0.402815315258664
940	0.839790799848866	0.402760281878348
941	0.839773777906213	0.402705306991615
942	0.839756775187925	0.402650390474255
943	0.839739791651724	0.402595532202453
944	0.839722827255467	0.402540732052786
945	0.839705881957152	0.402485989902225
946	0.83968895571491	0.402431305628129
947	0.83967204848701	0.402376679108248
948	0.839655160231856	0.402322110220717
949	0.839638290907986	0.402267598844057
950	0.839621440474075	0.402213144857172
951	0.83960460888893	0.40215874813935
952	0.839587796111489	0.402104408570258
953	0.839571002100828	0.402050126029941
954	0.83955422681615	0.401995900398823
955	0.839537470216792	0.401941731557704
956	0.839520732262221	0.401887619387755
957	0.839504012912036	0.401833563770523
958	0.839487312125963	0.401779564587925
959	0.83947062986386	0.401725621722247
960	0.839453966085713	0.401671735056142
961	0.839437320751635	0.401617904472632
962	0.839420693821867	0.401564129855101
963	0.839404085256779	0.401510411087298
964	0.839387495016864	0.401456748053334
965	0.839370923062745	0.40140314063768
966	0.839354369355167	0.401349588725165
967	0.839337833855003	0.401296092200977
968	0.839321316523248	0.401242650950657
969	0.839304817321021	0.401189264860104
970	0.839288336209567	0.401135933815568
971	0.839271873150251	0.401082657703651
972	0.839255428104562	0.401029436411304
973	0.839239001034109	0.400976269825828
974	0.839222591900625	0.400923157834871
975	0.839206200665962	0.400870100326425
976	0.839189827292092	0.400817097188829
977	0.839173471741108	0.400764148310764
978	0.839157133975222	0.400711253581251
979	0.839140813956765	0.400658412889652
980	0.839124511648185	0.40060562612567
981	0.839108227012049	0.400552893179341
982	0.839091960011041	0.400500213941042
983	0.839075710607963	0.40044758830148
984	0.839059478765731	0.400395016151697
985	0.839043264447378	0.400342497383069
986	0.839027067616054	0.400290031887299
987	0.839010888235021	0.400237619556423
988	0.838994726267659	0.4001852602828
989	0.838978581677457	0.400132953959121
990	0.838962454428023	0.400080700478398
991	0.838946344483075	0.400028499733969
992	0.838930251806443	0.399976351619494
993	0.83891417636207	0.399924256028955
994	0.838898118114012	0.399872212856653
995	0.838882077026435	0.399820221997208
996	0.838866053063615	0.399768283345559
997	0.83885004618994	0.399716396796959
998	0.838834056369905	0.399664562246976
999	0.838818083568118	0.399612779591494
1000	0.838802127749294	0.399561048726707
1001	0.838786188878256	0.39950936954912
