0	-0.126963917987052
0.00100066711140761	-0.126963917987052
0.00200133422281521	-0.126963917987052
0.00300200133422282	-0.126963917987052
0.00400266844563042	-0.126963917987052
0.00500333555703803	-0.126963917987052
0.00600400266844563	-0.126963917987051
0.00700466977985324	-0.126963917987051
0.00800533689126084	-0.126963917987051
0.00900600400266845	-0.126963917987051
0.0100066711140761	-0.126963917987051
0.0110073382254837	-0.126963917987051
0.0120080053368913	-0.126963917987051
0.0130086724482989	-0.126963917987051
0.0140093395597065	-0.126963917987051
0.0150100066711141	-0.126963917987051
0.0160106737825217	-0.126963917987051
0.0170113408939293	-0.126963917987051
0.0180120080053369	-0.126963917987051
0.0190126751167445	-0.126963917987051
0.0200133422281521	-0.126963917987051
0.0210140093395597	-0.126963917987051
0.0220146764509673	-0.126963917987051
0.0230153435623749	-0.126963917987051
0.0240160106737825	-0.126963917987051
0.0250166777851901	-0.126963917987051
0.0260173448965977	-0.126963917987051
0.0270180120080053	-0.126963917987051
0.0280186791194129	-0.126963917987051
0.0290193462308205	-0.126963917987051
0.0300200133422282	-0.126963917987051
0.0310206804536358	-0.126963917987051
0.0320213475650434	-0.126963917987051
0.033022014676451	-0.126963917987051
0.0340226817878586	-0.126963917987051
0.0350233488992662	-0.126963917987051
0.0360240160106738	-0.126963917987051
0.0370246831220814	-0.126963917987051
0.038025350233489	-0.12696391798705
0.0390260173448966	-0.12696391798705
0.0400266844563042	-0.12696391798705
0.0410273515677118	-0.12696391798705
0.0420280186791194	-0.12696391798705
0.043028685790527	-0.12696391798705
0.0440293529019346	-0.12696391798705
0.0450300200133422	-0.12696391798705
0.0460306871247498	-0.12696391798705
0.0470313542361574	-0.12696391798705
0.048032021347565	-0.12696391798705
0.0490326884589726	-0.12696391798705
0.0500333555703803	-0.12696391798705
0.0510340226817879	-0.12696391798705
0.0520346897931955	-0.126963917987049
0.0530353569046031	-0.126963917987049
0.0540360240160107	-0.126963917987049
0.0550366911274183	-0.126963917987049
0.0560373582388259	-0.126963917987049
0.0570380253502335	-0.126963917987049
0.0580386924616411	-0.126963917987049
0.0590393595730487	-0.126963917987049
0.0600400266844563	-0.126963917987049
0.0610406937958639	-0.126963917987048
0.0620413609072715	-0.126963917987048
0.0630420280186791	-0.126963917987048
0.0640426951300867	-0.126963917987048
0.0650433622414943	-0.126963917987048
0.0660440293529019	-0.126963917987048
0.0670446964643095	-0.126963917987048
0.0680453635757171	-0.126963917987047
0.0690460306871248	-0.126963917987047
0.0700466977985324	-0.126963917987047
0.07104736490994	-0.126963917987047
0.0720480320213476	-0.126963917987047
0.0730486991327552	-0.126963917987046
0.0740493662441628	-0.126963917987046
0.0750500333555704	-0.126963917987046
0.076050700466978	-0.126963917987046
0.0770513675783856	-0.126963917987046
0.0780520346897932	-0.126963917987045
0.0790527018012008	-0.126963917987045
0.0800533689126084	-0.126963917987045
0.081054036024016	-0.126963917987044
0.0820547031354236	-0.126963917987044
0.0830553702468312	-0.126963917987044
0.0840560373582388	-0.126963917987044
0.0850567044696464	-0.126963917987043
0.086057371581054	-0.126963917987043
0.0870580386924616	-0.126963917987043
0.0880587058038692	-0.126963917987042
0.0890593729152769	-0.126963917987042
0.0900600400266845	-0.126963917987041
0.0910607071380921	-0.126963917987041
0.0920613742494997	-0.126963917987041
0.0930620413609073	-0.12696391798704
0.0940627084723149	-0.12696391798704
0.0950633755837225	-0.126963917987039
0.0960640426951301	-0.126963917987039
0.0970647098065377	-0.126963917987038
0.0980653769179453	-0.126963917987038
0.0990660440293529	-0.126963917987037
0.100066711140761	-0.126963917987036
0.101067378252168	-0.126963917987036
0.102068045363576	-0.126963917987035
0.103068712474983	-0.126963917987034
0.104069379586391	-0.126963917987034
0.105070046697799	-0.126963917987033
0.106070713809206	-0.126963917987032
0.107071380920614	-0.126963917987032
0.108072048032021	-0.126963917987031
0.109072715143429	-0.12696391798703
0.110073382254837	-0.126963917987029
0.111074049366244	-0.126963917987028
0.112074716477652	-0.126963917987027
0.113075383589059	-0.126963917987026
0.114076050700467	-0.126963917987025
0.115076717811875	-0.126963917987024
0.116077384923282	-0.126963917987023
0.11707805203469	-0.126963917987022
0.118078719146097	-0.126963917987021
0.119079386257505	-0.12696391798702
0.120080053368913	-0.126963917987018
0.12108072048032	-0.126963917987017
0.122081387591728	-0.126963917987016
0.123082054703135	-0.126963917987014
0.124082721814543	-0.126963917987013
0.125083388925951	-0.126963917987011
0.126084056037358	-0.12696391798701
0.127084723148766	-0.126963917987008
0.128085390260173	-0.126963917987006
0.129086057371581	-0.126963917987004
0.130086724482989	-0.126963917987002
0.131087391594396	-0.126963917987001
0.132088058705804	-0.126963917986998
0.133088725817211	-0.126963917986996
0.134089392928619	-0.126963917986994
0.135090060040027	-0.126963917986992
0.136090727151434	-0.12696391798699
0.137091394262842	-0.126963917986987
0.13809206137425	-0.126963917986985
0.139092728485657	-0.126963917986982
0.140093395597065	-0.126963917986979
0.141094062708472	-0.126963917986976
0.14209472981988	-0.126963917986973
0.143095396931288	-0.12696391798697
0.144096064042695	-0.126963917986967
0.145096731154103	-0.126963917986964
0.14609739826551	-0.12696391798696
0.147098065376918	-0.126963917986956
0.148098732488326	-0.126963917986953
0.149099399599733	-0.126963917986949
0.150100066711141	-0.126963917986945
0.151100733822548	-0.12696391798694
0.152101400933956	-0.126963917986936
0.153102068045364	-0.126963917986932
0.154102735156771	-0.126963917986927
0.155103402268179	-0.126963917986922
0.156104069379586	-0.126963917986917
0.157104736490994	-0.126963917986911
0.158105403602402	-0.126963917986906
0.159106070713809	-0.1269639179869
0.160106737825217	-0.126963917986894
0.161107404936624	-0.126963917986888
0.162108072048032	-0.126963917986881
0.16310873915944	-0.126963917986875
0.164109406270847	-0.126963917986868
0.165110073382255	-0.12696391798686
0.166110740493662	-0.126963917986853
0.16711140760507	-0.126963917986845
0.168112074716478	-0.126963917986837
0.169112741827885	-0.126963917986828
0.170113408939293	-0.126963917986819
0.1711140760507	-0.12696391798681
0.172114743162108	-0.126963917986801
0.173115410273516	-0.126963917986791
0.174116077384923	-0.126963917986781
0.175116744496331	-0.12696391798677
0.176117411607738	-0.126963917986759
0.177118078719146	-0.126963917986747
0.178118745830554	-0.126963917986735
0.179119412941961	-0.126963917986723
0.180120080053369	-0.12696391798671
0.181120747164777	-0.126963917986696
0.182121414276184	-0.126963917986682
0.183122081387592	-0.126963917986668
0.184122748498999	-0.126963917986652
0.185123415610407	-0.126963917986637
0.186124082721815	-0.12696391798662
0.187124749833222	-0.126963917986603
0.18812541694463	-0.126963917986586
0.189126084056037	-0.126963917986567
0.190126751167445	-0.126963917986548
0.191127418278853	-0.126963917986528
0.19212808539026	-0.126963917986507
0.193128752501668	-0.126963917986486
0.194129419613075	-0.126963917986464
0.195130086724483	-0.12696391798644
0.196130753835891	-0.126963917986416
0.197131420947298	-0.126963917986391
0.198132088058706	-0.126963917986365
0.199132755170113	-0.126963917986338
0.200133422281521	-0.12696391798631
0.201134089392929	-0.126963917986281
0.202134756504336	-0.12696391798625
0.203135423615744	-0.126963917986219
0.204136090727151	-0.126963917986186
0.205136757838559	-0.126963917986152
0.206137424949967	-0.126963917986116
0.207138092061374	-0.126963917986079
0.208138759172782	-0.126963917986041
0.209139426284189	-0.126963917986001
0.210140093395597	-0.126963917985959
0.211140760507005	-0.126963917985916
0.212141427618412	-0.126963917985872
0.21314209472982	-0.126963917985825
0.214142761841227	-0.126963917985777
0.215143428952635	-0.126963917985726
0.216144096064043	-0.126963917985674
0.21714476317545	-0.12696391798562
0.218145430286858	-0.126963917985563
0.219146097398266	-0.126963917985504
0.220146764509673	-0.126963917985443
0.221147431621081	-0.12696391798538
0.222148098732488	-0.126963917985314
0.223148765843896	-0.126963917985245
0.224149432955304	-0.126963917985174
0.225150100066711	-0.1269639179851
0.226150767178119	-0.126963917985023
0.227151434289526	-0.126963917984943
0.228152101400934	-0.12696391798486
0.229152768512342	-0.126963917984773
0.230153435623749	-0.126963917984683
0.231154102735157	-0.12696391798459
0.232154769846564	-0.126963917984493
0.233155436957972	-0.126963917984392
0.23415610406938	-0.126963917984287
0.235156771180787	-0.126963917984178
0.236157438292195	-0.126963917984064
0.237158105403602	-0.126963917983946
0.23815877251501	-0.126963917983824
0.239159439626418	-0.126963917983697
0.240160106737825	-0.126963917983564
0.241160773849233	-0.126963917983427
0.24216144096064	-0.126963917983284
0.243162108072048	-0.126963917983135
0.244162775183456	-0.12696391798298
0.245163442294863	-0.12696391798282
0.246164109406271	-0.126963917982653
0.247164776517678	-0.126963917982479
0.248165443629086	-0.126963917982299
0.249166110740494	-0.126963917982111
0.250166777851901	-0.126963917981917
0.251167444963309	-0.126963917981714
0.252168112074716	-0.126963917981503
0.253168779186124	-0.126963917981284
0.254169446297532	-0.126963917981057
0.255170113408939	-0.12696391798082
0.256170780520347	-0.126963917980574
0.257171447631754	-0.126963917980319
0.258172114743162	-0.126963917980053
0.25917278185457	-0.126963917979777
0.260173448965977	-0.12696391797949
0.261174116077385	-0.126963917979192
0.262174783188793	-0.126963917978882
0.2631754503002	-0.126963917978559
0.264176117411608	-0.126963917978224
0.265176784523015	-0.126963917977876
0.266177451634423	-0.126963917977514
0.267178118745831	-0.126963917977138
0.268178785857238	-0.126963917976747
0.269179452968646	-0.12696391797634
0.270180120080053	-0.126963917975918
0.271180787191461	-0.126963917975478
0.272181454302869	-0.126963917975022
0.273182121414276	-0.126963917974547
0.274182788525684	-0.126963917974054
0.275183455637091	-0.126963917973541
0.276184122748499	-0.126963917973008
0.277184789859907	-0.126963917972454
0.278185456971314	-0.126963917971878
0.279186124082722	-0.126963917971279
0.280186791194129	-0.126963917970657
0.281187458305537	-0.12696391797001
0.282188125416945	-0.126963917969338
0.283188792528352	-0.126963917968639
0.28418945963976	-0.126963917967913
0.285190126751167	-0.126963917967158
0.286190793862575	-0.126963917966373
0.287191460973983	-0.126963917965557
0.28819212808539	-0.126963917964709
0.289192795196798	-0.126963917963828
0.290193462308205	-0.126963917962911
0.291194129419613	-0.126963917961959
0.292194796531021	-0.126963917960969
0.293195463642428	-0.12696391795994
0.294196130753836	-0.12696391795887
0.295196797865243	-0.126963917957758
0.296197464976651	-0.126963917956603
0.297198132088059	-0.126963917955402
0.298198799199466	-0.126963917954153
0.299199466310874	-0.126963917952855
0.300200133422282	-0.126963917951506
0.301200800533689	-0.126963917950103
0.302201467645097	-0.126963917948646
0.303202134756504	-0.126963917947131
0.304202801867912	-0.126963917945556
0.30520346897932	-0.126963917943919
0.306204136090727	-0.126963917942217
0.307204803202135	-0.126963917940448
0.308205470313542	-0.126963917938609
0.30920613742495	-0.126963917936698
0.310206804536358	-0.126963917934712
0.311207471647765	-0.126963917932647
0.312208138759173	-0.1269639179305
0.31320880587058	-0.126963917928269
0.314209472981988	-0.12696391792595
0.315210140093396	-0.12696391792354
0.316210807204803	-0.126963917921034
0.317211474316211	-0.12696391791843
0.318212141427618	-0.126963917915722
0.319212808539026	-0.126963917912908
0.320213475650434	-0.126963917909983
0.321214142761841	-0.126963917906943
0.322214809873249	-0.126963917903782
0.323215476984656	-0.126963917900497
0.324216144096064	-0.126963917897082
0.325216811207472	-0.126963917893533
0.326217478318879	-0.126963917889843
0.327218145430287	-0.126963917886008
0.328218812541694	-0.126963917882022
0.329219479653102	-0.126963917877878
0.33022014676451	-0.126963917873571
0.331220813875917	-0.126963917869094
0.332221480987325	-0.126963917864441
0.333222148098732	-0.126963917859603
0.33422281521014	-0.126963917854575
0.335223482321548	-0.126963917849349
0.336224149432955	-0.126963917843916
0.337224816544363	-0.126963917838269
0.33822548365577	-0.1269639178324
0.339226150767178	-0.126963917826298
0.340226817878586	-0.126963917819956
0.341227484989993	-0.126963917813364
0.342228152101401	-0.126963917806512
0.343228819212809	-0.126963917799389
0.344229486324216	-0.126963917791986
0.345230153435624	-0.12696391778429
0.346230820547031	-0.12696391777629
0.347231487658439	-0.126963917767976
0.348232154769847	-0.126963917759333
0.349232821881254	-0.126963917750349
0.350233488992662	-0.12696391774101
0.351234156104069	-0.126963917731304
0.352234823215477	-0.126963917721214
0.353235490326885	-0.126963917710726
0.354236157438292	-0.126963917699825
0.3552368245497	-0.126963917688493
0.356237491661107	-0.126963917676714
0.357238158772515	-0.126963917664471
0.358238825883923	-0.126963917651744
0.35923949299533	-0.126963917638516
0.360240160106738	-0.126963917624766
0.361240827218145	-0.126963917610473
0.362241494329553	-0.126963917595616
0.363242161440961	-0.126963917580173
0.364242828552368	-0.126963917564121
0.365243495663776	-0.126963917547436
0.366244162775183	-0.126963917530092
0.367244829886591	-0.126963917512064
0.368245496997999	-0.126963917493325
0.369246164109406	-0.126963917473847
0.370246831220814	-0.1269639174536
0.371247498332221	-0.126963917432554
0.372248165443629	-0.126963917410678
0.373248832555037	-0.126963917387939
0.374249499666444	-0.126963917364303
0.375250166777852	-0.126963917339735
0.37625083388926	-0.126963917314197
0.377251501000667	-0.126963917287652
0.378252168112075	-0.126963917260059
0.379252835223482	-0.126963917231378
0.38025350233489	-0.126963917201565
0.381254169446298	-0.126963917170577
0.382254836557705	-0.126963917138365
0.383255503669113	-0.126963917104883
0.38425617078052	-0.12696391707008
0.385256837891928	-0.126963917033904
0.386257505003336	-0.1269639169963
0.387258172114743	-0.126963916957213
0.388258839226151	-0.126963916916584
0.389259506337558	-0.126963916874353
0.390260173448966	-0.126963916830455
0.391260840560374	-0.126963916784825
0.392261507671781	-0.126963916737395
0.393262174783189	-0.126963916688094
0.394262841894596	-0.126963916636847
0.395263509006004	-0.12696391658358
0.396264176117412	-0.12696391652821
0.397264843228819	-0.126963916470656
0.398265510340227	-0.126963916410832
0.399266177451634	-0.126963916348647
0.400266844563042	-0.126963916284009
0.40126751167445	-0.126963916216821
0.402268178785857	-0.126963916146982
0.403268845897265	-0.126963916074388
0.404269513008672	-0.12696391599893
0.40527018012008	-0.126963915920495
0.406270847231488	-0.126963915838966
0.407271514342895	-0.12696391575422
0.408272181454303	-0.126963915666131
0.409272848565711	-0.126963915574567
0.410273515677118	-0.12696391547939
0.411274182788526	-0.126963915380458
0.412274849899933	-0.126963915277623
0.413275517011341	-0.126963915170732
0.414276184122749	-0.126963915059623
0.415276851234156	-0.126963914944131
0.416277518345564	-0.126963914824082
0.417278185456971	-0.126963914699297
0.418278852568379	-0.12696391456959
0.419279519679787	-0.126963914434765
0.420280186791194	-0.126963914294621
0.421280853902602	-0.126963914148948
0.422281521014009	-0.126963913997528
0.423282188125417	-0.126963913840134
0.424282855236825	-0.126963913676531
0.425283522348232	-0.126963913506473
0.42628418945964	-0.126963913329706
0.427284856571047	-0.126963913145966
0.428285523682455	-0.126963912954976
0.429286190793863	-0.126963912756452
0.43028685790527	-0.126963912550096
0.431287525016678	-0.126963912335598
0.432288192128085	-0.126963912112638
0.433288859239493	-0.126963911880882
0.434289526350901	-0.126963911639983
0.435290193462308	-0.12696391138958
0.436290860573716	-0.126963911129298
0.437291527685123	-0.126963910858747
0.438292194796531	-0.126963910577523
0.439292861907939	-0.126963910285204
0.440293529019346	-0.126963909981353
0.441294196130754	-0.126963909665514
0.442294863242161	-0.126963909337214
0.443295530353569	-0.126963908995963
0.444296197464977	-0.126963908641249
0.445296864576384	-0.12696390827254
0.446297531687792	-0.126963907889285
0.447298198799199	-0.126963907490911
0.448298865910607	-0.126963907076819
0.449299533022015	-0.126963906646391
0.450300200133422	-0.126963906198982
0.45130086724483	-0.126963905733922
0.452301534356237	-0.126963905250514
0.453302201467645	-0.126963904748036
0.454302868579053	-0.126963904225733
0.45530353569046	-0.126963903682825
0.456304202801868	-0.126963903118498
0.457304869913276	-0.126963902531907
0.458305537024683	-0.126963901922174
0.459306204136091	-0.126963901288386
0.460306871247498	-0.126963900629594
0.461307538358906	-0.126963899944812
0.462308205470314	-0.126963899233014
0.463308872581721	-0.126963898493134
0.464309539693129	-0.126963897724064
0.465310206804536	-0.126963896924653
0.466310873915944	-0.126963896093705
0.467311541027352	-0.126963895229973
0.468312208138759	-0.126963894332166
0.469312875250167	-0.126963893398939
0.470313542361574	-0.126963892428895
0.471314209472982	-0.12696389142058
0.47231487658439	-0.126963890372486
0.473315543695797	-0.126963889283043
0.474316210807205	-0.126963888150619
0.475316877918612	-0.126963886973519
0.47631754503002	-0.12696388574998
0.477318212141428	-0.12696388447817
0.478318879252835	-0.126963883156186
0.479319546364243	-0.126963881782047
0.48032021347565	-0.126963880353695
0.481320880587058	-0.126963878868993
0.482321547698466	-0.126963877325716
0.483322214809873	-0.126963875721555
0.484322881921281	-0.126963874054106
0.485323549032688	-0.126963872320874
0.486324216144096	-0.126963870519262
0.487324883255504	-0.126963868646574
0.488325550366911	-0.126963866700005
0.489326217478319	-0.12696386467664
0.490326884589727	-0.12696386257345
0.491327551701134	-0.126963860387286
0.492328218812542	-0.126963858114873
0.493328885923949	-0.12696385575281
0.494329553035357	-0.126963853297559
0.495330220146765	-0.126963850745444
0.496330887258172	-0.126963848092644
0.49733155436958	-0.126963845335186
0.498332221480987	-0.126963842468941
0.499332888592395	-0.126963839489618
0.500333555703803	-0.126963836392756
0.50133422281521	-0.126963833173717
0.502334889926618	-0.126963829827681
0.503335557038025	-0.126963826349638
0.504336224149433	-0.12696382273438
0.505336891260841	-0.126963818976493
0.506337558372248	-0.126963815070352
0.507338225483656	-0.126963811010106
0.508338892595063	-0.126963806789676
0.509339559706471	-0.126963802402743
0.510340226817879	-0.126963797842738
0.511340893929286	-0.126963793102832
0.512341561040694	-0.126963788175929
0.513342228152101	-0.126963783054651
0.514342895263509	-0.126963777731329
0.515343562374917	-0.126963772197993
0.516344229486324	-0.126963766446357
0.517344896597732	-0.126963760467808
0.518345563709139	-0.126963754253396
0.519346230820547	-0.126963747793814
0.520346897931955	-0.12696374107939
0.521347565043362	-0.12696373410007
0.52234823215477	-0.126963726845403
0.523348899266177	-0.126963719304527
0.524349566377585	-0.12696371146615
0.525350233488993	-0.126963703318536
0.5263509006004	-0.126963694849483
0.527351567711808	-0.126963686046312
0.528352234823215	-0.126963676895839
0.529352901934623	-0.126963667384365
0.530353569046031	-0.126963657497646
0.531354236157438	-0.126963647220878
0.532354903268846	-0.126963636538674
0.533355570380253	-0.126963625435038
0.534356237491661	-0.126963613893344
0.535356904603069	-0.12696360189631
0.536357571714476	-0.126963589425971
0.537358238825884	-0.126963576463656
0.538358905937292	-0.126963562989954
0.539359573048699	-0.126963548984691
0.540360240160107	-0.126963534426896
0.541360907271514	-0.126963519294769
0.542361574382922	-0.126963503565654
0.54336224149433	-0.126963487215997
0.544362908605737	-0.126963470221318
0.545363575717145	-0.126963452556168
0.546364242828552	-0.126963434194097
0.54736490993996	-0.12696341510761
0.548365577051368	-0.126963395268127
0.549366244162775	-0.126963374645941
0.550366911274183	-0.126963353210174
0.55136757838559	-0.126963330928727
0.552368245496998	-0.126963307768239
0.553368912608406	-0.126963283694028
0.554369579719813	-0.126963258670047
0.555370246831221	-0.126963232658825
0.556370913942628	-0.126963205621415
0.557371581054036	-0.126963177517332
0.558372248165444	-0.126963148304492
0.559372915276851	-0.126963117939155
0.560373582388259	-0.126963086375851
0.561374249499666	-0.126963053567319
0.562374916611074	-0.126963019464432
0.563375583722482	-0.126962984016127
0.564376250833889	-0.126962947169323
0.565376917945297	-0.126962908868847
0.566377585056704	-0.12696286905735
0.567378252168112	-0.126962827675219
0.56837891927952	-0.12696278466049
0.569379586390927	-0.126962739948753
0.570380253502335	-0.12696269347306
0.571380920613742	-0.126962645163818
0.57238158772515	-0.126962594948692
0.573382254836558	-0.12696254275249
0.574382921947965	-0.126962488497055
0.575383589059373	-0.126962432101148
0.57638425617078	-0.126962373480322
0.577384923282188	-0.126962312546802
0.578385590393596	-0.126962249209346
0.579386257505003	-0.126962183373115
0.580386924616411	-0.126962114939529
0.581387591727819	-0.126962043806117
0.582388258839226	-0.126961969866366
0.583388925950634	-0.126961893009561
0.584389593062041	-0.126961813120619
0.585390260173449	-0.126961730079918
0.586390927284857	-0.126961643763114
0.587391594396264	-0.126961554040959
0.588392261507672	-0.126961460779107
0.589392928619079	-0.12696136383791
0.590393595730487	-0.126961263072211
0.591394262841895	-0.126961158331127
0.592394929953302	-0.126961049457822
0.59339559706471	-0.126960936289274
0.594396264176117	-0.126960818656025
0.595396931287525	-0.126960696381937
0.596397598398933	-0.126960569283921
0.59739826551034	-0.126960437171662
0.598398932621748	-0.126960299847342
0.599399599733155	-0.126960157105335
0.600400266844563	-0.126960008731903
0.601400933955971	-0.126959854504876
0.602401601067378	-0.126959694193321
0.603402268178786	-0.126959527557192
0.604402935290194	-0.126959354346973
0.605403602401601	-0.126959174303304
0.606404269513009	-0.126958987156595
0.607404936624416	-0.126958792626617
0.608405603735824	-0.126958590422087
0.609406270847232	-0.126958380240232
0.610406937958639	-0.12695816176633
0.611407605070047	-0.126957934673247
0.612408272181454	-0.126957698620941
0.613408939292862	-0.126957453255953
0.61440960640427	-0.126957198210883
0.615410273515677	-0.126956933103835
0.616410940627085	-0.126956657537844
0.617411607738492	-0.126956371100288
0.6184122748499	-0.126956073362264
0.619412941961308	-0.126955763877949
0.620413609072715	-0.126955442183931
0.621414276184123	-0.126955107798514
0.62241494329553	-0.126954760221002
0.623415610406938	-0.126954398930943
0.624416277518346	-0.126954023387352
0.625416944629753	-0.126953633027903
0.626417611741161	-0.126953227268083
0.627418278852568	-0.126952805500322
0.628418945963976	-0.126952367093076
0.629419613075384	-0.126951911389889
0.630420280186791	-0.126951437708407
0.631420947298199	-0.126950945339352
0.632421614409606	-0.126950433545468
0.633422281521014	-0.12694990156041
0.634422948632422	-0.126949348587602
0.635423615743829	-0.126948773799038
0.636424282855237	-0.12694817633405
0.637424949966644	-0.126947555298012
0.638425617078052	-0.126946909761004
0.63942628418946	-0.12694623875642
0.640426951300867	-0.126945541279519
0.641427618412275	-0.126944816285922
0.642428285523682	-0.126944062690045
0.64342895263509	-0.126943279363479
0.644429619746498	-0.126942465133295
0.645430286857905	-0.126941618780291
0.646430953969313	-0.126940739037165
0.64743162108072	-0.126939824586617
0.648432288192128	-0.126938874059379
0.649432955303536	-0.126937886032161
0.650433622414943	-0.126936859025522
0.651434289526351	-0.126935791501657
0.652434956637759	-0.126934681862087
0.653435623749166	-0.126933528445275
0.654436290860574	-0.126932329524131
0.655436957971981	-0.126931083303428
0.656437625083389	-0.126929787917116
0.657438292194797	-0.126928441425523
0.658438959306204	-0.126927041812457
0.659439626417612	-0.126925586982182
0.660440293529019	-0.12692407475628
0.661440960640427	-0.126922502870393
0.662441627751835	-0.126920868970829
0.663442294863242	-0.126919170611039
0.66444296197465	-0.126917405247953
0.665443629086057	-0.126915570238173
0.666444296197465	-0.126913662834013
0.667444963308873	-0.126911680179387
0.66844563042028	-0.126909619305531
0.669446297531688	-0.126907477126559
0.670446964643095	-0.126905250434839
0.671447631754503	-0.126902935896194
0.672448298865911	-0.126900530044909
0.673448965977318	-0.126898029278537
0.674449633088726	-0.126895429852512
0.675450300200133	-0.126892727874534
0.676450967311541	-0.126889919298749
0.677451634422949	-0.126886999919684
0.678452301534356	-0.126883965365955
0.679452968645764	-0.126880811093716
0.680453635757171	-0.126877532379862
0.681454302868579	-0.12687412431495
0.682454969979987	-0.126870581795852
0.683455637091394	-0.126866899518115
0.684456304202802	-0.12686307196801
0.685456971314209	-0.126859093414289
0.686457638425617	-0.126854957899589
0.687458305537025	-0.126850659231525
0.688458972648432	-0.126846190973406
0.68945963975984	-0.126841546434606
0.690460306871247	-0.126836718660539
0.691460973982655	-0.126831700422252
0.692461641094063	-0.126826484205593
0.69346230820547	-0.126821062199965
0.694462975316878	-0.126815426286632
0.695463642428286	-0.126809568026554
0.696464309539693	-0.12680347864776
0.697464976651101	-0.126797149032208
0.698465643762508	-0.126790569702133
0.699466310873916	-0.126783730805857
0.700466977985324	-0.126776622103033
0.701467645096731	-0.126769232949316
0.702468312208139	-0.126761552280422
0.703468979319546	-0.126753568595564
0.704469646430954	-0.126745269940224
0.705470313542362	-0.126736643888262
0.706470980653769	-0.126727677523301
0.707471647765177	-0.126718357419391
0.708472314876584	-0.126708669620907
0.709472981987992	-0.126698599621647
0.7104736490994	-0.126688132343116
0.711474316210807	-0.126677252111942
0.712474983322215	-0.126665942636415
0.713475650433622	-0.126654186982086
0.71447631754503	-0.126641967546413
0.715476984656438	-0.126629266032402
0.716477651767845	-0.12661606342121
0.717478318879253	-0.126602339943667
0.71847898599066	-0.126588075050676
0.719479653102068	-0.126573247382439
0.720480320213476	-0.126557834736479
0.721480987324883	-0.12654181403439
0.722481654436291	-0.126525161287283
0.723482321547698	-0.126507851559865
0.724482988659106	-0.126489858933101
0.725483655770514	-0.126471156465404
0.726484322881921	-0.126451716152296
0.727484989993329	-0.126431508884469
0.728485657104736	-0.126410504404206
0.729486324216144	-0.126388671260066
0.730486991327552	-0.126365976759793
0.731487658438959	-0.126342386921367
0.732488325550367	-0.126317866422114
0.733488992661774	-0.126292378545819
0.734489659773182	-0.126265885127748
0.73549032688459	-0.1262383464975
0.736490993995997	-0.126209721419608
0.737491661107405	-0.126179967031791
0.738492328218812	-0.126149038780776
0.73949299533022	-0.126116890355585
0.740493662441628	-0.126083473618191
0.741494329553035	-0.126048738531433
0.742494996664443	-0.1260126330841
0.743495663775851	-0.125975103213044
0.744496330887258	-0.125936092722231
0.745496997998666	-0.125895543198595
0.746497665110073	-0.12585339392457
0.747498332221481	-0.125809581787176
0.748498999332889	-0.125764041183512
0.749499666444296	-0.12571670392253
0.750500333555704	-0.125667499122921
0.751501000667111	-0.125616353106986
0.752501667778519	-0.125563189290308
0.753502334889927	-0.125507928067083
0.754503002001334	-0.125450486690913
0.755503669112742	-0.125390779150911
0.756504336224149	-0.125328716042908
0.757505003335557	-0.125264204435583
0.758505670446965	-0.125197147731308
0.759506337558372	-0.125127445521509
0.76050700466978	-0.125054993436318
0.761507671781188	-0.124979682988289
0.762508338892595	-0.124901401409956
0.763509006004003	-0.124820031484974
0.76450967311541	-0.124735451372611
0.765510340226818	-0.124647534425298
0.766511007338226	-0.124556148998998
0.767511674449633	-0.124461158256084
0.768512341561041	-0.124362419960442
0.769513008672448	-0.124259786264493
0.770513675783856	-0.124153103487808
0.771514342895264	-0.124042211886993
0.772515010006671	-0.123926945416498
0.773515677118079	-0.12380713147998
0.774516344229486	-0.123682590671865
0.775517011340894	-0.123553136508712
0.776517678452302	-0.12341857514998
0.777518345563709	-0.123278705107776
0.778519012675117	-0.123133316945151
0.779519679786524	-0.122982192962501
0.780520346897932	-0.122825106871586
0.78152101400934	-0.122661823456695
0.782521681120747	-0.122492098222442
0.783522348232155	-0.122315677027666
0.784523015343562	-0.122132295704887
0.78552368245497	-0.121941679664753
0.786524349566378	-0.121743543484873
0.787525016677785	-0.121537590482442
0.788525683789193	-0.121323512269991
0.7895263509006	-0.121100988293623
0.790527018012008	-0.120869685353019
0.791527685123416	-0.120629257102523
0.792528352234823	-0.120379343532528
0.793529019346231	-0.120119570430411
0.794529686457638	-0.119849548820202
0.795530353569046	-0.11956887438014
0.796531020680454	-0.119277126837254
0.797531687791861	-0.118973869338065
0.798532354903269	-0.118658647794449
0.799533022014676	-0.118330990203704
0.800533689126084	-0.117990405941788
0.801534356237492	-0.117636385028671
0.802535023348899	-0.117268397364711
0.803535690460307	-0.116885891936897
0.804536357571714	-0.116488295993782
0.805537024683122	-0.11607501418786
0.80653769179453	-0.115645427684116
0.807538358905937	-0.115198893233397
0.808539026017345	-0.114734742209235
0.809539693128753	-0.114252279606667
0.81054036024016	-0.113750783001555
0.811541027351568	-0.11322950146885
0.812541694462975	-0.112687654458183
0.813542361574383	-0.112124430625096
0.814543028685791	-0.111538986616154
0.815543695797198	-0.11093044580614
0.816544362908606	-0.110297896985423
0.817545030020013	-0.10964039299554
0.818545697131421	-0.108956949310953
0.819546364242829	-0.108246542564851
0.820547031354236	-0.107508109016793
0.821547698465644	-0.106740542959898
0.822548365577051	-0.105942695065194
0.823549032688459	-0.105113370660647
0.824549699799867	-0.104251327942302
0.825550366911274	-0.103355276114842
0.826551034022682	-0.102423873458792
0.827551701134089	-0.101455725321473
0.828552368245497	-0.100449382028693
0.829553035356905	-0.0994033367140489
0.830553702468312	-0.0983160230625945
0.83155436957972	-0.0971858129654908
0.832555036691127	-0.096011014082127
0.833555703802535	-0.0947898673060629
0.834556370913943	-0.0935205441310003
0.83555703802535	-0.0922011439128346
0.836557705136758	-0.0908296910236916
0.837558372248165	-0.0894041318936854
0.838559039359573	-0.0879223319359672
0.839559706470981	-0.0863820723504645
0.840560373582388	-0.0847810468015189
0.841561040693796	-0.0831168579644532
0.842561707805203	-0.0813870139358948
0.843562374916611	-0.0795889245024765
0.844563042028019	-0.0777198972623366
0.845563709139426	-0.0757771335935987
0.846564376250834	-0.0737577244638079
0.847565043362241	-0.071658646074035
0.848565710473649	-0.0694767553311382
0.849566377585057	-0.0672087851413958
0.850567044696464	-0.0648513395184623
0.851567711807872	-0.0624008884983278
0.85256837891928	-0.0598537628536631
0.853569046030687	-0.057206148599633
0.854569713142095	-0.0544540812829603
0.855570380253502	-0.0515934400456761
0.85657104736491	-0.0486199414546802
0.857571714476318	-0.0455291330878661
0.858572381587725	-0.0423163868672023
0.859573048699133	-0.0389768921287998
0.86057371581054	-0.0355056484195735
0.861574382921948	-0.0318974580097243
0.862575050033356	-0.0281469181098258
0.863575717144763	-0.0242484127808578
0.864576384256171	-0.0201961045250761
0.865577051367578	-0.0159839255451343
0.866577718478986	-0.0116055686583517
0.867578385590394	-0.00705447785254255
0.868579052701801	-0.00232383846924983
0.869579719813209	0.00259343300030357
0.870580386924616	0.00770469952184044
0.871581054036024	0.0130176145430975
0.872581721147432	0.0185401334538508
0.873582388258839	0.0242805254980706
0.874583055370247	0.0302473861560153
0.875583722481654	0.0364496500148375
0.876584389593062	0.0428966041469471
0.87758505670447	0.0495979020161743
0.878585723815877	0.0565635779325672
0.879586390927285	0.0638040620774382
0.880587058038692	0.0713301961211962
0.8815877251501	0.0791532494573084
0.882588392261508	0.087284936076736
0.883589059372915	0.0957374321080957
0.884589726484323	0.104523394049796
0.88559039359573	0.113655977721486
0.886591060707138	0.123148857963156
0.887591727818546	0.133016249111403
0.888592394929953	0.143272926283535
0.889593062041361	0.153934247501354
0.890593729152768	0.165016176687774
0.891594396264176	0.176535307570688
0.892595063375584	0.18850888852988
0.893595730486991	0.200954848424221
0.894596397598399	0.213891823437743
0.895597064709806	0.227339184984897
0.896597731821214	0.241317068716666
0.897598398932622	0.255846404671068
0.898599066044029	0.270948948613113
0.899599733155437	0.286647314611201
0.900600400266845	0.302965008898709
0.901601067378252	0.319926465071476
0.90260173448966	0.337557080673881
0.903602401601067	0.355883255228335
0.904603068712475	0.374932429765065
0.905603735823883	0.394733127911459
0.90660440293529	0.415314998602428
0.907605070046698	0.436708860475766
0.908605737158105	0.45894674801902
0.909606404269513	0.482061959536894
0.910607071380921	0.506089107011083
0.911607738492328	0.531064167927128
0.912608405603736	0.557024539145994
0.913609072715143	0.584009092900903
0.914609739826551	0.612058235003409
0.915610406937959	0.641213965345741
0.916611074049366	0.671519940790144
0.917611741160774	0.70302154053923
0.918612408272181	0.735765934085395
0.919613075383589	0.769802151840872
0.920613742494997	0.805181158554347
0.921614409606404	0.841955929623936
0.922615076717812	0.880181530420837
0.92361574382922	0.919915198742512
0.924616410940627	0.961216430518687
0.925617078052035	1.00414706889871
0.926617745163442	1.04877139685349
0.92761841227485	1.09515623343077
0.928619079386258	1.14337103380785
0.929619746497665	1.19348799329154
0.930620413609073	1.24558215542114
0.93162108072048	1.29973152433626
0.932621747831888	1.35601718157765
0.933622414943296	1.41452340749622
0.934623082054703	1.47533780745169
0.935623749166111	1.5385514429901
0.936624416277518	1.60425896819645
0.937625083388926	1.67255877142669
0.938625750500334	1.7435531226314
0.939626417611741	1.81734832649143
0.940627084723149	1.89405488159527
0.941627751834556	1.973787645896
0.942628418945964	2.05666600869604
0.943629086057372	2.14281406941683
0.944629753168779	2.23236082342132
0.945630420280187	2.32544035516764
0.946631087391594	2.42219203898274
0.947631754503002	2.5227607477572
0.94863242161441	2.62729706987319
0.949633088725817	2.73595753469081
0.950633755837225	2.84890484693011
0.951634422948632	2.9663081302999
0.95263509006004	3.08834318073836
0.953635757171448	3.21519272964417
0.954636424282855	3.34704671749266
0.955637091394263	3.48410257824677
0.95663775850567	3.62656553498818
0.957638425617078	3.77464890721202
0.958639092728486	3.92857443024459
0.959639759839893	4.0885725872627
0.960640426951301	4.25488295441204
0.961641094062708	4.42775455954065
0.962641761174116	4.6074462550855
0.963642428285524	4.79422710566967
0.964643095396931	4.98837679099138
0.965643762508339	5.19018602460721
0.966644429619747	5.39995698923763
0.967645096731154	5.61800378924543
0.968645763842562	5.84465292096589
0.969646430953969	6.08024376159187
0.970647098065377	6.32512907734644
0.971647765176785	6.57967555170365
0.972648432288192	6.84426433444894
0.9736490993996	7.11929161240056
0.974649766511007	7.40516920264695
0.975650433622415	7.70232516918891
0.976651100733823	8.01120446390853
0.97765176784523	8.3322695928264
0.978652434956638	8.66600130864321
0.979653102068045	9.01289933060339
0.980653769179453	9.37348309275914
0.981654436290861	9.74829252175411
0.982655103402268	10.1378888452925
0.983655770513676	10.5428554325036
0.984656437625083	10.9637986674601
0.985657104736491	11.4013488571583
0.986657771847899	11.8561611753197
0.987658438959306	12.3289166434273
0.988659106070714	12.8203231504656
0.989659773182121	13.3311165128906
0.990660440293529	13.8620615764186
0.991661107404937	14.4139533612812
0.992661774516344	14.9876182526636
0.993662441627752	15.5839152381077
0.994663108739159	16.2037371937318
0.995663775850567	16.848012221196
0.996664442961975	17.5177050374112
0.997665110073382	18.213818419076
0.99866577718479	18.9373947042023
0.999666444296197	19.6895173528792
1.00066711140761	20.4713125696118
1.00166777851901	21.2839509896633
1.00266844563042	22.1286494319279
1.00366911274183	23.0066727209561
1.00466977985324	23.9193355808629
1.00567044696464	24.8680046039531
1.00667111407605	25.8541002970143
1.00767178118746	26.8790992083382
1.00867244829887	27.9445361386561
1.00967311541027	29.0520064393022
1.01067378252168	30.2031684010398
1.01167444963309	31.3997457371354
1.0126751167445	32.64353016439
1.0136757838559	33.9363840860006
1.01467645096731	35.2802433802622
1.01567711807872	36.6771202992906
1.01667778519013	38.1291064821044
1.01767845230153	39.6383760865796
1.01867911941294	41.2071890449636
1.01967978652435	42.8378944478266
1.02068045363576	44.5329340615124
1.02168112074716	46.2948459843653
1.02268178785857	48.1262684471957
1.02368245496998	50.0299437636829
1.02468312208139	52.0087224366295
1.0256837891928	54.0655674262103
1.0266844563042	56.203558586619
1.02768512341561	58.425897277741
1.02868579052702	60.7359111587688
1.02968645763843	63.1370591709311
1.03068712474983	65.6329367168045
1.03168779186124	68.2272810439512
1.03268845897265	70.9239768409576
1.03368912608406	73.7270620542416
1.03468979319546	76.6407339343463
1.03569046030687	79.6693553207652
1.03669112741828	82.8174611747257
1.03769179452969	86.0897653696909
1.03869246164109	89.4911677497653
1.0396931287525	93.026761466566
1.04069379586391	96.7018406055411
1.04169446297532	100.521908113172
1.04269513008672	104.492684036906
1.04369579719813	108.620114090173
1.04469646430954	112.910378555309
1.04569713142095	117.369901537711
1.04669779853235	122.005360585094
1.04769846564376	126.823696686232
1.04869913275517	131.832124664175
1.04969979986658	137.038143979502
1.05070046697799	142.44954995976
1.05170113408939	148.074445471956
1.0527018012008	153.92125305552
1.05370246831221	159.998727533955
1.05470313542362	166.315969124024
1.05570380253502	172.882437062127
1.05670446964643	179.707963768266
1.05770513675784	186.802769568791
1.05870580386925	194.177477999994
1.05970647098065	201.843131715456
1.06070713809206	209.811209020954
1.06170780520347	218.093641061728
1.06270847231488	226.702829687786
1.06370913942628	235.651666024039
1.06470980653769	244.95354977307
1.0657104736491	254.62240927941
1.06671114076051	264.672722385406
1.06771180787191	275.119538109881
1.06871247498332	285.978499182051
1.06971314209473	297.265865464456
1.07071380920614	308.998538299947
1.07171447631755	321.194085819241
1.07271514342895	333.870769246855
1.07371581054036	347.047570244903
1.07471647765177	360.744219335625
1.07571714476318	374.981225445233
1.07671781187458	389.779906613341
1.07771847898599	405.162421913908
1.0787191460974	421.151804635537
1.07971981320881	437.771996770775
1.08072048032021	455.0478848661
1.08172114743162	473.00533728625
1.08272181454303	491.67124294867
1.08372248165444	511.073551586137
1.08472314876584	531.241315597804
1.08572381587725	552.2047335513
1.08672448298866	573.995195401156
1.08772515010007	596.645329491091
1.08872581721147	620.189051410663
1.08972648432288	644.661614779395
1.09072715143429	670.099664034412
1.0917278185457	696.541289300662
1.0927284856571	724.026083425864
1.09372915276851	752.595201265567
1.09472981987992	782.291421307128
1.09573048699133	813.159209724833
1.09673115410274	845.244786962169
1.09773182121414	878.596196940822
1.09873248832555	913.263379000102
1.09973315543696	949.29824267456
1.10073382254837	986.754745421627
1.10173448965977	1025.68897341581
1.10273515677118	1066.15922553038
1.10373582388259	1108.22610063217
1.104736490994	1151.95258832049
1.1057371581054	1197.40416324563
1.10673782521681	1244.64888314861
1.10773849232822	1293.75749076865
1.10873915943963	1344.80351977106
1.10973982655103	1397.86340485429
1.11074049366244	1453.01659620068
1.11174116077385	1510.34567844277
1.11274182788526	1569.93649432283
1.11374249499666	1631.87827323107
1.11474316210807	1696.26376481485
1.11574382921948	1763.18937785911
1.11674449633089	1832.75532464575
1.11774516344229	1905.06577100837
1.1187458305537	1980.22899230682
1.11974649766511	2058.35753555536
1.12074716477652	2139.56838794681
1.12174783188793	2223.98315202563
1.12274849899933	2311.72822777161
1.12374916611074	2402.93500186718
1.12474983322215	2497.74004443168
1.12575050033356	2596.285313517
1.12675116744496	2698.71836767118
1.12775183455637	2805.19258688785
1.12875250166778	2915.86740227252
1.12975316877919	3030.90853476954
1.13075383589059	3150.4882433076
1.131754503002	3274.78558273462
1.13275517011341	3403.9866719287
1.13375583722482	3538.28497248679
1.13475650433622	3677.88157840783
1.13575717144763	3822.98551720442
1.13675783855904	3973.8140628941
1.13775850567045	4130.5930613385
1.13875917278185	4293.55726841775
1.13975983989326	4462.9507015463
1.14076050700467	4639.02700505711
1.14176117411608	4822.04983000042
1.14276184122748	5012.29322892645
1.14376250833889	5210.04206624307
1.1447631754503	5415.59244476239
1.14576384256171	5629.2521490761
1.14676450967312	5851.34110642205
1.14776517678452	6082.19186573324
1.14876584389593	6322.15009558582
1.14976651100734	6571.57510179235
1.15076717811875	6830.84036541498
1.15176784523015	7100.3341020038
1.15276851234156	7380.45984289876
1.15376917945297	7671.63703946454
1.15476984656438	7974.30169116345
1.15577051367578	8288.9069984075
1.15677118078719	8615.92404116605
1.1577718478986	8955.842484346
1.15877251501001	9309.17131100056
1.15977318212141	9676.43958446377
1.16077384923282	10058.1972405538
1.16177451634423	10455.0159110289
1.16277518345564	10867.4897795308
1.16377585056704	11296.236471296
1.16477651767845	11741.8979779685
1.16577718478986	12205.1416188977
1.16677785190127	12686.6610403608
1.16777851901268	13187.1772542067
1.16877918612408	13707.4397174769
1.16977985323549	14248.2274546173
1.1707805203469	14810.3502239657
1.17178118745831	15394.6497302577
1.17278185456971	16002.0008849688
1.17378252168112	16633.3131163787
1.17478318879253	17289.5317313202
1.17578385590394	17971.639330652
1.17678452301534	18680.6572805735
1.17778519012675	19417.6472419864
1.17878585723816	20183.7127601917
1.17978652434957	20980.0009173027
1.18078719146097	21807.7040498507
1.18178785857238	22668.0615341505
1.18278852568379	23562.3616421032
1.1837891927952	24491.9434702145
1.1847898599066	25458.1989447135
1.18579052701801	26462.5749057801
1.18679119412942	27506.5752739969
1.18779186124083	28591.7633022722
1.18879252835223	29719.7639166052
1.18979319546364	30892.2661491969
1.19079386257505	32111.025667556
1.19179452968646	33377.8674033772
1.19279519679787	34694.6882851367
1.19379586390927	36063.4600784929
1.19479653102068	37486.2323387438
1.19579719813209	38965.1354797682
1.1967978652435	40502.3839640382
1.1977985323549	42100.2796184843
1.19879919946631	43761.2150811796
1.19979986657772	45487.6773839977
1.20080053368913	47282.251676617
1.20180120080053	49147.6250974396
1.20280186791194	51086.5907972286
1.20380253502335	53102.0521214829
1.20480320213476	55197.0269578112
1.20580386924616	57374.6522548257
1.20680453635757	59638.1887193059
1.20780520346898	61991.0256986778
1.20880587058039	64436.6862561158
1.20980653769179	66978.8324458617
1.2108072048032	69621.2707966736
1.21180787191461	72367.958011597
1.21280853902602	75223.0068926077
1.21380920613743	78190.6924989881
1.21480987324883	81275.4585486682
1.21581054036024	84481.9240721059
1.21681120747165	87814.8903286739
1.21781187458306	91279.3479959167
1.21881254169446	94880.4846424307
1.21981320880587	98623.6924955598
1.22081387591728	102514.576515553
1.22181454302869	106558.962788247
1.22281521014009	110762.907248866
1.2238158772515	115132.704749982
1.22481654436291	119674.898487229
1.22581721147432	124396.289796875
1.22681787858572	129303.94833993
1.22781854569713	134405.222688024
1.22881921280854	139707.751326933
1.22981987991995	145219.474094194
1.23082054703135	150948.644067974
1.23182121414276	156903.839924965
1.23282188125417	163093.978785814
1.23382254836558	169528.329567346
1.23482321547698	176216.526861536
1.23582388258839	183168.585362047
1.2368245496998	190394.914859909
1.23782521681121	197906.335830809
1.23882588392262	205714.095637334
1.23982655103402	213829.885370395
1.24082721814543	222265.857355117
1.24182788525684	231034.643347332
1.24282855236825	240149.373447966
1.24382921947965	249623.695763643
1.24482988659106	259471.796842909
1.24583055370247	269708.422918739
1.24683122081388	280348.901989062
1.24783188792528	291409.166768425
1.24883255503669	302905.778545124
1.2498332221481	314855.951979554
1.25083388925951	327277.5808809
1.25183455637091	340189.265000745
1.25283522348232	353610.337883754
1.25383589059373	367560.895817111
1.25483655770514	382061.827922044
1.25583722481654	397134.847432547
1.25683789192795	412802.524208082
1.25783855903936	429088.318528954
1.25883922615077	446016.616225011
1.25983989326217	463612.765190182
1.26084056037358	481903.113337633
1.26184122748499	500915.048052274
1.2628418945964	520677.03719977
1.26384256170781	541218.671753404
1.26484322881921	562570.710102662
1.26584389593062	584765.124109881
1.26684456304203	607835.146983869
1.26784523015344	631815.323042283
1.26884589726484	656741.559437182
1.26984656437625	682651.179921219
1.27084723148766	709582.980735099
1.27184789859907	737577.288699794
1.27284856571047	766676.021600651
1.27384923282188	796922.750953755
1.27484989993329	828362.767248508
1.2758505670447	861043.147764202
1.2768512341561	895012.827061997
1.27785190126751	930322.670258012
1.27885256837892	967025.549187112
1.27985323549033	1005176.4215715
1.28085390260173	1044832.41331267
1.28185456971314	1086052.90402995
1.28285523682455	1128899.61597356
1.28385590393596	1173436.70644565
1.28485657104736	1219730.86386734
1.28585723815877	1267851.40763583
1.28685790527018	1317870.39192111
1.28785857238159	1369862.71355754
1.288859239493	1423906.22419199
1.2898599066044	1480081.84685641
1.29086057371581	1538473.69713943
1.29186124082722	1599169.20913834
1.29286190793863	1662259.26638014
1.29386257505003	1727838.33790763
1.29486324216144	1796004.61973431
1.29586390927285	1866860.18188003
1.29686457638426	1940511.12120737
1.29786524349566	2017067.72028766
1.29886591060707	2096644.61253466
1.29986657771848	2179360.95385289
1.30086724482989	2265340.601058
1.30186791194129	2354712.29733591
1.3028685790527	2447609.86501885
1.30386924616411	2544172.40596666
1.30486991327552	2644544.5098533
1.30587058038692	2748876.47067113
1.30687124749833	2857324.5117761
1.30787191460974	2970051.01981176
1.30887258172115	3087224.78786182
1.30987324883256	3209021.2681954
1.31087391594396	3335622.83498396
1.31187458305537	3467219.05738231
1.31287525016678	3604006.98338361
1.31387591727819	3746191.4348726
1.31487658438959	3893985.31431945
1.315877251501	4047609.92357321
1.31687791861241	4207295.29523205
1.31787858572382	4373280.53708671
1.31887925283522	4545814.19015308
1.31987991994663	4725154.60082936
1.32088058705804	4911570.30773594
1.32188125416945	5105340.44381646
1.32288192128085	5306755.15430264
1.32388258839226	5516116.03116854
1.32488325550367	5733736.56472455
1.32588392261508	5959942.61302817
1.32688458972648	6195072.88981325
1.32788525683789	6439479.47166919
1.3288859239493	6693528.32522932
1.32988659106071	6957599.85515732
1.33088725817211	7232089.47375359
1.33188792528352	7517408.19303272
1.33288859239493	7813983.2401597
1.33388925950634	8122258.69716662
1.33488992661775	8442696.16590653
1.33589059372915	8775775.45924182
1.33689126084056	9121995.31950025
1.33789192795197	9481874.16527623
1.33889259506338	9855950.86769421
1.33989326217478	10244785.5572968
1.34089392928619	10648960.462767
1.3418945963976	11069080.7827384
1.34289526350901	11505775.5920007
1.34389593062041	11959698.783456
1.34489659773182	12431530.047237
1.34589726484323	12921975.8884543
1.34689793195464	13431770.6850935
1.34789859906604	13961677.7876502
1.34889926617745	14512490.6621464
1.34989993328886	15085034.0782412
1.35090060040027	15680165.344215
1.35190126751167	16298775.5906751
1.35290193462308	16941791.1049066
1.35390260173449	17610174.7178658
1.3549032688459	18304927.2458915
1.3559039359573	19027088.9892972
1.35690460306871	19777741.290082
1.35790527018012	20558008.1510989
1.35890593729153	21369057.9191002
1.35990660440294	22212105.0341827
1.36090727151434	23088411.8482525
1.36190793862575	23999290.5152289
1.36290860573716	24946104.9558241
1.36390927284857	25930272.8998327
1.36490993995997	26953268.0089958
1.36591060707138	28016622.0836153
1.36691127418279	29121927.3562238
1.3679119412942	30270838.8757403
1.3689126084056	31465076.9856916
1.36991327551701	32706429.9001948
1.37091394262842	33996756.3815779
1.37191460973983	35337988.5236271
1.37291527685123	36732134.6446435
1.37391594396264	38181282.2946372
1.37491661107405	39687601.3811548
1.37591727818546	41253347.4184317
1.37691794529686	42880864.9047276
1.37791861240827	44572590.8329033
1.37891927951968	46331058.3394948
1.37991994663109	48158900.4977536
1.38092061374249	50058854.2603241
1.3819212808539	52033764.5574732
1.38292194796531	54086588.5569936
1.38392261507672	56220400.0921761
1.38492328218813	58438394.2644673
1.38592394929953	60743892.2277168
1.38692461641094	63140346.161161
1.38792528352235	65631344.4386143
1.38892595063376	68220617.0015751
1.38992661774516	70912040.9443337
1.39092728485657	73709646.3194005
1.39192795196798	76617622.1719812
1.39292861907939	79640322.8125234
1.39392928619079	82782274.3367159
1.3949299533022	86048181.4027239
1.39593062041361	89442934.2757951
1.39693128752502	92971616.1507861
1.39793195463642	96639510.7635744
1.39893262174783	100452110.302761
1.39993328885924	104415123.633492
1.40093395597065	108534484.845741
1.40193462308205	112816362.139816
1.40293529019346	117267167.062434
1.40393595730487	121893564.107161
1.40493662441628	126702480.69362
1.40593729152769	131701117.540379
1.40693795863909	136896959.447087
1.4079386257505	142297786.501968
1.40893929286191	147911685.731478
1.40993995997332	153747063.209567
1.41094062708472	159812656.644657
1.41194129419613	166117548.463219
1.41294196130754	172671179.4095
1.41394262841895	179483362.681797
1.41494329553035	186564298.626425
1.41594396264176	193924590.0114
1.41694462975317	201575257.902669
1.41794529686458	209527758.166725
1.41894596397598	217793998.624233
1.41994663108739	226386356.880441
1.4209472981988	235317698.859003
1.42194796531021	244601398.067004
1.42294863242161	254251355.620028
1.42394929953302	264282021.057237
1.42494996664443	274708413.977655
1.42595063375584	285546146.530049
1.42695130086724	296811446.790044
1.42795196797865	308521183.059538
1.42895263509006	320692889.124756
1.42995330220147	333344790.510783
1.43095396931288	346495831.771901
1.43195463642428	360165704.858525
1.43295530353569	374374878.603354
1.4339559706471	389144629.370681
1.43495663775851	404497072.91502
1.43595730486991	420455197.49647
1.43695797198132	437042898.302648
1.43795863909273	454285013.228548
1.43895930620414	472207360.06803
1.43995997331554	490836775.17257
1.44096064042695	510201153.635143
1.44196130753836	530329491.059461
1.44296197464977	551251926.977049
1.44396264176117	572999789.977234
1.44496330887258	595605644.617567
1.44596397598399	619103340.184982
1.4469646430954	643528061.380589
1.4479653102068	668916381.004197
1.44896597731821	695306314.717155
1.44996664442962	722737377.96592
1.45096731154103	751250645.151117
1.45196797865243	780888811.131126
1.45296864576384	811696255.151932
1.45396931287525	843719107.299238
1.45496997998666	877005317.572159
1.45597064709807	911604727.682078
1.45697131420947	947569145.683961
1.45797198132088	984952423.552134
1.45897264843229	1023810537.81652
1.4599733155437	1064201673.38009
1.4609739826551	1106186310.6431
1.46197464976651	1149827316.0645
1.46297531687792	1195190036.29621
1.46397598398933	1242342396.031
1.46497665110073	1291354999.71097
1.46597731821214	1342301237.24815
1.46697798532355	1395257393.91643
1.46797865243496	1450302764.57856
1.46897931954636	1507519772.41979
1.46997998665777	1566994092.36574
1.47098065376918	1628814779.36935
1.47198132088059	1693074401.7588
1.47298198799199	1759869179.84651
1.4739826551034	1829299130.00626
1.47498332221481	1901468214.43467
1.47598398932622	1976484496.82073
1.47698465643762	2054460304.15697
1.47798532354903	2135512394.93444
1.47898599066044	2219762133.97296
1.47998665777185	2307335674.14906
1.48098732488326	2398364145.29328
1.48198799199466	2492983850.53978
1.48298865910607	2591336470.42232
1.48398932621748	2693569275.02212
1.48498999332889	2799835344.48545
1.48599066044029	2910293798.24106
1.4869913275517	3025110033.26028
1.48799199466311	3144455971.71757
1.48899266177452	3268510318.42076
1.48999332888592	3397458828.39859
1.49099399599733	3531494585.04385
1.49199466310874	3670818289.23051
1.49299533022015	3815638559.83694
1.49399599733155	3966172246.12492
1.49499666444296	4122644752.44298
1.49599733155437	4285290375.73959
1.49699799866578	4454352656.39222
1.49799866577718	4630084742.87654
1.49899933288859	4812749770.82314
1.5	5002621257.02845
