1	0.883325774690463	0.764053649623595
2	0.882550055816953	0.760562182993637
3	0.882029226027681	0.758154366290345
4	0.88163226029582	0.756290726248243
5	0.881309453844243	0.754745595587063
6	0.881036304824952	0.753432812001627
7	0.880798868486042	0.752275732053307
8	0.880588429076658	0.751237485850896
9	0.880399163703082	0.750298504709556
10	0.880226982481581	0.74944126802257
11	0.880068898376251	0.748646909009937
12	0.879922660386681	0.747905763446243
13	0.879786528031056	0.747210314111059
14	0.879659126384255	0.746557103746886
15	0.879539349381562	0.745943634471557
16	0.879426293266869	0.745360729038164
17	0.879319209542836	0.744805127109425
18	0.87921747092602	0.744274084121825
19	0.87912054620604	0.743765265927705
20	0.879027981343763	0.743276669294068
21	0.878939385031621	0.74280710792632
22	0.878854417504052	0.742359289928141
23	0.878772781754399	0.741926940646951
24	0.878694216560113	0.741508903953844
25	0.87861849088514	0.741104153810857
26	0.878545399344048	0.740711775059152
27	0.878474758493869	0.74033094766973
28	0.878406403777904	0.73996093372838
29	0.87834018698789	0.739601066600041
30	0.87827597414196	0.739250741845466
31	0.878213643698796	0.738910284372287
32	0.878153085045691	0.738581303700324
33	0.878094197211334	0.738260261060542
34	0.878036887764177	0.737946739665423
35	0.877981071865001	0.737640355953026
36	0.877926671448344	0.737340756075062
37	0.877873614512204	0.737047612842912
38	0.877821834499175	0.736760623061146
39	0.877771269755175	0.736479505190509
40	0.877721863054306	0.736203997292268
41	0.87767356118034	0.735933855213905
42	0.877626314556866	0.735668850982616
43	0.87758007691943	0.73540877137847
44	0.877534805024049	0.735153494369236
45	0.877490458387326	0.734905556865782
46	0.877446999054127	0.734661930724622
47	0.877404391389362	0.734422452202791
48	0.877362601890922	0.734186967042435
49	0.877322232846703	0.733955329738115
50	0.877282836369968	0.733727402874377
51	0.877244153452417	0.733503056525606
52	0.877206158148103	0.733282167711181
53	0.877168825918312	0.73306461989989
54	0.877132133530741	0.732850302558316
55	0.877096058967598	0.732639110738532
56	0.877060581341703	0.732430944701061
57	0.877025680819747	0.732225709569495
58	0.876991338551996	0.732023315013613
59	0.876957536607798	0.731823674958202
60	0.876924257916318	0.731626707315098
61	0.876891486212007	0.731432333736231
62	0.876859205984345	0.731242043053147
63	0.876827402431476	0.731054789490028
64	0.876796061417359	0.730869888147529
65	0.876765169432136	0.730687274268872
66	0.876734713555414	0.730506885824663
67	0.876704681422221	0.730328663359144
68	0.876675061191395	0.730152549847257
69	0.876645841516201	0.729978490561604
70	0.876617011516995	0.729806432948487
71	0.876588560755755	0.729636326512298
72	0.876560479212343	0.729468122707567
73	0.876532757262335	0.729301774838085
74	0.876505385656327	0.729137237962537
75	0.876478355500567	0.72897446880614
76	0.876451658238838	0.728813425677841
77	0.87642528563548	0.728654068392644
78	0.876399229759476	0.728496358198701
79	0.876373482969513	0.7283402577088
80	0.876348037899957	0.728185730835954
81	0.876322887447669	0.728032742732779
82	0.876298024759599	0.727881259734403
83	0.876273443221116	0.727731249304666
84	0.876249136445007	0.727583293496802
85	0.876225098261111	0.727437791662022
86	0.876201322706532	0.727293655515652
87	0.876177804016413	0.727150856877344
88	0.876154536615207	0.727009368458238
89	0.876131515108431	0.726869163823131
90	0.876108734274869	0.726730217354651
91	0.876086189059186	0.726592504219306
92	0.876063874564938	0.726456000335299
93	0.876041786047946	0.726320682341994
94	0.876019918910012	0.726186527570935
95	0.87599826869296	0.726053514018319
96	0.875976831072977	0.725921620318836
97	0.875955601855239	0.725790825720804
98	0.875934576968804	0.725661110062506
99	0.875913752461757	0.725532453749674
100	0.875896666005755	0.725405034654153
101	0.875872689345802	0.725278243492954
102	0.875852443387724	0.725152653009812
103	0.875832383102517	0.725028048755587
104	0.875812505068379	0.724904413671063
105	0.875792805957916	0.724781731149931
106	0.875773282534687	0.724659985022644
107	0.875753931649899	0.72453915954098
108	0.875734750239258	0.724419239363305
109	0.875715735319958	0.724300209540464
110	0.875696883987801	0.724182055502298
111	0.875678193414448	0.724064763044733
112	0.875659660844787	0.723948318317423
113	0.875641283594413	0.723833865029588
114	0.875623059047224	0.723720355951059
115	0.875604984653103	0.723607646043662
116	0.875587057925715	0.72349572289841
117	0.875569276440387	0.723384574402246
118	0.875551637832073	0.723274188728552
119	0.875534139793408	0.723164554328055
120	0.875516780072841	0.723055659920077
121	0.875499556472838	0.722947494484144
122	0.875482466848162	0.722840047251915
123	0.875465509104221	0.72273330769943
124	0.875448681195474	0.722627265539655
125	0.875431981123912	0.722521910715308
126	0.875415406937585	0.722417233391965
127	0.875398956729194	0.722313223951417
128	0.875382628634729	0.722209872985279
129	0.875366420832172	0.722107171288838
130	0.875350331540231	0.722005109855122
131	0.875334359017134	0.721903679869188
132	0.875318501559467	0.721802872702617
133	0.875302757501043	0.721702679908206
134	0.87528712521183	0.721603093214852
135	0.8752716030969	0.721504104522611
136	0.87525618959543	0.721405705897933
137	0.875240883179732	0.721307889569073
138	0.875225682354312	0.721210647921642
139	0.875210585654977	0.72111397349433
140	0.875195591647957	0.721017858974758
141	0.87518069892907	0.720922297195487
142	0.875165906122904	0.720827281130149
143	0.87515121188204	0.720732803889713
144	0.875136614886291	0.720638858718871
145	0.87512211384197	0.720545438992551
146	0.875107707481183	0.720452538212534
147	0.875093394561148	0.720360150004189
148	0.875079173863529	0.720268340216715
149	0.875065044193802	0.720177968642661
150	0.87505100438063	0.720088085764393
151	0.87503705327527	0.719998685736332
152	0.875023189750992	0.719909762820452
153	0.875009412702514	0.719821311383609
154	0.874995721045466	0.719733325894966
155	0.874982113715859	0.71964580092349
156	0.874968589669576	0.719558731135529
157	0.874955147881879	0.719472111292463
158	0.874941787346933	0.719385936248424
159	0.874928507077338	0.719300200948085
160	0.874915306103684	0.719214900424516
161	0.874902183474109	0.719130029797105
162	0.874889138253885	0.719045584269536
163	0.874876169524999	0.718961559127833
164	0.874863276385763	0.718877949738453
165	0.874850457950421	0.718794751546439
166	0.874837713348781	0.718711960073631
167	0.874825041725847	0.718629570916914
168	0.874812442241466	0.718547579746533
169	0.874799914069987	0.718465982304444
170	0.87478745639993	0.718384774402712
171	0.874775068433655	0.718303951921964
172	0.874762749387058	0.718223510809869
173	0.874750498489255	0.718143447079678
174	0.874738314982296	0.718063756808785
175	0.874726198120867	0.717984436137346
176	0.874714147172016	0.717905481266923
177	0.874702161414876	0.717826888459167
178	0.874690240140405	0.717748654034542
179	0.874678382651121	0.717670774371074
180	0.874666588260858	0.717593245903142
181	0.874654856294517	0.717516065120297
182	0.874643186087831	0.71743922856611
183	0.874631576987133	0.717362732837054
184	0.874620028349131	0.717286574581414
185	0.874608539540687	0.717210750498223
186	0.87459710993861	0.717135257336229
187	0.874585738929438	0.717060091892884
188	0.874574425909246	0.716985251013364
189	0.874563170283442	0.71691073158961
190	0.874551971466578	0.716836530559392
191	0.874540828882161	0.716762644905403
192	0.874529741962473	0.716689071654369
193	0.874518710148392	0.71661619501015
194	0.874507732889219	0.716544037275373
195	0.874496809642508	0.716472179951055
196	0.874485939873903	0.71640062026235
197	0.874475123056978	0.716329355473887
198	0.874464358673078	0.716258382889013
199	0.874453646211167	0.716187699849056
200	0.874442985167682	0.716117303732601
201	0.874432375046381	0.71604719195479
202	0.874421815358211	0.715977361966634
203	0.874411305621158	0.715907811254342
204	0.874400845360123	0.715838537338666
205	0.874390434106783	0.715769537774261
206	0.874380071399463	0.715700810149063
207	0.874369756783014	0.715632352083675
208	0.874359489808687	0.715564161230772
209	0.874349270034014	0.715496235274521
210	0.874339097022691	0.715428571930007
211	0.874328970344465	0.715361168942683
212	0.87431888957502	0.715294024087818
213	0.874308854295869	0.715227135169972
214	0.874298864094249	0.715160500022476
215	0.874288918563014	0.715094116506919
216	0.874279017300534	0.715027982512657
217	0.874269159910598	0.714962095956323
218	0.874259346002312	0.714896454781354
219	0.87424957519001	0.714831056957526
220	0.874239847093155	0.714765900480498
221	0.874230161336252	0.71470098337137
222	0.874220517548757	0.714636303676243
223	0.874210915364993	0.714571859465798
224	0.87420135442406	0.714507648834879
225	0.874191834369757	0.714443669902081
226	0.874182354850498	0.714379920809354
227	0.874172915519232	0.714316399721613
228	0.874163516033367	0.714253104826352
229	0.874154156054692	0.714190034333272
230	0.874144835249301	0.714127186473914
231	0.874135553287526	0.714064559501302
232	0.874126309843858	0.714002151689583
233	0.874117104596884	0.713939961333694
234	0.87410793722921	0.713877986749016
235	0.874098807427404	0.713816226271047
236	0.874089714881922	0.713754678255077
237	0.874080659287049	0.713693341075872
238	0.874071640340832	0.713632213127362
239	0.874062657745021	0.713571292822336
240	0.87405371120501	0.713510578592145
241	0.874044800429771	0.713450068886407
242	0.874035925131805	0.713389762172722
243	0.874027085027077	0.713329656936392
244	0.874018279834968	0.713269751680142
245	0.874009509278213	0.713210044923851
246	0.874000773082852	0.713150535204288
247	0.873992070978177	0.713091221074851
248	0.87398340269668	0.713032453097517
249	0.873974767974003	0.712974166153668
250	0.873966166548887	0.712916068478299
251	0.873957598163127	0.712858158703849
252	0.873949062561522	0.712800435477994
253	0.873940559491827	0.712742897463415
254	0.873932088704711	0.712685543337577
255	0.873923649953711	0.712628371792506
256	0.873915242995185	0.712571381534575
257	0.873906867588275	0.71251457128429
258	0.873898523494859	0.712457939776082
259	0.873890210479511	0.712401485758103
260	0.873881928309464	0.712345207992026
261	0.873873676754564	0.712289105252847
262	0.873865455587236	0.712233176328693
263	0.873857264582444	0.712177420020629
264	0.87384910351765	0.712121835142478
265	0.873840972172784	0.71206642052063
266	0.8738328703302	0.712011174993868
267	0.873824797774646	0.71195609741319
268	0.873816754293226	0.711901186641634
269	0.873808739675366	0.711846441554112
270	0.873800753712783	0.711791861037239
271	0.873792796199445	0.711737443989167
272	0.873784866931549	0.711683189319432
273	0.873776965707479	0.711629095948785
274	0.87376909232778	0.711575162809044
275	0.873761246595126	0.711521388842938
276	0.873753428314289	0.711467773003958
277	0.873745637292111	0.711414314256205
278	0.873737873337474	0.711361011574251
279	0.873730136261268	0.711307863942994
280	0.873722425876371	0.711254870357514
281	0.873714741997611	0.71120202982294
282	0.873707084441747	0.711149341354313
283	0.873699453027439	0.711096803976452
284	0.873691847575221	0.711044416723824
285	0.873684267907476	0.710992178640414
286	0.873676713848412	0.710940088779601
287	0.873669185224035	0.710888146204029
288	0.873661681862125	0.710836349985489
289	0.873654203592213	0.710784699204798
290	0.873646750245556	0.710733192951677
291	0.873639321655113	0.71068183032464
292	0.873631917655526	0.710630610430873
293	0.873624538083093	0.710579532386128
294	0.873617182775747	0.710528595314609
295	0.873609851573036	0.71047779834886
296	0.873602544316102	0.710427140629666
297	0.873595260847654	0.710376621305937
298	0.873588001011956	0.710326239534615
299	0.8735807646548	0.710275994480561
300	0.873573551623489	0.710225885316464
301	0.873566361766816	0.710175911222738
302	0.873559194935047	0.710126071387421
303	0.873552050979899	0.710076365006087
304	0.873544929754521	0.710026791281746
305	0.873537831113478	0.709977349424752
306	0.873530754912734	0.709928038652715
307	0.873523701009627	0.709878858190406
308	0.873516669262861	0.709829807269674
309	0.873509659532482	0.709780885129352
310	0.873502671679863	0.709732091015179
311	0.873495705567687	0.70968342417971
312	0.87348876105993	0.709634883882236
313	0.873481838021848	0.709586469388697
314	0.873474936319956	0.70953817997161
315	0.873468055822016	0.709490272461632
316	0.87346119639702	0.709442748778934
317	0.873454357915176	0.709395346704049
318	0.873447540247888	0.709348065542561
319	0.873440743267751	0.709300904606177
320	0.873433966848526	0.709253863212651
321	0.873427210865132	0.709206940685712
322	0.873420475193632	0.709160136354995
323	0.873413759711214	0.709113449555969
324	0.873407064296184	0.709066879629872
325	0.873400388827946	0.70902042592364
326	0.873393733186993	0.708974087789841
327	0.873387097254894	0.708927864586613
328	0.87338048091428	0.708881755677595
329	0.873373884048828	0.708835760431864
330	0.873367306543256	0.708789878223876
331	0.873360748283302	0.708744108433398
332	0.873354209155722	0.708698450445453
333	0.873347689048266	0.708652903650257
334	0.873341187849678	0.70860746744316
335	0.873334705449675	0.708562141224587
336	0.873328241738942	0.708516924399983
337	0.873321796609117	0.708471816379754
338	0.873315369952783	0.70842681657921
339	0.873308961663452	0.708381924418515
340	0.87330257163556	0.708337139322627
341	0.873296199764453	0.708292460721248
342	0.873289845946378	0.708247888048769
343	0.873283510078471	0.708203420744219
344	0.873277192058749	0.708159058251215
345	0.873270891786098	0.708114800017908
346	0.873264609160264	0.708070645496938
347	0.873258344081844	0.708026594145378
348	0.873252096452274	0.707982645424692
349	0.873245866173824	0.707938798800684
350	0.873239653149582	0.707895053743451
351	0.873233457283451	0.707851409727336
352	0.873227278480137	0.707807866230882
353	0.873221116645141	0.707764422736791
354	0.873214971684749	0.707721078731872
355	0.873208843506025	0.707677833707001
356	0.8732027320168	0.70763468715708
357	0.873196637125665	0.707591638580986
358	0.873190558741964	0.707548687481539
359	0.873184496775785	0.707505833365453
360	0.873178451137948	0.707463075743294
361	0.873172421740003	0.707420414129448
362	0.873166408494218	0.70737784804207
363	0.873160411313573	0.707335377003051
364	0.873154430111753	0.707293000537978
365	0.873148464803138	0.707250718176095
366	0.873142515302796	0.707208529450262
367	0.873136581526477	0.707166433896925
368	0.873130663390607	0.70712443105607
369	0.873124760812276	0.707082520471191
370	0.873118873709236	0.707040701689256
371	0.873113001999891	0.706998974260666
372	0.873107145603291	0.706957337739223
373	0.873101304439125	0.706915791682097
374	0.873095478427714	0.706874335649788
375	0.873089667490005	0.706832969206092
376	0.873083871547566	0.706791691918074
377	0.873078090522575	0.706750503356025
378	0.873072324337818	0.706709403093439
379	0.873066572916679	0.706668390706974
380	0.87306083618314	0.706627465776424
381	0.873055114061766	0.706586627884687
382	0.873049406477707	0.706545876617732
383	0.873043713356687	0.706505211564572
384	0.873038034625	0.70646463231723
385	0.873032370209505	0.706424138470713
386	0.873026720037618	0.706383729622978
387	0.873021084037308	0.706343405374909
388	0.873015462137091	0.706303165330281
389	0.873009854266024	0.706263009095739
390	0.8730042603537	0.706222936280764
391	0.872998680330243	0.706182946497649
392	0.872993114126302	0.70614303936147
393	0.872987561673046	0.70610321449006
394	0.872982022902158	0.706063471503982
395	0.872976497745832	0.706023810026502
396	0.872970986136764	0.705984381972799
397	0.872965488008154	0.705945304708165
398	0.872960003293691	0.705906306978345
399	0.872954531927559	0.705867388421079
400	0.872949073844423	0.705828548676653
401	0.87294362897943	0.70578978738788
402	0.872938197268202	0.705751104200072
403	0.872932778646832	0.70571249876102
404	0.87292737305188	0.705673970720968
405	0.872921980420365	0.705635519732591
406	0.872916600689765	0.705597145450971
407	0.872911233798012	0.705558847533577
408	0.872905879683485	0.705520625640241
409	0.872900538285006	0.705482479433134
410	0.872895209541838	0.70544440857675
411	0.872889893393681	0.705406412737876
412	0.872884589780663	0.705368491585581
413	0.872879298643344	0.705330644791184
414	0.872874019922702	0.705292872028245
415	0.872868753560137	0.705255172972532
416	0.872863499497466	0.705217547302012
417	0.872858257676913	0.705179994696824
418	0.872853028041114	0.70514251483926
419	0.872847810533106	0.705105107413749
420	0.872842605096325	0.705067772106833
421	0.872837411674606	0.705030508607151
422	0.872832230212175	0.70499331660542
423	0.872827060653645	0.704956195794413
424	0.872821902944017	0.704919145868945
425	0.872816757028673	0.704882166525853
426	0.872811622853371	0.704845257463975
427	0.872806500364246	0.704808418384136
428	0.872801389507804	0.70477164898913
429	0.872796290230915	0.7047349489837
430	0.872791202480818	0.704698318074522
431	0.872786126205112	0.70466175597019
432	0.872781061351751	0.704625262381195
433	0.872776007869047	0.704588837019911
434	0.87277096570566	0.704552479600579
435	0.872765934810601	0.704516189839288
436	0.872760915133224	0.704479967453962
437	0.872755906623226	0.704443812164341
438	0.872750909230641	0.704407723691968
439	0.87274592290584	0.704371701760169
440	0.872740947599527	0.704335746094045
441	0.872735983262734	0.704299856420449
442	0.872731029846823	0.704264032467974
443	0.872726087303477	0.70422827396694
444	0.8727211555847	0.704192580649374
445	0.872716234642815	0.704156952249004
446	0.872711324430461	0.704121388501232
447	0.872706424900588	0.704085889143133
448	0.872701536006458	0.704050453913432
449	0.872696657701637	0.704015082552492
450	0.872691789939999	0.703979774802301
451	0.872686932675716	0.703944530406458
452	0.872682085863263	0.703909349110161
453	0.872677249457408	0.70387423066019
454	0.872672423413214	0.703839174804896
455	0.872667607686037	0.703804181294187
456	0.87266280223152	0.703769249879517
457	0.872658007005593	0.703734380313869
458	0.872653221964471	0.703699572351748
459	0.872648447064648	0.703664825749162
460	0.872643682262899	0.703630140263615
461	0.872638927516275	0.703595515654092
462	0.872634182782102	0.703560951681046
463	0.872629448017976	0.703526448106387
464	0.872624723181766	0.703492004693472
465	0.872620008231605	0.703457621207089
466	0.872615303125894	0.703423297413448
467	0.872610607823293	0.70338903308017
468	0.872605922282728	0.703354827976273
469	0.872601246463378	0.703320681872163
470	0.872596580324683	0.703286594539622
471	0.872591923826334	0.703252565751794
472	0.872587276928275	0.70321859528318
473	0.872582639590701	0.703184682909622
474	0.872578011774053	0.703150828408294
475	0.872573393439018	0.703117031557692
476	0.872568784546529	0.70308329213762
477	0.872564185057759	0.703049609929186
478	0.87255959493412	0.703015984714784
479	0.872555014137263	0.702982416278092
480	0.872550442629074	0.702948904404051
481	0.872545880371675	0.702915448878868
482	0.872541327327418	0.702882049489994
483	0.872536783458885	0.702848706026123
484	0.872532248728886	0.702815418277177
485	0.87252772310046	0.702782186034298
486	0.872523206536867	0.702749009089838
487	0.872518699001592	0.702715887237352
488	0.872514200458339	0.702682820271584
489	0.872509710871034	0.702649807988463
490	0.872505230203818	0.702616850185087
491	0.872500758421049	0.702583946659724
492	0.872496295487297	0.70255109721179
493	0.872491841367345	0.702518301641853
494	0.872487396026188	0.70248589648914
495	0.872482959429029	0.702453554892695
496	0.872478531541276	0.702421266017383
497	0.872474112328546	0.702389029670334
498	0.872469701756657	0.70235684565977
499	0.87246529979163	0.702324713794993
500	0.872460906399689	0.702292633886383
501	0.872456521547253	0.702260605745383
502	0.872452145200941	0.702228629184495
503	0.872447777327569	0.702196704017271
504	0.872443417894145	0.702164830058305
505	0.872439066867871	0.702133007123227
506	0.87243472421614	0.70210123502869
507	0.872430389906536	0.702069513592369
508	0.872426063906831	0.702037842632948
509	0.872421746184982	0.702006221970114
510	0.872417436709135	0.701974651424553
511	0.872413135447618	0.701943130817936
512	0.872408842368941	0.701911659972917
513	0.872404557441798	0.701880238713124
514	0.872400280635059	0.701848866863152
515	0.872396011917778	0.701817544248553
516	0.87239175125918	0.701786270695834
517	0.872387498628669	0.701755046032447
518	0.872383253995825	0.70172387008678
519	0.872379017330397	0.701692742688157
520	0.87237478860231	0.701661663666823
521	0.872370567781657	0.701630632853941
522	0.8723663548387	0.701599650081587
523	0.87236214974387	0.701568715182741
524	0.872357952467766	0.70153782799128
525	0.872353762981149	0.701506988341975
526	0.872349581254948	0.701476196070478
527	0.872345407260252	0.701445451013322
528	0.872341240968312	0.701414753007913
529	0.872337082350542	0.701384101892521
530	0.872332931378512	0.701353497506277
531	0.872328788023953	0.701322939689165
532	0.872324652258752	0.701292428282016
533	0.872320524054952	0.701261963126505
534	0.872316403384749	0.701231544065138
535	0.872312290220494	0.701201170941253
536	0.872308184534691	0.701170843599011
537	0.872304086299995	0.701140561883391
538	0.87229999548921	0.701110325640184
539	0.87229591207529	0.701080134715987
540	0.872291836031337	0.701049988958195
541	0.872287767330599	0.701019888215001
542	0.872283705946471	0.700989832335386
543	0.872279651852493	0.700959821169115
544	0.872275605022346	0.700929854566729
545	0.872271565429858	0.700899932379545
546	0.872267533048996	0.700870054459644
547	0.872263507853866	0.700840220659872
548	0.872259489818717	0.700810430833829
549	0.872255478917936	0.700780684835868
550	0.872251475126046	0.700750982521087
551	0.872247478417707	0.700721323745326
552	0.872243488767716	0.70069170836516
553	0.872239506151004	0.700662136237896
554	0.872235530542633	0.700632607221565
555	0.872231561917804	0.70060312117492
556	0.872227600251844	0.70057367795743
557	0.872223645520213	0.700544277429274
558	0.872219697698502	0.700514919451338
559	0.872215756762429	0.700485603885207
560	0.872211822687842	0.700456330593166
561	0.872207895450716	0.700427099438189
562	0.87220397502715	0.700397910283938
563	0.872200061393371	0.700368762994757
564	0.872196154525731	0.700339657435669
565	0.872192254400703	0.700310593472367
566	0.872188360994886	0.700281570971218
567	0.872184474284997	0.700252589799247
568	0.872180594247879	0.700223649824143
569	0.872176720860492	0.700194750914248
570	0.872172854099916	0.700165892938557
571	0.872168993943351	0.700137075766709
572	0.872165140368112	0.700108299268987
573	0.872161293351635	0.700079563316311
574	0.872157452871468	0.700050867780236
575	0.872153618905278	0.700022212532944
576	0.872149791430845	0.699993597447246
577	0.872145970426061	0.699965022396569
578	0.872142155868936	0.699936487254963
579	0.872138347737587	0.699907991897086
580	0.872134546010246	0.699879536198208
581	0.872130750665253	0.699851120034202
582	0.872126961681062	0.699822743281545
583	0.872123179036232	0.699794405817308
584	0.872119402709433	0.699766107519156
585	0.872115632679442	0.699737848265344
586	0.872111868925143	0.699709627934712
587	0.872108111425528	0.699681446406682
588	0.872104360159692	0.699653303561253
589	0.872100615106836	0.699625199278999
590	0.872096876246266	0.699597133441064
591	0.872093143557391	0.69956910592916
592	0.872089417019722	0.69954111662556
593	0.872085696612874	0.699513165413098
594	0.872081982316562	0.699485252175163
595	0.872078274110602	0.699457376795697
596	0.872074571974911	0.69942953915919
597	0.872070875889504	0.699401739150679
598	0.872067185834496	0.69937397665574
599	0.8720635017901	0.699346251560489
600	0.872059823736626	0.699318563751578
601	0.872056151654481	0.699290913116188
602	0.872052485524169	0.699263299542031
603	0.872048825326289	0.69923572291734
604	0.872045171041535	0.699208183130874
605	0.872041522650695	0.699180680071907
606	0.872037880134651	0.699153213630228
607	0.87203424347438	0.69912578369614
608	0.872030612650948	0.699098390160453
609	0.872026987645515	0.699071032914481
610	0.872023368439333	0.699043983905978
611	0.872019755013743	0.699016986244494
612	0.872016147350177	0.69899002417092
613	0.872012545430157	0.698963097579685
614	0.872008949235294	0.698936206365703
615	0.872005358747287	0.698909350424368
616	0.872001773947922	0.698882529651554
617	0.871998194819073	0.69885574394361
618	0.871994621342703	0.698828993197358
619	0.871991053500857	0.69880227731009
620	0.871987491275669	0.698775596179564
621	0.871983934649357	0.698748949704003
622	0.871980383604223	0.69872233778209
623	0.871976838122653	0.698695760312968
624	0.871973298187118	0.698669217196234
625	0.87196976378017	0.698642708331939
626	0.871966234884445	0.698616233620582
627	0.871962711482661	0.698589792963113
628	0.871959193557615	0.698563386260922
629	0.871955681092188	0.698537013415845
630	0.871952174069339	0.698510674330153
631	0.871948672472108	0.698484368906558
632	0.871945176283615	0.698458097048202
633	0.871941685487058	0.69843185865866
634	0.871938200065713	0.698405653641937
635	0.871934720002934	0.698379481902462
636	0.871931245282155	0.698353343345087
637	0.871927775886882	0.698327237875088
638	0.871924311800703	0.698301165398157
639	0.871920853007277	0.698275125820402
640	0.871917399490342	0.698249119048346
641	0.871913951233709	0.698223144988921
642	0.871910508221266	0.69819720354947
643	0.871907070436972	0.698171294637742
644	0.871903637864862	0.698145418161886
645	0.871900210489044	0.698119574030456
646	0.871896788293698	0.698093762152406
647	0.871893371263076	0.698067982437082
648	0.871889959381503	0.698042234794229
649	0.871886552633375	0.698016519133981
650	0.871883151003159	0.697990835366863
651	0.871879754475392	0.697965183403787
652	0.871876363034684	0.697939563156051
653	0.871872976665709	0.697913974535334
654	0.871869595353218	0.697888417453698
655	0.871866219082023	0.697862891823581
656	0.87186284783701	0.6978373975578
657	0.871859481603132	0.697811934569543
658	0.871856120365408	0.697786502772372
659	0.871852764108926	0.697761102080218
660	0.871849412818839	0.69773573240738
661	0.871846066480368	0.697710393668522
662	0.871842725078801	0.697685085778671
663	0.871839388599488	0.697659808653217
664	0.871836057027848	0.697634562207907
665	0.871832730349364	0.697609346358846
666	0.871829408549582	0.697584161022495
667	0.871826091614113	0.697559006115666
668	0.871822779528633	0.697533881555524
669	0.871819472278879	0.697508787259582
670	0.871816169850653	0.6974837231457
671	0.871812872229819	0.697458689132084
672	0.871809579402302	0.697433685137282
673	0.871806291354091	0.697408711080185
674	0.871803008071235	0.697383766880019
675	0.871799729539845	0.697358852456353
676	0.871796455746093	0.697333967729086
677	0.87179318667621	0.697309112618455
678	0.871789922316488	0.697284287045026
679	0.871786662653279	0.697259490929695
680	0.871783407672995	0.697234724193687
681	0.871780157362106	0.697209986758552
682	0.871776911707139	0.697185278546165
683	0.871773670694685	0.697160599478723
684	0.871770434311386	0.697135949478743
685	0.871767202543947	0.697111328469063
686	0.871763975379127	0.697086736372837
687	0.871760752803745	0.697062173113532
688	0.871757534804675	0.697037638614931
689	0.871754321368847	0.69701313280113
690	0.871751112483247	0.696988655596533
691	0.871747908134919	0.696964206925852
692	0.87174470831096	0.696939786714107
693	0.871741512998524	0.696915394886623
694	0.871738322184817	0.696891031369027
695	0.871735135857102	0.69686669608725
696	0.871731954002695	0.696842388967521
697	0.871728776608968	0.696818109936367
698	0.871725603663343	0.696793858920614
699	0.871722435153298	0.696769635847381
700	0.871719271066362	0.696745440644082
701	0.871716111390119	0.696721273238422
702	0.871712956112203	0.696697133558396
703	0.871709805220302	0.696673021532288
704	0.871706658702154	0.696648937088671
705	0.871703516545551	0.6966248801564
706	0.871700378738333	0.696600850664617
707	0.871697245268393	0.696576848542746
708	0.871694116123675	0.696552873720492
709	0.871690991292171	0.696528926127838
710	0.871687870761926	0.696505005695046
711	0.871684754521032	0.696481112352657
712	0.871681642557632	0.696457246031482
713	0.87167853485992	0.696433406662609
714	0.871675431416134	0.696409594177398
715	0.871672332214566	0.696385808507478
716	0.871669237243554	0.696362049584749
717	0.871666146491484	0.696338317341377
718	0.871663059946789	0.696314611709797
719	0.871659977597952	0.696290932622705
720	0.871656899433503	0.696267280013064
721	0.871653825442016	0.696243653814097
722	0.871650755612117	0.69622005395929
723	0.871647689932473	0.696196480382385
724	0.871644628391802	0.696172933017385
725	0.871641570978865	0.696149411798549
726	0.871638517682471	0.696125916660389
727	0.871635468491473	0.696102447537674
728	0.87163242339477	0.696079004365424
729	0.871629382381306	0.696055587078912
730	0.87162634544007	0.696032195613657
731	0.871623312560094	0.696008829905431
732	0.871620283730459	0.695985489890252
733	0.871617258940284	0.695962175504382
734	0.871614238178736	0.695938886684331
735	0.871611221435024	0.695915623366851
736	0.871608208698402	0.695892385488935
737	0.871605199958165	0.69586917298782
738	0.871602195203653	0.69584598580098
739	0.871599194424247	0.695822823866129
740	0.871596197609371	0.695799687121219
741	0.871593204748492	0.695776575504435
742	0.871590215831118	0.695753488954199
743	0.8715872308468	0.695730427409168
744	0.87158424978513	0.69570739080823
745	0.871581272635741	0.695684379090502
746	0.871578299388307	0.695661392195336
747	0.871575330032545	0.695638597101951
748	0.871572364558209	0.695615899473676
749	0.871569402955098	0.695593226229756
750	0.871566445213047	0.695570577311073
751	0.871563491321933	0.695547952658731
752	0.871560541271675	0.695525352214056
753	0.871557595052227	0.695502775918593
754	0.871554652653587	0.695480223714105
755	0.871551714065789	0.695457695542573
756	0.871548779278907	0.695435191346194
757	0.871545848283056	0.695412711067382
758	0.871542921068385	0.695390254648762
759	0.871539997625087	0.695367822033175
760	0.871537077943388	0.695345413163673
761	0.871534162013556	0.695323027983518
762	0.871531249825895	0.695300666436184
763	0.871528341370747	0.695278328465351
764	0.87152543663849	0.69525601401491
765	0.871522535619542	0.695233723028958
766	0.871519638304357	0.695211455451795
767	0.871516744683424	0.695189211227929
768	0.871513854747271	0.69516699030207
769	0.871510968486462	0.695144792619132
770	0.871508085891597	0.695122618124229
771	0.871505206953311	0.695100466762678
772	0.871502331662278	0.695078338479992
773	0.871499460009204	0.695056233221888
774	0.871496591984833	0.695034150934275
775	0.871493727579943	0.695012091563264
776	0.871490866785349	0.694990055055158
777	0.8714880095919	0.694968041356456
778	0.871485155990479	0.694946050413852
779	0.871482305972006	0.694924082174231
780	0.871479459527431	0.694902136584672
781	0.871476616647744	0.694880213592443
782	0.871473777323965	0.694858313145005
783	0.87147094154715	0.694836435190004
784	0.871468109308388	0.694814579675278
785	0.871465280598802	0.694792746548851
786	0.871462455409548	0.694770935758933
787	0.871459633731815	0.69474914725392
788	0.871456815556827	0.694727380982393
789	0.871454000875838	0.694705636893115
790	0.871451189680138	0.694683914935035
791	0.871448381961047	0.694662215057281
792	0.87144557770992	0.694640537209164
793	0.871442776918141	0.694618881340173
794	0.871439979577128	0.69459724739998
795	0.871437185678332	0.694575635338431
796	0.871434395213235	0.694554045105554
797	0.871431608173349	0.69453247665155
798	0.871428824550221	0.694510929926799
799	0.871426044335425	0.694489404881854
800	0.87142326752057	0.694467901467443
801	0.871420494097294	0.694446419634468
802	0.871417724057266	0.694424959334004
803	0.871414957392188	0.694403520517294
804	0.871412194093788	0.694382103135758
805	0.87140943415383	0.694360707140981
806	0.871406677564103	0.69433933248472
807	0.871403924316431	0.694317979118899
808	0.871401174402663	0.694296646995613
809	0.871398427814683	0.694275336067119
810	0.8713956845444	0.694254046285845
811	0.871392944583756	0.69423277760438
812	0.871390207924721	0.694211529975482
813	0.871387474559294	0.694190303352069
814	0.871384744479503	0.694169097687225
815	0.871382017677407	0.694147912934194
816	0.871379294145091	0.694126749046383
817	0.871376573874671	0.69410560597736
818	0.87137385685829	0.694084483680852
819	0.871371143088119	0.694063382110745
820	0.871368432556361	0.694042301221085
821	0.871365725255242	0.694021240966075
822	0.871363021177019	0.694000201300076
823	0.871360320313977	0.693979182177603
824	0.871357622658428	0.693958183553329
825	0.871354928202712	0.693937205382082
826	0.871352236939195	0.693916247618842
827	0.871349548860272	0.693895310218744
828	0.871346863958366	0.693874393137076
829	0.871344182225924	0.693853496329278
830	0.871341503655423	0.69383261975094
831	0.871338828239366	0.693811763357804
832	0.871336155970281	0.693790927105762
833	0.871333486840726	0.693770110950855
834	0.871330820843281	0.693749314849272
835	0.871328157970556	0.693728538757352
836	0.871325498215185	0.693707782631577
837	0.871322841569831	0.693687046428582
838	0.871320188027179	0.693666330105142
839	0.871317537579943	0.693645633618179
840	0.87131489022086	0.693624956924762
841	0.871312245942696	0.693604299982101
842	0.871309604738239	0.693583662747551
843	0.871306966600305	0.693563045178608
844	0.871304331521734	0.693542447232912
845	0.871301699495391	0.693521868868243
846	0.871299070514165	0.693501310042522
847	0.871296444570973	0.69348077071381
848	0.871293821658755	0.693460250840308
849	0.871291201770474	0.693439750380355
850	0.871288584899119	0.693419269292429
851	0.871285971037706	0.693398807535145
852	0.87128336017927	0.693378365067255
853	0.871280752316874	0.693357941847647
854	0.871278147443605	0.693337537835347
855	0.871275545552572	0.693317152989513
856	0.871272946636908	0.693296787269438
857	0.871270350689773	0.693276440634551
858	0.871267757704346	0.693256113044414
859	0.871265167673834	0.693235804458719
860	0.871262580591463	0.693215514837293
861	0.871259996450486	0.693195244140093
862	0.871257415244177	0.693174992327209
863	0.871254836965835	0.693154759358858
864	0.871252261608779	0.69313454519539
865	0.871249689166354	0.693114349797283
866	0.871247119631927	0.693094173125143
867	0.871244552998886	0.693074015139706
868	0.871241989260643	0.693053875801833
869	0.871239428410632	0.693033755072514
870	0.871236870442311	0.693013652912865
871	0.871234315349158	0.692993569284128
872	0.871231763124673	0.69297350414767
873	0.871229213762381	0.692953457464981
874	0.871226667255826	0.692933429197679
875	0.871224123598575	0.692913419307503
876	0.871221582784217	0.692893427756317
877	0.871219044806362	0.692873454506104
878	0.871216509658643	0.692853499518973
879	0.871213977334712	0.692833562757154
880	0.871211447828245	0.692813644182995
881	0.871208921132938	0.692793743758969
882	0.871206397242507	0.692773861447665
883	0.871203876150692	0.692753997211793
884	0.871201357851252	0.692734151014183
885	0.871198888436149	0.692714322817782
886	0.871196427021244	0.692694512585655
887	0.871193968323562	0.692674720280985
888	0.871191512337071	0.692654945867072
889	0.87118905905576	0.692635189307332
890	0.871186608473636	0.692615450565296
891	0.871184160584728	0.692595729604613
892	0.871181715383082	0.692576026389044
893	0.871179272862766	0.692556340882467
894	0.871176833017869	0.692536673048871
895	0.871174395842495	0.692517022852362
896	0.871171961330773	0.692497390257156
897	0.871169529476847	0.692477775227582
898	0.871167100274883	0.692458177728082
899	0.871164673719064	0.692438597723209
900	0.871162249803595	0.692419035177628
901	0.871159828522698	0.692399490056113
902	0.871157409870614	0.69237996232355
903	0.871154993841604	0.692360451944931
904	0.871152580429948	0.692340958885362
905	0.871150169629942	0.692321483110054
906	0.871147761435904	0.692302024584328
907	0.871145355842169	0.692282583273613
908	0.871142952843091	0.69226324162318
909	0.871140552433042	0.692244036111272
910	0.871138154606412	0.692224847533656
911	0.87113575935761	0.692205675856543
912	0.871133366681063	0.692186521046246
913	0.871130976571216	0.692167383069183
914	0.871128589022533	0.692148261891877
915	0.871126204029494	0.692129157480952
916	0.871123821586597	0.692110069803136
917	0.871121441688361	0.69209099882526
918	0.871119064329319	0.692071944514253
919	0.871116689504022	0.692052906837152
920	0.871114317207041	0.692033885761089
921	0.871111947432963	0.6920148812533
922	0.871109580176392	0.69199589328112
923	0.87110721543195	0.691976921811984
924	0.871104853194276	0.691957966813426
925	0.871102493458026	0.691939028253079
926	0.871100136217873	0.691920106098677
927	0.871097781468509	0.691901200318048
928	0.87109542920464	0.69188231087912
929	0.87109307942099	0.69186343774992
930	0.871090732112301	0.691844580898568
931	0.87108838727333	0.691825740293283
932	0.871086044898853	0.691806915902381
933	0.87108370498366	0.691788107694271
934	0.871081367522558	0.69176931563746
935	0.871079032510372	0.69175053970055
936	0.871076699941942	0.691731779852234
937	0.871074369812126	0.691713036061302
938	0.871072042115797	0.69169430829664
939	0.871069716847842	0.691675596527223
940	0.871067394003169	0.691656900722121
941	0.871065073576699	0.691638220850497
942	0.871062755563369	0.691619556881607
943	0.871060439958132	0.691600908784796
944	0.871058126755958	0.691582276529505
945	0.871055815951831	0.691563660085261
946	0.871053507540754	0.691545059421687
947	0.871051201517741	0.691526474508492
948	0.871048897877825	0.691507905315478
949	0.871046596616054	0.691489351812537
950	0.87104429772749	0.691470813969647
951	0.871042001207212	0.691452291756878
952	0.871039707050314	0.691433785144388
953	0.871037415251904	0.691415294102424
954	0.871035125807108	0.691396818601319
955	0.871032838711063	0.691378358611494
956	0.871030553958926	0.69135991410346
957	0.871028271545864	0.691341485047811
958	0.871025991467063	0.69132307141523
959	0.871023713717722	0.691304673176486
960	0.871021438293054	0.691286290302432
961	0.87101916518829	0.69126792276401
962	0.871016894398672	0.691249570532243
963	0.871014625919459	0.691231233578243
964	0.871012359745923	0.691212911873203
965	0.871010095873352	0.691194605388402
966	0.871007834297048	0.691176314095203
967	0.871005575012328	0.691158037965051
968	0.87100331801452	0.691139776969476
969	0.871001063298972	0.69112153108009
970	0.870998810861041	0.691103300268587
971	0.870996560696102	0.691085084506745
972	0.87099431279954	0.69106688376642
973	0.870992067166759	0.691048698019555
974	0.870989823793174	0.69103052723817
975	0.870987582674213	0.691012371394367
976	0.870985343805321	0.690994230460329
977	0.870983107181954	0.690976104408321
978	0.870980872799584	0.690957993210684
979	0.870978640653695	0.690939896839841
980	0.870976410739785	0.690921815268295
981	0.870974183053367	0.690903748468628
982	0.870971957589966	0.690885696413498
983	0.870969734345121	0.690867659075644
984	0.870967513314385	0.690849636427883
985	0.870965294493323	0.69083162844311
986	0.870963077877514	0.690813635094295
987	0.870960863462552	0.690795656354488
988	0.870958651244041	0.690777692196815
989	0.870956441217601	0.690759742594478
990	0.870954233378864	0.690741807520757
991	0.870952027723475	0.690723886949006
992	0.870949824247092	0.690705980852657
993	0.870947622945385	0.690688089205214
994	0.87094542381404	0.69067021198026
995	0.870943226848753	0.69065234915145
996	0.870941032045234	0.690634500692516
997	0.870938839399205	0.690616666577262
998	0.870936648906402	0.690598846779567
999	0.870934460562571	0.690581041273385
1000	0.870943201722795	0.690563239197478
1001	0.870930090304885	0.690545473031735
