1	0.00453911628726817	0.00453911628726817
2	0.0066047316716438	0.0066047316716438
3	0.00800545461861903	0.00800545461861903
4	0.00907589984075527	0.00907589984075527
5	0.00994480652440054	0.00994480652440054
6	0.0106764167719657	0.0106764167719657
7	0.0113078639057777	0.0113078639057777
8	0.0118627489192662	0.0118627489192662
9	0.0123570984277892	0.0123570984277892
10	0.01280233842048	0.01280233842048
11	0.0132069241981707	0.0132069241981707
12	0.013577299666799	0.013577299666799
13	0.0139184943814342	0.0139184943814342
14	0.0142345122382556	0.0142345122382556
15	0.0145285940558036	0.0145285940558036
16	0.0148034005292863	0.0148034005292863
17	0.0150611430887146	0.0150611430887146
18	0.0153036796244532	0.0153036796244532
19	0.0155325858930119	0.0155325858930119
20	0.0157492097006469	0.0157492097006469
21	0.0159547126447409	0.0159547126447409
22	0.0161501027057444	0.0161501027057444
23	0.0163362600039944	0.0163362600039944
24	0.0165139573774762	0.0165139573774762
25	0.016683876984845	0.016683876984845
26	0.0168466238223771	0.0168466238223771
27	0.0170027368193522	0.0170027368193522
28	0.0171526980147924	0.0171526980147924
29	0.01729694020044	0.01729694020044
30	0.0174358533275327	0.0174358533275327
31	0.0175697899096049	0.0175697899096049
32	0.0176990696041396	0.0176990696041396
33	0.0178239831181705	0.0178239831181705
34	0.0179447955538708	0.0179447955538708
35	0.018061749287572	0.018061749287572
36	0.0181750664579642	0.0181750664579642
37	0.0182849511252679	0.0182849511252679
38	0.0183915911520701	0.0183915911520701
39	0.0184951598476459	0.0184951598476459
40	0.0185958174104434	0.0185958174104434
41	0.0186937121976285	0.0186937121976285
42	0.0187889818458821	0.0187889818458821
43	0.0188817542637905	0.0188817542637905
44	0.0189721485130045	0.0189721485130045
45	0.0190602755927266	0.0190602755927266
46	0.0191462391399176	0.0191462391399176
47	0.0192301360558018	0.0192301360558018
48	0.0193120570677386	0.0193120570677386
49	0.0193920872342571	0.0193920872342571
50	0.0194703063999767	0.0194703063999767
51	0.0195467896062312	0.0195467896062312
52	0.0196216074624433	0.0196216074624433
53	0.0196948264826399	0.0196948264826399
54	0.0197665093909383	0.0197665093909383
55	0.0198367153993547	0.0198367153993547
56	0.0199055004608706	0.0199055004608706
57	0.0199729175003384	0.0199729175003384
58	0.0200390166255013	0.0200390166255013
59	0.0201038453201329	0.0201038453201329
60	0.0201674486210736	0.0201674486210736
61	0.020229869280737	0.020229869280737
62	0.0202911479164857	0.0202911479164857
63	0.0203513231481198	0.0203513231481198
64	0.0204104317245888	0.0204104317245888
65	0.0204685086409172	0.0204685086409172
66	0.0205255872462314	0.0205255872462314
67	0.0205816993436828	0.0205816993436828
68	0.0206368752829796	0.0206368752829796
69	0.0206911440461718	0.0206911440461718
70	0.0207445333272635	0.0207445333272635
71	0.0207970696061782	0.0207970696061782
72	0.0208487782175442	0.0208487782175442
73	0.0208996834147286	0.0208996834147286
74	0.0209498084295042	0.0209498084295042
75	0.0209991755277004	0.0209991755277004
76	0.021047806061155	0.021047806061155
77	0.0210957205162566	0.0210957205162566
78	0.0211429385593402	0.0211429385593402
79	0.0211894790791762	0.0211894790791762
80	0.0212353602267717	0.0212353602267717
81	0.021280599452684	0.021280599452684
82	0.021325213542029	0.021325213542029
83	0.021369218647353	0.021369218647353
84	0.0214126303195198	0.0214126303195198
85	0.0214554635367557	0.0214554635367557
86	0.0214977327319812	0.0214977327319812
87	0.021539451818547	0.021539451818547
88	0.0215806342144872	0.0215806342144872
89	0.0216212928653866	0.0216212928653866
90	0.021661440265958	0.021661440265958
91	0.021701088480414	0.021701088480414
92	0.0217402491617135	0.0217402491617135
93	0.0217789335697548	0.0217789335697548
94	0.0218171525885845	0.0218171525885845
95	0.0218549167426847	0.0218549167426847
96	0.021892236212396	0.021892236212396
97	0.0219291208485313	0.0219291208485313
98	0.0219655801862293	0.0219655801862293
99	0.0220016234580957	0.0220016234580957
100	0.0220372596066742	0.0220372596066742
101	0.0220724972962883	0.0220724972962883
102	0.0221073449242903	0.0221073449242903
103	0.0221418106317544	0.0221418106317544
104	0.0221759023136441	0.0221759023136441
105	0.0222096276284857	0.0222096276284857
106	0.0222429940075765	0.0222429940075765
107	0.0222760086637526	0.0222760086637526
108	0.0223086785997431	0.0223086785997431
109	0.0223410106161315	0.0223410106161315
110	0.0223730113189488	0.0223730113189488
111	0.0224046871269156	0.0224046871269156
112	0.0224360442783545	0.0224360442783545
113	0.0224670888377891	0.0224670888377891
114	0.022497826702248	0.022497826702248
115	0.0225282636072869	0.0225282636072869
116	0.0225584051327463	0.0225584051327463
117	0.022588256708257	0.022588256708257
118	0.0226178236185066	0.0226178236185066
119	0.0226471110082796	0.0226471110082796
120	0.0226761238872825	0.0226761238872825
121	0.0227048671347648	0.0227048671347648
122	0.0227333455039454	0.0227333455039454
123	0.0227615636262554	0.0227615636262554
124	0.0227895260154052	0.0227895260154052
125	0.0228172370712847	0.0228172370712847
126	0.0228447010837054	0.0228447010837054
127	0.0228719222359908	0.0228719222359908
128	0.0228989046084235	0.0228989046084235
129	0.0229256521815549	0.0229256521815549
130	0.0229521688393846	0.0229521688393846
131	0.0229784583724151	0.0229784583724151
132	0.0230045244805881	0.0230045244805881
133	0.0230303707761071	0.0230303707761071
134	0.023056000786152	0.023056000786152
135	0.023081417955491	0.023081417955491
136	0.0231066256489933	0.0231066256489933
137	0.0231316271540476	0.0231316271540476
138	0.0231564256828916	0.0231564256828916
139	0.0231810243748541	0.0231810243748541
140	0.0232054262985157	0.0232054262985157
141	0.0232296344537907	0.0232296344537907
142	0.0232536517739336	0.0232536517739336
143	0.0232774811274731	0.0232774811274731
144	0.023301125320078	0.023301125320078
145	0.0233245870963562	0.0233245870963562
146	0.0233478691415906	0.0233478691415906
147	0.0233709740834146	0.0233709740834146
148	0.0233939044934288	0.0233939044934288
149	0.0234166628887625	0.0234166628887625
150	0.0234392517335816	0.0234392517335816
151	0.0234616734405447	0.0234616734405447
152	0.0234839303722103	0.0234839303722103
153	0.023506024842397	0.023506024842397
154	0.0235279591174976	0.0235279591174976
155	0.0235497354177498	0.0235497354177498
156	0.0235713559184656	0.0235713559184656
157	0.0235928227512197	0.0235928227512197
158	0.023614138004999	0.023614138004999
159	0.0236353037273163	0.0236353037273163
160	0.0236563219252862	0.0236563219252862
161	0.0236771945666684	0.0236771945666684
162	0.0236979235808768	0.0236979235808768
163	0.0237185108599567	0.0237185108599567
164	0.0237389582595323	0.0237389582595323
165	0.0237592675997236	0.0237592675997236
166	0.0237794406660353	0.0237794406660353
167	0.0237994792102182	0.0237994792102182
168	0.0238193849511045	0.0238193849511045
169	0.023839159575417	0.023839159575417
170	0.0238588047385547	0.0238588047385547
171	0.0238783220653539	0.0238783220653539
172	0.0238977131508267	0.0238977131508267
173	0.0239169795608781	0.0239169795608781
174	0.0239361228330012	0.0239361228330012
175	0.0239551444769519	0.0239551444769519
176	0.0239740459754047	0.0239740459754047
177	0.0239928287845883	0.0239928287845883
178	0.0240114943349036	0.0240114943349036
179	0.0240300440315237	0.0240300440315237
180	0.0240484792549763	0.0240484792549763
181	0.0240668013617103	0.0240668013617103
182	0.024085011684646	0.024085011684646
183	0.0241031115337091	0.0241031115337091
184	0.0241211021963512	0.0241211021963512
185	0.0241389849380545	0.0241389849380545
186	0.0241567610028232	0.0241567610028232
187	0.0241744316136611	0.0241744316136611
188	0.0241919979730361	0.0241919979730361
189	0.0242094612633323	0.0242094612633323
190	0.0242268226472894	0.0242268226472894
191	0.0242440832684309	0.0242440832684309
192	0.0242612442514796	0.0242612442514796
193	0.0242783067027637	0.0242783067027637
194	0.0242952717106104	0.0242952717106104
195	0.0243121403457305	0.0243121403457305
196	0.0243289136615918	0.0243289136615918
197	0.0243455926947834	0.0243455926947834
198	0.0243621784653702	0.0243621784653702
199	0.0243786719772386	0.0243786719772386
200	0.0243950742184325	0.0243950742184325
201	0.0244113861614817	0.0244113861614817
202	0.0244276087637208	0.0244276087637208
203	0.0244437429676013	0.0244437429676013
204	0.0244597897009946	0.0244597897009946
205	0.0244757498774879	0.0244757498774879
206	0.0244916243966728	0.0244916243966728
207	0.0245074141444267	0.0245074141444267
208	0.0245231199931869	0.0245231199931869
209	0.0245387428022179	0.0245387428022179
210	0.0245542834178731	0.0245542834178731
211	0.0245697426738485	0.0245697426738485
212	0.0245851213914317	0.0245851213914317
213	0.0246004203797441	0.0246004203797441
214	0.0246156404359772	0.0246156404359772
215	0.0246307823456237	0.0246307823456237
216	0.024645846882703	0.024645846882703
217	0.0246608348099805	0.0246608348099805
218	0.0246757468791833	0.0246757468791833
219	0.024690583831209	0.024690583831209
220	0.0247053463963311	0.0247053463963311
221	0.0247200352943989	0.0247200352943989
222	0.0247346512350326	0.0247346512350326
223	0.0247491949178144	0.0247491949178144
224	0.0247636670324749	0.0247636670324749
225	0.0247780682590752	0.0247780682590752
226	0.024792399268185	0.024792399268185
227	0.0248066607210563	0.0248066607210563
228	0.0248208532697938	0.0248208532697938
229	0.0248349775575208	0.0248349775575208
230	0.024849034218542	0.024849034218542
231	0.0248630238785019	0.0248630238785019
232	0.0248769471545403	0.0248769471545403
233	0.0248908046554442	0.0248908046554442
234	0.0249045969817964	0.0249045969817964
235	0.0249183247261204	0.0249183247261204
236	0.0249319884730229	0.0249319884730229
237	0.0249455887993324	0.0249455887993324
238	0.0249591262742355	0.0249591262742355
239	0.0249726014594097	0.0249726014594097
240	0.0249860149091536	0.0249860149091536
241	0.0249993671705143	0.0249993671705143
242	0.0250126587834121	0.0250126587834121
243	0.0250258902807624	0.0250258902807624
244	0.0250390621885955	0.0250390621885955
245	0.0250521750261729	0.0250521750261729
246	0.0250652293061022	0.0250652293061022
247	0.0250782255344492	0.0250782255344492
248	0.0250911642108472	0.0250911642108472
249	0.0251040458286051	0.0251040458286051
250	0.0251168708748122	0.0251168708748122
251	0.0251296398304412	0.0251296398304412
252	0.0251423531704496	0.0251423531704496
253	0.0251550113638783	0.0251550113638783
254	0.0251676148739485	0.0251676148739485
255	0.0251801641581568	0.0251801641581568
256	0.025192659668368	0.025192659668368
257	0.0252051018509064	0.0252051018509064
258	0.0252174911466453	0.0252174911466453
259	0.0252298279910939	0.0252298279910939
260	0.0252421128144842	0.0252421128144842
261	0.0252543460418538	0.0252543460418538
262	0.0252665280931296	0.0252665280931296
263	0.0252786593832076	0.0252786593832076
264	0.0252907403220331	0.0252907403220331
265	0.0253027713146775	0.0253027713146775
266	0.0253147527614151	0.0253147527614151
267	0.0253266850577979	0.0253266850577979
268	0.0253385685947283	0.0253385685947283
269	0.0253504037585315	0.0253504037585315
270	0.025362190931026	0.025362190931026
271	0.0253739304895923	0.0253739304895923
272	0.0253856228072415	0.0253856228072415
273	0.025397268252681	0.025397268252681
274	0.0254088671903806	0.0254088671903806
275	0.0254204199806361	0.0254204199806361
276	0.0254319269796324	0.0254319269796324
277	0.0254433885395053	0.0254433885395053
278	0.0254548050084015	0.0254548050084015
279	0.0254661767305391	0.0254661767305391
280	0.0254775040462648	0.0254775040462648
281	0.0254887872921122	0.0254887872921122
282	0.0255000268008572	0.0255000268008572
283	0.0255112229015737	0.0255112229015737
284	0.0255223759196879	0.0255223759196879
285	0.0255334861770309	0.0255334861770309
286	0.0255445539918918	0.0255445539918918
287	0.0255555796790682	0.0255555796790682
288	0.0255665635499173	0.0255665635499173
289	0.025577505912405	0.025577505912405
290	0.0255884070711546	0.0255884070711546
291	0.0255992673274946	0.0255992673274946
292	0.0256100869795056	0.0256100869795056
293	0.0256208663220663	0.0256208663220663
294	0.0256316056468991	0.0256316056468991
295	0.0256423052426141	0.0256423052426141
296	0.0256529653947531	0.0256529653947531
297	0.0256635863858327	0.0256635863858327
298	0.0256741684953861	0.0256741684953861
299	0.025684712000005	0.025684712000005
300	0.0256952171733799	0.0256952171733799
301	0.0257056842863406	0.0257056842863406
302	0.0257161136068954	0.0257161136068954
303	0.0257265054002699	0.0257265054002699
304	0.0257368599289447	0.0257368599289447
305	0.0257471774526933	0.0257471774526933
306	0.0257574582286185	0.0257574582286185
307	0.025767702511189	0.025767702511189
308	0.0257779105522743	0.0257779105522743
309	0.0257880826011802	0.0257880826011802
310	0.025798218904683	0.025798218904683
311	0.0258083197070633	0.0258083197070633
312	0.0258183852501393	0.0258183852501393
313	0.0258284157732992	0.0258284157732992
314	0.025838411513534	0.025838411513534
315	0.0258483727054684	0.0258483727054684
316	0.0258582995813924	0.0258582995813924
317	0.0258681923712918	0.0258681923712918
318	0.0258780513028783	0.0258780513028783
319	0.0258878766016189	0.0258878766016189
320	0.0258976684907656	0.0258976684907656
321	0.0259074271913835	0.0259074271913835
322	0.0259171529223792	0.0259171529223792
323	0.0259268459005288	0.0259268459005288
324	0.025936506340505	0.025936506340505
325	0.0259461344549041	0.0259461344549041
326	0.0259557304542722	0.0259557304542722
327	0.0259652945471317	0.0259652945471317
328	0.0259748269400065	0.0259748269400065
329	0.0259843278374476	0.0259843278374476
330	0.0259937974420577	0.0259937974420577
331	0.0260032359545158	0.0260032359545158
332	0.0260126435736011	0.0260126435736011
333	0.0260220204962169	0.0260220204962169
334	0.0260313669174137	0.0260313669174137
335	0.0260406830304124	0.0260406830304124
336	0.0260499690266271	0.0260499690266271
337	0.0260592250956866	0.0260592250956866
338	0.0260684514254573	0.0260684514254573
339	0.0260776482020641	0.0260776482020641
340	0.0260868156099121	0.0260868156099121
341	0.0260959538317072	0.0260959538317072
342	0.0261050630484771	0.0261050630484771
343	0.0261141434395913	0.0261141434395913
344	0.0261231951827814	0.0261231951827814
345	0.0261322184541605	0.0261322184541605
346	0.026141213428243	0.026141213428243
347	0.0261501802779635	0.0261501802779635
348	0.0261591191746956	0.0261591191746956
349	0.0261680302882708	0.0261680302882708
350	0.0261769137869962	0.0261769137869962
351	0.0261857698376734	0.0261857698376734
352	0.0261945986056154	0.0261945986056154
353	0.0262034002546648	0.0262034002546648
354	0.0262121749472103	0.0262121749472103
355	0.0262209228442047	0.0262209228442047
356	0.0262296441051806	0.0262296441051806
357	0.0262383388882678	0.0262383388882678
358	0.026247007350209	0.026247007350209
359	0.026255649646376	0.026255649646376
360	0.0262642659307857	0.0262642659307857
361	0.0262728563561155	0.0262728563561155
362	0.0262814210737186	0.0262814210737186
363	0.0262899602336392	0.0262899602336392
364	0.0262984739846277	0.0262984739846277
365	0.0263069624741549	0.0263069624741549
366	0.0263154258484272	0.0263154258484272
367	0.0263238642524001	0.0263238642524001
368	0.0263322778297929	0.0263322778297929
369	0.0263406667231025	0.0263406667231025
370	0.026349031073617	0.026349031073617
371	0.0263573710214291	0.0263573710214291
372	0.0263656867054499	0.0263656867054499
373	0.0263739782634215	0.0263739782634215
374	0.0263822458319305	0.0263822458319305
375	0.0263904895464203	0.0263904895464203
376	0.0263987095412041	0.0263987095412041
377	0.0264069059494771	0.0264069059494771
378	0.0264150789033288	0.0264150789033288
379	0.0264232285337555	0.0264232285337555
380	0.0264313549706715	0.0264313549706715
381	0.0264394583429216	0.0264394583429216
382	0.0264475387782923	0.0264475387782923
383	0.0264555964035235	0.0264555964035235
384	0.0264636313443196	0.0264636313443196
385	0.0264716437253607	0.0264716437253607
386	0.0264796336703139	0.0264796336703139
387	0.0264876013018439	0.0264876013018439
388	0.0264955467416235	0.0264955467416235
389	0.0265034701103447	0.0265034701103447
390	0.026511371527729	0.026511371527729
391	0.0265192511125372	0.0265192511125372
392	0.0265271089825802	0.0265271089825802
393	0.0265349452547288	0.0265349452547288
394	0.0265427600449235	0.0265427600449235
395	0.0265505534681844	0.0265505534681844
396	0.0265583256386207	0.0265583256386207
397	0.0265660766694404	0.0265660766694404
398	0.0265738066729598	0.0265738066729598
399	0.0265815157606121	0.0265815157606121
400	0.0265892040429576	0.0265892040429576
401	0.0265968716296917	0.0265968716296917
402	0.0266045186296546	0.0266045186296546
403	0.0266121451508398	0.0266121451508398
404	0.0266197513004026	0.0266197513004026
405	0.026627337184669	0.026627337184669
406	0.0266349029091441	0.0266349029091441
407	0.0266424485785204	0.0266424485785204
408	0.026649974296686	0.026649974296686
409	0.026657480166733	0.026657480166733
410	0.0266649662909653	0.0266649662909653
411	0.0266724327709066	0.0266724327709066
412	0.0266798797073083	0.0266798797073083
413	0.0266873072001576	0.0266873072001576
414	0.0266947153486843	0.0266947153486843
415	0.0267021042513692	0.0267021042513692
416	0.0267094740059512	0.0267094740059512
417	0.0267168247094348	0.0267168247094348
418	0.0267241564580972	0.0267241564580972
419	0.0267314693474956	0.0267314693474956
420	0.0267387634724745	0.0267387634724745
421	0.0267460389271723	0.0267460389271723
422	0.0267532958050288	0.0267532958050288
423	0.0267605341987914	0.0267605341987914
424	0.0267677542005225	0.0267677542005225
425	0.0267749559016057	0.0267749559016057
426	0.0267821393927526	0.0267821393927526
427	0.0267893047640095	0.0267893047640095
428	0.0267964521047635	0.0267964521047635
429	0.0268035815037491	0.0268035815037491
430	0.0268106930490544	0.0268106930490544
431	0.0268177868281274	0.0268177868281274
432	0.026824862927782	0.026824862927782
433	0.0268319214342043	0.0268319214342043
434	0.0268389624329583	0.0268389624329583
435	0.0268459860089921	0.0268459860089921
436	0.0268529922466437	0.0268529922466437
437	0.0268599812296466	0.0268599812296466
438	0.0268669530411358	0.0268669530411358
439	0.026873907763653	0.026873907763653
440	0.026880845479153	0.026880845479153
441	0.0268877662690082	0.0268877662690082
442	0.0268946702140149	0.0268946702140149
443	0.0269015573943983	0.0269015573943983
444	0.0269084278898178	0.0269084278898178
445	0.0269152817793724	0.0269152817793724
446	0.026922119141606	0.026922119141606
447	0.0269289400545123	0.0269289400545123
448	0.02693574459554	0.02693574459554
449	0.0269425328415979	0.0269425328415979
450	0.0269493048690598	0.0269493048690598
451	0.0269560607537694	0.0269560607537694
452	0.0269628005710452	0.0269628005710452
453	0.0269695243956853	0.0269695243956853
454	0.0269762323019722	0.0269762323019722
455	0.0269829243636774	0.0269829243636774
456	0.026989600654066	0.026989600654066
457	0.0269962612459015	0.0269962612459015
458	0.0270029062114502	0.0270029062114502
459	0.0270095356224856	0.0270095356224856
460	0.0270161495502931	0.0270161495502931
461	0.027022748065674	0.027022748065674
462	0.0270293312389504	0.0270293312389504
463	0.0270358991399688	0.0270358991399688
464	0.027042451838105	0.027042451838105
465	0.0270489894022678	0.0270489894022678
466	0.0270555119009034	0.0270555119009034
467	0.0270620194019995	0.0270620194019995
468	0.0270685119730894	0.0270685119730894
469	0.0270749896812557	0.0270749896812557
470	0.0270814525931346	0.0270814525931346
471	0.0270879007749198	0.0270879007749198
472	0.0270943342923663	0.0270943342923663
473	0.0271007532107941	0.0271007532107941
474	0.0271071575950923	0.0271071575950923
475	0.0271135475097227	0.0271135475097227
476	0.0271199230187235	0.0271199230187235
477	0.027126284185713	0.027126284185713
478	0.0271326310738932	0.0271326310738932
479	0.0271389637460535	0.0271389637460535
480	0.0271452822645743	0.0271452822645743
481	0.0271515866914302	0.0271515866914302
482	0.0271578770881939	0.0271578770881939
483	0.0271641535160393	0.0271641535160393
484	0.0271704160357454	0.0271704160357454
485	0.0271766647076989	0.0271766647076989
486	0.0271828995918984	0.0271828995918984
487	0.0271891207479569	0.0271891207479569
488	0.0271953282351058	0.0271953282351058
489	0.0272015221121975	0.0272015221121975
490	0.0272077024377091	0.0272077024377091
491	0.0272138692697454	0.0272138692697454
492	0.0272200226660418	0.0272200226660418
493	0.0272261626839676	0.0272261626839676
494	0.0272322893805293	0.0272322893805293
495	0.0272384028123732	0.0272384028123732
496	0.0272445030357885	0.0272445030357885
497	0.0272505901067108	0.0272505901067108
498	0.0272566640807241	0.0272566640807241
499	0.0272627250130646	0.0272627250130646
500	0.0272687729586231	0.0272687729586231
501	0.027274807971948	0.027274807971948
502	0.027280830107248	0.027280830107248
503	0.027286839418395	0.027286839418395
504	0.0272928359589271	0.0272928359589271
505	0.0272988197820507	0.0272988197820507
506	0.027304790940644	0.027304790940644
507	0.0273107494872589	0.0273107494872589
508	0.0273166954741244	0.0273166954741244
509	0.0273226289531487	0.0273226289531487
510	0.0273285499759219	0.0273285499759219
511	0.0273344585937188	0.0273344585937188
512	0.0273403548575012	0.0273403548575012
513	0.0273462388179205	0.0273462388179205
514	0.0273521105253205	0.0273521105253205
515	0.0273579700297392	0.0273579700297392
516	0.0273638173809118	0.0273638173809118
517	0.0273696526282732	0.0273696526282732
518	0.0273754758209598	0.0273754758209598
519	0.0273812870078125	0.0273812870078125
520	0.0273870862373787	0.0273870862373787
521	0.0273928735579148	0.0273928735579148
522	0.0273986490173885	0.0273986490173885
523	0.0274044126634808	0.0274044126634808
524	0.0274101645435886	0.0274101645435886
525	0.027415904704827	0.027415904704827
526	0.0274216331940312	0.0274216331940312
527	0.0274273500577587	0.0274273500577587
528	0.0274330553422919	0.0274330553422919
529	0.0274387490936398	0.0274387490936398
530	0.0274444313575404	0.0274444313575404
531	0.0274501021794627	0.0274501021794627
532	0.0274557616046086	0.0274557616046086
533	0.0274614096779155	0.0274614096779155
534	0.027467046444058	0.027467046444058
535	0.0274726719474496	0.0274726719474496
536	0.0274782862322456	0.0274782862322456
537	0.0274838893423441	0.0274838893423441
538	0.0274894813213888	0.0274894813213888
539	0.0274950622127704	0.0274950622127704
540	0.0275006320596289	0.0275006320596289
541	0.0275061909048551	0.0275061909048551
542	0.0275117387910929	0.0275117387910929
543	0.0275172757607413	0.0275172757607413
544	0.0275228018559554	0.0275228018559554
545	0.0275283171186495	0.0275283171186495
546	0.0275338215904978	0.0275338215904978
547	0.0275393153129369	0.0275393153129369
548	0.0275447983271674	0.0275447983271674
549	0.0275502706741555	0.0275502706741555
550	0.0275557323946351	0.0275557323946351
551	0.0275611835291093	0.0275611835291093
552	0.0275666241178522	0.0275666241178522
553	0.0275720542009107	0.0275720542009107
554	0.0275774738181058	0.0275774738181058
555	0.027582883009035	0.027582883009035
556	0.0275882818130732	0.0275882818130732
557	0.027593670269375	0.027593670269375
558	0.0275990484168759	0.0275990484168759
559	0.0276044162942939	0.0276044162942939
560	0.0276097739401315	0.0276097739401315
561	0.027615121392677	0.027615121392677
562	0.0276204586900062	0.0276204586900062
563	0.0276257858699835	0.0276257858699835
564	0.0276311029702644	0.0276311029702644
565	0.0276364100282961	0.0276364100282961
566	0.0276417070813194	0.0276417070813194
567	0.0276469941663704	0.0276469941663704
568	0.0276522713202816	0.0276522713202816
569	0.0276575385796836	0.0276575385796836
570	0.0276627959810066	0.0276627959810066
571	0.0276680435604817	0.0276680435604817
572	0.0276732813541425	0.0276732813541425
573	0.0276785093978264	0.0276785093978264
574	0.0276837277271759	0.0276837277271759
575	0.0276889363776405	0.0276889363776405
576	0.0276941353844774	0.0276941353844774
577	0.0276993247827534	0.0276993247827534
578	0.0277045046073461	0.0277045046073461
579	0.0277096748929451	0.0277096748929451
580	0.0277148356740537	0.0277148356740537
581	0.0277199869849897	0.0277199869849897
582	0.0277251288598872	0.0277251288598872
583	0.0277302613326977	0.0277302613326977
584	0.0277353844371914	0.0277353844371914
585	0.0277404982069585	0.0277404982069585
586	0.0277456026754104	0.0277456026754104
587	0.027750697875781	0.027750697875781
588	0.0277557838411282	0.0277557838411282
589	0.0277608606043346	0.0277608606043346
590	0.0277659281981092	0.0277659281981092
591	0.0277709866549884	0.0277709866549884
592	0.0277760360073372	0.0277760360073372
593	0.0277810762873506	0.0277810762873506
594	0.0277861075270545	0.0277861075270545
595	0.0277911297583069	0.0277911297583069
596	0.0277961430127994	0.0277961430127994
597	0.027801147322058	0.027801147322058
598	0.0278061427174443	0.0278061427174443
599	0.0278111292301567	0.0278111292301567
600	0.0278161068912317	0.0278161068912317
601	0.0278210757315447	0.0278210757315447
602	0.0278260357818112	0.0278260357818112
603	0.0278309870725879	0.0278309870725879
604	0.027835929634274	0.027835929634274
605	0.0278408634971119	0.0278408634971119
606	0.0278457886911886	0.0278457886911886
607	0.0278507052464366	0.0278507052464366
608	0.0278556131926349	0.0278556131926349
609	0.0278605125594101	0.0278605125594101
610	0.0278654033762376	0.0278654033762376
611	0.0278702856724423	0.0278702856724423
612	0.0278751594771998	0.0278751594771998
613	0.0278800248195376	0.0278800248195376
614	0.0278848817283356	0.0278848817283356
615	0.0278897302323275	0.0278897302323275
616	0.0278945703601016	0.0278945703601016
617	0.0278994021401021	0.0278994021401021
618	0.0279042256006293	0.0279042256006293
619	0.0279090407698415	0.0279090407698415
620	0.0279138476757554	0.0279138476757554
621	0.0279186463462469	0.0279186463462469
622	0.0279234368090525	0.0279234368090525
623	0.0279282190917699	0.0279282190917699
624	0.0279329932218593	0.0279329932218593
625	0.0279377592266435	0.0279377592266435
626	0.0279425171333099	0.0279425171333099
627	0.0279472669689103	0.0279472669689103
628	0.0279520087603628	0.0279520087603628
629	0.0279567425344519	0.0279567425344519
630	0.0279614683178297	0.0279614683178297
631	0.0279661861370168	0.0279661861370168
632	0.0279708960184031	0.0279708960184031
633	0.0279755979882486	0.0279755979882486
634	0.0279802920726844	0.0279802920726844
635	0.0279849782977133	0.0279849782977133
636	0.0279896566892108	0.0279896566892108
637	0.027994327272926	0.027994327272926
638	0.0279989900744822	0.0279989900744822
639	0.0280036451193778	0.0280036451193778
640	0.0280082924329873	0.0280082924329873
641	0.0280129320405618	0.0280129320405618
642	0.0280175639672298	0.0280175639672298
643	0.0280221882379984	0.0280221882379984
644	0.0280268048777536	0.0280268048777536
645	0.0280314139112612	0.0280314139112612
646	0.0280360153631678	0.0280360153631678
647	0.0280406092580012	0.0280406092580012
648	0.0280451956201717	0.0280451956201717
649	0.0280497744739721	0.0280497744739721
650	0.0280543458435789	0.0280543458435789
651	0.0280589097530533	0.0280589097530533
652	0.0280634662263412	0.0280634662263412
653	0.0280680152872747	0.0280680152872747
654	0.0280725569595721	0.0280725569595721
655	0.0280770912668392	0.0280770912668392
656	0.0280816182325698	0.0280816182325698
657	0.0280861378801463	0.0280861378801463
658	0.0280906502328405	0.0280906502328405
659	0.0280951553138142	0.0280951553138142
660	0.0280996531461201	0.0280996531461201
661	0.0281041437527023	0.0281041437527023
662	0.0281086271563971	0.0281086271563971
663	0.0281131033799333	0.0281131033799333
664	0.0281175724459336	0.0281175724459336
665	0.0281220343769143	0.0281220343769143
666	0.0281264891952871	0.0281264891952871
667	0.0281309369233585	0.0281309369233585
668	0.0281353775833316	0.0281353775833316
669	0.0281398111973058	0.0281398111973058
670	0.0281442377872782	0.0281442377872782
671	0.0281486573751436	0.0281486573751436
672	0.0281530699826956	0.0281530699826956
673	0.028157475631627	0.028157475631627
674	0.0281618743435303	0.0281618743435303
675	0.0281662661398987	0.0281662661398987
676	0.0281706510421263	0.0281706510421263
677	0.0281750290715088	0.0281750290715088
678	0.0281794002492445	0.0281794002492445
679	0.0281837645964342	0.0281837645964342
680	0.0281881221340824	0.0281881221340824
681	0.0281924728830975	0.0281924728830975
682	0.0281968168642925	0.0281968168642925
683	0.0282011540983857	0.0282011540983857
684	0.0282054846060012	0.0282054846060012
685	0.0282098084076693	0.0282098084076693
686	0.0282141255238272	0.0282141255238272
687	0.0282184359748197	0.0282184359748197
688	0.0282227397808996	0.0282227397808996
689	0.028227036962228	0.028227036962228
690	0.0282313275388754	0.0282313275388754
691	0.0282356115308219	0.0282356115308219
692	0.0282398889579576	0.0282398889579576
693	0.0282441598400836	0.0282441598400836
694	0.0282484241969121	0.0282484241969121
695	0.0282526820480671	0.0282526820480671
696	0.0282569334130849	0.0282569334130849
697	0.0282611783114146	0.0282611783114146
698	0.0282654167624188	0.0282654167624188
699	0.0282696487853737	0.0282696487853737
700	0.0282738743994701	0.0282738743994701
701	0.0282780936238134	0.0282780936238134
702	0.0282823064774247	0.0282823064774247
703	0.0282865129792407	0.0282865129792407
704	0.0282907131481144	0.0282907131481144
705	0.028294907002816	0.028294907002816
706	0.0282990945620326	0.0282990945620326
707	0.0283032758443695	0.0283032758443695
708	0.0283074508683499	0.0283074508683499
709	0.028311619652416	0.028311619652416
710	0.0283157822149293	0.0283157822149293
711	0.0283199385741709	0.0283199385741709
712	0.028324088748342	0.028324088748342
713	0.0283282327555645	0.0283282327555645
714	0.0283323706138814	0.0283323706138814
715	0.0283365023412572	0.0283365023412572
716	0.0283406279555786	0.0283406279555786
717	0.0283447474746544	0.0283447474746544
718	0.0283488609162166	0.0283488609162166
719	0.0283529682979202	0.0283529682979202
720	0.0283570696373445	0.0283570696373445
721	0.0283611649519924	0.0283611649519924
722	0.0283652542592918	0.0283652542592918
723	0.0283693375765957	0.0283693375765957
724	0.0283734149211824	0.0283734149211824
725	0.0283774863102562	0.0283774863102562
726	0.0283815517609478	0.0283815517609478
727	0.0283856112903146	0.0283856112903146
728	0.0283896649153412	0.0283896649153412
729	0.0283937126529398	0.0283937126529398
730	0.0283977545199505	0.0283977545199505
731	0.028401790533142	0.028401790533142
732	0.0284058207092115	0.0284058207092115
733	0.0284098450647858	0.0284098450647858
734	0.0284138636164209	0.0284138636164209
735	0.028417876380603	0.028417876380603
736	0.0284218833737488	0.0284218833737488
737	0.0284258846122056	0.0284258846122056
738	0.0284298801122518	0.0284298801122518
739	0.0284338698900977	0.0284338698900977
740	0.028437853961885	0.028437853961885
741	0.0284418323436883	0.0284418323436883
742	0.0284458050515144	0.0284458050515144
743	0.0284497721013035	0.0284497721013035
744	0.0284537335089289	0.0284537335089289
745	0.0284576892901981	0.0284576892901981
746	0.0284616394608524	0.0284616394608524
747	0.0284655840365678	0.0284655840365678
748	0.0284695230329551	0.0284695230329551
749	0.0284734564655605	0.0284734564655605
750	0.0284773843498657	0.0284773843498657
751	0.0284813067012884	0.0284813067012884
752	0.0284852235351825	0.0284852235351825
753	0.0284891348668386	0.0284891348668386
754	0.0284930407114844	0.0284930407114844
755	0.0284969410842849	0.0284969410842849
756	0.0285008360003427	0.0285008360003427
757	0.0285047254746985	0.0285047254746985
758	0.0285086095223314	0.0285086095223314
759	0.028512488158159	0.028512488158159
760	0.0285163613970383	0.0285163613970383
761	0.0285202292537653	0.0285202292537653
762	0.0285240917430758	0.0285240917430758
763	0.0285279488796457	0.0285279488796457
764	0.0285318006780912	0.0285318006780912
765	0.0285356471529692	0.0285356471529692
766	0.0285394883187773	0.0285394883187773
767	0.0285433241899548	0.0285433241899548
768	0.0285471547808824	0.0285471547808824
769	0.0285509801058827	0.0285509801058827
770	0.0285548001792206	0.0285548001792206
771	0.0285586150151035	0.0285586150151035
772	0.0285624246276816	0.0285624246276816
773	0.0285662290310485	0.0285662290310485
774	0.028570028239241	0.028570028239241
775	0.0285738222662398	0.0285738222662398
776	0.0285776111259694	0.0285776111259694
777	0.028581394832299	0.028581394832299
778	0.0285851733990423	0.0285851733990423
779	0.028588946839958	0.028588946839958
780	0.0285927151687497	0.0285927151687497
781	0.028596478399067	0.028596478399067
782	0.0286002365445051	0.0286002365445051
783	0.0286039896186052	0.0286039896186052
784	0.0286077376348549	0.0286077376348549
785	0.0286114806066887	0.0286114806066887
786	0.0286152185474877	0.0286152185474877
787	0.0286189514705804	0.0286189514705804
788	0.0286226793892427	0.0286226793892427
789	0.0286264023166984	0.0286264023166984
790	0.0286301202661192	0.0286301202661192
791	0.0286338332506252	0.0286338332506252
792	0.0286375412832851	0.0286375412832851
793	0.0286412443771161	0.0286412443771161
794	0.0286449425450851	0.0286449425450851
795	0.0286486358001079	0.0286486358001079
796	0.0286523241550501	0.0286523241550501
797	0.0286560076227272	0.0286560076227272
798	0.0286596862159048	0.0286596862159048
799	0.028663359947299	0.028663359947299
800	0.0286670288295765	0.0286670288295765
801	0.0286706928753548	0.0286706928753548
802	0.0286743520972029	0.0286743520972029
803	0.028678006507641	0.028678006507641
804	0.0286816561191408	0.0286816561191408
805	0.0286853009441263	0.0286853009441263
806	0.0286889409949733	0.0286889409949733
807	0.0286925762840103	0.0286925762840103
808	0.0286962068235183	0.0286962068235183
809	0.0286998326257312	0.0286998326257312
810	0.028703453702836	0.028703453702836
811	0.0287070700669732	0.0287070700669732
812	0.0287106817302368	0.0287106817302368
813	0.0287142887046746	0.0287142887046746
814	0.0287178910022886	0.0287178910022886
815	0.0287214886350349	0.0287214886350349
816	0.0287250816148244	0.0287250816148244
817	0.0287286699535226	0.0287286699535226
818	0.02873225366295	0.02873225366295
819	0.0287358327548824	0.0287358327548824
820	0.0287394072410509	0.0287394072410509
821	0.0287429771331424	0.0287429771331424
822	0.0287465424427997	0.0287465424427997
823	0.0287501031816216	0.0287501031816216
824	0.0287536593611632	0.0287536593611632
825	0.0287572109929363	0.0287572109929363
826	0.0287607580884095	0.0287607580884095
827	0.0287643006590081	0.0287643006590081
828	0.0287678387161148	0.0287678387161148
829	0.0287713722710698	0.0287713722710698
830	0.0287749013351706	0.0287749013351706
831	0.0287784259196728	0.0287784259196728
832	0.0287819460357899	0.0287819460357899
833	0.0287854616946938	0.0287854616946938
834	0.0287889729075146	0.0287889729075146
835	0.0287924796853413	0.0287924796853413
836	0.0287959820392215	0.0287959820392215
837	0.0287994799801622	0.0287994799801622
838	0.0288029735191293	0.0288029735191293
839	0.0288064626670484	0.0288064626670484
840	0.0288099474348047	0.0288099474348047
841	0.0288134278332433	0.0288134278332433
842	0.0288169038731691	0.0288169038731691
843	0.0288203755653475	0.0288203755653475
844	0.0288238429205045	0.0288238429205045
845	0.0288273059493262	0.0288273059493262
846	0.0288307646624601	0.0288307646624601
847	0.0288342190705143	0.0288342190705143
848	0.0288376691840584	0.0288376691840584
849	0.0288411150136231	0.0288411150136231
850	0.0288445565697009	0.0288445565697009
851	0.0288479938627461	0.0288479938627461
852	0.0288514269031747	0.0288514269031747
853	0.0288548557013651	0.0288548557013651
854	0.0288582802676579	0.0288582802676579
855	0.0288617006123562	0.0288617006123562
856	0.0288651167457257	0.0288651167457257
857	0.0288685286779951	0.0288685286779951
858	0.0288719364193561	0.0288719364193561
859	0.0288753399799635	0.0288753399799635
860	0.0288787393699357	0.0288787393699357
861	0.0288821345993545	0.0288821345993545
862	0.0288855256782654	0.0288855256782654
863	0.028888912616678	0.028888912616678
864	0.0288922954245658	0.0288922954245658
865	0.0288956741118667	0.0288956741118667
866	0.0288990486884829	0.0288990486884829
867	0.0289024191642812	0.0289024191642812
868	0.0289057855490933	0.0289057855490933
869	0.0289091478527157	0.0289091478527157
870	0.0289125060849099	0.0289125060849099
871	0.028915860255403	0.028915860255403
872	0.0289192103738871	0.0289192103738871
873	0.0289225564500202	0.0289225564500202
874	0.0289258984934259	0.0289258984934259
875	0.0289292365136938	0.0289292365136938
876	0.0289325705203794	0.0289325705203794
877	0.0289359005230046	0.0289359005230046
878	0.0289392265310576	0.0289392265310576
879	0.0289425485539932	0.0289425485539932
880	0.0289458666012328	0.0289458666012328
881	0.0289491806821647	0.0289491806821647
882	0.0289524908061444	0.0289524908061444
883	0.0289557969824942	0.0289557969824942
884	0.028959099220504	0.028959099220504
885	0.028962397529431	0.028962397529431
886	0.0289656919185001	0.0289656919185001
887	0.028968982396904	0.028968982396904
888	0.0289722689738033	0.0289722689738033
889	0.0289755516583266	0.0289755516583266
890	0.0289788304595707	0.0289788304595707
891	0.028982105386601	0.028982105386601
892	0.028985376448451	0.028985376448451
893	0.0289886436541232	0.0289886436541232
894	0.0289919070125888	0.0289919070125888
895	0.0289951665327879	0.0289951665327879
896	0.0289984222236296	0.0289984222236296
897	0.0290016740939924	0.0290016740939924
898	0.029004922152724	0.029004922152724
899	0.0290081664086418	0.0290081664086418
900	0.0290114068705327	0.0290114068705327
901	0.0290146435471533	0.0290146435471533
902	0.0290178764472304	0.0290178764472304
903	0.0290211055794606	0.0290211055794606
904	0.0290243309525109	0.0290243309525109
905	0.0290275525750183	0.0290275525750183
906	0.0290307704555907	0.0290307704555907
907	0.0290339846028062	0.0290339846028062
908	0.0290371950252139	0.0290371950252139
909	0.0290404017313337	0.0290404017313337
910	0.0290436047296564	0.0290436047296564
911	0.029046804028644	0.029046804028644
912	0.0290499996367298	0.0290499996367298
913	0.0290531915623184	0.0290531915623184
914	0.0290563798137859	0.0290563798137859
915	0.0290595643994802	0.0290595643994802
916	0.0290627453277209	0.0290627453277209
917	0.0290659226067992	0.0290659226067992
918	0.0290690962449789	0.0290690962449789
919	0.0290722662504954	0.0290722662504954
920	0.0290754326315567	0.0290754326315567
921	0.029078595396343	0.029078595396343
922	0.0290817545530073	0.0290817545530073
923	0.0290849101096748	0.0290849101096748
924	0.029088062074444	0.029088062074444
925	0.0290912104553858	0.0290912104553858
926	0.0290943552605444	0.0290943552605444
927	0.029097496497937	0.029097496497937
928	0.0291006341755541	0.0291006341755541
929	0.0291037683013594	0.0291037683013594
930	0.0291068988832905	0.0291068988832905
931	0.029110025929258	0.029110025929258
932	0.0291131494471468	0.0291131494471468
933	0.0291162694448151	0.0291162694448151
934	0.0291193859300955	0.0291193859300955
935	0.0291224989107944	0.0291224989107944
936	0.0291256083946924	0.0291256083946924
937	0.0291287143895444	0.0291287143895444
938	0.0291318169030797	0.0291318169030797
939	0.0291349159430022	0.0291349159430022
940	0.0291380115169904	0.0291380115169904
941	0.0291411036326973	0.0291411036326973
942	0.029144192297751	0.029144192297751
943	0.0291472775197546	0.0291472775197546
944	0.029150359306286	0.029150359306286
945	0.0291534376648984	0.0291534376648984
946	0.0291565126031203	0.0291565126031203
947	0.0291595841284557	0.0291595841284557
948	0.0291626522483838	0.0291626522483838
949	0.0291657169703597	0.0291657169703597
950	0.0291687783018139	0.0291687783018139
951	0.0291718362501531	0.0291718362501531
952	0.0291748908227595	0.0291748908227595
953	0.0291779420269916	0.0291779420269916
954	0.0291809898701839	0.0291809898701839
955	0.0291840343596471	0.0291840343596471
956	0.0291870755026684	0.0291870755026684
957	0.0291901133065113	0.0291901133065113
958	0.0291931477784157	0.0291931477784157
959	0.0291961789255984	0.0291961789255984
960	0.0291992067552527	0.0291992067552527
961	0.0292022312745489	0.0292022312745489
962	0.029205252490634	0.029205252490634
963	0.0292082704106324	0.0292082704106324
964	0.0292112850416453	0.0292112850416453
965	0.0292142963907511	0.0292142963907511
966	0.0292173044650059	0.0292173044650059
967	0.0292203092714427	0.0292203092714427
968	0.0292233108170724	0.0292233108170724
969	0.0292263091088833	0.0292263091088833
970	0.0292293041538416	0.0292293041538416
971	0.029232295958891	0.029232295958891
972	0.0292352845309534	0.0292352845309534
973	0.0292382698769284	0.0292382698769284
974	0.029241252003694	0.029241252003694
975	0.029244230918106	0.029244230918106
976	0.0292472066269988	0.0292472066269988
977	0.0292501791371849	0.0292501791371849
978	0.0292531484554554	0.0292531484554554
979	0.0292561145885797	0.0292561145885797
980	0.0292590775433062	0.0292590775433062
981	0.0292620373263618	0.0292620373263618
982	0.029264993944452	0.029264993944452
983	0.0292679474042616	0.0292679474042616
984	0.0292708977124541	0.0292708977124541
985	0.0292738448756721	0.0292738448756721
986	0.0292767889005375	0.0292767889005375
987	0.0292797297936512	0.0292797297936512
988	0.0292826675615937	0.0292826675615937
989	0.0292856022109247	0.0292856022109247
990	0.0292885337481834	0.0292885337481834
991	0.0292914621798888	0.0292914621798888
992	0.0292943875125392	0.0292943875125392
993	0.0292973097526131	0.0292973097526131
994	0.0293002289065685	0.0293002289065685
995	0.0293031449808435	0.0293031449808435
996	0.029306057981856	0.029306057981856
997	0.0293089679160041	0.0293089679160041
998	0.0293118747896662	0.0293118747896662
999	0.0293147786092007	0.0293147786092007
1000	0.0293176793809465	0.0293176793809465
1001	0.0293205771112229	0.0293205771112229
