1	0.917062879917397	0.635827251272672
2	0.908904411605837	0.620754016523171
3	0.903452905817963	0.611073988584807
4	0.899314657018714	0.602685473330442
5	0.895961309128465	0.595872790465797
6	0.893132662654528	0.591423763849728
7	0.890680779176613	0.58642271992768
8	0.888513285066203	0.581993877616523
9	0.886568524944587	0.579290698367403
10	0.884803232734527	0.575672003608651
11	0.883185836936893	0.572351571126016
12	0.881692565843835	0.569281651982315
13	0.880305054302413	0.566425342082303
14	0.879008806143821	0.564999891472996
15	0.877792169066631	0.562489081991498
16	0.876645629436538	0.560120163477407
17	0.875561313969063	0.557877287613903
18	0.874532629317042	0.555747176644952
19	0.873553996039468	0.553718589662577
20	0.872620648677495	0.551781921446851
21	0.871728483092463	0.551145958770162
22	0.870873938216083	0.549369392337071
23	0.870053903270792	0.547663006458656
24	0.869265644122745	0.54602128058605
25	0.868506744200908	0.54443933326794
26	0.86777505664192	0.542912826008654
27	0.86706866518364	0.541437884685096
28	0.866385851947158	0.540011034791289
29	0.865725070694114	0.538629147675566
30	0.86508492447422	0.537289395593404
31	0.864464146821562	0.53717829601668
32	0.863861585841163	0.535915351132706
33	0.863276190666076	0.534687513276146
34	0.862706999871465	0.533492833186318
35	0.862153131514253	0.532329522052546
36	0.861613774530772	0.531195934191876
37	0.8610881812751	0.530090552020146
38	0.860575661020367	0.529011972959554
39	0.860075574276962	0.527958897989237
40	0.85958732780685	0.526930121596206
41	0.859110370233615	0.525924522924933
42	0.858644188164423	0.524941057957132
43	0.858188302753554	0.523978752580367
44	0.85774226664825	0.524199055604062
45	0.857305661266702	0.523276396572289
46	0.856878094365576	0.522372335869831
47	0.856459197860711	0.521486123662672
48	0.856048625869888	0.520617055106033
49	0.857429268348297	0.519764466785616
50	0.857034394866794	0.518927733506127
51	0.8566469245028	0.518106265386985
52	0.856266584197067	0.51729950523046
53	0.855893115818916	0.516506926131984
54	0.855526275091242	0.515728029306258
55	0.85516583061102	0.514962342106077
56	0.854811562955301	0.514209416213628
57	0.854463263863832	0.513468825986477
58	0.854120735490548	0.512740166942561
59	0.85378378971704	0.512023054370334
60	0.853452247521934	0.51131712205181
61	0.853125938400776	0.51062202108763
62	0.852804699831628	0.511074229763216
63	0.852488376782106	0.510399808764127
64	0.852176821254055	0.509735265917923
65	0.851869891862439	0.50908031157364
66	0.851567453445406	0.50843466875048
67	0.85126937670279	0.50779807240471
68	0.850975537860579	0.507170268749089
69	0.850685818359151	0.506551014620347
70	0.850400104563261	0.505940076890704
71	0.850118287491996	0.505337231919764
72	0.849840262567045	0.504742265043505
73	0.849565929377833	0.504154970097378
74	0.849295191462151	0.503575148970813
75	0.849027956101089	0.503002611190658
76	0.848764134127152	0.502437173531336
77	0.848503639744558	0.50187865964967
78	0.84824639036079	0.501326899742522
79	0.847992306428576	0.500781730225556
80	0.847741311297525	0.500242993431562
81	0.847493331074715	0.499710537326938
82	0.847248294493586	0.499184215245023
83	0.847006132790571	0.498663885635086
84	0.846766779588893	0.499261773463868
85	0.846530170789054	0.498753023446123
86	0.846296244465552	0.498249869646074
87	0.846064940769398	0.497752188743322
88	0.845836201836056	0.497259861477875
89	0.845609971698442	0.496772772472948
90	0.845386196204645	0.496290810067354
91	0.845164822940081	0.495813866156883
92	0.844945801153778	0.495341836044087
93	0.844729081688543	0.494874618295935
94	0.844514616914764	0.494412114608863
95	0.844302360667623	0.493954229680747
96	0.844092268187502	0.493500871089378
97	0.843884296063408	0.493051949177051
98	0.843678402179211	0.4926073769409
99	0.843474545662552	0.492167069928636
100	0.843038754459118	0.491810199670795
101	0.843072787172022	0.491298925929206
102	0.842874809246543	0.490870931921425
103	0.842678716699435	0.490446888920812
104	0.842484474193355	0.49002672383209
105	0.842292047375893	0.489610365582112
106	0.842101402843243	0.489197745045637
107	0.841912508105534	0.488788794974498
108	0.841725331553736	0.488383449929959
109	0.841539842428047	0.487981646218119
110	0.841356010787701	0.487583321828168
111	0.84117380748209	0.487188416373363
112	0.84099320412317	0.486796871034581
113	0.840814173059046	0.487497570365037
114	0.840636687348703	0.487112574806798
115	0.840460720737812	0.486730771784213
116	0.840286247635555	0.486352108231073
117	0.840113243092426	0.485976532400721
118	0.839941682778947	0.485603993822491
119	0.839771542965272	0.485234443259941
120	0.839602800501612	0.484867832670779
121	0.839435432799462	0.484504115168414
122	0.83926941781358	0.484143244985045
123	0.839104734024683	0.483785177436212
124	0.838941360422828	0.483429868886746
125	0.838779276491451	0.483077276718058
126	0.838618462192016	0.482727359296681
127	0.838458897949265	0.482380075944036
128	0.838300564637035	0.482035386907347
129	0.838143443564608	0.48169325333166
130	0.837987516463581	0.481353637232908
131	0.837832765475225	0.481016501471992
132	0.837679173138316	0.480681809729812
133	0.837526722377415	0.480349526483222
134	0.837375396491577	0.480019616981859
135	0.837225179143466	0.479692047225811
136	0.837076054348876	0.479366783944092
137	0.836928006466611	0.479043794573883
138	0.836781020188734	0.478723047240505
139	0.836635080531163	0.478404510738102
140	0.836490172824591	0.478088154510999
141	0.836346282705724	0.477773948635701
142	0.836203396108824	0.477461863803519
143	0.836061499257538	0.477151871303786
144	0.835920578657015	0.476843943007644
145	0.835780621086276	0.476538051352378
146	0.835641613590854	0.476234169326279
147	0.835503543475675	0.475932270454004
148	0.835366398298171	0.47669881670205
149	0.835230165861627	0.476400806788474
150	0.835094834208745	0.476104703681654
151	0.834960391615408	0.475810482914752
152	0.834826826584665	0.475518120491003
153	0.834694127840885	0.475227592871714
154	0.834562284324121	0.474938876964647
155	0.834431285184633	0.474651950112759
156	0.834301119777601	0.474366790083306
157	0.834171777657986	0.47408337505728
158	0.834043248575568	0.473801683619175
159	0.833915522470125	0.473521694747071
160	0.833788589466766	0.473243387803019
161	0.833662439871405	0.472966742523716
162	0.833537064166373	0.472691739011467
163	0.833412453006163	0.472418357725417
164	0.833288597213297	0.472146579473042
165	0.833165487774329	0.471876385401896
166	0.833043115835951	0.4716077569916
167	0.832921472701225	0.471340676046066
168	0.832800549825921	0.47107512468595
169	0.832680338814962	0.470811085341319
170	0.83256083141897	0.470548540744534
171	0.832442019530917	0.470287473923335
172	0.832323895182866	0.470027868194124
173	0.832206450542807	0.469769707155436
174	0.832089677911583	0.469512974681596
175	0.831973569719903	0.469257654916553
176	0.831858118525435	0.469003732267888
177	0.831743317009986	0.468751191400981
178	0.831629157976753	0.468500017233347
179	0.831515634347653	0.468250194929125
180	0.831402739160731	0.46800170989371
181	0.831290465567628	0.46775454776854
182	0.831178806831123	0.46750869442602
183	0.831067756322748	0.46726413596458
184	0.830957307520452	0.467020858703865
185	0.83084745400634	0.466778849180056
186	0.830738189464466	0.46653809414131
187	0.830629507678685	0.466298580543324
188	0.830521402530562	0.46606029554501
189	0.830413867997336	0.465823226504286
190	0.830306898149933	0.465587360973973
191	0.830200487151038	0.4653526866978
192	0.830094629253206	0.46511919160651
193	0.829989318797031	0.465931805103666
194	0.829884550209356	0.465700632904701
195	0.829780318001531	0.465470604767435
196	0.82967661676771	0.465241709333654
197	0.829573441183198	0.465013935414115
198	0.829470786002833	0.464787271985195
199	0.829368646059411	0.464561708185636
200	0.829267016262149	0.464337233313364
201	0.829165891595187	0.464113836822381
202	0.829065267116122	0.463891508319744
203	0.828965137954585	0.463670237562603
204	0.828865499310847	0.463450014455322
205	0.828766346454457	0.463230829046665
206	0.828667674722921	0.463012671527043
207	0.828569479520403	0.462795532225839
208	0.828471756316463	0.462579401608785
209	0.828374500644819	0.462364270275402
210	0.828277708102148	0.462150128956509
211	0.828181374346902	0.461936968511777
212	0.828085495098163	0.461724779927349
213	0.827990066134516	0.461513554313512
214	0.827895083292957	0.461303282902421
215	0.827800542467816	0.461093957045878
216	0.827706439609709	0.460885568213156
217	0.827612770724519	0.46067810798888
218	0.827519531872393	0.460471568070952
219	0.827426719166762	0.460265940268517
220	0.827334328773386	0.460061216499986
221	0.827242356909421	0.459857388791092
222	0.827150799842505	0.459654449272997
223	0.827059653889859	0.459452390180434
224	0.82696891541742	0.459251203849896
225	0.826878580838983	0.459050882717859
226	0.826788646615363	0.45885141931905
227	0.826699109253579	0.458652806284744
228	0.826609965306056	0.458455036341105
229	0.826521211369836	0.458258102307561
230	0.826432844085816	0.458061997095211
231	0.826344860137998	0.457866713705269
232	0.826257256252755	0.457672245227536
233	0.826170029198109	0.457478584838913
234	0.826083175783035	0.457285725801938
235	0.825996692856764	0.457093661463353
236	0.825910577308115	0.456902385252707
237	0.825824826064835	0.456711890680984
238	0.825739436092949	0.456522171339257
239	0.825654404396129	0.456333220897376
240	0.825569728015076	0.456145033102677
241	0.82548540402691	0.455957601778721
242	0.825401429544575	0.455770920824056
243	0.82531780171626	0.455584984211007
244	0.825234517724824	0.455399785984487
245	0.825151574787238	0.455215320260835
246	0.82506897015404	0.455031581226675
247	0.824986701108792	0.454848563137799
248	0.824904764967557	0.455690508380899
249	0.824823159078383	0.455508915221906
250	0.824741880820796	0.455328026179727
251	0.824660927605306	0.455147835776085
252	0.824580296872919	0.454968338596605
253	0.824499986094659	0.454789529289824
254	0.824419992771106	0.454611402566214
255	0.824340314431932	0.454433953197231
256	0.824260948635454	0.454257176014379
257	0.824181892968193	0.45408106590829
258	0.824103145044443	0.453905617827826
259	0.824024702505843	0.453730826779194
260	0.823946563020966	0.453556687825079
261	0.823868724284906	0.453383196083797
262	0.823791184018881	0.453210346728457
263	0.823713939969839	0.453038134986143
264	0.823636989910071	0.452866556137113
265	0.823560331636835	0.452695605514006
266	0.823483962971983	0.452525278501074
267	0.823407881761597	0.452355570533416
268	0.823332085875631	0.452186477096237
269	0.823256573207561	0.452017993724114
270	0.823181341674039	0.451850116000277
271	0.823106389214555	0.451682839555905
272	0.823031713791102	0.451516160069429
273	0.822957313387857	0.451350073265858
274	0.822883186010853	0.451184574916103
275	0.822809329687667	0.451019660836329
276	0.822735742467112	0.450855326887304
277	0.822662422418934	0.450691568973769
278	0.822589367633511	0.450528383043813
279	0.822516576221563	0.450365765088269
280	0.822444046313864	0.450203711140104
281	0.822371776060957	0.450042217273839
282	0.822299763632879	0.449881279604962
283	0.82222800721889	0.449720894289363
284	0.822156505027198	0.449561057522773
285	0.822085255284705	0.449401765540216
286	0.822014256236739	0.449243014615466
287	0.821943506146808	0.449084801060517
288	0.821873003296345	0.448927121225063
289	0.821802745984462	0.448769971495981
290	0.821732732527711	0.44861334829683
291	0.821662961259848	0.448457248087356
292	0.821593430531594	0.448301667362998
293	0.821524138710411	0.448146602654419
294	0.821455084180273	0.447992050527025
295	0.821386265341449	0.447838007580506
296	0.821317680610278	0.447684470448383
297	0.82124932841896	0.447531435797554
298	0.821181207215344	0.447378900327858
299	0.821113315462719	0.447226860771638
300	0.821045651639611	0.447075313893319
301	0.820978214239584	0.446924256488985
302	0.82091100177104	0.446773685385967
303	0.820844012757028	0.446623597442438
304	0.820777245735049	0.446473989547015
305	0.820710699256872	0.446324858618363
306	0.820644371888348	0.446176201604811
307	0.820578262209227	0.446028015483972
308	0.820512368812982	0.445880297262368
309	0.820446690306628	0.445733043975059
310	0.820381225310556	0.445586252685287
311	0.820315972458356	0.445439920484113
312	0.820250930396651	0.44529404449007
313	0.820186097784936	0.445148621848817
314	0.82012147329541	0.445003649732798
315	0.820057055612818	0.445863483864747
316	0.819992843434296	0.445719404422456
317	0.819928835469213	0.445575767180116
318	0.819865030439019	0.445432569414015
319	0.819801427077097	0.445289808425607
320	0.819738024128611	0.445147481541196
321	0.819674820350366	0.445005586111636
322	0.81961181451066	0.444864119512028
323	0.819549005389145	0.444723079141428
324	0.819486391776688	0.444582462422551
325	0.819423972475233	0.44444226680149
326	0.819361746297667	0.444302489747428
327	0.819299712067688	0.444163128752364
328	0.819237868619674	0.444024181330837
329	0.819176214798553	0.443885645019657
330	0.819114749459678	0.44374751737764
331	0.8190534714687	0.443609795985343
332	0.818992379701447	0.443472478444811
333	0.818931473043801	0.443335562379318
334	0.818870750391581	0.44319904543312
335	0.818810210650422	0.443062925271209
336	0.818749852735663	0.442927199579064
337	0.81868967557223	0.442791866062419
338	0.818629678094523	0.442656922447023
339	0.818569859246307	0.442522366478407
340	0.818510217980604	0.442388195921657
341	0.818450753259579	0.442254408561187
342	0.818391464054444	0.442121002200516
343	0.818332349345342	0.441987974662048
344	0.818273408121253	0.441855323786859
345	0.818214639379888	0.441723047434479
346	0.818156042127591	0.441591143482687
347	0.818097615379237	0.441459609827298
348	0.818039358158137	0.441328444381964
349	0.817981269495945	0.44119764507797
350	0.817923348432557	0.441067209864037
351	0.817865594016021	0.440937136706125
352	0.817808005302449	0.440807423587238
353	0.817750581355918	0.440678068507239
354	0.817693321248387	0.440549069482659
355	0.817636224059609	0.440420424546512
356	0.817579288877039	0.440292131748112
357	0.817522514795754	0.440164189152896
358	0.817465900918364	0.440036594842242
359	0.817409446354933	0.4399093469133
360	0.817353150222893	0.439782443478813
361	0.817297011646965	0.439655882666951
362	0.817241029759078	0.43952966262114
363	0.817185203698291	0.439403781499902
364	0.817129532610717	0.439278237476683
365	0.817074015649441	0.4391530287397
366	0.81701865197445	0.439028153491776
367	0.816963440752555	0.438903609950187
368	0.816908381157319	0.438779396346505
369	0.816853472368982	0.438655510926446
370	0.816798713574394	0.438531951949719
371	0.816744103966938	0.438408717689878
372	0.816689642746465	0.438285806434175
373	0.816635329119224	0.438163216483416
374	0.816581162297795	0.438040946151815
375	0.816527141501016	0.437918993766856
376	0.816473265953928	0.437797357669156
377	0.816419534887698	0.437676036212319
378	0.816365947539562	0.437555027762813
379	0.816312503152759	0.437434330699824
380	0.81625920097647	0.437313943415133
381	0.816206040265752	0.43719386431298
382	0.816153020281481	0.437074091809939
383	0.81610014029029	0.43695462433479
384	0.816047399564509	0.436835460328392
385	0.815994797382107	0.43671659824356
386	0.815942333026635	0.436598036544946
387	0.815890005787167	0.436479773708913
388	0.815837814958241	0.43636180822342
389	0.81578575983981	0.436244138587905
390	0.815733839737182	0.436126763313163
391	0.815682053960965	0.43600968092124
392	0.815630401827016	0.435892889945312
393	0.815578882656386	0.435776388929579
394	0.81552749577527	0.43566017642915
395	0.815476240514952	0.435544251009939
396	0.815425116211757	0.436413837992849
397	0.815374122206997	0.436298482476781
398	0.815323257846924	0.436183409803413
399	0.815272522482683	0.436068618580804
400	0.815221915470257	0.435954107427292
401	0.815171436170423	0.435839874971391
402	0.815121083948706	0.435725919851692
403	0.815070858175328	0.435612240716762
404	0.815020758225167	0.435498836225051
405	0.814970783477706	0.435385705044794
406	0.814920933316992	0.435272845853911
407	0.814871207131588	0.435160257339922
408	0.814821604314532	0.435047938199848
409	0.814772124263293	0.43493588714012
410	0.814722766379726	0.43482410287649
411	0.814673530070032	0.434712584133941
412	0.814624414744713	0.434601329646598
413	0.814575419818536	0.434490338157643
414	0.814526544710487	0.434379608419224
415	0.81447778884373	0.434269139192374
416	0.814429151645573	0.434158929246927
417	0.814380632547423	0.434048977361429
418	0.814332230984748	0.433939282323064
419	0.814283946397042	0.433829842927566
420	0.814235778227781	0.433720657979141
421	0.814187725924392	0.43361172629039
422	0.814139788938209	0.433503046682226
423	0.814091966724442	0.433394617983798
424	0.814044258742136	0.433286439032418
425	0.813996664454141	0.43317850867348
426	0.813949183327069	0.433070825760388
427	0.813901814831266	0.432963389154481
428	0.813854558440771	0.43285619772496
429	0.813807413633289	0.432749250348816
430	0.813760379890149	0.432642545910759
431	0.813713456696278	0.432536083303146
432	0.813666643540161	0.432429861425912
433	0.813619939913816	0.4323238791865
434	0.813573345312753	0.432218135499793
435	0.813526859235949	0.432112629288049
436	0.813480481185814	0.432007359480831
437	0.81343421066816	0.431902325014941
438	0.813388047192167	0.431797524834358
439	0.813341990270358	0.431692957890168
440	0.813296039418566	0.431588623140509
441	0.813250194155902	0.431484519550497
442	0.81320445400473	0.431380646092172
443	0.813158818490633	0.431277001744433
444	0.813113287142389	0.431173585492977
445	0.813067859491938	0.431070396330241
446	0.813022535074359	0.430967433255337
447	0.812977313427835	0.430864695274
448	0.812932194093631	0.430762181398524
449	0.812887176616067	0.430659890647708
450	0.812842260542485	0.430557822046795
451	0.81279744542323	0.430455974627422
452	0.812752730811618	0.430354347427556
453	0.812708116263913	0.430252939491446
454	0.812663601339299	0.430151749869563
455	0.812619185599856	0.430050777618551
456	0.812574868610534	0.429950021801169
457	0.812530649939128	0.42984948148624
458	0.812486529156254	0.429749155748599
459	0.812442505835325	0.429649043669043
460	0.812398579552524	0.429549144334275
461	0.812354749886782	0.429449456836858
462	0.812311016419756	0.429349980275163
463	0.812267378735802	0.429250713753319
464	0.812223836421956	0.429151656381166
465	0.812180389067906	0.429052807274204
466	0.812137036265975	0.428954165553547
467	0.812093777611092	0.428855730345873
468	0.812050612700778	0.428757500783381
469	0.812007541135115	0.428659476003742
470	0.811964562516733	0.428561655150051
471	0.811921676450782	0.428464037370787
472	0.811878882544912	0.428366621819762
473	0.811836180409256	0.428269407656081
474	0.811793569656403	0.428172394044097
475	0.811751049901384	0.428075580153363
476	0.811708620761645	0.427978965158595
477	0.811666281857032	0.427882548239628
478	0.811624032809768	0.427786328581367
479	0.811581873244436	0.427690305373757
480	0.811539802787954	0.42759447781173
481	0.811497821069564	0.427498845095171
482	0.811455927720804	0.427403406428877
483	0.811414122375497	0.427308161022512
484	0.811372404669726	0.427213108090572
485	0.811330774241819	0.427118246852346
486	0.811289230732328	0.427023576531873
487	0.811247773784015	0.426929096357906
488	0.811206403041829	0.426834805563874
489	0.811165118152891	0.426740703387844
490	0.811123918766478	0.426646789072484
491	0.811082804534	0.426553061865023
492	0.811041775108988	0.42645952101722
493	0.811000830147075	0.426366165785321
494	0.81095996930598	0.427239805659798
495	0.810919192245487	0.427146819446428
496	0.810878498627435	0.42705401664429
497	0.810837888115697	0.426961396527238
498	0.810797360376165	0.426868958373442
499	0.810756915076734	0.426776701465349
500	0.810716551887286	0.426684625089654
501	0.810676270479673	0.426592728537267
502	0.810636070527705	0.426501011103275
503	0.810595951707129	0.426409472086912
504	0.810555913695619	0.426318110791528
505	0.810515956172757	0.426226926524554
506	0.810476078820021	0.426135918597473
507	0.810436281320766	0.426045086325785
508	0.810396563360216	0.425954429028978
509	0.810356924625441	0.425863946030498
510	0.810317364805349	0.425773636657714
511	0.810277883590669	0.425683500241895
512	0.810238480673938	0.42559353611817
513	0.810199155749485	0.425503743625508
514	0.810159908513421	0.425414122106683
515	0.810120738663618	0.425324670908245
516	0.810081645899706	0.425235389380494
517	0.810042629923048	0.425146276877448
518	0.810003690436735	0.425057332756816
519	0.809964827145571	0.42496855637997
520	0.809926039756056	0.424879947111919
521	0.809887327976376	0.424791504321277
522	0.809848691516394	0.42470322738024
523	0.809810130087627	0.424615115664555
524	0.809771643403245	0.424527168553498
525	0.80973323117805	0.424439385429844
526	0.809694893128468	0.42435176567984
527	0.809656628972535	0.424264308693182
528	0.809618438429886	0.424177013862988
529	0.80958032122174	0.42408988058577
530	0.809542277070892	0.424002908261414
531	0.809504305701701	0.423916096293148
532	0.809466406840074	0.423829444087523
533	0.809428580213459	0.423742951054387
534	0.809390825550831	0.423656616606857
535	0.809353142582682	0.4235704401613
536	0.809315531041007	0.423484421137306
537	0.809277990659299	0.423398558957665
538	0.809240521172529	0.423312853048342
539	0.809203122317144	0.423227302838457
540	0.809165793831049	0.42314190776026
541	0.809128535453602	0.423056667249106
542	0.809091346925598	0.422971580743437
543	0.809054227989264	0.422886647684756
544	0.809017178388241	0.422801867517606
545	0.808980197867584	0.422717239689546
546	0.808943286173741	0.422632763651134
547	0.808906443054551	0.422548438855901
548	0.808869668259228	0.422464264760329
549	0.808832961538356	0.422380240823834
550	0.808796322643876	0.42229636650874
551	0.808759751329076	0.422212641280263
552	0.808723247348582	0.422129064606487
553	0.808686810458352	0.422045635958344
554	0.808650440415659	0.421962354809593
555	0.808614136979086	0.421879220636802
556	0.808577899908519	0.421796232919329
557	0.808541728965132	0.421713391139295
558	0.808505623911381	0.421630694781575
559	0.808469584510995	0.421548143333769
560	0.808433610528968	0.421465736286188
561	0.808397701731545	0.421383473131835
562	0.80836185788622	0.421301353366383
563	0.808326078761721	0.421219376488159
564	0.808290364128005	0.421137541998124
565	0.808254713756249	0.421055849399854
566	0.808219127418841	0.420974298199524
567	0.808183604889368	0.420892887905889
568	0.808148145942616	0.420811618030265
569	0.808112750354551	0.420730488086509
570	0.808077417902321	0.420649497591009
571	0.80804214836424	0.420568646062659
572	0.808006941519782	0.420487933022843
573	0.807971797149577	0.420407357995422
574	0.807936715035397	0.420326920506713
575	0.807901694960151	0.420246620085471
576	0.807866736707878	0.420166456262878
577	0.807831840063738	0.42008642857252
578	0.807797004814004	0.420006536550375
579	0.807762230746054	0.419926779734794
580	0.807727517648364	0.419847157666486
581	0.807692865310502	0.419767669888502
582	0.807658273523119	0.419688315946218
583	0.80762374207794	0.419609095387321
584	0.807589270767759	0.419530007761793
585	0.807554859386433	0.419451052621893
586	0.807520507728869	0.419372229522145
587	0.807486215591025	0.41929353801932
588	0.807451982769894	0.419214977672424
589	0.807417809063506	0.419136548042679
590	0.807383694270914	0.419058248693512
591	0.80734963819219	0.418980079190538
592	0.807315640628418	0.418902039101544
593	0.807281701381687	0.41882412799648
594	0.807247820255084	0.418746345447439
595	0.807213997052687	0.418668691028644
596	0.807180231579561	0.418591164316435
597	0.807146523641747	0.418513764889257
598	0.807112873046259	0.418436492327639
599	0.807079279601076	0.41835934621419
600	0.807045743115136	0.418282326133577
601	0.80701226339833	0.418205431672515
602	0.806978840261494	0.418128662419754
603	0.806945473516405	0.418052017966064
604	0.806912162975774	0.417975497904223
605	0.806878908453238	0.417899101829005
606	0.806845709763358	0.417822829337162
607	0.806812566721608	0.417746680027417
608	0.806779479144374	0.417670653500448
609	0.806746446848942	0.417594749358877
610	0.8067134696535	0.418468036811494
611	0.806680547377125	0.418392376256419
612	0.806647679839779	0.418316836906137
613	0.806614866862306	0.418241418370916
614	0.806582108266425	0.418166120262906
615	0.806549403874722	0.418090942196124
616	0.806516753510647	0.418015883786447
617	0.806484156998507	0.417940944651593
618	0.806451614163463	0.417866124411117
619	0.806419124831519	0.417791422686393
620	0.806386688829523	0.417716839100605
621	0.806354305985159	0.417642373278736
622	0.806321976126938	0.417568024847557
623	0.8062896990842	0.417493793435612
624	0.806257474687102	0.41741967867321
625	0.806225302766616	0.417345680192416
626	0.806193183154525	0.417271797627032
627	0.806161115683415	0.417198030612595
628	0.80612910018667	0.417124378786361
629	0.806097136498468	0.417050841787294
630	0.80606522445378	0.416977419256059
631	0.806033363888355	0.416904110835006
632	0.806001554638726	0.416830916168165
633	0.805969796542197	0.416757834901231
634	0.805938089436843	0.416684866681556
635	0.805906433161502	0.416612011158139
636	0.805874827555773	0.416539267981613
637	0.805843272460009	0.416466636804239
638	0.805811767715313	0.416394117279891
639	0.805780313163535	0.416321709064052
640	0.805748908647263	0.416249411813797
641	0.805717554009825	0.41617722518779
642	0.805686249095277	0.416105148846268
643	0.805654993748403	0.416033182451038
644	0.805623787814712	0.41596132566546
645	0.805592631140428	0.415889578154444
646	0.80556152357249	0.415817939584436
647	0.805530464958547	0.415746409623411
648	0.805499455146951	0.415674987940863
649	0.805468493986757	0.415603674207796
650	0.805437581327714	0.415532468096714
651	0.805406717020265	0.415461369281612
652	0.805375900915539	0.415390377437968
653	0.805345132865349	0.415319492242734
654	0.805314412722188	0.415248713374324
655	0.805283740339225	0.415178040512611
656	0.805253115570298	0.415107473338911
657	0.805222538269913	0.415037011535982
658	0.80519200829324	0.414966654788008
659	0.805161525496108	0.414896402780596
660	0.805131089734998	0.414826255200764
661	0.805100700867047	0.414756211736936
662	0.805070358750035	0.414686272078928
663	0.805040063242386	0.414616435917947
664	0.805009814203166	0.414546702946576
665	0.804979611492073	0.414477072858769
666	0.80494945496944	0.414407545349845
667	0.804919344496226	0.414338120116474
668	0.804889279934014	0.414268796856674
669	0.804859261145008	0.414199575269802
670	0.80482928799203	0.414130455056545
671	0.804799360338513	0.414061435918913
672	0.804769478048501	0.413992517560229
673	0.804739640986643	0.413923699685127
674	0.804709849018191	0.413854981999535
675	0.804680102008995	0.413786364210679
676	0.8046503998255	0.413717846027064
677	0.804620742334745	0.413649427158476
678	0.804591129404354	0.413581107315966
679	0.804561560902538	0.413512886211852
680	0.804532036698088	0.413444763559702
681	0.804502556660373	0.413376739074333
682	0.804473120659337	0.413308812471803
683	0.804443728565495	0.413240983469402
684	0.80441438024993	0.413173251785645
685	0.804385075584289	0.413105617140267
686	0.804355814440781	0.413038079254213
687	0.804326596692172	0.412970637849635
688	0.804297422211784	0.41290329264988
689	0.804268290873489	0.412836043379488
690	0.804239202551708	0.412768889764181
691	0.804210157121408	0.41270183153086
692	0.804181154458097	0.412634868407595
693	0.804152194437822	0.41256800012362
694	0.804123276937166	0.412501226409328
695	0.804094401833244	0.41243454699626
696	0.804065569003702	0.412367961617102
697	0.804036778326711	0.412301470005678
698	0.804008029680968	0.412235071896941
699	0.803979322945688	0.412168767026972
700	0.803950658000605	0.412102555132968
701	0.803922034725968	0.412036435953237
702	0.803893453002536	0.411970409227195
703	0.80386491271158	0.411904474695357
704	0.803836413734873	0.41183863209933
705	0.803807955954695	0.411772881181808
706	0.803779539253823	0.411707221686569
707	0.803751163515535	0.411641653358462
708	0.803722828623599	0.411576175943407
709	0.803694534462279	0.411510789188387
710	0.803666280916327	0.411445492841442
711	0.803638067870979	0.411380286651663
712	0.803609895211958	0.411315170369185
713	0.803581762825466	0.411250143745186
714	0.803553670598184	0.411185206531874
715	0.803525618417267	0.411120358482487
716	0.803497606170345	0.411055599351284
717	0.803469633745517	0.410990928893544
718	0.80344170103135	0.410926346865552
719	0.803413807916876	0.410861853024603
720	0.80338595429159	0.410797447128989
721	0.803358140045445	0.410733128937998
722	0.803330365068854	0.410668898211907
723	0.803302629252684	0.410604754711976
724	0.803274932488252	0.410540698200444
725	0.803247274667328	0.410476728440522
726	0.803219655682128	0.410412845196389
727	0.803192075425313	0.410349048233186
728	0.803164533789987	0.410285337317013
729	0.803137030669693	0.410221712214918
730	0.803109565958411	0.4101581726949
731	0.80308213955056	0.410094718525897
732	0.803054751340987	0.410031349477783
733	0.803027401224973	0.409968065321366
734	0.803000089098225	0.409904865828378
735	0.802972814856878	0.409841750771474
736	0.802945578397489	0.409778719924224
737	0.802918379617036	0.409715773061111
738	0.802891218412917	0.409652909957523
739	0.802864094682946	0.409590130389752
740	0.802837008325352	0.409527434134985
741	0.802809959238776	0.409464820971302
742	0.802782947322268	0.40940229067767
743	0.802755972475287	0.409339843033939
744	0.802729034597697	0.409277477820836
745	0.802702133589767	0.409215194819964
746	0.802675269352165	0.409152993813791
747	0.802648441785959	0.41002284291582
748	0.802621650792614	0.409960805249993
749	0.80259489627399	0.409898848931442
750	0.80256817813234	0.409836973746064
751	0.802541496270307	0.409775179480604
752	0.802514850590923	0.409713465922648
753	0.802488240997607	0.409651832860619
754	0.802461667394162	0.409590280083774
755	0.802435129684772	0.409528807382195
756	0.802408627774005	0.409467414546792
757	0.802382161566804	0.409406101369291
758	0.80235573096849	0.409344867642235
759	0.802329335884759	0.409283713158979
760	0.802302976221677	0.409222637713684
761	0.802276651885684	0.409161641101312
762	0.802250362783587	0.409100723117627
763	0.802224108822557	0.409039883559184
764	0.802197889910135	0.40897912222333
765	0.802171705954221	0.408918438908197
766	0.802145556863077	0.408857833412701
767	0.802119442545324	0.408797305536534
768	0.802093362909941	0.408736855080163
769	0.802067317866261	0.408676481844826
770	0.802041307323971	0.408616185632524
771	0.80201533119311	0.408555966246023
772	0.801989389384067	0.408495823488845
773	0.801963481807578	0.40843575716527
774	0.801937608374727	0.408375767080324
775	0.801911768996941	0.408315853039783
776	0.80188596358599	0.408256014850164
777	0.801860192053984	0.408196252318723
778	0.801834454313375	0.408136565253452
779	0.801808750276949	0.408076953463074
780	0.801783079857831	0.408017416757041
781	0.801757442969476	0.407957954945528
782	0.801731839525676	0.40789856783943
783	0.80170626944055	0.40783925525036
784	0.801680732628548	0.407780016990644
785	0.801655229004444	0.407720852873317
786	0.801629758483343	0.40766176271212
787	0.801604320980668	0.407602746321497
788	0.801578916412169	0.40754380351659
789	0.801553544693914	0.407484934113237
790	0.80152820574229	0.40742613792797
791	0.801502899474004	0.407367414778005
792	0.801477625806075	0.407308764481246
793	0.801452384655838	0.407250186856279
794	0.801427175940943	0.407191681722366
795	0.801401999579347	0.407133248899445
796	0.801376855489318	0.407074888208127
797	0.801351743589434	0.407016599469688
798	0.801326663798576	0.40695838250607
799	0.801301616035932	0.406900237139879
800	0.801276600220993	0.406842163194375
801	0.801251616273552	0.406784160493476
802	0.801226664113702	0.40672622886175
803	0.801201743661834	0.406668368124415
804	0.801176854838639	0.406610578107333
805	0.8011519975651	0.406552858637009
806	0.801127171762498	0.406495209540587
807	0.801102377352404	0.406437630645845
808	0.801077614256684	0.406380121781198
809	0.801052882397491	0.406322682775685
810	0.801028181697267	0.406265313458976
811	0.801003512078743	0.406208013661362
812	0.800978873464934	0.406150783213756
813	0.80095426577914	0.406093621947688
814	0.800929688944944	0.406036529695301
815	0.800905142886211	0.405979506289352
816	0.800880627527086	0.405922551563203
817	0.800856142791992	0.405865665350826
818	0.800831688605631	0.405808847486791
819	0.80080726489298	0.40575209780627
820	0.800782871579292	0.405695416145033
821	0.800758508590091	0.405638802339441
822	0.800734175851175	0.405582256226447
823	0.800709873288614	0.405525777643594
824	0.800685600828745	0.405469366429007
825	0.800661358398175	0.405413022421397
826	0.800637145923775	0.405356745460053
827	0.800612963332686	0.40530053538484
828	0.800588810552311	0.405244392036199
829	0.800564687510314	0.405188315255141
830	0.800540594134625	0.405132304883247
831	0.800516530353431	0.405076360762663
832	0.80049249609518	0.405020482736098
833	0.800468491288578	0.404964670646824
834	0.800444515862587	0.404908924338669
835	0.800420569746426	0.404853243656015
836	0.800396652869566	0.404797628443799
837	0.800372765161732	0.404742078547508
838	0.800348906552903	0.404686593813176
839	0.800325076973307	0.40463117408738
840	0.80030127635342	0.404575819217242
841	0.800277504623969	0.404520529050422
842	0.800253761715927	0.404465303435119
843	0.800230047560513	0.404410142220066
844	0.80020636208919	0.404355045254525
845	0.800182705233667	0.404300012388293
846	0.800159076925893	0.404245043471691
847	0.80013547709806	0.404190138355565
848	0.800111905682599	0.404135296891284
849	0.800088362612181	0.404080518930735
850	0.800064847819715	0.404025804326326
851	0.800041361238346	0.403971152930976
852	0.800017902801455	0.40391656459812
853	0.799994472442659	0.4038620391817
854	0.799971070095807	0.403807576536169
855	0.79994769569498	0.403753176516484
856	0.799924349174492	0.403698838978103
857	0.799901030468887	0.40364456377699
858	0.799877739512937	0.403590350769602
859	0.799854476241642	0.403536199812896
860	0.799831240590232	0.403482110764321
861	0.79980803249416	0.403428083481819
862	0.799784851889105	0.403374117823821
863	0.799761698710969	0.403320213649243
864	0.799738572895879	0.40326637081749
865	0.799715474380183	0.403212589188445
866	0.799692403100448	0.403158868622476
867	0.799669358993463	0.403105208980427
868	0.799646341996236	0.403051610123617
869	0.79962335204599	0.402998071913841
870	0.799600389080169	0.402944594213364
871	0.799577453036429	0.402891176884923
872	0.799554543852643	0.402837819791721
873	0.799531661466897	0.402784522797426
874	0.799508805817491	0.402731285766169
875	0.799485976842934	0.402678108562543
876	0.799463174481949	0.402624991051601
877	0.799440398673469	0.402571933098851
878	0.799417649356633	0.402518934570257
879	0.799394926470791	0.402465995332235
880	0.799372229955498	0.402413115251654
881	0.799349559750518	0.402360294195829
882	0.799326915795816	0.402307532032523
883	0.799304298031566	0.402254828629945
884	0.799281706398142	0.402202183856744
885	0.800927782674961	0.402149597582013
886	0.800905243246496	0.402097069675282
887	0.800882729771	0.402044600006518
888	0.800860242189654	0.401992188446122
889	0.800837780443836	0.40193983486493
890	0.800815344475122	0.401887539134209
891	0.800792934225287	0.401835301125652
892	0.800770549636301	0.401783120711384
893	0.800748190650329	0.40173099776395
894	0.80072585720973	0.401678932156324
895	0.800703549257059	0.401626923761897
896	0.80068126673506	0.401574972454481
897	0.800659009586671	0.401523078108308
898	0.800636777755022	0.401471240598023
899	0.800614571183431	0.401419459798687
900	0.800592389815406	0.401367735585773
901	0.800570233594644	0.401316067835164
902	0.800548102465028	0.401264456423153
903	0.800525996370631	0.401212901226437
904	0.800503915255708	0.401161402122121
905	0.800481859064701	0.401109958987713
906	0.800459827742238	0.401058571701122
907	0.800437821233128	0.401007240140657
908	0.800415839482363	0.40187143664178
909	0.800393882435117	0.401820216170142
910	0.800371950036746	0.401769051061938
911	0.800350042232786	0.401717941197059
912	0.800328158968952	0.401666886455787
913	0.800306300191138	0.401615886718793
914	0.800284465845416	0.401564941867138
915	0.800262655878034	0.401514051782267
916	0.800240870235418	0.401463216346009
917	0.80021910886417	0.401412435440579
918	0.800197371711065	0.401361708948569
919	0.800175658723052	0.401311036752954
920	0.800153969847256	0.401260418737084
921	0.800132305030971	0.401209854784688
922	0.800110664221666	0.401159344779867
923	0.800089047366979	0.401108888607098
924	0.80006745441472	0.401058486151226
925	0.800045885312867	0.401008137297469
926	0.800024340009567	0.40095784193141
927	0.800002818453136	0.400907599939002
928	0.799981320592058	0.400857411206561
929	0.799959846374982	0.400807275620767
930	0.799938395750723	0.400757193068662
931	0.799916968668264	0.400707163437649
932	0.799895565076749	0.400657186615489
933	0.799874184925487	0.400607262490301
934	0.799852828163953	0.400557390950559
935	0.799831494741779	0.400507571885094
936	0.799810184608764	0.400457805183085
937	0.799788897714865	0.400408090734067
938	0.799767634010201	0.400358428427924
939	0.799746393445048	0.400308818154885
940	0.799725175969846	0.400259259805531
941	0.799703981535187	0.400209753270784
942	0.799682810091826	0.400160298441914
943	0.799661661590673	0.40011089521053
944	0.799640535982793	0.400061543468584
945	0.79961943321941	0.400012243108367
946	0.799598353251899	0.399962994022509
947	0.799577296031792	0.399913796103977
948	0.799556261510774	0.399864649246073
949	0.799535249640683	0.399815553342432
950	0.799514260373511	0.399766508287023
951	0.799493293661398	0.399717513974146
952	0.799472349456639	0.399668570298431
953	0.799451427711678	0.399619677154837
954	0.799430528379108	0.399570834438647
955	0.799409651411672	0.399522042045475
956	0.799388796762262	0.399473299871256
957	0.799367964383919	0.399424607812247
958	0.799347154229828	0.399375965765031
959	0.799326366253323	0.399327373626507
960	0.799305600407886	0.399278831293896
961	0.79928485664714	0.399230338664735
962	0.799264134924858	0.39918189563688
963	0.799243435194953	0.399133502108499
964	0.799222757411483	0.399085157978075
965	0.799202101528652	0.399036863144406
966	0.799181467500803	0.398988617506597
967	0.799160855282422	0.398940420964066
968	0.799140264828136	0.398892273416539
969	0.799119696092715	0.39884417476405
970	0.799099149031066	0.398796124906939
971	0.799078623598239	0.398748123745849
972	0.79905811974942	0.398700171181729
973	0.799037637439935	0.398652267115831
974	0.799017176625247	0.398604411449706
975	0.798996737260958	0.398556604085207
976	0.798976319302806	0.398508844924485
977	0.798955922706664	0.398461133869988
978	0.798935547428543	0.398413470824462
979	0.798915193424587	0.398365855690946
980	0.798894860651075	0.398318288372775
981	0.798874549064421	0.398270768773576
982	0.798854258621172	0.398223296797268
983	0.798833989278008	0.39817587234806
984	0.798813740991741	0.39812849533045
985	0.798793513719314	0.398081165649225
986	0.798773307417804	0.398033883209458
987	0.798753122044416	0.397986647916509
988	0.798732957556487	0.397939459676021
989	0.798712813911483	0.397892318393923
990	0.798692691066999	0.397845223976424
991	0.79867258898076	0.397798176330015
992	0.798652507610616	0.397751175361467
993	0.798632446914549	0.397704220977831
994	0.798612406850665	0.397657313086435
995	0.798592387377198	0.397610451594883
996	0.798572388452507	0.397563636411057
997	0.798552410035078	0.397516867443112
998	0.798532452083521	0.397470144599476
999	0.79851251455657	0.397423467788851
1000	0.797437745760604	0.397360484456026
1001	0.79847270061205	0.397330251902792
