1	0.880378651859735	0.706596509619628
2	0.87761077835338	0.69797815197709
3	0.875741095761143	0.691900375330387
4	0.874331796492389	0.687135598530371
5	0.873191749723848	0.683179476220067
6	0.872234399085327	0.679782263486326
7	0.87140939289412	0.676795571534471
8	0.870684761956078	0.674123303486671
9	0.870038905346641	0.67169932723962
10	0.869461052274503	0.669476585458869
11	0.868940032215218	0.667429364875288
12	0.868461986361525	0.665521053456572
13	0.868020456693752	0.663735924147334
14	0.867610337132916	0.662058882659268
15	0.867227520474744	0.660472581173697
16	0.866868653668547	0.658972158636446
17	0.866530963797185	0.657542751474628
18	0.866212131557069	0.656181114162992
19	0.865910197469056	0.654879065531369
20	0.865623491150028	0.653628841038082
21	0.865350577154785	0.652432500699118
22	0.865090212935203	0.651277028030948
23	0.864841315800981	0.650166181628635
24	0.864602936663068	0.649093719296639
25	0.864374238954212	0.648053339977625
26	0.864154481547832	0.647050809038346
27	0.863943004798258	0.646077636143259
28	0.863739219041936	0.64513034038736
29	0.863542595056704	0.644213862803781
30	0.863352656092233	0.643322286681747
31	0.863168971171075	0.64245203446516
32	0.862991149424786	0.641605056959224
33	0.862818835279005	0.640781887628288
34	0.862653933206634	0.639976598734781
35	0.862494310287003	0.639188280787588
36	0.862339226678032	0.638421569074658
37	0.862188436334713	0.63767189947988
38	0.862041712549041	0.636936728639779
39	0.861898845981377	0.636215395377594
40	0.861759642935806	0.635512670580234
41	0.861623923844058	0.63482376121927
42	0.861491521928501	0.634146851657278
43	0.861362282019396	0.633481446039402
44	0.861236059505574	0.632830433653008
45	0.861112719400874	0.632192711832479
46	0.860992135511365	0.631565088807847
47	0.860874189690574	0.630947183121042
48	0.860758771171821	0.630338635443659
49	0.860645775968255	0.629744451387389
50	0.860535106332544	0.629159143838822
51	0.860426670269251	0.628582154304118
52	0.860320381093831	0.628013199084533
53	0.860216157033029	0.627452064433257
54	0.860113920862099	0.626903540189221
55	0.860013599574844	0.626362216787888
56	0.859915124082987	0.625827866346102
57	0.859818428941799	0.625300272102921
58	0.859723452099292	0.624779227693347
59	0.859630134666571	0.624267880402883
60	0.859538420707267	0.623764071705421
61	0.85944825704416	0.623266194180839
62	0.859359593081352	0.622774078468595
63	0.859272380640502	0.622287562682529
64	0.859186573809825	0.621806542515562
65	0.85910212880467	0.621335165686356
66	0.859019003838633	0.620868896069193
67	0.858937159004267	0.620407598823541
68	0.858856556162543	0.619951144619729
69	0.858777158840296	0.619499409336655
70	0.858698932135002	0.619052273780188
71	0.858621842626224	0.618613387177556
72	0.858545858293212	0.618179148109258
73	0.858470948438139	0.617749138890811
74	0.858397083614511	0.6173232585165
75	0.858324235560341	0.61690140972116
76	0.858252377135726	0.616483498793959
77	0.858181482264463	0.616071035358654
78	0.858111525879406	0.61566449804104
79	0.858042483871288	0.615261603350886
80	0.857974333040725	0.614862270896364
81	0.857907051053193	0.614466423040953
82	0.857840616396744	0.614073984776352
83	0.857775008342274	0.613684883602727
84	0.857710206906147	0.613300777610811
85	0.857646192815023	0.612921642620956
86	0.857582947472733	0.61254561251234
87	0.857520452929057	0.612172624332269
88	0.85745869185027	0.61180261711299
89	0.857397647491354	0.611435531787365
90	0.857337303669748	0.611071311109026
91	0.857277644740541	0.610710271032922
92	0.85721865557302	0.610354884888453
93	0.85716032152847	0.610002177194187
94	0.857102628439169	0.609652097730652
95	0.857045562588477	0.609304597744428
96	0.856989110691972	0.608959629890423
97	0.856933259879556	0.608617148177
98	0.856877997678474	0.608277107913785
99	0.856823311997195	0.607940301487905
100	0.856776964264839	0.608476531174969
101	0.856715623642924	0.607278116963504
102	0.856662598558922	0.606950425600922
103	0.856610105145697	0.60662494977593
104	0.856558133002672	0.606301651985156
105	0.856506672029156	0.605980495715131
106	0.856455712412968	0.60566144540701
107	0.856405244619608	0.605344466422869
108	0.856355259381914	0.605032247976437
109	0.85630574769021	0.604722146807055
110	0.856256700782888	0.604414000384115
111	0.856208110137426	0.60410777772828
112	0.856159967461808	0.603803448626477
113	0.856112264686312	0.603500983606283
114	0.856064993955679	0.603200353911388
115	0.856018147621605	0.602901531478076
116	0.855972448188097	0.602604865457514
117	0.855927157831013	0.602312243726291
118	0.8558822638567	0.602021333398017
119	0.855837759482402	0.601732109193336
120	0.855793638096663	0.601444546416202
121	0.85574989325364	0.601158620935683
122	0.855706518667633	0.60087430916847
123	0.855663508207852	0.600591588062066
124	0.855620855893388	0.600310435078629
125	0.855578555888386	0.600030828179425
126	0.855536602497418	0.59975478877693
127	0.855494990161023	0.599480701326378
128	0.855453713451441	0.599208083334298
129	0.855412767068499	0.598936914796204
130	0.855372145835661	0.598667176133466
131	0.855331844696228	0.598398848181032
132	0.855291858709684	0.598131912175608
133	0.85525218304818	0.597866349744258
134	0.855212812993145	0.597602142893407
135	0.85517374393203	0.597339273998239
136	0.855134971355169	0.597079990658767
137	0.855096490852753	0.596822083992984
138	0.855058298111915	0.596565452957618
139	0.855020388913926	0.596310081450023
140	0.854982759131482	0.596055953685686
141	0.854945404726092	0.595803054189722
142	0.854908321745565	0.595551367788641
143	0.85487150632157	0.595300879602403
144	0.8548349546673	0.595051575036721
145	0.854798663075196	0.594803439775637
146	0.854762627914771	0.594557717465721
147	0.854726845630489	0.594314081302753
148	0.854691312739729	0.594071562990831
149	0.854656025830814	0.593830149376569
150	0.854620981561101	0.593589827549005
151	0.854586176655144	0.594553124527785
152	0.854551607902906	0.594325860607989
153	0.854517272158044	0.594099570246434
154	0.854483166336234	0.593874242522538
155	0.854449287413566	0.593649866708521
156	0.854415632424976	0.593426432264781
157	0.854382198462742	0.593205210555471
158	0.854348982675015	0.592985705591152
159	0.854315982264407	0.592767102714153
160	0.854283194486616	0.592549392189488
161	0.854250616649098	0.592332564447585
162	0.854218246109781	0.592116610080469
163	0.854186080275811	0.591901519838053
164	0.854154116602349	0.591687284624533
165	0.854122352591392	0.591473895494895
166	0.854090785790639	0.591261343651509
167	0.854059413792384	0.591049620440834
168	0.854028234232452	0.590838885924246
169	0.853997244789153	0.59063075776999
170	0.853966443182277	0.590423425429149
171	0.853935827172118	0.590216880871771
172	0.853905394558522	0.590011116195563
173	0.853875143179965	0.589806123623131
174	0.853845070912657	0.589601895499296
175	0.853815175669676	0.589398424288478
176	0.853785455400118	0.589195702572159
177	0.85375590808828	0.588993723046409
178	0.853726531752861	0.588792478519475
179	0.853697324446186	0.58859196190944
180	0.853668284253454	0.588392166241941
181	0.853639409292003	0.588194875491036
182	0.853610697710602	0.587998348557755
183	0.853582147688752	0.587802515583735
184	0.853553757436018	0.587607370066469
185	0.853525525191369	0.587412905599511
186	0.853497449222543	0.587219115870547
187	0.853469527825425	0.58702599465951
188	0.853441759323444	0.586833535836749
189	0.853414142066982	0.586641733361238
190	0.853386674432807	0.586450581278832
191	0.853359354823509	0.586260073720569
192	0.853332181666963	0.586070204901007
193	0.853305153415798	0.585881390242011
194	0.85327826854688	0.585694532681856
195	0.853251525560816	0.585508291076187
196	0.853224922981457	0.585322660010395
197	0.853198459355432	0.585137634144953
198	0.853172133251673	0.584953208214001
199	0.853145943260972	0.58476937702396
200	0.853119887995534	0.584586135452184
201	0.853093966088548	0.584403478445638
202	0.853068176193771	0.584221401019613
203	0.853042516985115	0.584039898256467
204	0.853016987156249	0.583858965304392
205	0.852991585420213	0.583678597376222
206	0.852966310509036	0.583498789748254
207	0.852941161173363	0.583321017989261
208	0.8529161361821	0.583143970571863
209	0.852891234322056	0.582967464473485
210	0.852866454397603	0.582791495255994
211	0.852841795230335	0.582616058538691
212	0.852817255658746	0.582441149997294
213	0.852792834537903	0.582266765362949
214	0.852768530739139	0.582092900421264
215	0.852744343149746	0.581919551011362
216	0.852720270672675	0.581746713024953
217	0.852696312226246	0.581574382405432
218	0.852672466743864	0.581402555146991
219	0.852648733173738	0.581231227293753
220	0.852625110478615	0.581060394938924
221	0.852601597635506	0.580891481227458
222	0.852578193635436	0.580723195198533
223	0.852554897483183	0.580555388660292
224	0.852531708197033	0.58038805792965
225	0.852508624808537	0.580221199368195
226	0.852485646362275	0.580054809381449
227	0.852462771915624	0.579888884418149
228	0.852440000538529	0.579723420969532
229	0.852417331313285	0.57955841556865
230	0.852394763334317	0.579393864789684
231	0.85237229570797	0.579229765247283
232	0.852349927552301	0.579066113595911
233	0.852327657996875	0.57890290652921
234	0.852305486182569	0.578740140779372
235	0.852283411261373	0.578578218777328
236	0.852261432396205	0.57841781507017
237	0.852239548760721	0.578257839034476
238	0.852217759539137	0.578098287580333
239	0.852196063926042	0.577939157653094
240	0.852174461126236	0.577780446232832
241	0.852152950354547	0.577622150333797
242	0.852131530835671	0.577464267003897
243	0.852110201804006	0.577306793324171
244	0.852088962503488	0.57714972640829
245	0.852067812187441	0.576993063402057
246	0.852046750118416	0.576836801482916
247	0.852025775568043	0.57668093785948
248	0.852004887816885	0.576525469771055
249	0.851984086154287	0.576370394487186
250	0.851963369878243	0.576215709307201
251	0.851942738295247	0.576062782639901
252	0.851922190720166	0.575910281212977
253	0.851901726476099	0.575758158372556
254	0.85188134489425	0.575606411557292
255	0.851861045313799	0.575455038233227
256	0.851840827081775	0.575304035893393
257	0.851820689552935	0.575153402057412
258	0.85180063208964	0.575003134271121
259	0.851780654061737	0.574853230106187
260	0.851760754846445	0.574703687159741
261	0.851740933828239	0.574554503054009
262	0.85172119039874	0.57440567543596
263	0.851701523956599	0.57425720197695
264	0.8516819339074	0.57410908037238
265	0.851662419663545	0.573961308341358
266	0.851642980644155	0.573813883626362
267	0.851623616274965	0.573668128063168
268	0.851604325988231	0.573522733263916
269	0.851585109222623	0.573377675954201
270	0.851565965423136	0.573232953987288
271	0.851546894040992	0.573088565238032
272	0.851527894533552	0.572944507602583
273	0.851508966364217	0.572800778998087
274	0.851490109002348	0.572657377362407
275	0.851471321923172	0.572514300653841
276	0.8514526046077	0.572371546850844
277	0.851433956542639	0.572229113951756
278	0.851415377220312	0.572086999974538
279	0.851396866138578	0.571945202956506
280	0.851378422800748	0.571803720954076
281	0.851360046715508	0.57166255204251
282	0.851341737396845	0.571521694315663
283	0.851323494363968	0.571381145885743
284	0.851305317141233	0.571240904883068
285	0.851287205258073	0.571100969455828
286	0.851269158248926	0.570961337769852
287	0.851251175653162	0.570822008008379
288	0.851233257015016	0.570682978371834
289	0.851215401883518	0.570544247077603
290	0.851197609812429	0.570405812359817
291	0.851179880360173	0.570267672469138
292	0.851162213089773	0.570129825672546
293	0.851144607568789	0.569992270253131
294	0.851127063369252	0.569855004509892
295	0.851109580067608	0.56971802675753
296	0.851092157244653	0.569581335326257
297	0.851074794485477	0.569444928561594
298	0.851057491379402	0.569308804824186
299	0.85104024751993	0.569172962489609
300	0.851023062504684	0.569037399948186
301	0.85100593593535	0.568902115604804
302	0.850988867417627	0.568767107878733
303	0.850971856561173	0.568633816811185
304	0.850954902979548	0.568503234040131
305	0.850938006290168	0.568372908822393
306	0.850921166114252	0.568242839729167
307	0.850904382076767	0.56811302534423
308	0.850887653806389	0.56798346426378
309	0.850870980935445	0.567854155096296
310	0.85085436309987	0.567725096462384
311	0.850837799939159	0.567596286994636
312	0.850821291096323	0.567467725337484
313	0.85080483621784	0.567339410147067
314	0.850788434953611	0.567211340091085
315	0.85077208695692	0.567083513848667
316	0.850755791884385	0.566955930110235
317	0.850739549395922	0.566828587577375
318	0.850723359154696	0.566701484962704
319	0.850707220827086	0.566574620989741
320	0.850691134082639	0.566447994392785
321	0.850675098594035	0.566321603916785
322	0.850659114037046	0.566195448317224
323	0.850643180090494	0.566069526359991
324	0.850627296436219	0.565943836821266
325	0.850611462759036	0.565818378487403
326	0.850595678746701	0.565693150154813
327	0.850579944089876	0.56556815062985
328	0.850564258482087	0.565443378728698
329	0.850548621619697	0.565318833277263
330	0.850533033201865	0.56519451311106
331	0.850517492930516	0.565070417075109
332	0.850502000510303	0.564946544023826
333	0.85048655564858	0.56482289282092
334	0.850471158055361	0.56469946233929
335	0.850455807443296	0.564576251460922
336	0.850440503527634	0.564453259076791
337	0.850425246026197	0.564330484086759
338	0.850410034659341	0.56420792539948
339	0.850394869149934	0.564085581932303
340	0.850379749223322	0.563963452611178
341	0.850364674607301	0.563841536370562
342	0.850349645032087	0.563719832153327
343	0.850334660230288	0.563598338910666
344	0.850319719936876	0.563477055602009
345	0.850304823889158	0.563355981194931
346	0.850289971826753	0.563235114665066
347	0.85027516349156	0.563114454996019
348	0.850260398627732	0.562994001179283
349	0.850245676981654	0.562873752214155
350	0.850230998301913	0.562753707107653
351	0.850216362339276	0.562633864874434
352	0.850201768846662	0.562514224536716
353	0.850187217579117	0.562394785124194
354	0.850172708293796	0.562275545673967
355	0.850158240749929	0.562156505230456
356	0.850143814708806	0.562037662845332
357	0.85012942993375	0.561919017577438
358	0.850115086190092	0.561800568492715
359	0.850100783245155	0.56168231466413
360	0.850086520868224	0.561564255171602
361	0.850072298830529	0.561446389101934
362	0.850058116905222	0.561328715548736
363	0.850043974867355	0.561211233612363
364	0.850029872493859	0.561093942399842
365	0.850015809563523	0.560976841024805
366	0.850001785856975	0.560859928607422
367	0.849987801156662	0.560743204274337
368	0.849973855246825	0.5606266671586
369	0.849959947913487	0.560510316399603
370	0.849946078944425	0.560394151143019
371	0.849932248129162	0.560278170540737
372	0.849918455258935	0.5601623737508
373	0.849904700126687	0.560046759937346
374	0.849890982527043	0.559931328270546
375	0.849877302256294	0.559816077926543
376	0.849863659112376	0.559701008087396
377	0.84985005289486	0.559586117941021
378	0.849836483404925	0.559471406681132
379	0.849822950445346	0.559356873507187
380	0.849809453820476	0.559242517624329
381	0.849795993336233	0.559128338243335
382	0.849782568800074	0.559014334580554
383	0.849769180020988	0.558900505857863
384	0.849755826809478	0.558786851302604
385	0.849742508977541	0.558673370147539
386	0.849729226338656	0.558560061630792
387	0.849715978707767	0.558446924995804
388	0.849702765901269	0.558333959491276
389	0.849689587736991	0.558221164371121
390	0.849676444034185	0.558108538894417
391	0.849663334613505	0.557996082325357
392	0.849650259296998	0.557883793933198
393	0.849637217908089	0.557771672992214
394	0.849624210271563	0.557659718781654
395	0.849611236213557	0.557547930585687
396	0.849598463933894	0.557436307693362
397	0.849585762286402	0.557324849398562
398	0.849573093193544	0.557213554999956
399	0.849560456489274	0.557102423800958
400	0.849547852008814	0.556991455109679
401	0.84953527958863	0.556880648238887
402	0.849522739066429	0.556770002505966
403	0.84951023028114	0.556659517232865
404	0.849497753072907	0.556549191746067
405	0.849485307283071	0.55643902537654
406	0.849472892754164	0.556329017459697
407	0.849460509329894	0.556219167335361
408	0.849448156855133	0.556109474347718
409	0.849435835175906	0.55599993784528
410	0.849423544139382	0.555890557180848
411	0.849411283593858	0.555781331711472
412	0.849399053388752	0.555672260798411
413	0.849386853374592	0.555563343807098
414	0.849374683403002	0.5554545801071
415	0.849362543326692	0.555345969072084
416	0.849350432999453	0.555237510079779
417	0.849338352276138	0.555129202511938
418	0.849326301012656	0.555021045754307
419	0.849314279065965	0.554913039196586
420	0.849302286294055	0.554805182232394
421	0.849290322555944	0.554697474259238
422	0.849278387711664	0.554589914678474
423	0.849266481622255	0.554482502895277
424	0.849254604149751	0.554375238318607
425	0.849242755157176	0.554268120361176
426	0.84923093450853	0.554161148439413
427	0.84921914206878	0.554054321973435
428	0.849207377703856	0.553947640387013
429	0.849195641280635	0.553841103107543
430	0.849183932666937	0.553734709566011
431	0.849172251731513	0.553628459196965
432	0.849160598344038	0.553522351438484
433	0.849148972375105	0.553416385732147
434	0.849137373696209	0.553310561523003
435	0.849125802179746	0.553204878259543
436	0.849114257699002	0.55309933539367
437	0.849102740128143	0.552993932380669
438	0.84909124934221	0.552888668679179
439	0.849079785217108	0.552783543751167
440	0.8490683476296	0.552678557061896
441	0.8490569364573	0.5525737080799
442	0.849045551578661	0.552468996276957
443	0.849034192872974	0.552364421128059
444	0.849022860220352	0.552259982111388
445	0.849011553501731	0.552155678708289
446	0.849000272598856	0.552051510403242
447	0.848989017394278	0.551947476683837
448	0.848977787771344	0.551843577040752
449	0.848966583614191	0.551739810967719
450	0.848955404807739	0.551636177961508
451	0.848944251237684	0.551532677521897
452	0.84893312279049	0.551429309151646
453	0.848922019353384	0.551326072356479
454	0.848910940814348	0.551222966645052
455	0.848899887062111	0.55112128271135
456	0.848888857986144	0.551020913718688
457	0.848877853476656	0.550920668088507
458	0.848866873424582	0.550820545368844
459	0.84885591772158	0.550720545110372
460	0.848844986260025	0.55062066686638
461	0.848834078932999	0.550520910192747
462	0.848823195634292	0.550421274647925
463	0.848812336258387	0.550321759792921
464	0.84880150070046	0.55022236519127
465	0.848790688856373	0.550123090409022
466	0.848779900622667	0.550023935014715
467	0.848769135896554	0.549924898579364
468	0.848758394575918	0.549825980676434
469	0.848747676559302	0.549727180881823
470	0.848736981745905	0.549628498773846
471	0.848726310035579	0.549529933933212
472	0.848715661328817	0.549431485943008
473	0.848705035526756	0.549333154388677
474	0.848694432531163	0.549234938858007
475	0.848683852244437	0.549136838941103
476	0.848673294569598	0.549038854230377
477	0.848662759410284	0.548940984320527
478	0.848652246670747	0.54884322880852
479	0.848641756255847	0.548745587293573
480	0.848631288071045	0.548648059377138
481	0.848620842022399	0.548550644662885
482	0.848610418016562	0.548453342756682
483	0.848600015960771	0.548356153266581
484	0.848589635762849	0.548259075802802
485	0.848579277331195	0.548162109977714
486	0.84856894057478	0.54806525540582
487	0.848558625403145	0.547968511703741
488	0.848548331726393	0.5478718784902
489	0.848538059455186	0.547775355386007
490	0.848527808500741	0.54767894201404
491	0.848517578774824	0.547582637999235
492	0.848507370189746	0.547486442968565
493	0.848497182658359	0.547390356551028
494	0.84848701609405	0.547294378377632
495	0.84847687041074	0.547198508081379
496	0.848466745522876	0.54710274529725
497	0.848456641345427	0.547007089662192
498	0.848446557793884	0.5469115408151
499	0.848436494784249	0.546816098396808
500	0.848426452233039	0.546720762050069
501	0.848416430057274	0.546625531419545
502	0.848406428174477	0.546530406151792
503	0.84839644650267	0.546435385895245
504	0.84838648496037	0.546340470300205
505	0.848376543466582	0.546245659018826
506	0.8483666219408	0.5461509517051
507	0.848356720302998	0.546056348014846
508	0.848346838473633	0.545961847605695
509	0.848336976373632	0.545867450137076
510	0.848327133924396	0.545773155270206
511	0.848317311047793	0.545678962668074
512	0.848307507666155	0.545584871995432
513	0.848297723702273	0.545490882918778
514	0.848287959079395	0.545396995106346
515	0.848278213721223	0.545303208228095
516	0.848268487551907	0.545209521955691
517	0.848258780496044	0.545115935962503
518	0.848249092478671	0.545022449923584
519	0.848239423425267	0.544929063515663
520	0.848229773261744	0.544835776417131
521	0.848220141914449	0.544742588308031
522	0.848210529310155	0.544649498870044
523	0.84820093537606	0.544556507786481
524	0.848191360039789	0.544463614742268
525	0.848181803229379	0.544370819423938
526	0.848172264873289	0.544278121519615
527	0.848162744900387	0.544185520719007
528	0.84815324323995	0.544093016713397
529	0.848143759821664	0.544000609195624
530	0.848134294575617	0.543908297860081
531	0.848124847432295	0.543816082402697
532	0.848115418322584	0.543723962520932
533	0.848106007177762	0.543631937913764
534	0.848096613929499	0.543540008281677
535	0.848087238509853	0.543448173326654
536	0.848077880851266	0.543356432752165
537	0.848068540886566	0.543264786263155
538	0.848059218548955	0.543173233566038
539	0.848049913772015	0.543081774368684
540	0.848040626489701	0.542990408380409
541	0.848031356636339	0.542899135311966
542	0.848022104146624	0.542807954875536
543	0.848012868955613	0.542716866784719
544	0.84800365099873	0.542625870754518
545	0.847994450211758	0.542534966501341
546	0.847985266530834	0.54244415374298
547	0.847976099892455	0.542353432198609
548	0.847966950233465	0.542262801588771
549	0.847957817491062	0.542172261635373
550	0.847948701602787	0.542081812061671
551	0.847939602506529	0.541991452592265
552	0.847930520140515	0.541901182953091
553	0.847921454443315	0.541811002871409
554	0.847912405353835	0.541720912075794
555	0.847903372811313	0.54163091029613
556	0.847894356755322	0.541540997263603
557	0.847885357125762	0.541451172710684
558	0.847876373862864	0.541361436371131
559	0.84786740690718	0.541271787979972
560	0.847858456199586	0.541182227273503
561	0.847849521681278	0.541092753989275
562	0.847840603293771	0.541003367866089
563	0.847831700978893	0.540914068643986
564	0.84782281467879	0.540824856064239
565	0.847813944335913	0.540735729869346
566	0.847805089893026	0.540646689803022
567	0.8477962512932	0.54055773561019
568	0.847787428479807	0.540468867036973
569	0.847778621396525	0.540380083830689
570	0.84776982998733	0.540291385739839
571	0.847761054196496	0.540202772514104
572	0.847752293968595	0.540114243904333
573	0.847743549248491	0.540025799662539
574	0.84773481998134	0.53993743954189
575	0.847726106112589	0.539849163296701
576	0.84771740758797	0.539760970682428
577	0.847708724353504	0.539672861455661
578	0.847700056355494	0.539584835374113
579	0.847691403540524	0.539496892196619
580	0.847682765855459	0.539409031683125
581	0.847674143247442	0.53932125359468
582	0.847665535663891	0.539233557693434
583	0.847656943052498	0.539145943742623
584	0.847648365361228	0.539058411506572
585	0.847639802538315	0.538970960750678
586	0.847631254532261	0.538883591241413
587	0.847622721291838	0.538796302746311
588	0.847614202766077	0.53870909503396
589	0.847605698904277	0.538621967874004
590	0.847597209655995	0.538534921037125
591	0.847588734971048	0.538447954295047
592	0.847580274799511	0.538361067420522
593	0.847571829091714	0.538274260187328
594	0.847563397798242	0.53818753237026
595	0.847554980869931	0.538100883745125
596	0.847546578257868	0.538014314088737
597	0.847538189913389	0.537927823178909
598	0.847529815788077	0.537841410794445
599	0.847521455833761	0.537755076715139
600	0.847513110002515	0.537668820721764
601	0.84750477824665	0.537582642596071
602	0.847496460518725	0.537496542120776
603	0.847488156771532	0.537410519079563
604	0.847479866958104	0.537324573257068
605	0.847471591031707	0.537238704438884
606	0.847463328945843	0.537152912411546
607	0.847455080654247	0.537068257096256
608	0.847446846110885	0.536984423401619
609	0.84743862526995	0.536900662376424
610	0.847430418085866	0.536816973822546
611	0.847422224513283	0.536733357542718
612	0.847414044507076	0.536649813340532
613	0.847405878022342	0.536566341020427
614	0.847397725014401	0.536482940387688
615	0.847389585438795	0.536399611248439
616	0.847381459251284	0.53631635340964
617	0.847373346407845	0.536233166679081
618	0.847365246864674	0.536150050865375
619	0.847357160578178	0.536067005777958
620	0.847349087504981	0.535984031227079
621	0.847341027601917	0.535901127023799
622	0.847332980826032	0.535818292979984
623	0.84732494713458	0.535735528908301
624	0.847316926485025	0.535652834622212
625	0.847308918835036	0.535570209935975
626	0.847300924142488	0.53548765466463
627	0.84729294236546	0.535405168624003
628	0.847284973462234	0.535322751630696
629	0.847277017391292	0.535240403502085
630	0.847269074111319	0.535158124056315
631	0.847261143581195	0.535075913112296
632	0.847253225760001	0.534993770489696
633	0.847245320607012	0.53491169600894
634	0.8472374280817	0.534829689491206
635	0.847229548143728	0.534747750758416
636	0.847221680752955	0.534665879633236
637	0.847213825869429	0.534584075939071
638	0.847205983453389	0.534502339500059
639	0.847198153465262	0.534420670141068
640	0.847190335865665	0.534339067687694
641	0.847182530615399	0.534257531966251
642	0.847174737675451	0.534176062803774
643	0.847166957006994	0.53409466002801
644	0.847159188571382	0.534013323467414
645	0.847151432330151	0.53393205295115
646	0.84714368824502	0.53385084830908
647	0.847135956277886	0.533769709371765
648	0.847128236390823	0.53368863597046
649	0.847120528546086	0.533607627937109
650	0.847112832706103	0.53352668510434
651	0.847105148833479	0.533445807305467
652	0.847097476890993	0.533364994374478
653	0.847089816841597	0.533284246146038
654	0.847082168648415	0.533203562455481
655	0.847074532274741	0.533122943138808
656	0.847066907684041	0.533042388032685
657	0.847059294839947	0.532961896974434
658	0.84705169370626	0.532881469802035
659	0.84704410424695	0.53280110635412
660	0.847036526426149	0.532720806469968
661	0.847028960208157	0.532640569989504
662	0.847021405557435	0.532560396753296
663	0.847013862438608	0.532480286602546
664	0.847006330816464	0.532400239379093
665	0.84699881065595	0.532320254925405
666	0.846991301922173	0.53224033308458
667	0.846983804580399	0.532160473700338
668	0.846976318596052	0.532080676617019
669	0.846968843934713	0.532000941679581
670	0.846961380562119	0.531921268733596
671	0.846953928444162	0.531841657625245
672	0.846946487546887	0.531762108201318
673	0.846939057836494	0.531682620309208
674	0.846931639279334	0.531603193796907
675	0.84692423184191	0.531523828513007
676	0.846916835490875	0.531444524306691
677	0.846909450193031	0.531365281027735
678	0.84690207591533	0.531286098526502
679	0.84689471262487	0.531206976653939
680	0.846887360288898	0.531127915261576
681	0.846880018874806	0.531048914201518
682	0.84687268835013	0.530969973326449
683	0.846865368682552	0.530891092489622
684	0.846858059839896	0.53081227154486
685	0.84685076179013	0.530733510346551
686	0.846843474501364	0.530654808749649
687	0.846836197941845	0.530576166609665
688	0.846828932079967	0.530497583782667
689	0.846821676884256	0.530419060125278
690	0.846814432323382	0.530340595494672
691	0.846807198366148	0.530262189748571
692	0.846799974981499	0.530183842745242
693	0.846792762138511	0.530105554343495
694	0.846785559806399	0.530027324402679
695	0.846778367954511	0.529949152782679
696	0.846771186552327	0.529871039343915
697	0.846764015569463	0.529792983947339
698	0.846756854975666	0.529714986454429
699	0.846749704740812	0.529637046727189
700	0.846742564834912	0.529559164628147
701	0.846735435228103	0.52948134002035
702	0.846728315890653	0.529403572767363
703	0.846721206792958	0.529325862733266
704	0.846714107905542	0.529248209782649
705	0.846707019199055	0.529170613780614
706	0.846699940644274	0.529093074592768
707	0.846692872212101	0.529015592085222
708	0.846685813873563	0.52893816612459
709	0.846678765599811	0.528860796577983
710	0.846671727362118	0.52878348331301
711	0.846664699131883	0.528706226197772
712	0.846657680880623	0.528629025100863
713	0.846650672579979	0.528551879891365
714	0.846643674201712	0.528474790438846
715	0.846636685717701	0.528397756613357
716	0.846629707099946	0.528320778285433
717	0.846622738320566	0.528243855326085
718	0.846615779351796	0.528166987606801
719	0.846608830165989	0.528090174999544
720	0.846601890735616	0.528013417376748
721	0.846594961033262	0.527936714611316
722	0.846588041031627	0.527860066576617
723	0.846581130703527	0.527783473146487
724	0.846574230021892	0.527706934195221
725	0.846567338959764	0.527630449597575
726	0.846560457490298	0.527554019228764
727	0.846553585586762	0.527477642964456
728	0.846546723222535	0.527401320680772
729	0.846539870371106	0.527325052254285
730	0.846533027006075	0.527248837562016
731	0.846526193101152	0.52717267648143
732	0.846519368630155	0.527096568890439
733	0.84651255356701	0.527020514667395
734	0.846505747885753	0.526944513691088
735	0.846498951560526	0.526868565840749
736	0.846492164565576	0.52679267099604
737	0.846485386875258	0.52671682903706
738	0.846478618464033	0.526641039844336
739	0.846471859306464	0.526565303298823
740	0.846465109377222	0.526489619281906
741	0.846458368651078	0.526413987675392
742	0.846451637102909	0.526338408361509
743	0.846444914707694	0.526262881222909
744	0.846438201440512	0.52618740614266
745	0.846431497276547	0.526111983004246
746	0.84642480219108	0.526036611691565
747	0.846418116159497	0.525961292088929
748	0.846411439157279	0.525886024081058
749	0.84640477116001	0.525810807553081
750	0.846398112143371	0.525735642390532
751	0.846391462083142	0.525660528479352
752	0.8463848209552	0.525585465705881
753	0.846378188735519	0.525510453956861
754	0.846371565400172	0.525435493119431
755	0.846364950925325	0.525360583081128
756	0.846358345287242	0.525285723729883
757	0.84635174846228	0.525210914954017
758	0.846345160426893	0.525136156642245
759	0.846338581157628	0.52506226500223
760	0.846332010631125	0.524989019326643
761	0.846325448824118	0.524915821567412
762	0.846318895713433	0.524842671620679
763	0.84631235127599	0.524769569382948
764	0.846305815488797	0.524696514751078
765	0.846299288328957	0.524623507622281
766	0.846292769773662	0.524550547894125
767	0.846286259800193	0.524477635464527
768	0.846279758385923	0.524404770231754
769	0.846273265508313	0.524331952094423
770	0.846266781144914	0.524259180951494
771	0.846260305273363	0.524186456702275
772	0.846253837871387	0.524113779246416
773	0.8462473789168	0.524041148483908
774	0.846240928387502	0.523968564315082
775	0.846234486261481	0.523896026640608
776	0.846228052516809	0.523823535361491
777	0.846221627131646	0.523751090379075
778	0.846215210084236	0.523678691595032
779	0.846208801352908	0.523606338911372
780	0.846202400916073	0.523534032230431
781	0.846196008752231	0.523461771454875
782	0.846189624839959	0.523389556487701
783	0.846183249157923	0.523317387232226
784	0.846176881684868	0.523245263592095
785	0.846170522399621	0.523173185471277
786	0.846164171281093	0.523101152774059
787	0.846157828308275	0.52302916540505
788	0.846151493460237	0.522957223269177
789	0.846145166716133	0.522885326271685
790	0.846138848055195	0.522813474318133
791	0.846132537456735	0.522741667314396
792	0.846126234900145	0.522669905166658
793	0.846119940364893	0.522598187781419
794	0.84611365383053	0.522526515065485
795	0.846107375276681	0.522454886925972
796	0.84610110468305	0.522383303270304
797	0.84609484202942	0.522311764006208
798	0.846088587295647	0.522240269041718
799	0.846082340461667	0.522168818285168
800	0.846076101507492	0.522097411645195
801	0.846069870413206	0.522026049030736
802	0.846063647158973	0.521954730351028
803	0.846057431725028	0.521883455515602
804	0.846051224091684	0.521812224434288
805	0.846045024239325	0.52174103701721
806	0.846038832148412	0.521669893174784
807	0.846032647799476	0.521598792817719
808	0.846026471173124	0.521527735857017
809	0.846020302250033	0.521456722203964
810	0.846014141010956	0.521385751770139
811	0.846007987436715	0.521314824467406
812	0.846001841508204	0.521243940207914
813	0.84599570320639	0.521173098904098
814	0.845989572512308	0.521102300468674
815	0.845983449407066	0.521031544814642
816	0.845977333871842	0.520960831855279
817	0.845971225887884	0.520890161504145
818	0.845965125436507	0.520819533675076
819	0.845959032499098	0.520748948282186
820	0.845952947057112	0.520678405239862
821	0.845946869092072	0.520607904462769
822	0.845940798585571	0.520537445865841
823	0.845934735519267	0.520467029364288
824	0.845928679874887	0.520396654873587
825	0.845922631634226	0.520326322309488
826	0.845916590779144	0.520256031588007
827	0.845910557291569	0.520185782625427
828	0.845904531153495	0.520115575338299
829	0.84589851234698	0.520045409643437
830	0.845892500854151	0.519975285457919
831	0.845886496657198	0.519905202699087
832	0.845880499738376	0.519835161284541
833	0.845874510080004	0.519765161132145
834	0.845868527664467	0.51969520216002
835	0.845862552474212	0.519625284286545
836	0.845856584491753	0.519555407430357
837	0.845850623699663	0.519485571510347
838	0.845844670080581	0.519415776445663
839	0.845838723617208	0.519346022155704
840	0.845832784292308	0.519276308560123
841	0.845826852088705	0.519206635578823
842	0.845820926989287	0.519137003131959
843	0.845815008977004	0.519067411139934
844	0.845809098034865	0.5189978595234
845	0.845803194145942	0.518928348203255
846	0.845797297293366	0.518858877100644
847	0.84579140746033	0.518789446136954
848	0.845785524630086	0.518720055233821
849	0.845779648785946	0.51865070431312
850	0.845773779911282	0.518581393296968
851	0.845767917989525	0.518512122107725
852	0.845762063004165	0.518442890667989
853	0.84575621493875	0.518373698900596
854	0.845750373776887	0.518304546728621
855	0.845744539502243	0.518235434075377
856	0.845738712098538	0.518166360864409
857	0.845732891549555	0.5180973270195
858	0.845727077839131	0.518028332464665
859	0.845721270951161	0.517959377124153
860	0.845715470869597	0.517890460922442
861	0.845709677578447	0.517821583784245
862	0.845703891061776	0.517752745634501
863	0.845698111303703	0.517683946398379
864	0.845692338288407	0.517615186001278
865	0.845686572000116	0.517546464368819
866	0.84568081242312	0.517477781426854
867	0.84567505954176	0.517409137101458
868	0.845669313340432	0.517340531318929
869	0.845663573803587	0.517271964005789
870	0.845657840915731	0.517203435088783
871	0.845652114661422	0.517134944494876
872	0.845646395025274	0.517066492151254
873	0.845640681991952	0.516998077985322
874	0.845634975546176	0.516929701924704
875	0.845629275672719	0.516861363897241
876	0.845623582356404	0.516793063830992
877	0.845617895582111	0.51672480165423
878	0.845612215334768	0.516656577295444
879	0.845606541599358	0.516588390683337
880	0.845600874360914	0.516520241746824
881	0.84559521360452	0.516452130415034
882	0.845589559315314	0.516384056617307
883	0.845583911478481	0.516316020283192
884	0.845578270079261	0.516248021342449
885	0.845572635102942	0.516180059725047
886	0.845567006534863	0.516112135361163
887	0.845561384360413	0.516044248181179
888	0.845555768565031	0.515976398115686
889	0.845550159134206	0.515908585095479
890	0.845544556053474	0.515840809051557
891	0.845538959308425	0.515773069915124
892	0.845533368884694	0.515705367617587
893	0.845527784767966	0.515637702090553
894	0.845522206943974	0.515570073265833
895	0.8455166353985	0.515502481075436
896	0.845511070117375	0.515434925451573
897	0.845505511086476	0.515367406326651
898	0.845499958291729	0.515299923633278
899	0.845494411719106	0.515232477304257
900	0.845488871354628	0.515165067272589
901	0.845483337184362	0.515097693471468
902	0.845477809194422	0.515030355834287
903	0.845472287370968	0.514963054294629
904	0.845466771700209	0.514895788786272
905	0.845461262168397	0.514828559243187
906	0.845455758761831	0.514761365599536
907	0.845450261466856	0.514694207789673
908	0.845444770269863	0.51462708574814
909	0.845439285157289	0.51455999940967
910	0.845433806115613	0.514492948709185
911	0.845428333131364	0.514426512039097
912	0.84542286619111	0.514360686343763
913	0.845417405281468	0.514294894560823
914	0.845411950389099	0.514229136629324
915	0.845406501500705	0.514163412488485
916	0.845401058603036	0.514097722077699
917	0.845395621682882	0.514032065336531
918	0.84539019072708	0.513966442204718
919	0.845384765722508	0.513900852622169
920	0.845379346656089	0.513835296528962
921	0.845373933514788	0.513769773865345
922	0.845368526285613	0.513704284571737
923	0.845363124955615	0.513638828588723
924	0.845357729511886	0.513573405857058
925	0.845352339941562	0.513508016317661
926	0.845346956231822	0.513442659911622
927	0.845341578369884	0.513377336580192
928	0.84533620634301	0.513312046264792
929	0.845330840138501	0.513246788907003
930	0.845325479743704	0.513181564448574
931	0.845320125146003	0.513116372831414
932	0.845314776332825	0.513051213997597
933	0.845309433291636	0.512986087889358
934	0.845304096009944	0.512920994449093
935	0.845298764475299	0.51285593361936
936	0.845293438675288	0.512790905342876
937	0.845288118597541	0.512725909562519
938	0.845282804229727	0.512660946221323
939	0.845277495559554	0.512596015262485
940	0.84527219257477	0.512531116629354
941	0.845266895263164	0.512466250265442
942	0.845261603612561	0.512401416114413
943	0.845256317610829	0.512336614120089
944	0.845251037245872	0.512271844226447
945	0.845245762505634	0.512207106377618
946	0.845240493378098	0.512142400517889
947	0.845235229851285	0.512077726591697
948	0.845229971913253	0.512013084543638
949	0.845224719552101	0.511948474318453
950	0.845219472755963	0.511883895861041
951	0.845214231513014	0.511819349116448
952	0.845208995811463	0.511754834029873
953	0.845203765639558	0.511690350546664
954	0.845198540985586	0.51162589861232
955	0.845193321837869	0.511561478172488
956	0.845188108184768	0.511497089172961
957	0.845182900014678	0.511432731559685
958	0.845177697316033	0.511368405278748
959	0.845172500077302	0.511304110276389
960	0.845167308286994	0.51123984649899
961	0.845162121933649	0.51117561389308
962	0.845156941005846	0.511111412405334
963	0.8451517654922	0.511047241982569
964	0.845146595381361	0.510983102571749
965	0.845141430662016	0.510918994119979
966	0.845136271322885	0.510854916574509
967	0.845131117352726	0.510790869882728
968	0.845125968740331	0.510726853992171
969	0.845120825474526	0.510662868850512
970	0.845115687544174	0.510598914405566
971	0.845110554938171	0.510534990605289
972	0.845105427645449	0.510471097397775
973	0.845100305654974	0.51040723473126
974	0.845095188955745	0.510343402554116
975	0.845090077536796	0.510279600814855
976	0.845084971387197	0.510215829462126
977	0.84507987049605	0.510152088444716
978	0.845074774852489	0.510088377711546
979	0.845069684445687	0.510024697211677
980	0.845064599264844	0.509961046894303
981	0.845059519299198	0.509897426708755
982	0.845054444538018	0.509833836604496
983	0.845049374970608	0.509770276531125
984	0.845044310586302	0.509706746438377
985	0.84503925137447	0.509643246276115
986	0.845034197324512	0.509579775994339
987	0.845029148425862	0.509516335543178
988	0.845024104667986	0.509452924872897
989	0.845019066040383	0.509389543933888
990	0.845014032532583	0.509326192676676
991	0.845009004134149	0.509262871051915
992	0.845003980834675	0.509199579010391
993	0.844998962623786	0.509136316503018
994	0.844993949491142	0.509073083480837
995	0.84498894142643	0.509009879895022
996	0.844983938419372	0.50894670569687
997	0.84497894045972	0.50888356083781
998	0.844973947537256	0.508820445269393
999	0.844968959641795	0.508757358943303
1000	0.844967235865353	0.516183007948661
1001	0.844958998891289	0.508631273825449
