1	0	0.000484280826232962
2	0	0.000620146805821735
3	0	0.000693154142078195
4	0	0.0007346494692293
5	0	0.000766752801652677
6	0	0.000793687337771673
7	0	0.000817470364990015
8	0	0.000839188913122058
9	0	0.000859481100753684
10	0	0.000864798034164635
11	0	0.000883228193732948
12	0	0.000901085699666066
13	0	0.000904365019296214
14	0	0.000921374413774187
15	0	0.000923887402855172
16	0	0.000940347935724125
17	0	0.000942341596919444
18	0	0.000944122574173865
19	0	0.000960052325371637
20	0	0.000961520576533962
21	0	0.000977224771484927
22	0	0.000978458966007556
23	0	0.000979589238938449
24	0	0.000995049189238196
25	0	0.000996021547570406
26	0	0.000996921218187341
27	0	0.00101221629042118
28	0	0.0010130043244085
29	0	0.00101373939197835
30	0	0.00102891846824219
31	0	0.00102957165326233
32	0	0.00103018495797529
33	0	0.00103076192693933
34	0	0.00104583112771941
35	0	0.00104635171429475
36	0	0.00104684397629768
37	0	0.00104731016437834
38	0	0.00106230441089566
39	0	0.00106273013491402
40	0	0.001063134969506
41	0	0.00106352041547032
42	0	0.00107846163801195
43	0	0.00107881706662296
44	0	0.00107915661394268
45	0	0.00107948132118991
46	0	0.00109438392515402
47	0	0.00109468575332172
48	0	0.00109497520169696
49	0	0.00109525301666823
50	0	0.00109551988580256
51	0	0.00111038679516226
52	0	0.00111063691892543
53	0	0.00111087773787207
54	0	0.00111110976176391
55	0	0.00111133346379273
56	0	0.00111154928380211
57	0	0.00112638602019847
58	0	0.00112658992457011
59	0	0.00112678700517342
60	0	0.00112697759892471
61	0	0.00112716202091883
62	0	0.00114198135193946
63	0	0.00114215654299872
64	0	0.00114232632388024
65	0	0.00114249094139308
66	0	0.00114265062755837
67	0	0.00114280560070053
68	0	0.00114295606644326
69	0	0.00115775737453801
70	0	0.00115790121682337
71	0	0.00115804105035727
72	0	0.00115817704042109
73	0	0.00115830934333309
74	0	0.00115843810704785
75	0	0.00117322883142796
76	0	0.00117335247543295
77	0	0.00117347293948083
78	0	0.00117359034469302
79	0	0.00117370480611672
80	0	0.00117381643310101
81	0	0.0011739253296453
82	0	0.00118870698902466
83	0	0.00118881201348714
84	0	0.00118891455993512
85	0	0.00118901471504937
86	0	0.00118911256151442
87	0	0.00118920817824623
88	0	0.00118930164060444
89	0	0.00118939302059054
90	0	0.00120416735419053
91	0	0.00120425585216681
92	0	0.00120434244214831
93	0	0.00120442718518173
94	0	0.00120451013973697
95	0	0.00120459136184164
96	0	0.00120467090520726
97	0	0.00120474882134772
98	0	0.0012195181489002
99	0	0.00121959386918917
100	0	0.00121596129127115
101	0	0.00121974084538155
102	0	0.00121981218817072
103	0	0.0012198821558879
104	0	0.00121995078790913
105	0	0.00122001812212124
106	0	0.0012200841949916
107	0	0.00123484963199367
108	0	0.00123491405315354
109	0	0.00123497730052382
110	0	0.00123503940589591
111	0	0.00123510039992337
112	0	0.00123516031217241
113	0	0.00123521917116968
114	0	0.00123527700444757
115	0	0.00123533383858712
116	0	0.00125009671901802
117	0	0.00125015228473864
118	0	0.00125020691474475
119	0	0.00125026063247506
120	0	0.00125031346059192
121	0	0.00125036542101324
122	0	0.00125041653494277
123	0	0.00125046682289896
124	0	0.00125051630474244
125	0	0.00126527752866894
126	0	0.00126532601921408
127	0	0.00126537375071062
128	0	0.00126542074084297
129	0	0.00126546700675045
130	0	0.00126551256504808
131	0	0.00126555743184651
132	0	0.00126560162277097
133	0	0.00126564515297947
134	0	0.00126568803718012
135	0	0.00126573028964766
136	0	0.00128049020201756
137	0	0.00128053170928631
138	0	0.00128057261832493
139	0	0.0012806129419741
140	0	0.00128065269270964
141	0	0.00128069188265533
142	0	0.00128073052359528
143	0	0.00128076862698572
144	0	0.00128080620396632
145	0	0.00128084326537111
146	0	0.00129560257792353
147	0	0.00129563905401113
148	0	0.0012956750397203
149	0	0.00129571054487391
150	0	0.00129574557903424
151	0	0.00129578015151151
152	0	0.00129581427137219
153	0	0.00129584794744688
154	0	0.00129588118833797
155	0	0.00129591400242692
156	0	0.00129594639788134
157	0	0.00129597838266176
158	0	0.00131073735012701
159	0	0.00131076889103957
160	0	0.00131080003957243
161	0	0.00131083080300237
162	0	0.00131086118842735
163	0	0.00131089120277195
164	0	0.00131092085279264
165	0	0.00131095014508287
166	0	0.00131097908607792
167	0	0.00131100768205966
168	0	0.00131103593916105
169	0	0.00131106386337055
170	0	0.00132582282492152
171	0	0.00132585040722766
172	0	0.00132587767023404
173	0	0.00132590461945324
174	0	0.00132593126027165
175	0	0.00132595759795306
176	0	0.00132598363764218
177	0	0.00132600938436794
178	0	0.00132603484304674
179	0	0.00132606001848559
180	0	0.00132608491538514
181	0	0.00132610953834257
182	0	0.00132613389185448
183	0	0.00134089306867049
184	0	0.00134091716114644
185	0	0.00134094099423949
186	0	0.00134096457211604
187	0	0.00134098789885377
188	0	0.00134101097844391
189	0	0.00134103381479361
190	0	0.00134105641172804
191	0	0.00134107877299262
192	0	0.00134110090225504
193	0	0.00134112280310728
194	0	0.00134114447906754
195	0	0.00134116593358214
196	0	0.00135592549027571
197	0	0.00135594674296853
198	0	0.00135596778181692
199	0	0.00135598861003229
200	0	0.00135600923076205
201	0	0.00135602964709123
202	0	0.00135604986204401
203	0	0.00135606987858517
204	0	0.00135608969962161
205	0	0.00135610932800371
206	0	0.00135612876652669
207	0	0.00135614801793199
208	0	0.00135616708490849
209	0	0.00135618597009382
210	0	0.00137094603096595
211	0	0.00137096476168971
212	0	0.0013709833163463
213	0	0.00137100169740663
214	0	0.00137101990729561
215	0	0.00137103794839318
216	0	0.00137105582303536
217	0	0.00137107353351527
218	0	0.0013710910820841
219	0	0.00137110847095207
220	0	0.00137112570228935
221	0	0.00137114277822696
222	0	0.00137115970085767
223	0	0.00137117647223682
224	0	0.00137119309438319
225	0	0.0013859537579286
226	0	0.00138597026311169
227	0	0.00138598662336503
228	0	0.0013860028405892
229	0	0.00138601891665168
230	0	0.0013860348533876
231	0	0.00138605065260039
232	0	0.0013860663160625
233	0	0.00138608184551607
234	0	0.00138609724267353
235	0	0.00138611250921827
236	0	0.00138612764680524
237	0	0.00138614265706155
238	0	0.00138615754158705
239	0	0.00138617230195489
240	0	0.0013861869397121
241	0	0.00140094828013117
242	0	0.00140096283036776
243	0	0.00140097726122668
244	0	0.00140099157417111
245	0	0.00140100577064038
246	0	0.0014010198520505
247	0	0.00140103381979462
248	0	0.0014010476752435
249	0	0.00140106141974591
250	0	0.00140107505462916
251	0	0.00140108858119943
252	0	0.00140110200074225
253	0	0.00140111531452288
254	0	0.00140112852378671
255	0	0.00140114162975966
256	0	0.00140115463364856
257	0	0.00141591666836648
258	0	0.00141592960640534
259	0	0.00141594244483204
260	0	0.00141595518479258
261	0	0.00141596782741543
262	0	0.00141598037381188
263	0	0.00141599282507639
264	0	0.00141600518228686
265	0	0.00141601744650497
266	0	0.0014160296187765
267	0	0.00141604170013159
268	0	0.00141605369158506
269	0	0.00141606559413666
270	0	0.00141607740877141
271	0	0.00141608913645979
272	0	0.00141610077815808
273	0	0.00141611233480857
274	0	0.00143087509677256
275	0	0.00143088660473938
276	0	0.00143089802954664
277	0	0.00143090937209251
278	0	0.00143092063326225
279	0	0.00143093181392847
280	0	0.00143094291495136
281	0	0.00143095393717888
282	0	0.001430964881447
283	0	0.00143097574857991
284	0	0.00143098653939022
285	0	0.00143099725467917
286	0	0.00143100789523682
287	0	0.00143101846184225
288	0	0.00143102895526374
289	0	0.00143103937625898
290	0	0.00143104972557523
291	0	0.00143106000394949
292	0	0.00144582351304928
293	0	0.00144583375623354
294	0	0.00144584392991793
295	0	0.00144585403480739
296	0	0.00144586407159738
297	0	0.00144587404097399
298	0	0.00144588394361413
299	0	0.00144589378018569
300	0	0.00144590355134766
301	0	0.00144591325775031
302	0	0.00144592290003531
303	0	0.00144593247883587
304	0	0.00144594199477693
305	0	0.00144595144847521
306	0	0.0014459608405394
307	0	0.0014459701715703
308	0	0.0014459794421609
309	0	0.00144598865289655
310	0	0.00146075288378665
311	0	0.00146076206932225
312	0	0.0014607711961209
313	0	0.0014607802647442
314	0	0.0014607892757466
315	0	0.00146079822967553
316	0	0.00146080712707154
317	0	0.00146081596846832
318	0	0.0014608247543929
319	0	0.00146083348536572
320	0	0.0014608421619007
321	0	0.00146085078450541
322	0	0.00146085935368109
323	0	0.00146086786992282
324	0	0.00146087633371958
325	0	0.00146088474555431
326	0	0.00146089310590408
327	0	0.00146090141524013
328	0	0.00146090967402794
329	0	0.00146091788272737
330	0	0.00146092604179272
331	0	0.00146093415167279
332	0	0.00146094221281101
333	0	0.00146095022564548
334	0	0.00146095819060907
335	0	0.00146096610812949
336	0	0.00146097397862938
337	0	0.00146098180252637
338	0	0.00146098958023316
339	0	0.00146099731215757
340	0	0.00146100499870267
341	0	0.00146101264026679
342	0	0.00146102023724361
343	0	0.00146102779002224
344	0	0.00146103529898727
345	0	0.00146104276451883
346	0	0.0014610501869927
347	0	0.00146105756678029
348	0	0.00146106490424879
349	0	0.00146107219976117
350	0	0.00146107945367627
351	0	0.00146108666634884
352	0	0.00146109383812962
353	0	0.00146110096936537
354	0	0.00146110806039895
355	0	0.00146111511156937
356	0	0.00146112212321182
357	0	0.00146112909565776
358	0	0.00146113602923495
359	0	0.00146114292426751
360	0	0.00146114978107595
361	0	0.00146115659997726
362	0	0.00146116338128491
363	0	0.00146117012530894
364	0	0.00146117683235599
365	0	0.00146118350272933
366	0	0.00146119013672895
367	0	0.00146119673465155
368	0	0.00146120329679063
369	0	0.0014612098234365
370	0	0.00146121631487635
371	0	0.00146122277139428
372	0	0.00146122919327134
373	0	0.00146123558078557
374	0	0.00146124193421203
375	0	0.00146124825382288
376	0	0.00146125453988736
377	0	0.00146126079267189
378	0	0.00146126701244005
379	0	0.00146127319945265
380	0	0.00146127935396778
381	0	0.00146128547624081
382	0	0.00146129156652442
383	0	0.00146129762506871
384	0	0.00146130365212112
385	0	0.00146130964792656
386	0	0.00146131561272741
387	0	0.00146132154676354
388	0	0.00146132745027233
389	0	0.00146133332348877
390	0	0.0014613391666454
391	0	0.00146134497997242
392	0	0.00146135076369766
393	0	0.00146135651804666
394	0	0.00146136224324265
395	0	0.00146136793950662
396	0	0.00146137360705733
397	0	0.00146137924611133
398	0	0.00146138485688301
399	0	0.00146139043958461
400	0	0.00146139599442626
401	0	0.00146140152161597
402	0	0.00146140702135972
403	0	0.00146141249386143
404	0	0.00146141793932301
405	0	0.00146142335794437
406	0	0.00146142874992347
407	0	0.00146143411545632
408	0	0.00146143945473701
409	0	0.00146144476795774
410	0	0.00146145005530882
411	0	0.00146145531697875
412	0	0.00146146055315417
413	0	0.00146146576401993
414	0	0.00146147094975909
415	0	0.00146147611055295
416	0	0.00146148124658107
417	0	0.00146148635802131
418	0	0.00146149144504979
419	0	0.001461496507841
420	0	0.00146150154656772
421	0	0.00146150656140115
422	0	0.00146151155251081
423	0	0.00146151652006467
424	0	0.00146152146422908
425	0	0.00146152638516886
426	0	0.00146153128304725
427	0	0.001461536158026
428	0	0.00146154101026533
429	0	0.00146154583992397
430	0	0.00146155064715917
431	0	0.00146155543212675
432	0	0.00146156019498106
433	0	0.00146156493587503
434	0	0.00146156965496021
435	0	0.00146157435238673
436	0	0.00146157902830336
437	0	0.0014615836828575
438	0	0.00146158831619522
439	0	0.00146159292846124
440	0	0.00146159751979899
441	0	0.00146160209035059
442	0	0.00146160664025688
443	0	0.00146161116965743
444	0	0.00146161567869054
445	0	0.0014616201674933
446	0	0.00146162463620153
447	0	0.00146162908494989
448	0	0.00146163351387179
449	0	0.00146163792309948
450	0	0.00146164231276403
451	0	0.00146164668299536
452	0	0.00146165103392222
453	0	0.00146165536567224
454	0	0.00146165967837194
455	0	0.00146166397214669
456	0	0.0014616682471208
457	0	0.00146167250341748
458	0	0.00146167674115887
459	0	0.00146168096046604
460	0	0.001461685161459
461	0	0.00146168934425676
462	0	0.00146169350897725
463	0	0.00146169765573742
464	0	0.0014617017846532
465	0	0.00146170589583952
466	0	0.00146170998941033
467	0	0.00146171406547861
468	0	0.00146171812415637
469	0	0.00146172216555467
470	0	0.00146172618978362
471	0	0.0014617301969524
472	0	0.00146173418716927
473	0	0.00146173816054158
474	0	0.00146174211717576
475	0	0.00146174605717735
476	0	0.00146174998065102
477	0	0.00146175388770054
478	0	0.00146175777842883
479	0	0.00146176165293795
480	0	0.0014617655113291
481	0	0.00146176935370266
482	0	0.00146177318015816
483	0	0.0014617769907943
484	0	0.001461780785709
485	0	0.00146178456499933
486	0	0.00146178832876161
487	0	0.00146179207709132
488	0	0.0014617958100832
489	0	0.00146179952783119
490	0	0.00146180323042847
491	0	0.00146180691796748
492	0	0.00146181059053989
493	0	0.00146181424823663
494	0	0.0014618178911479
495	0	0.00146182151936316
496	0	0.00146182513297118
497	0	0.00146182873205998
498	0	0.00146183231671689
499	0	0.00146183588702855
500	0	0.00146183944308089
501	0	0.00146184298495918
502	0	0.00146184651274798
503	0	0.0014618500265312
504	0	0.00146185352639208
505	0	0.00146185701241321
506	0	0.0014618604846765
507	0	0.00146186394326325
508	0	0.0014618673882541
509	0	0.00146187081972906
510	0	0.00146187423776751
511	0	0.00146187764244824
512	0	0.00146188103384937
513	0	0.00146188441204846
514	0	0.00146188777712244
515	0	0.00146189112914766
516	0	0.00146189446819987
517	0	0.00146189779435424
518	0	0.00146190110768535
519	0	0.00146190440826722
520	0	0.00146190769617329
521	0	0.00146191097147644
522	0	0.00146191423424901
523	0	0.00146191748456275
524	0	0.00146192072248889
525	0	0.00146192394809813
526	0	0.00146192716146059
527	0	0.0014619303626459
528	0	0.00146193355172315
529	0	0.0014619367287609
530	0	0.0014619398938272
531	0	0.00146194304698958
532	0	0.00146194618831509
533	0	0.00146194931787024
534	0	0.00146195243572107
535	0	0.00146195554193311
536	0	0.00146195863657142
537	0	0.00146196171970055
538	0	0.0014619647913846
539	0	0.00146196785168718
540	0	0.00146197090067142
541	0	0.00146197393840001
542	0	0.00146197696493515
543	0	0.00146197998033859
544	0	0.00146198298467165
545	0	0.00146198597799516
546	0	0.00146198896036955
547	0	0.00146199193185477
548	0	0.00146199489251035
549	0	0.00146199784239539
550	0	0.00146200078156856
551	0	0.00146200371008809
552	0	0.00146200662801181
553	0	0.00146200953539711
554	0	0.00146201243230099
555	0	0.00146201531878003
556	0	0.00146201819489039
557	0	0.00146202106068784
558	0	0.00146202391622776
559	0	0.00146202676156511
560	0	0.00146202959675449
561	0	0.00146203242185007
562	0	0.00146203523690567
563	0	0.00146203804197472
564	0	0.00146204083711027
565	0	0.00146204362236498
566	0	0.00146204639779115
567	0	0.00146204916344073
568	0	0.00146205191936527
569	0	0.00146205466561598
570	0	0.00146205740224372
571	0	0.00146206012929895
572	0	0.00146206284683184
573	0	0.00146206555489216
574	0	0.00146206825352936
575	0	0.00146207094279253
576	0	0.00146207362273043
577	0	0.00146207629339149
578	0	0.00146207895482379
579	0	0.00146208160707508
580	0	0.00146208425019279
581	0	0.00146208688422402
582	0	0.00146208950921554
583	0	0.00146209212521381
584	0	0.00146209473226496
585	0	0.00146209733041483
586	0	0.00146209991970891
587	0	0.00146210250019241
588	0	0.00146210507191022
589	0	0.00146210763490693
590	0	0.00146211018922683
591	0	0.0014621127349139
592	0	0.00146211527201184
593	0	0.00146211780056405
594	0	0.00146212032061361
595	0	0.00146212283220336
596	0	0.00146212533537582
597	0	0.00146212783017324
598	0	0.00146213031663756
599	0	0.00146213279481049
600	0	0.00146213526473341
601	0	0.00146213772644746
602	0	0.0014621401799935
603	0	0.0014621426254121
604	0	0.0014621450627436
605	0	0.00146214749202803
606	0	0.00146214991330518
607	0	0.00146215232661458
608	0	0.00146215473199549
609	0	0.00146215712948693
610	0	0.00146215951912763
611	0	0.00146216190095611
612	0	0.0014621642750106
613	0	0.00146216664132911
614	0	0.00146216899994938
615	0	0.00146217135090893
616	0	0.00146217369424501
617	0	0.00146217602999465
618	0	0.00146217835819462
619	0	0.00146218067888147
620	0	0.00146218299209152
621	0	0.00146218529786083
622	0	0.00146218759622524
623	0	0.00146218988722038
624	0	0.00146219217088162
625	0	0.00146219444724414
626	0	0.00146219671634285
627	0	0.00146219897821248
628	0	0.00146220123288752
629	0	0.00146220348040223
630	0	0.00146220572079067
631	0	0.00146220795408669
632	0	0.00146221018032391
633	0	0.00146221239953575
634	0	0.00146221461175539
635	0	0.00146221681701585
636	0	0.0014622190153499
637	0	0.00146222120679013
638	0	0.00146222339136891
639	0	0.00146222556911843
640	0	0.00146222774007064
641	0	0.00146222990425733
642	0	0.00146223206171008
643	0	0.00146223421246026
644	0	0.00146223635653906
645	0	0.00146223849397748
646	0	0.00146224062480631
647	0	0.00146224274905616
648	0	0.00146224486675746
649	0	0.00146224697794044
650	0	0.00146224908263515
651	0	0.00146225118087146
652	0	0.00146225327267905
653	0	0.00146225535808741
654	0	0.00146225743712587
655	0	0.00146225950982357
656	0	0.00146226157620946
657	0	0.00146226363631235
658	0	0.00146226569016084
659	0	0.00146226773778337
660	0	0.0014622697792082
661	0	0.00146227181446344
662	0	0.001462273843577
663	0	0.00146227586657666
664	0	0.00146227788348999
665	0	0.00146227989434443
666	0	0.00146228189916723
667	0	0.00146228389798549
668	0	0.00146228589082616
669	0	0.00146228787771599
670	0	0.00146228985868161
671	0	0.00146229183374948
672	0	0.00146229380294589
673	0	0.00146229576629698
674	0	0.00146229772382875
675	0	0.00146229967556703
676	0	0.0014623016215375
677	0	0.00146230356176569
678	0	0.00146230549627697
679	0	0.00146230742509659
680	0	0.00146230934824962
681	0	0.00146231126576099
682	0	0.0014623131776555
683	0	0.00146231508395779
684	0	0.00146231698469236
685	0	0.00146231887988356
686	0	0.00146232076955562
687	0	0.00146232265373259
688	0	0.00146232453243843
689	0	0.00146232640569692
690	0	0.00146232827353172
691	0	0.00146233013596636
692	0	0.00146233199302421
693	0	0.00146233384472854
694	0	0.00146233569110245
695	0	0.00146233753216892
696	0	0.00146233936795082
697	0	0.00146234119847085
698	0	0.00146234302375162
699	0	0.00146234484381558
700	0	0.00146234665868507
701	0	0.00146234846838229
702	0	0.00146235027292932
703	0	0.00146235207234811
704	0	0.0014623538666605
705	0	0.00146235565588819
706	0	0.00146235744005277
707	0	0.00146235921917569
708	0	0.00146236099327829
709	0	0.00146236276238179
710	0	0.0014623645265073
711	0	0.0014623662856758
712	0	0.00146236803990814
713	0	0.00146236978922508
714	0	0.00146237153364724
715	0	0.00146237327319515
716	0	0.0014623750078892
717	0	0.00146237673774968
718	0	0.00146237846279676
719	0	0.00146238018305052
720	0	0.00146238189853088
721	0	0.00146238360925771
722	0	0.00146238531525073
723	0	0.00146238701652955
724	0	0.0014623887131137
725	0	0.00146239040502258
726	0	0.00146239209227548
727	0	0.00146239377489161
728	0	0.00146239545289004
729	0	0.00146239712628976
730	0	0.00146239879510966
731	0	0.0014624004593685
732	0	0.00146240211908495
733	0	0.0014624037742776
734	0	0.00146240542496491
735	0	0.00146240707116525
736	0	0.00146240871289689
737	0	0.001462410350178
738	0	0.00146241198302665
739	0	0.00146241361146083
740	0	0.0014624152354984
741	0	0.00146241685515715
742	0	0.00146241847045477
743	0	0.00146242008140884
744	0	0.00146242168803686
745	0	0.00146242329035624
746	0	0.00146242488838427
747	0	0.00146242648213819
748	0	0.00146242807163512
749	0	0.00146242965689208
750	0	0.00146243123792602
751	0	0.00146243281475379
752	0	0.00146243438739216
753	0	0.0014624359558578
754	0	0.00146243752016729
755	0	0.00146243908033713
756	0	0.00146244063638374
757	0	0.00146244218832343
758	0	0.00146244373617245
759	0	0.00146244527994694
760	0	0.00146244681966297
761	0	0.00146244835533654
762	0	0.00146244988698353
763	0	0.00146245141461976
764	0	0.00146245293826097
765	0	0.0014624544579228
766	0	0.00146245597362083
767	0	0.00146245748537054
768	0	0.00146245899318734
769	0	0.00146246049708657
770	0	0.00146246199708346
771	0	0.00146246349319318
772	0	0.00146246498543084
773	0	0.00146246647381143
774	0	0.0014624679583499
775	0	0.0014624694390611
776	0	0.00146247091595981
777	0	0.00146247238906074
778	0	0.00146247385837852
779	0	0.00146247532392771
780	0	0.00146247678572278
781	0	0.00146247824377814
782	0	0.00146247969810812
783	0	0.00146248114872699
784	0	0.00146248259564893
785	0	0.00146248403888805
786	0	0.00146248547845839
787	0	0.00146248691437394
788	0	0.00146248834664859
789	0	0.00146248977529616
790	0	0.00146249120033042
791	0	0.00146249262176507
792	0	0.00146249403961371
793	0	0.00146249545388991
794	0	0.00146249686460715
795	0	0.00146249827177885
796	0	0.00146249967541836
797	0	0.00146250107553895
798	0	0.00146250247215385
799	0	0.00146250386527621
800	0	0.0014625052549191
801	0	0.00146250664109556
802	0	0.00146250802381853
803	0	0.0014625094031009
804	0	0.0014625107789555
805	0	0.0014625121513951
806	0	0.00146251352043238
807	0	0.00146251488607999
808	0	0.0014625162483505
809	0	0.00146251760725642
810	0	0.0014625189628102
811	0	0.00146252031502423
812	0	0.00146252166391084
813	0	0.00146252300948229
814	0	0.00146252435175079
815	0	0.00146252569072849
816	0	0.00146252702642747
817	0	0.00146252835885976
818	0	0.00146252968803733
819	0	0.00146253101397209
820	0	0.0014625323366759
821	0	0.00146253365616054
822	0	0.00146253497243777
823	0	0.00146253628551925
824	0	0.00146253759541661
825	0	0.00146253890214142
826	0	0.0014625402057052
827	0	0.00146254150611939
828	0	0.00146254280339541
829	0	0.00146254409754458
830	0	0.00146254538857821
831	0	0.00146254667650754
832	0	0.00146254796134374
833	0	0.00146254924309795
834	0	0.00146255052178124
835	0	0.00146255179740464
836	0	0.00146255306997911
837	0	0.00146255433951557
838	0	0.00146255560602489
839	0	0.00146255686951789
840	0	0.00146255813000532
841	0	0.0014625593874979
842	0	0.00146256064200629
843	0	0.0014625618935411
844	0	0.00146256314211289
845	0	0.00146256438773216
846	0	0.00146256563040939
847	0	0.00146256687015497
848	0	0.00146256810697928
849	0	0.00146256934089262
850	0	0.00146257057190527
851	0	0.00146257180002743
852	0	0.00146257302526927
853	0	0.00146257424764092
854	0	0.00146257546715245
855	0	0.00146257668381389
856	0	0.00146257789763521
857	0	0.00146257910862635
858	0	0.0014625803167972
859	0	0.00146258152215759
860	0	0.00146258272471733
861	0	0.00146258392448616
862	0	0.00146258512147378
863	0	0.00146258631568986
864	0	0.00146258750714401
865	0	0.0014625886958458
866	0	0.00146258988180476
867	0	0.00146259106503037
868	0	0.00146259224553206
869	0	0.00146259342331924
870	0	0.00146259459840125
871	0	0.00146259577078741
872	0	0.00146259694048698
873	0	0.00146259810750919
874	0	0.00146259927186321
875	0	0.00146260043355819
876	0	0.00146260159260323
877	0	0.00146260274900738
878	0	0.00146260390277966
879	0	0.00146260505392904
880	0	0.00146260620246446
881	0	0.00146260734839481
882	0	0.00146260849172894
883	0	0.00146260963247566
884	0	0.00146261077064376
885	0	0.00146261190624196
886	0	0.00146261303927896
887	0	0.00146261416976341
888	0	0.00146261529770392
889	0	0.00146261642310909
890	0	0.00146261754598743
891	0	0.00146261866634746
892	0	0.00146261978419764
893	0	0.00146262089954639
894	0	0.0014626220124021
895	0	0.00146262312277312
896	0	0.00146262423066775
897	0	0.00146262533609428
898	0	0.00146262643906094
899	0	0.00146262753957594
900	0	0.00146262863764744
901	0	0.00146262973328357
902	0	0.00146263082649242
903	0	0.00146263191728204
904	0	0.00146263300566047
905	0	0.00146263409163569
906	0	0.00146263517521564
907	0	0.00146263625640825
908	0	0.0014626373352214
909	0	0.00146263841166292
910	0	0.00146263948574064
911	0	0.00146264055746232
912	0	0.00146264162683573
913	0	0.00146264269386855
914	0	0.00146264375856848
915	0	0.00146264482094315
916	0	0.00146264588100017
917	0	0.00146264693874711
918	0	0.00146264799419153
919	0	0.00146264904734093
920	0	0.00146265009820278
921	0	0.00146265114678454
922	0	0.00146265219309362
923	0	0.00146265323713739
924	0	0.00146265427892321
925	0	0.00146265531845838
926	0	0.00146265635575021
927	0	0.00146265739080594
928	0	0.00146265842363279
929	0	0.00146265945423796
930	0	0.0014626604826286
931	0	0.00146266150881186
932	0	0.00146266253279481
933	0	0.00146266355458455
934	0	0.0014626645741881
935	0	0.00146266559161247
936	0	0.00146266660686464
937	0	0.00146266761995157
938	0	0.00146266863088016
939	0	0.00146266963965732
940	0	0.0014626706462899
941	0	0.00146267165078473
942	0	0.00146267265314861
943	0	0.00146267365338832
944	0	0.00146267465151061
945	0	0.00146267564752219
946	0	0.00146267664142975
947	0	0.00146267763323994
948	0	0.00146267862295941
949	0	0.00146267961059475
950	0	0.00146268059615254
951	0	0.00146268157963932
952	0	0.00146268256106163
953	0	0.00146268354042596
954	0	0.00146268451773876
955	0	0.00146268549300648
956	0	0.00146268646623553
957	0	0.0014626874374323
958	0	0.00146268840660315
959	0	0.00146268937375441
960	0	0.00146269033889238
961	0	0.00146269130202334
962	0	0.00146269226315356
963	0	0.00146269322228925
964	0	0.00146269417943662
965	0	0.00146269513460185
966	0	0.00146269608779108
967	0	0.00146269703901045
968	0	0.00146269798826604
969	0	0.00146269893556395
970	0	0.00146269988091021
971	0	0.00146270082431085
972	0	0.00146270176577187
973	0	0.00146270270529925
974	0	0.00146270364289894
975	0	0.00146270457857686
976	0	0.00146270551233893
977	0	0.001462706444191
978	0	0.00146270737413895
979	0	0.0014627083021886
980	0	0.00146270922834575
981	0	0.0014627101526162
982	0	0.00146271107500569
983	0	0.00146271199551997
984	0	0.00146271291416475
985	0	0.00146271383094572
986	0	0.00146271474586853
987	0	0.00146271565893885
988	0	0.00146271657016228
989	0	0.00146271747954443
990	0	0.00146271838709087
991	0	0.00146271929280716
992	0	0.00146272019669882
993	0	0.00146272109877136
994	0	0.00146272199903027
995	0	0.00146272289748101
996	0	0.00146272379412903
997	0	0.00146272468897974
998	0	0.00146272558203855
999	0	0.00146272647331083
1000	0	0.00180095561009729
1001	0	0.00146272825051719
