1	3.32988414767139e-05	5.42113760709376e-13
2	3.37008833308786e-05	2.84591647168684e-13
3	3.21133952177243e-05	1.76622312307976e-13
4	3.32575169049673e-05	1.18282128762197e-13
5	3.15749200521039e-05	8.60646314153855e-14
6	3.00906395187398e-05	6.6289457029785e-14
7	2.87862330952662e-05	5.3213102418895e-14
8	2.76348336361594e-05	4.4075560716604e-14
9	2.66116250395717e-05	3.74130041790334e-14
10	2.56958389432001e-05	3.08704306751179e-14
11	2.48705859911546e-05	2.71789083010115e-14
12	2.62953467929458e-05	2.42512655674547e-14
13	2.55549012737508e-05	2.08902274850633e-14
14	2.48758370382138e-05	1.90480700501199e-14
15	2.42501535057956e-05	1.67291249851914e-14
16	2.36712127122398e-05	1.55033077627556e-14
17	2.31334631413026e-05	1.38205666944249e-14
18	2.26322261391675e-05	1.23976320432074e-14
19	2.21635299096235e-05	1.16997374756632e-14
20	2.1723979621053e-05	1.06075323183724e-14
21	2.13106550050826e-05	1.01005127136735e-14
22	2.09210290006445e-05	9.23806677724257e-15
23	2.05529026181866e-05	8.48154463788032e-15
24	2.02043523971118e-05	8.16412742159449e-15
25	1.98736877142199e-05	7.5461388422834e-15
26	1.95594158558038e-05	6.99575239427792e-15
27	1.92602132531474e-05	6.79033258766887e-15
28	1.89749016456519e-05	6.32872817215175e-15
29	1.8702428210389e-05	5.91264193780485e-15
30	1.84418489051334e-05	5.77695501025577e-15
31	1.81923144310207e-05	5.42056991092244e-15
32	1.79530583433417e-05	5.09617418517334e-15
33	1.77233869337574e-05	4.80005080004336e-15
34	1.75026705811038e-05	4.72308177233826e-15
35	1.72903363259276e-05	4.4637060698315e-15
36	1.70858614696675e-05	4.22512421027328e-15
37	1.68887680357401e-05	4.00517147586053e-15
38	1.66986179588314e-05	3.96258296573505e-15
39	1.79430718591824e-05	3.76650354194706e-15
40	1.77508250293768e-05	3.58462587413584e-15
41	1.75648826431892e-05	3.41561087043315e-15
42	1.73849040182777e-05	3.39401791737112e-15
43	1.72105738274791e-05	3.24119470595978e-15
44	1.70415997172372e-05	3.09846564100888e-15
45	1.68777101941256e-05	2.96496093341972e-15
46	1.6718652744509e-05	2.95659650882109e-15
47	1.65641921575391e-05	2.83446624520254e-15
48	1.64141090259957e-05	2.7197499877144e-15
49	1.6268198403095e-05	2.61185956067464e-15
50	1.61262685964343e-05	2.51026397950777e-15
51	1.59881400828219e-05	2.51235566229908e-15
52	1.58536445299161e-05	2.41828920664606e-15
53	1.57226239124624e-05	2.3294085148889e-15
54	1.55949297124962e-05	2.24533929575931e-15
55	1.54704221942358e-05	2.16574042748459e-15
56	1.53489697455541e-05	2.09030049194831e-15
57	1.52304482789147e-05	2.09947472684213e-15
58	1.51147406855265e-05	2.02880454338991e-15
59	1.50017363372078e-05	1.96164345367296e-15
60	1.48913306311096e-05	1.89776292214194e-15
61	1.47834245729977e-05	1.83695271949814e-15
62	1.46779243952927e-05	1.84923568124518e-15
63	1.45747412064855e-05	1.79182010140125e-15
64	1.44737906689269e-05	1.73703757783883e-15
65	1.43749927023114e-05	1.68472953629223e-15
66	1.42782712104663e-05	1.63474916277109e-15
67	1.41835538293106e-05	1.58696037226857e-15
68	1.4090771694067e-05	1.54123688145764e-15
69	1.39998592240121e-05	1.55579758753848e-15
70	1.39107539232241e-05	1.51222724474854e-15
71	1.38233961959355e-05	1.47046189055501e-15
72	1.37377291752449e-05	1.43040318408069e-15
73	1.36536985640576e-05	1.391959391716e-15
74	1.35712524872338e-05	1.35504486147976e-15
75	1.3490341354023e-05	1.37032714680246e-15
76	1.34109177299488e-05	1.33492511662069e-15
77	1.33329362173844e-05	1.30087747632584e-15
78	1.32563533441286e-05	1.26811600946194e-15
79	1.31811274593591e-05	1.23657674093003e-15
80	1.31072186363877e-05	1.20619962443119e-15
81	1.30345885817004e-05	1.17692825645504e-15
82	1.29632005498063e-05	1.1923269241071e-15
83	1.28930192634608e-05	1.16407772252529e-15
84	1.2824010838867e-05	1.1368206976246e-15
85	1.27561427154917e-05	1.1105099242099e-15
86	1.2689383590162e-05	1.08510210385417e-15
87	1.26237033551387e-05	1.06055638664851e-15
88	1.25590730398828e-05	1.03683420690614e-15
89	1.24954647562601e-05	1.01389913158563e-15
90	1.2432851646945e-05	1.02890229367868e-15
91	1.23712078368041e-05	1.00663521458131e-15
92	1.23105083870583e-05	9.85083233413269e-16
93	1.22507292520398e-05	9.6421605466273e-16
94	1.21918472383675e-05	9.44004970346887e-16
95	1.21338399663867e-05	9.24422761221553e-16
96	1.20766858337222e-05	9.0544360508935e-16
97	1.20203639808129e-05	8.87042991629376e-16
98	1.19648542582984e-05	9.01386936061723e-16
99	1.19101371961417e-05	8.83433605473389e-16
100	1.21796711711268e-05	8.58139428827972e-16
101	1.18030063954125e-05	8.49099453619896e-16
102	1.17505568576955e-05	8.32678150760157e-16
103	1.16988283308209e-05	8.16728656000181e-16
104	1.16478043318329e-05	8.01233066608641e-16
105	1.15974689027479e-05	7.86174321016397e-16
106	1.15478065891908e-05	7.71536151831826e-16
107	1.14988024200889e-05	7.85006552424765e-16
108	1.14504418883567e-05	7.70657296925554e-16
109	1.14027109325206e-05	7.56697913982534e-16
110	1.13555959192248e-05	7.43114406551387e-16
111	1.13090836265718e-05	7.29893400141348e-16
112	1.12631612282503e-05	7.17022109880813e-16
113	1.12178162784055e-05	7.0448830959787e-16
114	1.1173036697213e-05	6.92280302776081e-16
115	1.11288107571164e-05	6.80386895256608e-16
116	1.10851270696934e-05	6.92968470134354e-16
117	1.10419745731169e-05	6.81264314303704e-16
118	1.09993425201786e-05	6.69854196421832e-16
119	1.09572204668462e-05	6.58728349035827e-16
120	1.0915598261327e-05	6.47877406923469e-16
121	1.08744660336093e-05	6.3729238737872e-16
122	1.08338141854595e-05	6.26964671615399e-16
123	1.07936333808506e-05	6.16885987217122e-16
124	1.07539145367994e-05	6.0704839156678e-16
125	1.07146488145943e-05	6.18779569989292e-16
126	1.06758276113904e-05	6.09066668155347e-16
127	1.06374425521583e-05	5.99580677553576e-16
128	1.0599485481966e-05	5.90314584748518e-16
129	1.05619484585775e-05	5.81261645192247e-16
130	1.05248237453558e-05	5.72415370947943e-16
131	1.04881038044522e-05	5.63769519062418e-16
132	1.04517812902711e-05	5.55318080548714e-16
133	1.04158490431944e-05	5.47055269942447e-16
134	1.03803000835567e-05	5.38975515398003e-16
135	1.12014558146545e-05	5.31073449292943e-16
136	1.11638308038361e-05	5.41813185311452e-16
137	1.11265982463133e-05	5.3398429538518e-16
138	1.10897513263829e-05	5.26323872106865e-16
139	1.10532833935369e-05	5.18827116366924e-16
140	1.10171879573371e-05	5.11489398736973e-16
141	1.09814586824826e-05	5.04306252321145e-16
142	1.09460893840632e-05	4.97273365956318e-16
143	1.09110740229879e-05	4.9038657774194e-16
144	1.08764067015839e-05	4.83641868881325e-16
145	1.08420816593556e-05	4.77035357817372e-16
146	1.08080932688999e-05	4.86976838742083e-16
147	1.07744360319686e-05	4.80414413490801e-16
148	1.07411045756721e-05	4.73983751319126e-16
149	1.07080936488201e-05	4.67681348232977e-16
150	1.06753981183909e-05	4.61503815946363e-16
151	1.06430129661259e-05	4.55447877326426e-16
152	1.06109332852442e-05	4.49510362046312e-16
153	1.05791542772699e-05	4.43688202435083e-16
154	1.05476712489717e-05	4.3797842951459e-16
155	1.05164796094047e-05	4.32378169213669e-16
156	1.04855748670562e-05	4.26884638750706e-16
157	1.04549526270867e-05	4.21495143176037e-16
158	1.04246085886649e-05	4.30557797157524e-16
159	1.03945385423913e-05	4.25189699858972e-16
160	1.03647383678087e-05	4.19921372638611e-16
161	1.03352040309944e-05	4.14750358325188e-16
162	1.03059315822321e-05	4.0967427492938e-16
163	1.02769171537599e-05	4.0469081290019e-16
164	1.02481569575916e-05	3.99797732497433e-16
165	1.02196472834093e-05	3.94992861274774e-16
166	1.01913844965213e-05	3.90274091667957e-16
167	1.01633650358891e-05	3.85639378683325e-16
168	1.01355854122136e-05	3.81086737681815e-16
169	1.01080422060837e-05	3.7661424225399e-16
170	1.00807320661829e-05	3.849082668342e-16
171	1.00536517075509e-05	3.80443322211724e-16
172	1.00267979099011e-05	3.7605561957079e-16
173	1.00001675159878e-05	3.71743387452159e-16
174	9.97375743002536e-06	3.67504904890028e-16
175	9.94756461615442e-06	3.63338499694714e-16
176	9.92158609695603e-06	3.59242546803099e-16
177	9.89581895200913e-06	3.55215466693782e-16
178	9.87026031649246e-06	3.51255723864086e-16
179	9.84490737982792e-06	3.47361825366131e-16
180	9.81975738436403e-06	3.43532319399417e-16
181	9.79480762409853e-06	3.39765793957396e-16
182	9.77005544343868e-06	3.36060875525713e-16
183	9.74549823599727e-06	3.43620341622787e-16
184	9.72113344342402e-06	3.39913808906397e-16
185	9.69695855427082e-06	3.36266926276947e-16
186	9.67297110288975e-06	3.32678420616659e-16
187	9.64916866836162e-06	3.29147052592756e-16
188	9.62554887345673e-06	3.25671615587284e-16
189	9.60210938362336e-06	3.22250934666256e-16
190	9.57884790600633e-06	3.18883865586498e-16
191	9.55576218849136e-06	3.1556929383864e-16
192	9.53285001877766e-06	3.12306133724723e-16
193	9.51010922347535e-06	3.09093327469034e-16
194	9.48753766722805e-06	3.05929844360781e-16
195	9.4651332518596e-06	3.0281467992732e-16
196	9.44289391554398e-06	3.09737607971983e-16
197	9.4208176319979e-06	3.06615461969158e-16
198	9.39890240969531e-06	3.03540285856123e-16
199	9.37714629110268e-06	3.00511142175894e-16
200	9.3555473519356e-06	2.97527116743331e-16
201	9.33410370043387e-06	2.94587317955307e-16
202	9.31281347665723e-06	2.91690876124618e-16
203	9.29167485179903e-06	2.88836942836715e-16
204	9.27068602751753e-06	2.86024690328337e-16
205	9.24984523528549e-06	2.83253310887228e-16
206	9.22915073575632e-06	2.80522016272116e-16
207	9.20860081814625e-06	2.77830037152162e-16
208	9.18819379963344e-06	2.75176622565152e-16
209	9.16792802477129e-06	2.72561039393721e-16
210	9.14780186491791e-06	2.78882391172845e-16
211	9.12781371767891e-06	2.76256543109989e-16
212	9.10796200636546e-06	2.73667607153667e-16
213	9.0882451794649e-06	2.71114894689916e-16
214	9.06866171012577e-06	2.68597733088246e-16
215	9.04921009565446e-06	2.66115465258513e-16
216	9.02988885702534e-06	2.63667449222051e-16
217	9.01069653840263e-06	2.61253057696544e-16
218	8.9916317066741e-06	2.58871677694156e-16
219	8.97269295099553e-06	2.56522710132408e-16
220	8.95387888234815e-06	2.54205569457364e-16
221	8.9351881331043e-06	2.51919683278681e-16
222	8.91661935660561e-06	2.49664492016087e-16
223	8.89817122675051e-06	2.47439448556881e-16
224	8.87984243759144e-06	2.45244017924089e-16
225	8.86163170294229e-06	2.5100350853996e-16
226	8.84353775599462e-06	2.48796041315962e-16
227	8.82555934894321e-06	2.46617567136008e-16
228	8.80769525262041e-06	2.44467580484852e-16
229	8.78994425613901e-06	2.42345586816966e-16
230	8.77230516654368e-06	2.40251102272106e-16
231	8.75477680846981e-06	2.38183653399473e-16
232	8.73735802381126e-06	2.36142776890131e-16
233	8.72004767139533e-06	2.34128019317418e-16
234	8.70284462666436e-06	2.32138936885077e-16
235	8.68574778136652e-06	2.30175095182847e-16
236	8.66875604325147e-06	2.28236068949254e-16
237	8.65186833577445e-06	2.26321441841372e-16
238	8.63508359780653e-06	2.24430806211315e-16
239	8.61840078335138e-06	2.22563762889233e-16
240	8.60181886126847e-06	2.20719920972607e-16
241	8.58533681500195e-06	2.25959616663295e-16
242	8.56895364231667e-06	2.24103022602359e-16
243	8.55266835503865e-06	2.22269216910448e-16
244	8.53647997880264e-06	2.20457828159732e-16
245	8.52038755280379e-06	2.1866849245904e-16
246	8.50439012955618e-06	2.16900853271096e-16
247	8.48848677465573e-06	2.15154561234893e-16
248	8.47267656654811e-06	2.13429273993063e-16
249	8.45695859630244e-06	2.11724656024064e-16
250	8.44133196738941e-06	2.10040378479047e-16
251	8.42579579546366e-06	2.0837611902324e-16
252	8.41034920815181e-06	2.06731561681716e-16
253	8.39499134484449e-06	2.0510639668941e-16
254	8.37972135649245e-06	2.03500320345234e-16
255	8.36453840540769e-06	2.01913034870189e-16
256	8.34944166506794e-06	2.00344248269325e-16
257	8.33443031992611e-06	2.05137681930826e-16
258	8.31950356522304e-06	2.03556129077106e-16
259	8.30466060680453e-06	2.01992795948126e-16
260	8.28990066094171e-06	2.0044740375617e-16
261	8.2752229541557e-06	1.98919679025505e-16
262	8.26062672304563e-06	1.97409353471392e-16
263	8.24611121411976e-06	1.95916163882284e-16
264	8.23167568363091e-06	1.94439852005147e-16
265	8.21731939741427e-06	1.92980164433788e-16
266	8.20304163072928e-06	1.91536852500101e-16
267	8.18884166810424e-06	1.90109672168159e-16
268	8.17471880318425e-06	1.88698383931053e-16
269	8.160672338582e-06	1.87302752710395e-16
270	8.14670158573184e-06	1.85922547758428e-16
271	8.13280586474647e-06	1.84557542562634e-16
272	8.11898450427651e-06	1.832075147528e-16
273	8.10523684137289e-06	1.81872246010443e-16
274	8.09156222135224e-06	1.86252734309558e-16
275	8.07795999766411e-06	1.84905093100714e-16
276	8.06442953176191e-06	1.83572025543445e-16
277	8.05097019297505e-06	1.82253322256359e-16
278	8.03758135838501e-06	1.80948777604864e-16
279	8.02426241270227e-06	1.79658189620994e-16
280	8.01101274814723e-06	1.78381359925237e-16
281	7.99783176433183e-06	1.77118093650291e-16
282	7.98471886814442e-06	1.75868199366719e-16
283	7.9716734736368e-06	1.74631489010411e-16
284	7.95869500191278e-06	1.73407777811849e-16
285	7.94578288101959e-06	1.72196884227084e-16
286	7.93293654584078e-06	1.70998629870399e-16
287	7.92015543799153e-06	1.69812839448613e-16
288	7.90743900571528e-06	1.68639340696958e-16
289	7.89478670378346e-06	1.67477964316522e-16
290	7.88219799339561e-06	1.66328543913175e-16
291	7.86967234208254e-06	1.65190915937974e-16
292	7.85720922361089e-06	1.69191583148058e-16
293	7.844808117889e-06	1.68042234121208e-16
294	7.83246851087526e-06	1.66904557042812e-16
295	7.82018989448766e-06	1.65778394403825e-16
296	7.80797176651488e-06	1.64663591343181e-16
297	7.79581363052974e-06	1.63559995594555e-16
298	7.78371499580308e-06	1.6246745743436e-16
299	7.77167537722027e-06	1.61385829630967e-16
300	7.75969429519839e-06	1.60314967395101e-16
301	7.74777127560564e-06	1.59254728331378e-16
302	7.73590584968152e-06	1.58204972390972e-16
303	7.72409755395863e-06	1.5716556182536e-16
304	7.71234593018638e-06	1.56136361141134e-16
305	7.7006505252551e-06	1.55117237055843e-16
306	7.68901089112237e-06	1.54108058454836e-16
307	7.6774265847403e-06	1.53108696349095e-16
308	7.66589716798349e-06	1.52119023834013e-16
309	7.6544222075796e-06	1.51138916049102e-16
310	7.64300127503983e-06	1.54812304906963e-16
311	7.63163394659111e-06	1.53821229739135e-16
312	7.62031980311003e-06	1.52839641174111e-16
313	7.60905843005642e-06	1.51867418522318e-16
314	7.59784941740993e-06	1.50904443007379e-16
315	7.5866923596062e-06	1.49950597729836e-16
316	7.57558685547489e-06	1.49005767631666e-16
317	7.56453250817844e-06	1.48069839461586e-16
318	7.55352892515207e-06	1.47142701741112e-16
319	7.54257571804483e-06	1.46224244731364e-16
320	7.53167250266127e-06	1.45314360400591e-16
321	7.5208188989048e-06	1.44412942392402e-16
322	7.51001453072088e-06	1.43519885994683e-16
323	7.49925902604245e-06	1.4263508810919e-16
324	7.48855201673512e-06	1.41758447221789e-16
325	7.47789313854446e-06	1.40889863373339e-16
326	7.46728203104292e-06	1.40029238131196e-16
327	7.45671833757833e-06	1.39176474561323e-16
328	7.44620170522334e-06	1.38331477200997e-16
329	7.43573178472527e-06	1.37494152032088e-16
330	7.42530823045711e-06	1.3666440645491e-16
331	7.41493070036909e-06	1.35842149262612e-16
332	7.40459885594129e-06	1.35027290616121e-16
333	7.39431236213652e-06	1.34219742019594e-16
334	7.38407088735494e-06	1.33419416296395e-16
335	7.37387410338804e-06	1.32626227565565e-16
336	7.36372168537482e-06	1.3184009121878e-16
337	7.3536133117573e-06	1.3106092389779e-16
338	7.3435486642379e-06	1.30288643472322e-16
339	7.33352742773678e-06	1.2952316901843e-16
340	7.32354929035003e-06	1.28764420797302e-16
341	7.31361394330865e-06	1.28012320234491e-16
342	7.3037210809381e-06	1.27266789899569e-16
343	7.29387040061847e-06	1.265277534862e-16
344	7.28406160274519e-06	1.25795135792615e-16
345	7.27429439069056e-06	1.25068862702474e-16
346	7.26456847076583e-06	1.2434886116613e-16
347	7.25488355218355e-06	1.23635059182252e-16
348	7.24523934702115e-06	1.22927385779826e-16
349	7.23563557018434e-06	1.22225771000514e-16
350	7.22607193937151e-06	1.21530145881363e-16
351	7.216548175039e-06	1.20840442437858e-16
352	7.20706400036569e-06	1.20156593647312e-16
353	7.19761914121983e-06	1.1947853343258e-16
354	7.18821332612495e-06	1.188061966461e-16
355	7.1788462862271e-06	1.18139519054241e-16
356	7.16951775526199e-06	1.17478437321964e-16
357	7.16022746952333e-06	1.16822888997776e-16
358	7.15097516783113e-06	1.16172812498984e-16
359	7.14176059150041e-06	1.15528147097224e-16
360	7.13258348431105e-06	1.14888832904287e-16
361	7.12344359247724e-06	1.14254810858206e-16
362	7.11434066461783e-06	1.13626022709612e-16
363	7.10527445172732e-06	1.13002411008357e-16
364	7.09624470714679e-06	1.12383919090394e-16
365	7.08725118653557e-06	1.11770491064899e-16
366	7.07829364784324e-06	1.11162071801648e-16
367	7.06937185128221e-06	1.10558606918626e-16
368	7.06048555930025e-06	1.09960042769882e-16
369	7.0516345365541e-06	1.09366326433596e-16
370	7.04281854988262e-06	1.08777405700389e-16
371	7.03403736828151e-06	1.08193229061843e-16
372	7.02529076287699e-06	1.07613745699235e-16
373	7.01657850690086e-06	1.07038905472487e-16
374	7.00790037566572e-06	1.0646865890932e-16
375	6.99925614654021e-06	1.05902957194609e-16
376	6.99064559892518e-06	1.05341752159933e-16
377	6.98206851422938e-06	1.04784996273328e-16
378	6.97352467584659e-06	1.04232642629212e-16
379	6.96501386913193e-06	1.03684644938516e-16
380	6.95653588137939e-06	1.03140957518978e-16
381	6.94809050179927e-06	1.02601535285626e-16
382	6.93967752149567e-06	1.0206633374143e-16
383	6.93129673344552e-06	1.01535308968126e-16
384	6.92294793247583e-06	1.01008417617204e-16
385	6.91463091524337e-06	1.00485616901065e-16
386	6.90634548021342e-06	9.99668645843291e-17
387	6.89809142763899e-06	9.94521189753088e-17
388	6.8898685595406e-06	9.89413389176306e-17
389	6.88167667968616e-06	9.84344837820081e-17
390	6.87351559357121e-06	9.79315134581631e-17
391	6.86538510839912e-06	9.74323883468882e-17
392	6.85728503306237e-06	9.69370693522542e-17
393	6.84921517812312e-06	9.64455178739528e-17
394	6.84117535579432e-06	9.59576957997766e-17
395	6.83316537992178e-06	9.54735654982317e-17
396	6.82518506596555e-06	9.49930898112787e-17
397	6.81723423098201e-06	9.45162320472048e-17
398	6.80931269360626e-06	9.40429559736163e-17
399	6.80142027403447e-06	9.3573225810557e-17
400	6.79355679400659e-06	9.31070062237465e-17
401	6.7857220767895e-06	9.26442623179329e-17
402	6.77791594716021e-06	9.21849596303655e-17
403	6.77013823138903e-06	9.1729064124376e-17
404	6.76238875722355e-06	9.12765421830742e-17
405	6.7546673538723e-06	9.08273606031496e-17
406	6.74697385198883e-06	9.03814865887818e-17
407	6.73930808365618e-06	8.99388877456518e-17
408	6.73166988237124e-06	8.94995320750613e-17
409	6.72405908302948e-06	8.90633879681457e-17
410	6.71647552190979e-06	8.86304242001911e-17
411	6.70891903665977e-06	8.82006099250439e-17
412	6.70138946628097e-06	8.77739146696179e-17
413	6.69388665111438e-06	8.73503083284921e-17
414	6.68641043282587e-06	8.6929761158601e-17
415	6.67896065439257e-06	8.6512243774012e-17
416	6.6715371600885e-06	8.60977271407947e-17
417	6.66413979547101e-06	8.56861825719699e-17
418	6.656768407367e-06	8.5277581722549e-17
419	6.64942284386e-06	8.48718965846518e-17
420	6.64210295427619e-06	8.44690994827062e-17
421	6.63480858917204e-06	8.4069163068731e-17
422	6.62753960032094e-06	8.36720603176893e-17
423	6.62029584070067e-06	8.3277764522927e-17
424	6.61307716448101e-06	8.28862492916803e-17
425	6.60588342701067e-06	8.24974885406597e-17
426	6.59871448480606e-06	8.21114564917044e-17
427	6.59157019553822e-06	8.17281276675113e-17
428	6.58445041802137e-06	8.13474768874294e-17
429	6.57735501220109e-06	8.09694792633238e-17
430	6.57028383914266e-06	8.059411019551e-17
431	6.56323676101937e-06	8.02213453687494e-17
432	6.55621364110159e-06	7.98511607483118e-17
433	6.54921434374494e-06	7.94835325761024e-17
434	6.54223873437975e-06	7.91184373668479e-17
435	6.53528667950007e-06	7.87558519043469e-17
436	6.52835804665248e-06	7.83957532377789e-17
437	6.52145270442592e-06	7.80381186780719e-17
438	6.51457052244072e-06	7.76829257943284e-17
439	6.50771137133853e-06	7.73301524103089e-17
440	6.50087512277205e-06	7.69797766009693e-17
441	6.49406164939449e-06	7.66317766890549e-17
442	6.48727082485001e-06	7.62861312417477e-17
443	6.48050252376353e-06	7.59428190673654e-17
444	6.47375662173107e-06	7.56018192121139e-17
445	6.46703299531005e-06	7.52631109568898e-17
446	6.46033152200989e-06	7.49266738141322e-17
447	6.4536520802821e-06	7.45924875247265e-17
448	6.4469945495117e-06	7.42605320549527e-17
449	6.44035881000742e-06	7.39307875934832e-17
450	6.43374474299291e-06	7.36032345484281e-17
451	6.42715223059766e-06	7.32778535444233e-17
452	6.42058115584803e-06	7.29546254197658e-17
453	6.41403140265875e-06	7.26335312235935e-17
454	6.40750285582391e-06	7.23145522131063e-17
455	6.40099540100881e-06	7.19976698508306e-17
456	6.39450892474114e-06	7.16828658019276e-17
457	6.38804331440271e-06	7.13701219315394e-17
458	6.38159845822136e-06	7.10594203021785e-17
459	6.37517424526266e-06	7.07507431711543e-17
460	6.36877056542174e-06	7.0444072988042e-17
461	6.36238730941553e-06	7.01393923921861e-17
462	6.85837486392965e-06	6.98366842102438e-17
463	6.85153674314135e-06	6.95359314537662e-17
464	6.84472028146638e-06	6.92371173168126e-17
465	6.83792536465641e-06	6.8940225173605e-17
466	6.8311518793062e-06	6.86452385762134e-17
467	6.82439971284593e-06	6.83521412522787e-17
468	6.81766875353315e-06	6.8060917102769e-17
469	6.81095889044481e-06	6.77715501997676e-17
470	6.80427001346993e-06	6.74840247842962e-17
471	6.79760201330163e-06	6.7198325264169e-17
472	6.79095478142978e-06	6.69144362118781e-17
473	6.78432821013338e-06	6.66323423625118e-17
474	6.7777221924733e-06	6.63520286117019e-17
475	6.7711366222849e-06	6.60734800136017e-17
476	6.76457139417109e-06	6.57966817788947e-17
477	6.75802640349476e-06	6.55216192728302e-17
478	6.7515015463721e-06	6.52482780132896e-17
479	6.74499671966533e-06	6.49766436688801e-17
480	6.73851182097636e-06	6.47067020570556e-17
481	6.73204674863924e-06	6.44384391422666e-17
482	6.72560140171393e-06	6.41718410341348e-17
483	6.71917567997967e-06	6.39068939856545e-17
484	6.71276948392798e-06	6.3643584391422e-17
485	6.70638271475657e-06	6.33818987858873e-17
486	6.70001527436281e-06	6.3121823841634e-17
487	6.69366706533703e-06	6.28633463676812e-17
488	6.68733799095691e-06	6.2606453307811e-17
489	6.68102795518049e-06	6.23511317389204e-17
490	6.67473686264059e-06	6.20973688693955e-17
491	6.66846461863837e-06	6.18451520375096e-17
492	6.66221112913762e-06	6.15944687098429e-17
493	6.65597630075842e-06	6.13453064797272e-17
494	6.64976004077157e-06	6.10976530657088e-17
495	6.64356225709266e-06	6.08514963100363e-17
496	6.63738285827651e-06	6.06068241771684e-17
497	6.63122175351085e-06	6.03636247523016e-17
498	6.62507885261141e-06	6.01218862399212e-17
499	6.6189540660161e-06	5.98815969623704e-17
500	6.61284730477915e-06	5.9642745358439e-17
501	6.60675848056626e-06	5.94053199819745e-17
502	6.60068750564862e-06	5.91693095005098e-17
503	6.59463429289814e-06	5.89347026939104e-17
504	6.58859875578161e-06	5.87014884530422e-17
505	6.58258080835583e-06	5.84696557784551e-17
506	6.57658036526245e-06	5.82391937790867e-17
507	6.57059734172275e-06	5.80100916709831e-17
508	6.56463165353243e-06	5.77823387760373e-17
509	6.558683217057e-06	5.75559245207448e-17
510	6.5527519492264e-06	5.73308384349765e-17
511	6.54683776753053e-06	5.71070701507683e-17
512	6.54094059001393e-06	5.6884609401127e-17
513	6.53506033527137e-06	5.66634460188527e-17
514	6.52919692244308e-06	5.64435699353771e-17
515	6.52335027120979e-06	5.62249711796177e-17
516	6.51752030178835e-06	5.6007639876847e-17
517	6.51170693492694e-06	5.57915662475776e-17
518	6.50591009190059e-06	5.55767406064612e-17
519	6.50012969450694e-06	5.53631533612052e-17
520	6.49436566506123e-06	5.51507950114995e-17
521	6.48861792639239e-06	5.4939656147962e-17
522	6.48288640183852e-06	5.47297274510951e-17
523	6.47717101524256e-06	5.45209996902573e-17
524	6.4714716909478e-06	5.43134637226497e-17
525	6.46578835379413e-06	5.41071104923133e-17
526	6.46012092911355e-06	5.39019310291419e-17
527	6.45446934272597e-06	5.36979164479077e-17
528	6.44883352093525e-06	5.34950579472977e-17
529	6.44321339052515e-06	5.32933468089661e-17
530	6.43760887875534e-06	5.30927743965968e-17
531	6.43201991335711e-06	5.28933321549795e-17
532	6.42644642252996e-06	5.26950116090965e-17
533	6.42088833493728e-06	5.24978043632232e-17
534	6.41534557970279e-06	5.2301702100039e-17
535	6.40981808640649e-06	5.21066965797508e-17
536	6.40430578508095e-06	5.19127796392266e-17
537	6.39880860620765e-06	5.17199431911424e-17
538	6.39332648071331e-06	5.1528179223138e-17
539	6.38785933996602e-06	5.13374797969851e-17
540	6.38240711577188e-06	5.11478370477653e-17
541	6.37696974037112e-06	5.09592431830605e-17
542	6.37154714643499e-06	5.07716904821505e-17
543	6.36613926706156e-06	5.05851712952241e-17
544	6.36074603577292e-06	5.03996780425992e-17
545	6.35536738651145e-06	5.02152032139511e-17
546	6.35000325363617e-06	5.00317393675548e-17
547	6.34465357191991e-06	4.98492791295322e-17
548	6.33931827654535e-06	4.96678151931125e-17
549	6.33399730310223e-06	4.94873403179001e-17
550	6.32869058758366e-06	4.93078473291525e-17
551	6.32339806638321e-06	4.91293291170672e-17
552	6.3181196762914e-06	4.89517786360779e-17
553	6.31285535449274e-06	4.87751889041588e-17
554	6.30760503856246e-06	4.85995530021384e-17
555	6.30236866646349e-06	4.84248640730225e-17
556	6.29714617654312e-06	4.82511153213233e-17
557	6.29193750753018e-06	4.80783000123998e-17
558	6.28674259853213e-06	4.7906411471805e-17
559	6.28156138903154e-06	4.77354430846411e-17
560	6.27639381888367e-06	4.75653882949232e-17
561	6.2712398283133e-06	4.73962406049508e-17
562	6.26609935791152e-06	4.72279935746874e-17
563	6.26097234863355e-06	4.70606408211471e-17
564	6.25585874179519e-06	4.68941760177896e-17
565	6.25075847907027e-06	4.67285928939213e-17
566	6.24567150248784e-06	4.65638852341063e-17
567	6.24059775442947e-06	4.64000468775818e-17
568	6.23553717762636e-06	4.62370717176826e-17
569	6.23048971515664e-06	4.60749537012723e-17
570	6.22545531044261e-06	4.59136868281804e-17
571	6.22043390724838e-06	4.57532651506478e-17
572	6.21542544967666e-06	4.55936827727782e-17
573	6.21042988216675e-06	4.54349338499965e-17
574	6.20544714949145e-06	4.52770125885136e-17
575	6.20047719675484e-06	4.5119913244797e-17
576	6.1955199693894e-06	4.49636301250501e-17
577	6.19057541315382e-06	4.48081575846949e-17
578	6.18564347413025e-06	4.46534900278631e-17
579	6.180724098722e-06	4.44996219068923e-17
580	6.17581723365073e-06	4.43465477218286e-17
581	6.17092282595462e-06	4.41942620199347e-17
582	6.1660408229854e-06	4.40427593952051e-17
583	6.16117117240617e-06	4.38920344878858e-17
584	6.15631382218911e-06	4.37420819840002e-17
585	6.15146872061308e-06	4.35928966148813e-17
586	6.14663581626124e-06	4.34444731567077e-17
587	6.14181505801871e-06	4.32968064300478e-17
588	6.13700639507055e-06	4.31498912994068e-17
589	6.13220977689925e-06	4.30037226727808e-17
590	6.12742515328244e-06	4.28582955012153e-17
591	6.12265247429094e-06	4.27136047783696e-17
592	6.11789169028638e-06	4.25696455400848e-17
593	6.11314275191914e-06	4.24264128639597e-17
594	6.10840561012594e-06	4.22839018689286e-17
595	6.10368021612802e-06	4.21421077148463e-17
596	6.09896652142877e-06	4.20010256020765e-17
597	6.09426447781192e-06	4.18606507710863e-17
598	6.08957403733907e-06	4.17209785020441e-17
599	6.08489515234802e-06	4.15820041144234e-17
600	6.08022777545041e-06	4.14437229666106e-17
601	6.07557185952991e-06	4.13061304555167e-17
602	6.07092735774019e-06	4.11692220161952e-17
603	6.06629422350267e-06	4.10329931214634e-17
604	6.06167241050506e-06	4.08974392815274e-17
605	6.05706187269897e-06	4.07625560436125e-17
606	6.05246256429802e-06	4.06283389915979e-17
607	6.0478744397762e-06	4.04947837456547e-17
608	6.04329745386557e-06	4.03618859618891e-17
609	6.03873156155486e-06	4.02296413319887e-17
610	6.03417671808714e-06	4.00980455828736e-17
611	6.02963287895828e-06	3.99670944763511e-17
612	6.02509999991499e-06	3.98367838087745e-17
613	6.02057803695293e-06	3.97071094107058e-17
614	6.0160669463152e-06	3.95780671465821e-17
615	6.01156668449008e-06	3.9449652914386e-17
616	6.00707720820981e-06	3.93218626453194e-17
617	6.00259847444839e-06	3.91946923034811e-17
618	5.9981304404201e-06	3.90681378855489e-17
619	5.99367306357759e-06	3.89421954204634e-17
620	5.98922630161038e-06	3.88168609691174e-17
621	5.98479011244306e-06	3.86921306240474e-17
622	5.98036445423348e-06	3.85680005091291e-17
623	5.97594928537139e-06	3.84444667792768e-17
624	5.97154456447654e-06	3.83215256201445e-17
625	5.96715025039718e-06	3.81991732478328e-17
626	5.96276630220823e-06	3.80774059085967e-17
627	5.95839267921004e-06	3.79562198785581e-17
628	5.95402934092637e-06	3.78356114634211e-17
629	5.94967624710317e-06	3.77155769981904e-17
630	5.94533335770689e-06	3.75961128468932e-17
631	5.94100063292292e-06	3.74772154023029e-17
632	5.93667803315383e-06	3.7358881085668e-17
633	5.9323655190182e-06	3.72411063464418e-17
634	5.92806305134918e-06	3.71238876620168e-17
635	5.92377059119236e-06	3.70072215374609e-17
636	5.91948809980497e-06	3.68911045052569e-17
637	5.91521553865415e-06	3.67755331250449e-17
638	5.91095286941527e-06	3.66605039833679e-17
639	5.90670005397091e-06	3.65460136934187e-17
640	5.90245705440905e-06	3.64320588947916e-17
641	5.89822383302184e-06	3.63186362532357e-17
642	5.89400035230412e-06	3.62057424604103e-17
643	5.88978657495219e-06	3.60933742336444e-17
644	5.88558246386205e-06	3.59815283156976e-17
645	5.88138798212829e-06	3.58702014745246e-17
646	5.87720309304291e-06	3.57593905030408e-17
647	5.87302776009345e-06	3.56490922188921e-17
648	5.86886194696208e-06	3.55393034642268e-17
649	5.86470561752408e-06	3.54300211054678e-17
650	5.86055873584655e-06	3.53212420330909e-17
651	5.85642126618726e-06	3.5212963161403e-17
652	5.85229317299294e-06	3.51051814283225e-17
653	5.84817442089855e-06	3.49978937951638e-17
654	5.84406497472547e-06	3.48910972464228e-17
655	5.83996479948062e-06	3.47847887895651e-17
656	5.83587386035503e-06	3.46789654548157e-17
657	5.83179212272259e-06	3.45736242949528e-17
658	5.82771955213899e-06	3.44687623851014e-17
659	5.82365611434011e-06	3.43643768225309e-17
660	5.81960177524127e-06	3.42604647264544e-17
661	5.81555650093565e-06	3.41570232378294e-17
662	5.81152025769342e-06	3.40540495191614e-17
663	5.80749301196021e-06	3.39515407543093e-17
664	5.80347473035634e-06	3.3849494148293e-17
665	5.79946537967512e-06	3.37479069271026e-17
666	5.79546492688226e-06	3.364677633751e-17
667	5.79147333911439e-06	3.35460996468824e-17
668	5.78749058367792e-06	3.34458741429978e-17
669	5.78351662804807e-06	3.33460971338621e-17
670	5.77955143986774e-06	3.32467659475281e-17
671	5.77559498694603e-06	3.31478779319178e-17
672	5.77164723725783e-06	3.30494304546435e-17
673	5.76770815894214e-06	3.29514209028345e-17
674	5.7637777203011e-06	3.28538466829624e-17
675	5.75985588979921e-06	3.275670522067e-17
676	5.75594263606188e-06	3.26599939606018e-17
677	5.75203792787456e-06	3.25637103662353e-17
678	5.74814173418182e-06	3.24678519197153e-17
679	5.74425402408597e-06	3.23724161216888e-17
680	5.7403747668464e-06	3.22774004911423e-17
681	5.73650393187831e-06	3.21828025652407e-17
682	5.73264148875179e-06	3.20886198991674e-17
683	5.72878740719063e-06	3.19948500659667e-17
684	5.72494165707172e-06	3.1901490656387e-17
685	5.72110420842371e-06	3.18085392787263e-17
686	5.717275031426e-06	3.17159935586791e-17
687	5.71345409640815e-06	3.16238511391847e-17
688	5.70964137384847e-06	3.15321096802771e-17
689	5.7058368343733e-06	3.14407668589362e-17
690	5.70204044875605e-06	3.13498203689414e-17
691	5.69825218791616e-06	3.12592679207253e-17
692	5.69447202291811e-06	3.116910724123e-17
693	5.69069992497088e-06	3.10793360737645e-17
694	5.6869358654264e-06	3.09899521778629e-17
695	5.68317981577921e-06	3.09009533291455e-17
696	5.67943174766518e-06	3.081233731918e-17
697	5.67569163286079e-06	3.07241019553441e-17
698	5.67195944328215e-06	3.06362450606906e-17
699	5.66823515098421e-06	3.05487644738125e-17
700	5.66451872815974e-06	3.04616580487105e-17
701	5.66081014713855e-06	3.03749236546611e-17
702	5.65710938038665e-06	3.02885591760865e-17
703	5.65341640050525e-06	3.02025625124254e-17
704	5.64973118023013e-06	3.01169315780055e-17
705	5.64605369243052e-06	3.00316643019168e-17
706	5.64238391010845e-06	2.99467586278867e-17
707	5.63872180639787e-06	2.98622125141556e-17
708	5.63506735456381e-06	2.97780239333544e-17
709	5.63142052800157e-06	2.96941908723833e-17
710	5.62778130023592e-06	2.96107113322908e-17
711	5.62414964492026e-06	2.95275833281548e-17
712	5.62052553583576e-06	2.94448048889649e-17
713	5.61690894689059e-06	2.9362374057505e-17
714	5.61329985211941e-06	2.92802888902383e-17
715	5.60969822568217e-06	2.91985474571921e-17
716	5.6061040418634e-06	2.91171478418447e-17
717	5.60251727507172e-06	2.90360881410131e-17
718	5.59893789983884e-06	2.89553664647413e-17
719	5.5953658908188e-06	2.88749809361909e-17
720	5.5918012227873e-06	2.87949296915313e-17
721	5.58824387064098e-06	2.8715210879832e-17
722	5.58469380939652e-06	2.86358226629556e-17
723	5.58115101418998e-06	2.85567632154518e-17
724	5.57761546027612e-06	2.84780307244523e-17
725	5.57408712302774e-06	2.8399623389567e-17
726	5.57056597793463e-06	2.83215394227815e-17
727	5.5670520006032e-06	2.82437770483544e-17
728	5.56354516675566e-06	2.81663345027167e-17
729	5.56004545222923e-06	2.80892100343719e-17
730	5.55655283297553e-06	2.80124019037969e-17
731	5.55306728505989e-06	2.7935908383344e-17
732	5.54958878466053e-06	2.78597277571434e-17
733	5.54611730806815e-06	2.77838583210073e-17
734	5.54265283168488e-06	2.77082983823347e-17
735	5.53919533202386e-06	2.76330462600164e-17
736	5.53574478570857e-06	2.75581002843422e-17
737	5.53230116947205e-06	2.74834587969082e-17
738	5.52886446015624e-06	2.74091201505243e-17
739	5.52543463471149e-06	2.73350827091241e-17
740	5.52201167019571e-06	2.72613448476748e-17
741	5.51859554377378e-06	2.71879049520875e-17
742	5.5151862327171e-06	2.71147614191297e-17
743	5.51178371440259e-06	2.70419126563368e-17
744	5.50838796631232e-06	2.69693570819267e-17
745	5.50499896603291e-06	2.68970931247123e-17
746	5.50161669125472e-06	2.68251192240181e-17
747	5.49824111977137e-06	2.67534338295947e-17
748	5.49487222947908e-06	2.66820354015361e-17
749	5.49150999837606e-06	2.66109224101964e-17
750	5.4881544045619e-06	2.65400933361084e-17
751	5.48480542623702e-06	2.64695466699021e-17
752	5.48146304170201e-06	2.63992809122245e-17
753	5.47812722935702e-06	2.63292945736597e-17
754	5.47479796770137e-06	2.62595861746499e-17
755	5.47147523533261e-06	2.61901542454179e-17
756	5.46815901094628e-06	2.61209973258887e-17
757	5.46484927333508e-06	2.60521139656133e-17
758	5.46154600138867e-06	2.59835027236926e-17
759	5.45824917409254e-06	2.59151621687017e-17
760	5.45495877052788e-06	2.58470908786157e-17
761	5.45167476987092e-06	2.57792874407355e-17
762	5.44839715139252e-06	2.57117504516146e-17
763	5.44512589445709e-06	2.56444785169861e-17
764	5.44186097852266e-06	2.55774702516914e-17
765	5.43860238314005e-06	2.55107242796082e-17
766	5.43535008795235e-06	2.54442392335806e-17
767	5.43210407269432e-06	2.53780137553483e-17
768	5.42886431719208e-06	2.53120464954778e-17
769	5.42563080136236e-06	2.52463361132933e-17
770	5.42240350521213e-06	2.51808812768089e-17
771	5.41918240883783e-06	2.51156806626609e-17
772	5.41596749242521e-06	2.5050732956041e-17
773	5.41275873624862e-06	2.49860368506299e-17
774	5.40955612067041e-06	2.49215910485316e-17
775	5.40635962614064e-06	2.48573942602084e-17
776	5.40316923319637e-06	2.47934452044167e-17
777	5.39998492246143e-06	2.47297426081424e-17
778	5.39680667464559e-06	2.46662852065379e-17
779	5.39363447054427e-06	2.46030717428595e-17
780	5.39046829103808e-06	2.4540100968405e-17
781	5.38730811709221e-06	2.44773716424518e-17
782	5.38415392975601e-06	2.4414882532196e-17
783	5.38100571016257e-06	2.43526324126921e-17
784	5.37786343952818e-06	2.42906200667925e-17
785	5.37472709915179e-06	2.42288442850883e-17
786	5.37159667041466e-06	2.41673038658502e-17
787	5.36847213477984e-06	2.410599761497e-17
788	5.36535347379178e-06	2.4044924345903e-17
789	5.36224066907579e-06	2.398408287961e-17
790	5.3591337023375e-06	2.39234720445012e-17
791	5.3560325553627e-06	2.3863090676379e-17
792	5.3529372100165e-06	2.38029376183826e-17
793	5.34984764824328e-06	2.37430117209324e-17
794	5.34676385206593e-06	2.3683311841675e-17
795	5.34368580358549e-06	2.36238368454291e-17
796	5.340613484981e-06	2.35645856041311e-17
797	5.33754687850855e-06	2.35055569967819e-17
798	5.33448596650128e-06	2.34467499093939e-17
799	5.33143073136867e-06	2.3388163234938e-17
800	5.32838115559644e-06	2.33297958732923e-17
801	5.32533722174576e-06	2.32716467311895e-17
802	5.32229891245298e-06	2.32137147221666e-17
803	5.31926621042941e-06	2.31559987665135e-17
804	5.31623909846049e-06	2.30984977912231e-17
805	5.31321755940579e-06	2.30412107299411e-17
806	5.31020157619835e-06	2.29841365229168e-17
807	5.30719113184444e-06	2.29272741169541e-17
808	5.30418620942296e-06	2.28706224653627e-17
809	5.30118679208517e-06	2.28141805279101e-17
810	5.29819286305427e-06	2.27579472707739e-17
811	5.29520440562509e-06	2.27019216664943e-17
812	5.2922214031635e-06	2.26461026939271e-17
813	5.28924383910629e-06	2.25904893381976e-17
814	5.28627169696041e-06	2.25350805906538e-17
815	5.28330496030301e-06	2.24798754488214e-17
816	5.28034361278068e-06	2.24248729163579e-17
817	5.27738763810945e-06	2.2370072003008e-17
818	5.27443702007391e-06	2.23154717245586e-17
819	5.27149174252743e-06	2.22610711027951e-17
820	5.26855178939129e-06	2.22068691654573e-17
821	5.26561714465467e-06	2.2152864946196e-17
822	5.26268779237393e-06	2.209905748453e-17
823	5.25976371667262e-06	2.20454458258034e-17
824	5.25684490174087e-06	2.1992029021143e-17
825	5.25393133183506e-06	2.19388061274167e-17
826	5.25102299127761e-06	2.18857762071916e-17
827	5.24811986445631e-06	2.1832938328693e-17
828	5.24522193582445e-06	2.17802915657629e-17
829	5.24232918989996e-06	2.172783499782e-17
830	5.23944161126542e-06	2.16755677098195e-17
831	5.23655918456752e-06	2.16234887922123e-17
832	5.23368189451691e-06	2.15715973409068e-17
833	5.23080972588754e-06	2.15198924572285e-17
834	5.2279426635167e-06	2.14683732478816e-17
835	5.22508069230446e-06	2.14170388249103e-17
836	5.22222379721326e-06	2.13658883056609e-17
837	5.2193719632678e-06	2.13149208127429e-17
838	5.21652517555459e-06	2.12641354739928e-17
839	5.21368341922163e-06	2.12135314224353e-17
840	5.21084667947804e-06	2.11631077962475e-17
841	5.2080149415939e-06	2.11128637387214e-17
842	5.20518819089972e-06	2.1062798398228e-17
843	5.20236641278622e-06	2.1012910928181e-17
844	5.19954959270404e-06	2.09632004870009e-17
845	5.19673771616338e-06	2.09136662380798e-17
846	5.19393076873371e-06	2.0864307349746e-17
847	5.19112873604339e-06	2.08151229952292e-17
848	5.18833160377941e-06	2.07661123526256e-17
849	5.18553935768729e-06	2.07172746048642e-17
850	5.18275198357034e-06	2.06686089396718e-17
851	5.17996946728968e-06	2.06201145495402e-17
852	5.17719179476382e-06	2.05717906316919e-17
853	5.17441895196839e-06	2.05236363880477e-17
854	5.17165092493593e-06	2.04756510251927e-17
855	5.16888769975542e-06	2.04278337543446e-17
856	5.16612926257206e-06	2.03801837913207e-17
857	5.16337559958707e-06	2.03327003565062e-17
858	5.16062669705723e-06	2.02853826748217e-17
859	5.15788254129472e-06	2.0238229975692e-17
860	5.1551431186668e-06	2.01912414930147e-17
861	5.15240841559552e-06	2.01444164651292e-17
862	5.14967841855741e-06	2.00977541347853e-17
863	5.14695311408333e-06	2.00512537491132e-17
864	5.14423248875789e-06	2.00049145595928e-17
865	5.14151652921953e-06	1.99587358220236e-17
866	5.13880522216e-06	1.99127167964949e-17
867	5.13609855432435e-06	1.98668567473563e-17
868	5.13339651251012e-06	1.98211549431878e-17
869	5.13069908356775e-06	1.97756106567713e-17
870	5.12800625439979e-06	1.97302231650611e-17
871	5.125318011961e-06	1.96849917491556e-17
872	5.12263434325779e-06	1.96399156942685e-17
873	5.11995523534804e-06	1.9594994289701e-17
874	5.11728067534108e-06	1.95502268288133e-17
875	5.11461065039695e-06	1.95056126089971e-17
876	5.11194514772658e-06	1.94611509316479e-17
877	5.10928415459142e-06	1.9416841102138e-17
878	5.106627658303e-06	1.93726824297886e-17
879	5.1039756462229e-06	1.93286742278438e-17
880	5.10132810576236e-06	1.92848158134433e-17
881	5.09868502438209e-06	1.92411065075961e-17
882	5.09604638959196e-06	1.91975456351542e-17
883	5.0934121889508e-06	1.91541325247864e-17
884	5.09078241006636e-06	1.91108665089528e-17
885	5.08815704059455e-06	1.90677469238787e-17
886	5.08553606823968e-06	1.90247731095296e-17
887	5.08291948075393e-06	1.89819444095853e-17
888	5.08030726593734e-06	1.89392601714156e-17
889	5.07769941163742e-06	1.88967197460548e-17
890	5.07509590574882e-06	1.88543224881775e-17
891	5.07249673621339e-06	1.88120677560736e-17
892	5.06990189101967e-06	1.87699549116249e-17
893	5.06731135820279e-06	1.87279833202799e-17
894	5.06472512584412e-06	1.86861523510308e-17
895	5.06214318207128e-06	1.8644461376389e-17
896	5.05956551505763e-06	1.86029097723626e-17
897	5.05699211302229e-06	1.8561496918432e-17
898	5.05442296422963e-06	1.85202221975273e-17
899	5.05185805698928e-06	1.84790849960053e-17
900	5.04929737965587e-06	1.84380847036264e-17
901	5.04674092062883e-06	1.83972207135323e-17
902	5.04418866835192e-06	1.83564924222234e-17
903	5.04164061131338e-06	1.83158992295363e-17
904	5.03909673804537e-06	1.82754405386223e-17
905	5.03655703712408e-06	1.82351157559247e-17
906	5.03402149716928e-06	1.81949242911575e-17
907	5.03149010684409e-06	1.81548655572839e-17
908	5.02896285485502e-06	1.81149389704945e-17
909	5.02643972995147e-06	1.80751439501861e-17
910	5.02392072092568e-06	1.80354799189408e-17
911	5.02140581661245e-06	1.79959463025049e-17
912	5.01889500588903e-06	1.79565425297682e-17
913	5.01638827767478e-06	1.79172680327433e-17
914	5.01388562093103e-06	1.78781222465451e-17
915	5.01138702466096e-06	1.78391046093706e-17
916	5.0088924779092e-06	1.78002145624787e-17
917	5.00640196976183e-06	1.77614515501703e-17
918	5.00391548934603e-06	1.7722815019768e-17
919	5.00143302582993e-06	1.76843044215969e-17
920	4.99895456842254e-06	1.76459192089652e-17
921	4.99648010637337e-06	1.76076588381439e-17
922	4.99400962897218e-06	1.75695227683487e-17
923	4.99154312554911e-06	1.75315104617198e-17
924	4.98908058547414e-06	1.74936213833039e-17
925	4.98662199815703e-06	1.74558550010345e-17
926	4.9841673530473e-06	1.74182107857141e-17
927	4.98171663963363e-06	1.73806882109949e-17
928	4.97926984744418e-06	1.73432867533608e-17
929	4.97682696604589e-06	1.7306005892109e-17
930	4.97438798504481e-06	1.72688451093322e-17
931	4.97195289408534e-06	1.72318038899e-17
932	4.96952168285062e-06	1.71948817214415e-17
933	4.96709434106197e-06	1.71580780943275e-17
934	4.96467085847877e-06	1.7121392501653e-17
935	4.96225122489841e-06	1.70848244392195e-17
936	4.95983543015596e-06	1.70483734055178e-17
937	4.95742346412408e-06	1.70120389017108e-17
938	4.95501531671284e-06	1.69758204316166e-17
939	4.95261097786951e-06	1.69397175016912e-17
940	4.95021043757832e-06	1.69037296210121e-17
941	4.94781368586045e-06	1.68678563012613e-17
942	4.94542071277373e-06	1.68320970567088e-17
943	4.9430315084125e-06	1.67964514041962e-17
944	4.94064606290742e-06	1.67609188631205e-17
945	4.93826436642532e-06	1.67254989554177e-17
946	4.93588640916907e-06	1.66901912055467e-17
947	4.93351218137728e-06	1.66549951404736e-17
948	4.93114167332432e-06	1.66199102896558e-17
949	4.92877487531996e-06	1.65849361850257e-17
950	4.92641177770937e-06	1.6550072360976e-17
951	4.92405237087282e-06	1.65153183543436e-17
952	4.92169664522556e-06	1.64806737043943e-17
953	4.91934459121779e-06	1.64461379528078e-17
954	4.91699619933419e-06	1.64117106436621e-17
955	4.91465146009415e-06	1.6377391323419e-17
956	4.91231036405122e-06	1.63431795409087e-17
957	4.90997290179331e-06	1.63090748473149e-17
958	4.90763906394212e-06	1.62750767961607e-17
959	4.90530884115351e-06	1.62411849432934e-17
960	4.90298222411688e-06	1.62073988468704e-17
961	4.90065920355515e-06	1.61737180673442e-17
962	4.89833977022469e-06	1.61401421674489e-17
963	4.89602391491522e-06	1.61066707121854e-17
964	4.8937116284493e-06	1.60733032688076e-17
965	4.89140290168274e-06	1.60400394068083e-17
966	4.88909772550386e-06	1.60068786979052e-17
967	4.88679609083379e-06	1.59738207160275e-17
968	4.88449798862613e-06	1.5940865037302e-17
969	4.88220340986669e-06	1.5908011240039e-17
970	4.87991234557357e-06	1.58752589047201e-17
971	4.87762478679692e-06	1.58426076139832e-17
972	4.87534072461871e-06	1.58100569526105e-17
973	4.87306015015274e-06	1.57776065075147e-17
974	4.87078305454437e-06	1.5745255867726e-17
975	4.86850942897038e-06	1.57130046243789e-17
976	4.86623926463892e-06	1.56808523706997e-17
977	4.86397255278931e-06	1.56487987019934e-17
978	4.86170928469181e-06	1.5616843215631e-17
979	4.85944945164771e-06	1.55849855110368e-17
980	4.85719304498894e-06	1.55532251896759e-17
981	4.8549400560781e-06	1.55215618550419e-17
982	4.85269047630815e-06	1.54899951126443e-17
983	4.85044429710253e-06	1.54585245699962e-17
984	4.84820150991475e-06	1.54271498366022e-17
985	4.84596210622851e-06	1.53958705239464e-17
986	4.84372607755724e-06	1.53646862454801e-17
987	4.84149341544425e-06	1.53335966166102e-17
988	4.83926411146267e-06	1.53026012546868e-17
989	4.83703815721483e-06	1.52716997789921e-17
990	4.83481554433264e-06	1.52408918107282e-17
991	4.83259626447728e-06	1.52101769730059e-17
992	4.83038030933891e-06	1.51795548908325e-17
993	4.8281676706368e-06	1.51490251911012e-17
994	4.82595834011906e-06	1.51185875025792e-17
995	4.82375230956251e-06	1.50882414558965e-17
996	4.8215495707726e-06	1.50579866835348e-17
997	4.81935011558316e-06	1.50278228198163e-17
998	4.8171539358565e-06	1.49977495008927e-17
999	4.81496102348307e-06	1.4967766364734e-17
1000	4.92609703445991e-06	2.78809541770254e-17
1001	4.81058496849812e-06	1.49080692016196e-17
