1	0.83281998808308	0.565590141074135
2	0.822595299496972	0.539573072588187
3	0.815767125551771	0.522476892060249
4	0.810600369437274	0.509688967835548
5	0.806430063426281	0.499460074565817
6	0.802927069530806	0.490931478351614
7	0.799903455025044	0.483616194278321
8	0.797241464503882	0.477210878385985
9	0.79486229806424	0.471513589860777
10	0.792710564583251	0.466383036773138
11	0.790745808307898	0.461716458957261
12	0.788937561348252	0.457436764393001
13	0.78726229335681	0.453484626647707
14	0.785701445966801	0.449813409472082
15	0.784240118985237	0.44638578477966
16	0.782866164683153	0.443171407877062
17	0.781569546705802	0.440145276380509
18	0.780341875794259	0.43728654478257
19	0.779176066764776	0.434577650748149
20	0.778066080567985	0.432003659630354
21	0.77700672726155	0.429551764880099
22	0.775993513385817	0.427210901857069
23	0.775022522233415	0.424971445480962
24	0.774090318843985	0.422824970781292
25	0.773193873830556	0.420764061265082
26	0.772330501722263	0.418782154079517
27	0.771497810620605	0.416873413802374
28	0.770693660762547	0.41503262873323
29	0.769916130161302	0.413255125036019
30	0.769163485919829	0.411536695167379
31	0.768434160127422	0.409873537829521
32	0.767726729486633	0.408262207289719
33	0.76703989799751	0.406699570365803
34	0.766372482163822	0.405182769726704
35	0.76572339829231	0.403709192427031
36	0.765091651538873	0.40227644280457
37	0.764476326420648	0.400882319034232
38	0.763876578564359	0.399524792761922
39	0.763291627502268	0.398201991345199
40	0.762720750359838	0.396912182310245
41	0.762163276305668	0.395653759701291
42	0.761618581655687	0.394425232052505
43	0.761086085541041	0.393225211756304
44	0.760565246063439	0.392052405637912
45	0.760055556873485	0.390905606575572
46	0.759556544117284	0.389783686030201
47	0.759067763704673	0.388685587368559
48	0.758588798859221	0.387610319880875
49	0.758119257915762	0.386556953408011
50	0.757658772336017	0.385524613505115
51	0.757206994916836	0.384512477078736
52	0.756763598169042	0.383519768442848
53	0.756328272847697	0.382545755746402
54	0.755900726617123	0.381589747731212
55	0.755480682836089	0.380651090784148
56	0.755067879450392	0.379729166252178
57	0.754662067981635	0.378823387992598
58	0.75426301260231	0.377933200134174
59	0.753870489288501	0.377058075027755
60	0.753484285042501	0.376197511367447
61	0.753104197178521	0.375351032465587
62	0.75273003266544	0.374518184666648
63	0.752361607521205	0.373698535886869
64	0.751998746254076	0.372891674267824
65	0.75164128134644	0.372097206933438
66	0.751289052777341	0.37131475884105
67	0.750941907580289	0.370543971718114
68	0.750599699433277	0.369784503076979
69	0.750262288278205	0.369036025300991
70	0.749929539967232	0.368298224795782
71	0.749601325933781	0.367570801200261
72	0.749277522886174	0.36685346665234
73	0.748958012522045	0.366145945104879
74	0.748642681261861	0.365447971687818
75	0.748331420000036	0.364759292112765
76	0.748024123872258	0.364079662116727
77	0.747720692037781	0.363408846941913
78	0.747421027475537	0.362746620848851
79	0.747125036793021	0.362092766660285
80	0.746832630047016	0.361447075333547
81	0.746543720575265	0.360809345559297
82	0.746258224838318	0.360179383384707
83	0.745976062270807	0.359557001859319
84	0.745697155141491	0.358942020701957
85	0.745421428421457	0.358334265987221
86	0.745148809659904	0.35773356985018
87	0.744879228867001	0.357139770208027
88	0.744612618403336	0.356552710497527
89	0.744348912875515	0.355972239427204
90	0.744088049037509	0.355398210743283
91	0.743829965697362	0.354830483008473
92	0.743574603628929	0.354268919392771
93	0.743321905488309	0.353713387475494
94	0.74307181573468	0.353163759057833
95	0.742824280555265	0.352619909985265
96	0.742579247794164	0.352081719979207
97	0.742336666884822	0.351549072477335
98	0.742096488785909	0.351021854482044
99	0.741858665920407	0.350499956416559
100	0.741623152117716	0.349983271988227
101	0.741389902558595	0.349471698058575
102	0.741158873722779	0.34896513451973
103	0.740930023339114	0.348463484176837
104	0.740703310338068	0.347966652636115
105	0.740478694806477	0.347474548198252
106	0.740256137944415	0.346987081756816
107	0.740035602024048	0.346504166701408
108	0.739817050350385	0.346025718825301
109	0.739600447223809	0.345551656237306
110	0.739385757904293	0.345081899277647
111	0.739172948577214	0.344616370437615
112	0.738961986320684	0.344154994282811
113	0.7387528390743	0.343697697379783
114	0.738545475609268	0.343244408225875
115	0.738339865499803	0.342795057182122
116	0.73813597909575	0.342349576409043
117	0.737933787496371	0.341907899805166
118	0.737733262525226	0.341469962948165
119	0.737534376706103	0.341035703038458
120	0.73733710323994	0.340605058845165
121	0.737141415982693	0.340177970654286
122	0.7369472894241	0.339754380219012
123	0.736754698667302	0.339334230712043
124	0.736563619409282	0.338917466679837
125	0.736374027922069	0.338504033998684
126	0.736185901034692	0.33809387983252
127	0.735999216115832	0.337686952592401
128	0.735813951057143	0.337283201897563
129	0.735630084257224	0.336882578537985
130	0.735447594606186	0.336485034438395
131	0.735266461470818	0.336090522623645
132	0.735086664680301	0.3356989971854
133	0.734908184512453	0.335310413250075
134	0.73473100168049	0.334924726947971
135	0.734555097320267	0.334541895383553
136	0.734380452977983	0.334161876606814
137	0.734207050598335	0.333784629585693
138	0.734034872513095	0.333410114179485
139	0.733863901430093	0.333038291113209
140	0.733694120422592	0.332669121952886
141	0.733525512919034	0.332302569081706
142	0.733358062693146	0.331938595677016
143	0.733191753854388	0.331577165688127
144	0.73302657083873	0.331218243814884
145	0.732862498399741	0.330861795486974
146	0.732699521599987	0.330507786843944
147	0.73253762580271	0.330156184715902
148	0.732376796663795	0.329806956604858
149	0.732217020123998	0.329460070666706
150	0.73205828240143	0.329115495693795
151	0.731900569984294	0.328773201098078
152	0.731743869623853	0.328433156894824
153	0.731588168327623	0.328095333686847
154	0.731433453352799	0.327759702649261
155	0.731279712199871	0.327426235514719
156	0.731126932606462	0.327094904559123
157	0.730975102541344	0.326765682587796
158	0.730824210198657	0.326438542922087
159	0.730674243992295	0.326113459386395
160	0.730525192550474	0.3257904062956
161	0.730377044710462	0.325469358442889
162	0.730229789513479	0.325150291087951
163	0.730083416199738	0.324833179945532
164	0.729937914203648	0.32451800117435
165	0.729793273149157	0.324204731366333
166	0.729649482845231	0.323893347536189
167	0.729506533281475	0.323583827111285
168	0.729364414623871	0.323276147921828
169	0.729223117210653	0.322970288191335
170	0.729082631548298	0.322666226527385
171	0.728942948307628	0.322363941912639
172	0.728804058320031	0.322063413696125
173	0.728665952573791	0.321764621584767
174	0.728528622210514	0.32146754563517
175	0.728392058521665	0.321172166245623
176	0.728256252945196	0.320878464148345
177	0.728121197062271	0.320586420401938
178	0.727986882594083	0.32029601638406
179	0.727853301398757	0.320007233784296
180	0.727720445468338	0.319720054597235
181	0.727588306925867	0.319434461115728
182	0.727456878022526	0.319150435924339
183	0.727326151134871	0.318867961892973
184	0.727196118762135	0.318587022170674
185	0.727066773523602	0.318307600179596
186	0.726938108156052	0.318029679609129
187	0.726810115511276	0.317753244410189
188	0.726682788553653	0.317478278789655
189	0.726556120357792	0.317204767204954
190	0.726430104106238	0.316932694358793
191	0.726304733087231	0.316662045194019
192	0.726180000692532	0.316392804888624
193	0.726055900415294	0.316124958850871
194	0.725932425848001	0.315858492714549
195	0.725809570680443	0.315593392334351
196	0.725687328697758	0.315329643781365
197	0.72556569377851	0.315067233338686
198	0.725444659892827	0.314806147497133
199	0.725324221100574	0.314546372951075
200	0.725204371549584	0.314287896594365
201	0.725085105473916	0.31403070551637
202	0.724966417192174	0.3137747869981
203	0.724848301105852	0.313520128508438
204	0.724730751697732	0.313266717700455
205	0.724613763530305	0.313014542407817
206	0.72449733124425	0.312763590641282
207	0.724381449556928	0.312513850585279
208	0.724266113260931	0.312265310594571
209	0.724151317222653	0.312017959190994
210	0.724037056380899	0.311771785060278
211	0.723923325745526	0.311526777048941
212	0.723810120396118	0.311282924161256
213	0.723697435480687	0.311040215556294
214	0.723585266214409	0.310798640545024
215	0.723473607878389	0.310558188587495
216	0.723362455818448	0.310318849290077
217	0.723251805443945	0.310080612402758
218	0.723141652226624	0.309843467816518
219	0.723031991699484	0.30960740556075
220	0.722922819455675	0.309372415800748
221	0.722814131147428	0.309138488835244
222	0.722705922484991	0.30890561509401
223	0.722598189235606	0.308673785135504
224	0.722490927222499	0.308442989644576
225	0.722384132323896	0.308213219430221
226	0.722277800472057	0.307984465423383
227	0.722171927652336	0.307756718674807
228	0.722066509902258	0.307529970352938
229	0.721961543310616	0.307304211741866
230	0.721857024016589	0.307079434239315
231	0.721752948208881	0.306855629354678
232	0.721649312124869	0.306632788707092
233	0.721546112049784	0.306410904023553
234	0.721443344315894	0.306189967137075
235	0.721341005301715	0.305969969984885
236	0.721239091431237	0.30575090460666
237	0.721137599173158	0.305532763142794
238	0.721036525040147	0.30531553783271
239	0.720935865588109	0.305099221013202
240	0.720835617415477	0.304883805116813
241	0.720735777162511	0.304669282670245
242	0.720636341510611	0.304455646292807
243	0.720537307181652	0.304242888694886
244	0.720438670937322	0.30403100267646
245	0.720340429578481	0.303819981125631
246	0.720242579944531	0.303609817017197
247	0.720145118912794	0.303400503411245
248	0.720048043397911	0.303192033451779
249	0.719951350351249	0.302984400365369
250	0.719855036760312	0.302777597459836
251	0.719759099648179	0.302571618122949
252	0.719663536072941	0.302366455821167
253	0.719568343127154	0.302162104098386
254	0.719473517937299	0.301958556574727
255	0.719379057663258	0.301755806945337
256	0.719284959497798	0.301553848979216
257	0.719191220666062	0.301352676518073
258	0.719097838425069	0.301152283475195
259	0.719004810063235	0.300952663834344
260	0.718912132899887	0.30075381164867
261	0.718819804284798	0.300555721039654
262	0.718727821597722	0.300358386196058
263	0.718636182247951	0.300161801372909
264	0.718544883673863	0.299965960890491
265	0.718453923342492	0.299770859133359
266	0.718363298749099	0.29957649054938
267	0.718273007416757	0.299382849648776
268	0.718183046895934	0.299189931003201
269	0.718093414764096	0.298997729244822
270	0.718004108625306	0.298806239065429
271	0.717915126109837	0.298615455215549
272	0.717826464873791	0.298425372503586
273	0.717738122598723	0.298235985794974
274	0.717650096991275	0.298047290011343
275	0.717562385782812	0.297859280129703
276	0.717474986729068	0.297671951181639
277	0.717387897609797	0.297485298252528
278	0.717301116228435	0.29729931648076
279	0.717214640411757	0.297114001056985
280	0.717128468009552	0.296929347223358
281	0.717042596894295	0.296745350272813
282	0.716957024960831	0.29656200554834
283	0.716871750126061	0.29637930844228
284	0.716786770328633	0.296197254395627
285	0.716702083528642	0.296015838897347
286	0.716617687707331	0.295835057483708
287	0.716533580866801	0.29565490573762
288	0.71644976102972	0.295475379287988
289	0.716366226239047	0.295296473809074
290	0.71628297455775	0.295118185019876
291	0.716200004068537	0.294940508683507
292	0.716117312873584	0.294763440606595
293	0.716034899094275	0.29458697663869
294	0.715952760870945	0.294411112671676
295	0.715870896362619	0.294235844639202
296	0.715789303746767	0.294061168516113
297	0.715707981219059	0.293887080317901
298	0.715626926993116	0.293713576100153
299	0.715546139300282	0.29354065195802
300	0.715465616389379	0.293368304025689
301	0.715385356526488	0.293196528475862
302	0.715305357994714	0.293025321519247
303	0.715225619093967	0.292854679404058
304	0.715146138140743	0.292684598415519
305	0.715066913467908	0.292515074875383
306	0.714987943424486	0.292346105141448
307	0.71490922637545	0.292177685607094
308	0.714830760701518	0.292009812700819
309	0.71475254479895	0.291842482885783
310	0.71467457707935	0.291675692659362
311	0.71459685596947	0.291509438552707
312	0.714519379911019	0.291343717130315
313	0.71444214736047	0.291178524989597
314	0.714365156788879	0.291013858760465
315	0.714288406681698	0.290849715104913
316	0.714211895538593	0.290686090716617
317	0.714135621873272	0.290522982320533
318	0.714059584213303	0.290360386672502
319	0.713983781099949	0.290198300558864
320	0.713908211087993	0.29003672079608
321	0.713832872745571	0.289875644230351
322	0.713757764654013	0.289715067737252
323	0.713682885407676	0.289554988221371
324	0.713608233613785	0.289395402615944
325	0.713533807892281	0.28923630788251
326	0.713459606875659	0.289077701010557
327	0.713385629208821	0.288919579017186
328	0.713311873548927	0.288761938946771
329	0.713238338565242	0.288604777870629
330	0.713165022938995	0.288448092886692
331	0.713091925363235	0.288291881119187
332	0.713019044542688	0.288136139718318
333	0.712946379193621	0.287980865859956
334	0.712873928043703	0.287826056745331
335	0.71280168983187	0.287671709600725
336	0.712729663308193	0.287517821677182
337	0.712657847233748	0.287364390250208
338	0.712586240380484	0.287211412619483
339	0.712514841531097	0.287058886108577
340	0.712443649478908	0.286906808064668
341	0.712372663027735	0.286755175858265
342	0.712301880991773	0.286603986882937
343	0.712231302195475	0.286453238555041
344	0.712160925473432	0.28630292831346
345	0.71209074967026	0.286153053619341
346	0.712020773640479	0.286003611955836
347	0.711950996248408	0.285854600827853
348	0.711881416368045	0.2857060177618
349	0.711812032882964	0.285557860305342
350	0.711742844686202	0.285410126027159
351	0.711673850680154	0.285262812516704
352	0.711605049776468	0.28511591738397
353	0.71153644089594	0.284969438259253
354	0.711468022968413	0.284823372792929
355	0.711399794932673	0.284677718655219
356	0.711331755736354	0.284532473535977
357	0.711263904335836	0.284387635144459
358	0.711196239696149	0.284243201209116
359	0.711128760790878	0.284099169477373
360	0.71106146660207	0.283955537715421
361	0.710994356120139	0.28381230370801
362	0.710927428343774	0.283669465258244
363	0.710860682279851	0.283527020187376
364	0.710794116943342	0.283384966334611
365	0.71072773135723	0.28324330155691
366	0.710661524552416	0.283102023728794
367	0.710595495567642	0.282961130742153
368	0.710529643449397	0.282820620506059
369	0.710463967251842	0.282680490946578
370	0.710398466036724	0.282540740006586
371	0.710333138873295	0.282401365645591
372	0.710267984838232	0.282262365839549
373	0.710203003015561	0.282123738580692
374	0.710138192496574	0.281985481877354
375	0.710073552379755	0.281847593753796
376	0.710009081770706	0.281710072250039
377	0.709944779782069	0.281572915421696
378	0.709880645533453	0.281436121339808
379	0.709816678151362	0.28129968809068
380	0.709752876769122	0.281163613775721
381	0.709689240526811	0.281027896511286
382	0.709625768571189	0.280892534428518
383	0.709562460055628	0.280757525673196
384	0.709499314140042	0.280622868405579
385	0.709436329990826	0.28048856080026
386	0.709373506780781	0.280354601046013
387	0.709310843689054	0.280220987345651
388	0.709248339901073	0.280087717915877
389	0.709185994608479	0.279954790987145
390	0.709123807009067	0.279822204803516
391	0.709061776306723	0.27968995762252
392	0.708999901711359	0.27955804771502
393	0.708938182438856	0.279426473365072
394	0.708876617711004	0.279295232869798
395	0.708815206755438	0.279164324539248
396	0.708753948805586	0.279033746696269
397	0.708692843100606	0.278903497676383
398	0.708631888885331	0.278773575827651
399	0.708571085410214	0.278643979510553
400	0.708510431931268	0.278514707097862
401	0.708449927710016	0.278385756974521
402	0.708389572013433	0.278257127537525
403	0.708329364113895	0.278128817195795
404	0.708269303289125	0.278000824370066
405	0.708209388822137	0.277873147492769
406	0.708149620001192	0.277745785007913
407	0.708089996119741	0.277618735370976
408	0.708030516476375	0.277491997048786
409	0.707971180374778	0.277365568519418
410	0.707911987123676	0.277239448272077
411	0.707852936036786	0.277113634806994
412	0.707794026432774	0.276988126635318
413	0.707735257635201	0.276862922279011
414	0.70767662897248	0.276738020270741
415	0.70761813977783	0.276613419153782
416	0.707559789389227	0.276489117481909
417	0.70750157714936	0.2763651138193
418	0.70744350240559	0.276241406740435
419	0.707385564509899	0.276117994829998
420	0.707327762818852	0.275994876682781
421	0.707270096693552	0.275872050903584
422	0.707212565499596	0.275749516107127
423	0.707155168607036	0.275627270917948
424	0.707097905390333	0.275505313970319
425	0.707040775228321	0.275383643908145
426	0.706983777504161	0.275262259384883
427	0.706926911605305	0.275141159063447
428	0.706870176923453	0.275020341616119
429	0.706813572854518	0.274899805724465
430	0.706757098798582	0.274779550079247
431	0.706700754159862	0.274659573380337
432	0.706644538346668	0.274539874336636
433	0.706588450771369	0.274420451665984
434	0.706532490850356	0.274301304095086
435	0.706476658004002	0.274182430359422
436	0.706420951656627	0.274063829203174
437	0.706365371236466	0.273945499379142
438	0.706309916175627	0.273827439648666
439	0.706254585910061	0.273709648781549
440	0.706199379879527	0.27359212555598
441	0.706144297527555	0.273474868758456
442	0.706089338301414	0.273357877183711
443	0.706034501652078	0.273241149634638
444	0.705979787034194	0.273124684922216
445	0.705925193906048	0.273008481865439
446	0.705870721729533	0.272892539291242
447	0.705816369970117	0.272776856034432
448	0.705762138096811	0.272661430937616
449	0.70570802558214	0.272546262851133
450	0.705654031902108	0.272431350632985
451	0.705600156536169	0.272316693148768
452	0.705546398967201	0.272202289271605
453	0.705492758681469	0.272088137882081
454	0.705439235168599	0.271974237868175
455	0.70538582792155	0.271860588125198
456	0.705332536436582	0.271747187555726
457	0.705279360213229	0.271634035069537
458	0.705226298754271	0.27152112958355
459	0.705173351565705	0.27140847002176
460	0.705120518156717	0.271296055315178
461	0.705067798039656	0.271183884401771
462	0.705015190730007	0.2710719562264
463	0.704962695746361	0.27096026974076
464	0.704910312610391	0.270848823903325
465	0.704858040846828	0.270737617679284
466	0.704805879983428	0.270626650040489
467	0.704753829550954	0.270515919965393
468	0.704701889083146	0.270405426438998
469	0.704650058116697	0.270295168452796
470	0.704598336191227	0.270185145004714
471	0.704546722849262	0.270075355099062
472	0.704495217636203	0.269965797746476
473	0.70444382010031	0.269856471963866
474	0.704392529792671	0.269747376774363
475	0.704341346267182	0.269638511207265
476	0.704290269080523	0.269529874297987
477	0.704239297792136	0.269421465088012
478	0.704188431964199	0.269313282624832
479	0.704137671161606	0.269205325961909
480	0.704087014951944	0.269097594158616
481	0.704036462905469	0.268990086280192
482	0.703986014595087	0.268882801397693
483	0.70393566959633	0.268775738587945
484	0.703885427487336	0.268668896933492
485	0.703835287848827	0.268562275522554
486	0.703785250264087	0.268455873448977
487	0.703735314318942	0.26834968981219
488	0.70368547960174	0.268243723717153
489	0.703635745703329	0.268137974274319
490	0.703586112217038	0.268032440599585
491	0.703536578738658	0.26792712181425
492	0.703487144866418	0.267822017044968
493	0.703437810200969	0.267717125423707
494	0.703388574345366	0.267612446087704
495	0.703339436905043	0.267507978179427
496	0.703290397487799	0.267403720846528
497	0.703241455703777	0.2672996732418
498	0.703192611165447	0.267195834523143
499	0.703143863487584	0.267092203853517
500	0.703095212287254	0.266988780400902
501	0.703046657183794	0.26688556333826
502	0.702998197798791	0.266782551843495
503	0.702949833756072	0.266679745099413
504	0.702901564681676	0.266577142293681
505	0.702853390203847	0.266474742618794
506	0.702805309953009	0.266372545272032
507	0.702757323561753	0.266270549455424
508	0.702709430664818	0.266168754375709
509	0.702661630899075	0.266067159244304
510	0.702613923903513	0.26596576327726
511	0.702566309319217	0.265864565695232
512	0.702518786789356	0.265763565723439
513	0.702471355959167	0.265662762591631
514	0.702424016475935	0.265562155534051
515	0.702376767988984	0.265461743789405
516	0.702329610149653	0.265361526600821
517	0.702282542611287	0.265261503215819
518	0.702235565029221	0.265161672886277
519	0.70218867706076	0.265062034868396
520	0.70214187836517	0.264962588422667
521	0.702095168603659	0.264863332813839
522	0.702048547439363	0.264764267310884
523	0.702002014537333	0.264665391186969
524	0.70195556956452	0.264566703719419
525	0.701909212189759	0.26446820418969
526	0.701862942083755	0.264369891883333
527	0.701816758919072	0.264271766089967
528	0.701770662370115	0.264173826103245
529	0.70172465211312	0.264076071220827
530	0.701678727826135	0.263978500744347
531	0.701632889189013	0.263881113979381
532	0.701587135883394	0.263783910235424
533	0.701541467592692	0.263686888825856
534	0.701495884002085	0.263590049067911
535	0.701450384798498	0.263493390282653
536	0.701404969670593	0.263396911794946
537	0.701359638308753	0.263300612933423
538	0.701314390405073	0.263204493030462
539	0.701269225653345	0.263108551422154
540	0.701224143749047	0.263012787448278
541	0.701179144389329	0.262917200452276
542	0.701134227273002	0.26282178978122
543	0.701089392100524	0.262726554785791
544	0.701044638573992	0.262631494820248
545	0.700999966397125	0.262536609242406
546	0.700955375275256	0.262441897413606
547	0.70091086491532	0.262347358698693
548	0.700866435025839	0.262252992465986
549	0.700822085316914	0.262158798087258
550	0.700777815500214	0.262064774937705
551	0.70073362528896	0.261970922395926
552	0.70068951439792	0.261877239843897
553	0.700645482543395	0.261783726666945
554	0.700601529443205	0.261690382253724
555	0.700557654816684	0.261597205996195
556	0.700513858384665	0.261504197289597
557	0.700470139869471	0.261411355532425
558	0.700426498994905	0.261318680126408
559	0.700382935486237	0.261226170476486
560	0.700339449070196	0.261133825990787
561	0.700296039474958	0.261041646080599
562	0.700252706430138	0.260949630160358
563	0.700209449666777	0.260857777647615
564	0.700166268917335	0.260766087963021
565	0.700123163915678	0.260674560530302
566	0.70008013439707	0.260583194776237
567	0.700037180098164	0.260491990130638
568	0.699994300756989	0.26040094602633
569	0.699951496112944	0.260310061899124
570	0.699908765906787	0.260219337187802
571	0.699866109880625	0.260128771334095
572	0.699823527777906	0.260038363782659
573	0.699781019343406	0.25994811398106
574	0.699738584323228	0.259858021379747
575	0.699696222464782	0.259768085432039
576	0.699653933516785	0.2596783055941
577	0.699611717229248	0.259588681324922
578	0.699569573353466	0.259499212086305
579	0.699527501642014	0.259409897342834
580	0.699485501848731	0.259320736561866
581	0.699443573728719	0.259231729213508
582	0.69940171703833	0.259142874770595
583	0.699359931535157	0.259054172708677
584	0.699318216978028	0.258965622505996
585	0.699276573126996	0.25887722364347
586	0.699234999743331	0.258788975604674
587	0.699193496589515	0.258700877875821
588	0.699152063429226	0.258612929945746
589	0.699110700027338	0.258525131305886
590	0.699069406149909	0.258437481450264
591	0.699028181564174	0.258349979875471
592	0.698987026038535	0.258262626080648
593	0.698945939342558	0.258175419567471
594	0.698904921246961	0.25808835984013
595	0.698863971523607	0.258001446405317
596	0.698823089945497	0.257914678772204
597	0.698782276286764	0.257828056452431
598	0.698741530322662	0.257741578960086
599	0.698700851829561	0.257655245811693
600	0.69866024058494	0.25756905652619
601	0.698619696367379	0.257483010624916
602	0.698579218956548	0.257397107631597
603	0.698538808133208	0.257311347072327
604	0.698498463679197	0.257225728475552
605	0.698458185377425	0.257140251372059
606	0.698417973011866	0.257054915294955
607	0.698377826367555	0.256969719779654
608	0.698337745230576	0.256884664363864
609	0.698297729388059	0.256799748587568
610	0.698257778628168	0.256714971993012
611	0.698217892740102	0.256630334124689
612	0.698178071514083	0.256545834529323
613	0.698138314741348	0.256461472755859
614	0.698098622214149	0.256377248355443
615	0.698058993725738	0.25629316088141
616	0.698019429070369	0.256209209889272
617	0.697979928043285	0.256125394936701
618	0.697940490440714	0.256041715583514
619	0.697901116059864	0.255958171391664
620	0.697861804698916	0.255874761925221
621	0.697822556157015	0.255791486750362
622	0.697783370234269	0.255708345435354
623	0.697744246731737	0.255625337550544
624	0.697705185451429	0.255542462668346
625	0.697666186196296	0.255459720363223
626	0.697627248770222	0.255377110211679
627	0.697588372978026	0.255294631792242
628	0.697549558625448	0.255212284685455
629	0.697510805519147	0.255130068473861
630	0.697472113466695	0.25504798274199
631	0.697433482276571	0.254966027076346
632	0.697394911758152	0.254884201065398
633	0.697356401721716	0.254802504299563
634	0.697317951978427	0.254720936371196
635	0.697279562340334	0.254639496874578
636	0.697241232620364	0.254558185405904
637	0.69720296263232	0.254477001563268
638	0.69716475219087	0.254395944946658
639	0.697126601111546	0.254315015157935
640	0.697088509210737	0.254234211800829
641	0.697050476305683	0.254153534480922
642	0.697012502214472	0.254072982805642
643	0.696974586756031	0.253992556384244
644	0.696936729750126	0.253912254827807
645	0.696898931017352	0.253832077749217
646	0.69686119037913	0.253752024763156
647	0.696823507657703	0.253672095486095
648	0.696785882676128	0.253592289536278
649	0.696748315258275	0.253512606533715
650	0.696710805228818	0.253433046100169
651	0.696673352413232	0.253353607859145
652	0.69663595663779	0.253274291435882
653	0.696598617729554	0.253195096457337
654	0.696561335516373	0.253116022552182
655	0.696524109826879	0.253037069350787
656	0.696486940490478	0.252958236485212
657	0.696449827337352	0.252879523589198
658	0.696412770198447	0.252800930298155
659	0.696375768905474	0.252722456249152
660	0.696338823290903	0.252644101080909
661	0.696301933187955	0.252565864433784
662	0.696265098430602	0.252487745949764
663	0.696228318853562	0.252409745272458
664	0.69619159429229	0.252331862047082
665	0.696154924582981	0.252254095920456
666	0.696118309562558	0.252176446540987
667	0.696081749068673	0.252098913558664
668	0.696045242939701	0.25202149662505
669	0.696008791014734	0.251944195393268
670	0.69597239313358	0.251867009517993
671	0.695936049136755	0.251789938655447
672	0.695899758865484	0.251712982463384
673	0.695863522161691	0.251636140601084
674	0.695827338867999	0.251559412729343
675	0.695791208827723	0.251482798510464
676	0.695755131884869	0.251406297608251
677	0.695719107884128	0.251329909687994
678	0.695683136670872	0.251253634416466
679	0.695647218091149	0.251177471461912
680	0.695611351991684	0.251101420494039
681	0.695575538219867	0.251025481184009
682	0.695539776623758	0.250949653204433
683	0.695504067052075	0.250873936229356
684	0.695468409354196	0.250798329934255
685	0.695432803380152	0.250722833996026
686	0.695397248980625	0.250647448092981
687	0.695361746006944	0.250572171904833
688	0.69532629431108	0.250497005112693
689	0.695290893745642	0.25042194739906
690	0.695255544163876	0.250346998447815
691	0.695220245419659	0.250272157944207
692	0.695184997367497	0.250197425574854
693	0.695149799862519	0.250122801027727
694	0.695114652760476	0.250048283992149
695	0.695079555917737	0.249973874158779
696	0.695044509191284	0.249899571219614
697	0.695009512438708	0.249825374867974
698	0.69497456551821	0.249751284798496
699	0.694939668288592	0.249677300707131
700	0.694904820609258	0.24960342229113
701	0.694870022340206	0.249529649249039
702	0.694835273342029	0.249455981280693
703	0.694800573475911	0.24938241808721
704	0.694765922603619	0.249308959370977
705	0.694731320587508	0.249235604835651
706	0.694696767290509	0.249162354186146
707	0.694662262576131	0.249089207128629
708	0.694627806308458	0.249016163370511
709	0.694593398352143	0.248943222620442
710	0.694559038572405	0.248870384588301
711	0.694524726835029	0.248797648985193
712	0.694490463006359	0.248725015523438
713	0.694456246953299	0.24865248391657
714	0.694422078543305	0.248580053879321
715	0.694387957644386	0.248507725127624
716	0.694353884125099	0.248435497378601
717	0.694319857854546	0.248363370350557
718	0.694285878702373	0.248291343762973
719	0.694251946538763	0.248219417336503
720	0.694218061234437	0.248147590792961
721	0.694184222660649	0.248075863855321
722	0.694150430689184	0.248004236247708
723	0.694116685192353	0.24793270769539
724	0.694082986042994	0.247861277924774
725	0.694049333114465	0.2477899466634
726	0.694015726280644	0.247718713639931
727	0.693982165415925	0.247647578584152
728	0.693948650395214	0.24757654122696
729	0.69391518109393	0.247505601300361
730	0.693881757387998	0.24743475853746
731	0.693848379153848	0.247364012672458
732	0.693815046268413	0.247293363440646
733	0.693781758609124	0.247222810578397
734	0.693748516053912	0.247152353823162
735	0.6937153184812	0.247081992913463
736	0.693682165769901	0.247011727588889
737	0.693649057799419	0.246941557590087
738	0.693615994449644	0.24687148265876
739	0.69358297560095	0.246801502537657
740	0.69355000113419	0.246731616970572
741	0.693517070930697	0.246661825702336
742	0.69348418487228	0.246592128478809
743	0.69345134284122	0.24652252504688
744	0.69341854472027	0.246453015154458
745	0.693385790392651	0.246383598550465
746	0.69335307974205	0.246314274984834
747	0.693320412652616	0.246245044208502
748	0.693287789008961	0.246175905973405
749	0.693255208696153	0.246106860032473
750	0.693222671599717	0.246037906139622
751	0.693190177605633	0.245969044049752
752	0.69315772660033	0.245900273518742
753	0.693125318470688	0.245831594303442
754	0.69309295310403	0.24576300616167
755	0.693060630388126	0.245694508852204
756	0.693028350211188	0.245626102134783
757	0.692996112461865	0.245557785770095
758	0.692963917029245	0.245489559519776
759	0.69293176380285	0.245421423146403
760	0.692899652672635	0.245353376413493
761	0.692867583528985	0.245285419085492
762	0.692835556262713	0.245217550927774
763	0.692803570765059	0.245149771706637
764	0.692771626927685	0.245082081189294
765	0.692739724642675	0.245014479143873
766	0.692707863802532	0.244946965339408
767	0.692676044300177	0.244879539545838
768	0.692644266028946	0.244812201534001
769	0.692612528882585	0.244744951075626
770	0.692580832755254	0.244677787943334
771	0.692549177541519	0.244610711910629
772	0.692517563136355	0.244543722751896
773	0.69248598943514	0.244476820242395
774	0.692454456333653	0.244410004158258
775	0.692422963728075	0.244343274276481
776	0.692391511514984	0.244276630374925
777	0.692360099591355	0.244210072232306
778	0.692328727854557	0.244143599628196
779	0.69229739620235	0.244077212343012
780	0.692266104532885	0.244010910158019
781	0.692234852744702	0.24394469285532
782	0.692203640736725	0.243878560217855
783	0.692172468408263	0.243812512029395
784	0.692141335659008	0.243746548074537
785	0.692110242389032	0.243680668138703
786	0.692079188498784	0.243614872008134
787	0.692048173889091	0.243549159469885
788	0.692017198461155	0.24348353031182
789	0.691986262116549	0.243417984322613
790	0.691955364757217	0.243352521291737
791	0.691924506285473	0.243287141009465
792	0.691893686603998	0.243221843266864
793	0.691862905615837	0.243156627855793
794	0.6918321632244	0.243091494568894
795	0.691801459333457	0.243026443199593
796	0.69177079384714	0.242961473542096
797	0.691740166669935	0.242896585391382
798	0.69170957770669	0.242831778543199
799	0.691679026862602	0.242767052794065
800	0.691648514043223	0.242702407941259
801	0.691618039154458	0.242637843782819
802	0.691587602102557	0.242573360117541
803	0.69155720279412	0.242508956744969
804	0.691526841136093	0.242444633465396
805	0.691496517035765	0.242380390079861
806	0.691466230400767	0.242316226390142
807	0.691435981139073	0.242252142198754
808	0.691405769158994	0.242188137308943
809	0.691375594369177	0.242124211524689
810	0.691345456678609	0.242060364650695
811	0.691315355996607	0.241996596492385
812	0.691285292232821	0.241932906855906
813	0.691255265297235	0.241869295548116
814	0.691225275100158	0.241805762376587
815	0.691195321552228	0.241742307149599
816	0.691165404564411	0.241678929676137
817	0.691135524047994	0.241615629765885
818	0.69110567991459	0.241552407229229
819	0.69107587207613	0.241489261877246
820	0.691046100444868	0.241426193521705
821	0.691016364933374	0.241363201975064
822	0.690986665454534	0.241300287050464
823	0.690957001921552	0.241237448561726
824	0.690927374247942	0.241174686323352
825	0.690897782347533	0.241112000150516
826	0.690868226134462	0.241049389859064
827	0.690838705523178	0.24098685526551
828	0.690809220428435	0.240924396187031
829	0.690779770765293	0.240862012441469
830	0.690750356449119	0.24079970384732
831	0.690720977395582	0.24073747022374
832	0.690691633520651	0.240675311390533
833	0.690662324740598	0.240613227168154
834	0.690633050971992	0.240551217377702
835	0.6906038121317	0.240489281840921
836	0.690574608136886	0.240427420380192
837	0.690545438905006	0.240365632818536
838	0.690516304353812	0.240303918979604
839	0.690487204401346	0.240242278687679
840	0.690458138965942	0.240180711767672
841	0.690429107966222	0.240119218045117
842	0.690400111321095	0.240057797346171
843	0.690371148949759	0.23999644949761
844	0.690342220771693	0.239935174326822
845	0.690313326706664	0.239873971661813
846	0.690284466674717	0.239812841331195
847	0.690255640596183	0.239751783164189
848	0.690226848391668	0.239690796990618
849	0.690198089982058	0.239629882640908
850	0.690169365288518	0.239569039946084
851	0.690140674232487	0.239508268737764
852	0.690112016735677	0.239447568848162
853	0.690083392720076	0.239386940110079
854	0.690054802107944	0.239326382356906
855	0.690026244821808	0.239265895422616
856	0.689997720784469	0.239205479141766
857	0.689969229918994	0.239145133349491
858	0.689940772148716	0.239084857881501
859	0.689912347397236	0.239024652574083
860	0.689883955588417	0.238964517264093
861	0.689855596646387	0.238904451788955
862	0.689827270495537	0.238844455986659
863	0.689798977060515	0.238784529695758
864	0.689770716266233	0.238724672755368
865	0.689742488037858	0.238664885005159
866	0.689714292300817	0.238605166285359
867	0.689686128980791	0.238545516436748
868	0.689657998003717	0.238485935300656
869	0.689629899295785	0.238426422718961
870	0.689601832783439	0.238366978534086
871	0.689573798393373	0.238307602588996
872	0.689545796052532	0.238248294727198
873	0.68951782568811	0.238189054792736
874	0.689489887227548	0.238129882630188
875	0.689461980598535	0.238070778084666
876	0.689434105729007	0.238011741001812
877	0.689406262547141	0.237952771227796
878	0.689378450981362	0.237893868609314
879	0.689350670960334	0.237835032993585
880	0.689322922412963	0.237776264228347
881	0.689295205268398	0.23771756216186
882	0.689267519456023	0.237658926642897
883	0.689239864905462	0.237600357520746
884	0.689212241546578	0.237541854645206
885	0.689184649309467	0.237483417866585
886	0.68915708812446	0.237425047035698
887	0.689129557922125	0.237366742003866
888	0.689102058633259	0.237308502622909
889	0.689074590188893	0.23725032874515
890	0.689047152520289	0.237192220223408
891	0.689019745558937	0.237134176910998
892	0.688992369236557	0.237076198661729
893	0.688965023485095	0.237018285329899
894	0.688937708236727	0.236960436770297
895	0.688910423423851	0.236902652838198
896	0.688883168979092	0.236844933389362
897	0.688855944835298	0.236787278280029
898	0.688828750925539	0.236729687366923
899	0.688801587183107	0.236672160507242
900	0.688774453541515	0.236614697558664
901	0.688747349934496	0.236557298379338
902	0.688720276296002	0.236499962827886
903	0.688693232560201	0.236442690763398
904	0.688666218661479	0.236385482045433
905	0.688639234534439	0.236328336534017
906	0.688612280113896	0.236271254089636
907	0.688585355334883	0.236214234573239
908	0.688558460132643	0.236157277846235
909	0.688531594442632	0.23610038377049
910	0.688504758200517	0.236043552208325
911	0.688477951342176	0.235986783022515
912	0.688451173803695	0.235930076076285
913	0.68842442552137	0.23587343123331
914	0.688397706431704	0.235816848357713
915	0.688371016471406	0.235760327314062
916	0.688344355577392	0.235703867967369
917	0.688317723686782	0.235647470183087
918	0.688291120736899	0.235591133827108
919	0.688264546665272	0.235534858765762
920	0.688238001409628	0.235478644865818
921	0.688211484907901	0.235422491994473
922	0.688184997098219	0.235366400019362
923	0.688158537918915	0.235310368808546
924	0.688132107308517	0.235254398230516
925	0.688105705205754	0.235198488154189
926	0.688079331549549	0.235142638448908
927	0.688052986279024	0.235086848984436
928	0.688026669333495	0.235031119630961
929	0.688000380652472	0.234975450259085
930	0.687974120175659	0.234919840739833
931	0.687947887842954	0.23486429094464
932	0.687921683594446	0.23480880074536
933	0.687895507370415	0.234753370014255
934	0.687869359111333	0.234697998623999
935	0.687843238757859	0.234642686447674
936	0.687817146250843	0.23458743335877
937	0.687791081531322	0.234532239231181
938	0.68776504454052	0.234477103939203
939	0.68773903521985	0.234422027357535
940	0.687713053510906	0.234367009361277
941	0.687687099355471	0.234312049825925
942	0.687661172695509	0.234257148627372
943	0.68763527347317	0.234202305641907
944	0.687609401630784	0.23414752074621
945	0.687583557110865	0.234092793817354
946	0.687557739856106	0.234038124732802
947	0.687531949809382	0.233983513370405
948	0.687506186913746	0.233928959608399
949	0.68748045111243	0.233874463325406
950	0.687454742348846	0.233820024400431
951	0.687429060566579	0.233765642712862
952	0.687403405709394	0.233711318142465
953	0.687377777721232	0.233657050569385
954	0.687352176546206	0.233602839874146
955	0.687326602128605	0.233548685937643
956	0.687301054412893	0.233494588641149
957	0.687275533343705	0.233440547866307
958	0.687250038865847	0.23338656349513
959	0.6872245709243	0.233332635410002
960	0.687199129464213	0.233278763493673
961	0.687173714430905	0.233224947629259
962	0.687148325769865	0.233171187700243
963	0.687122963426751	0.233117483590466
964	0.687097627347389	0.233063835184135
965	0.68707231747777	0.233010242365816
966	0.687047033764055	0.232956705020431
967	0.687021776152567	0.232903223033261
968	0.686996544589798	0.232849796289944
969	0.686971339022402	0.232796424676468
970	0.686946159397196	0.232743108079176
971	0.686921005661164	0.232689846384763
972	0.686895877761448	0.232636639480273
973	0.686870775645355	0.232583487253096
974	0.686845699260351	0.232530389590972
975	0.686820648554065	0.232477346381984
976	0.686795623474282	0.23242435751456
977	0.68677062396895	0.232371422877472
978	0.686745649986174	0.23231854235983
979	0.686720701474216	0.232265715851087
980	0.686695778381497	0.232212943241031
981	0.686670880656594	0.23216022441979
982	0.686646008248238	0.232107559277827
983	0.686621161105318	0.232054947705937
984	0.686596339176877	0.232002389595251
985	0.686571542412112	0.231949884837229
986	0.686546770760372	0.231897433323663
987	0.686522024171162	0.231845034946674
988	0.686497302594137	0.231792689598708
989	0.686472605979103	0.23174039717254
990	0.686447934276019	0.23168815756127
991	0.686423287434993	0.231635970658318
992	0.686398665406284	0.23158383635743
993	0.686374068140298	0.231531754552672
994	0.686349495587593	0.231479725138429
995	0.686324947698873	0.231427748009405
996	0.686300424424988	0.23137582306062
997	0.686275925716937	0.231323950187412
998	0.686251451525866	0.231272129285431
999	0.686227001803064	0.231220360250643
1000	0.686202576499967	0.231168642979324
1001	0.686178175568154	0.231116977368062
