1	0.0194928949301528	0.0194928949301528
2	0.0252728127281535	0.0252728127281535
3	0.0283667998424886	0.0283667998424886
4	0.0303532077229995	0.0303532077229995
5	0.031758510735752	0.031758510735752
6	0.0328161419930999	0.0328161419930999
7	0.0336473354586192	0.0336473354586192
8	0.0343219202468311	0.0343219202468311
9	0.0348832034431764	0.0348832034431764
10	0.0353595857168206	0.0353595857168206
11	0.0357705265736094	0.0357705265736094
12	0.0361298398045646	0.0361298398045646
13	0.0364476225663016	0.0364476225663016
14	0.0367314392152921	0.0367314392152921
15	0.036987076931423	0.036987076931423
16	0.0372190443495325	0.0372190443495325
17	0.0374309101468304	0.0374309101468304
18	0.0376255387372646	0.0376255387372646
19	0.0378052579558418	0.0378052579558418
20	0.0379719806804412	0.0379719806804412
21	0.038127294574263	0.038127294574263
22	0.0382725293348172	0.0382725293348172
23	0.0384088077941377	0.0384088077941377
24	0.0385370852419556	0.0385370852419556
25	0.0386581800367594	0.0386581800367594
26	0.0387727976876232	0.0387727976876232
27	0.0388815499840397	0.0388815499840397
28	0.0389849703285449	0.0389849703285449
29	0.0390835261279797	0.0390835261279797
30	0.0391776288848523	0.0391776288848523
31	0.0392676424746304	0.0392676424746304
32	0.0393538899804982	0.0393538899804982
33	0.0394366593722908	0.0394366593722908
34	0.0395162082527369	0.0395162082527369
35	0.0395927678460396	0.0395927678460396
36	0.0396665463671137	0.0396665463671137
37	0.0397377318815581	0.0397377318815581
38	0.0398064947445387	0.0398064947445387
39	0.0398729896896603	0.0398729896896603
40	0.0399373576254562	0.0399373576254562
41	0.039999727186481	0.039999727186481
42	0.04006021607752	0.04006021607752
43	0.04011893224264	0.04011893224264
44	0.040175974885338	0.040175974885338
45	0.0402314353616232	0.0402314353616232
46	0.0402853979642612	0.0402853979642612
47	0.0403379406134695	0.0403379406134695
48	0.0403891354669334	0.0403891354669334
49	0.0404390494600167	0.0404390494600167
50	0.0404877447853902	0.0404877447853902
51	0.0405352793199265	0.0405352793199265
52	0.0405817070055623	0.0405817070055623
53	0.0406270781898684	0.0406270781898684
54	0.0406714399312593	0.0406714399312593
55	0.0407148362730922	0.0407148362730922
56	0.0407573084903293	0.0407573084903293
57	0.0407988953119429	0.0407988953119429
58	0.0408396331218324	0.0408396331218324
59	0.0408795561406577	0.0408795561406577
60	0.0409186965906944	0.0409186965906944
61	0.0409570848455504	0.0409570848455504
62	0.0409947495663582	0.0409947495663582
63	0.0410317178258625	0.0410317178258625
64	0.0410680152216541	0.0410680152216541
65	0.0411036659796531	0.0411036659796531
66	0.0411386930488193	0.0411386930488193
67	0.0411731181879543	0.0411731181879543
68	0.0412069620453652	0.0412069620453652
69	0.0412402442320724	0.0412402442320724
70	0.0412729833891728	0.0412729833891728
71	0.0413051972499002	0.0413051972499002
72	0.0413369026968719	0.0413369026968719
73	0.0413681158149551	0.0413681158149551
74	0.041398851940146	0.041398851940146
75	0.0414291257048109	0.0414291257048109
76	0.0414589510796074	0.0414589510796074
77	0.0414883414123682	0.0414883414123682
78	0.0415173094642071	0.0415173094642071
79	0.0415458674430772	0.0415458674430772
80	0.0415740270349923	0.0415740270349923
81	0.0416017994331023	0.0416017994331023
82	0.0416291953647945	0.0416291953647945
83	0.0416562251169782	0.0416562251169782
84	0.0416828985596953	0.0416828985596953
85	0.0417092251681857	0.0417092251681857
86	0.041735214043528	0.041735214043528
87	0.0417608739319612	0.0417608739319612
88	0.0417862132429873	0.0417862132429873
89	0.0418112400663459	0.0418112400663459
90	0.0418359621879407	0.0418359621879407
91	0.041860387104797	0.041860387104797
92	0.0418845220391169	0.0418845220391169
93	0.0419083739514975	0.0419083739514975
94	0.0419319495533704	0.0419319495533704
95	0.0419552553187159	0.0419552553187159
96	0.0419782974951024	0.0419782974951024
97	0.0420010821140961	0.0420010821140961
98	0.0420236150010836	0.0420236150010836
99	0.0420459017845461	0.0420459017845461
100	0.0420679479048215	0.0420679479048215
101	0.0420897586223873	0.0420897586223873
102	0.0421113390256959	0.0421113390256959
103	0.0421326940385899	0.0421326940385899
104	0.0421538284273244	0.0421538284273244
105	0.0421747468072208	0.0421747468072208
106	0.0421954536489752	0.0421954536489752
107	0.0422159532846419	0.0422159532846419
108	0.0422362499133117	0.0422362499133117
109	0.0422563476065048	0.0422563476065048
110	0.0422762503132932	0.0422762503132932
111	0.0422959618651699	0.0422959618651699
112	0.0423154859806794	0.0423154859806794
113	0.0423348262698234	0.0423348262698234
114	0.0423539862382541	0.0423539862382541
115	0.0423729692912678	0.0423729692912678
116	0.04239177873761	0.04239177873761
117	0.0424104177931021	0.0424104177931021
118	0.0424288895840996	0.0424288895840996
119	0.0424471971507918	0.0424471971507918
120	0.0424653434503508	0.0424653434503508
121	0.042483331359938	0.042483331359938
122	0.0425011636795766	0.0425011636795766
123	0.0425188431348956	0.0425188431348956
124	0.0425363723797541	0.0425363723797541
125	0.04255375399875	0.04255375399875
126	0.042570990509621	0.042570990509621
127	0.0425880843655418	0.0425880843655418
128	0.042605037957324	0.042605037957324
129	0.0426218536155233	0.0426218536155233
130	0.0426385336124577	0.0426385336124577
131	0.0426550801641426	0.0426550801641426
132	0.0426714954321463	0.0426714954321463
133	0.0426877815253687	0.0426877815253687
134	0.0427039405017492	0.0427039405017492
135	0.0427199743699049	0.0427199743699049
136	0.0427358850907037	0.0427358850907037
137	0.0427516745787759	0.0427516745787759
138	0.0427673447039647	0.0427673447039647
139	0.0427828972927223	0.0427828972927223
140	0.04279833412945	0.04279833412945
141	0.0428136569577883	0.0428136569577883
142	0.0428288674818573	0.0428288674818573
143	0.0428439673674496	0.0428439673674496
144	0.0428589582431797	0.0428589582431797
145	0.0428738417015897	0.0428738417015897
146	0.0428886193002139	0.0428886193002139
147	0.0429032925626052	0.0429032925626052
148	0.0429178629793234	0.0429178629793234
149	0.0429323320088877	0.0429323320088877
150	0.0429467010786957	0.0429467010786957
151	0.0429609715859086	0.0429609715859086
152	0.0429751448983058	0.0429751448983058
153	0.0429892223551093	0.0429892223551093
154	0.0430032052677787	0.0430032052677787
155	0.0430170949207799	0.0430170949207799
156	0.0430308925723258	0.0430308925723258
157	0.0430445994550929	0.0430445994550929
158	0.0430582167769128	0.0430582167769128
159	0.0430717457214404	0.0430717457214404
160	0.0430851874488004	0.0430851874488004
161	0.0430985430962115	0.0430985430962115
162	0.0431118137785901	0.0431118137785901
163	0.0431250005891344	0.0431250005891344
164	0.0431381045998894	0.0431381045998894
165	0.0431511268622933	0.0431511268622933
166	0.0431640684077066	0.0431640684077066
167	0.043176930247924	0.043176930247924
168	0.0431897133756704	0.0431897133756704
169	0.0432024187650805	0.0432024187650805
170	0.0432150473721643	0.0432150473721643
171	0.0432276001352575	0.0432276001352575
172	0.0432400779754574	0.0432400779754574
173	0.0432524817970469	0.0432524817970469
174	0.0432648124879037	0.0432648124879037
175	0.0432770709198985	0.0432770709198985
176	0.0432892579492804	0.0432892579492804
177	0.0433013744170507	0.0433013744170507
178	0.0433134211493259	0.0433134211493259
179	0.0433253989576896	0.0433253989576896
180	0.0433373086395341	0.0433373086395341
181	0.043349150978392	0.043349150978392
182	0.0433609267442583	0.0433609267442583
183	0.0433726366939027	0.0433726366939027
184	0.0433842815711732	0.0433842815711732
185	0.0433958621072908	0.0433958621072908
186	0.0434073790211365	0.0434073790211365
187	0.0434188330195289	0.0434188330195289
188	0.043430224797495	0.043430224797495
189	0.0434415550385333	0.0434415550385333
190	0.0434528244148688	0.0434528244148688
191	0.0434640335877021	0.0434640335877021
192	0.0434751832074504	0.0434751832074504
193	0.0434862739139832	0.0434862739139832
194	0.0434973063368504	0.0434973063368504
195	0.0435082810955047	0.0435082810955047
196	0.0435191987995185	0.0435191987995185
197	0.0435300600487937	0.0435300600487937
198	0.0435408654337677	0.0435408654337677
199	0.0435516155356122	0.0435516155356122
200	0.0435623109264277	0.0435623109264277
201	0.0435729521694328	0.0435729521694328
202	0.0435835398191485	0.0435835398191485
203	0.0435940744215775	0.0435940744215775
204	0.0436045565143791	0.0436045565143791
205	0.04361498662704	0.04361498662704
206	0.0436253652810393	0.0436253652810393
207	0.0436356929900115	0.0436356929900115
208	0.0436459702599032	0.0436459702599032
209	0.0436561975891275	0.0436561975891275
210	0.0436663754687135	0.0436663754687135
211	0.0436765043824526	0.0436765043824526
212	0.0436865848070411	0.0436865848070411
213	0.0436966172122191	0.0436966172122191
214	0.043706602060906	0.043706602060906
215	0.0437165398093333	0.0437165398093333
216	0.0437264309071729	0.0437264309071729
217	0.043736275797664	0.043736275797664
218	0.043746074917735	0.043746074917735
219	0.0437558286981247	0.0437558286981247
220	0.0437655375634982	0.0437655375634982
221	0.0437752019325624	0.0437752019325624
222	0.0437848222181767	0.0437848222181767
223	0.0437943988274628	0.0437943988274628
224	0.0438039321619109	0.0438039321619109
225	0.0438134226174837	0.0438134226174837
226	0.0438228705847179	0.0438228705847179
227	0.043832276448824	0.043832276448824
228	0.0438416405897828	0.0438416405897828
229	0.0438509633824404	0.0438509633824404
230	0.0438602451966008	0.0438602451966008
231	0.0438694863971166	0.0438694863971166
232	0.0438786873439773	0.0438786873439773
233	0.0438878483923959	0.0438878483923959
234	0.0438969698928937	0.0438969698928937
235	0.043906052191383	0.043906052191383
236	0.0439150956292475	0.0439150956292475
237	0.0439241005434223	0.0439241005434223
238	0.0439330672664704	0.0439330672664704
239	0.0439419961266592	0.0439419961266592
240	0.0439508874480341	0.0439508874480341
241	0.0439597415504909	0.0439597415504909
242	0.0439685587498472	0.0439685587498472
243	0.0439773393579113	0.0439773393579113
244	0.0439860836825504	0.0439860836825504
245	0.0439947920277568	0.0439947920277568
246	0.0440034646937136	0.0440034646937136
247	0.0440121019768574	0.0440121019768574
248	0.0440207041699417	0.0440207041699417
249	0.0440292715620973	0.0440292715620973
250	0.0440378044388923	0.0440378044388923
251	0.0440463030823909	0.0440463030823909
252	0.0440547677712102	0.0440547677712102
253	0.044063198780577	0.044063198780577
254	0.0440715963823824	0.0440715963823824
255	0.044079960845236	0.044079960845236
256	0.0440882924345187	0.0440882924345187
257	0.0440965914124341	0.0440965914124341
258	0.0441048580380597	0.0441048580380597
259	0.0441130925673963	0.0441130925673963
260	0.0441212952534171	0.0441212952534171
261	0.0441294663461149	0.0441294663461149
262	0.0441376060925493	0.0441376060925493
263	0.0441457147368925	0.0441457147368925
264	0.0441537925204744	0.0441537925204744
265	0.0441618396818264	0.0441618396818264
266	0.0441698564567249	0.0441698564567249
267	0.0441778430782339	0.0441778430782339
268	0.0441857997767462	0.0441857997767462
269	0.0441937267800244	0.0441937267800244
270	0.0442016243132409	0.0442016243132409
271	0.0442094925990173	0.0442094925990173
272	0.0442173318574626	0.0442173318574626
273	0.0442251423062114	0.0442251423062114
274	0.0442329241604605	0.0442329241604605
275	0.0442406776330058	0.0442406776330058
276	0.0442484029342776	0.0442484029342776
277	0.0442561002723757	0.0442561002723757
278	0.044263769853104	0.044263769853104
279	0.0442714118800042	0.0442714118800042
280	0.0442790265543886	0.0442790265543886
281	0.0442866140753731	0.0442866140753731
282	0.0442941746399087	0.0442941746399087
283	0.0443017084428132	0.0443017084428132
284	0.0443092156768018	0.0443092156768018
285	0.0443166965325174	0.0443166965325174
286	0.0443241511985601	0.0443241511985601
287	0.0443315798615166	0.0443315798615166
288	0.0443389827059887	0.0443389827059887
289	0.0443463599146215	0.0443463599146215
290	0.0443537116681309	0.0443537116681309
291	0.0443610381453307	0.0443610381453307
292	0.0443683395231595	0.0443683395231595
293	0.0443756159767067	0.0443756159767067
294	0.0443828676792381	0.0443828676792381
295	0.0443900948022216	0.0443900948022216
296	0.0443972975153517	0.0443972975153517
297	0.044404475986574	0.044404475986574
298	0.044411630382109	0.044411630382109
299	0.0444187608664763	0.0444187608664763
300	0.044425867602517	0.044425867602517
301	0.0444329507514169	0.0444329507514169
302	0.0444400104727291	0.0444400104727291
303	0.0444470469243954	0.0444470469243954
304	0.0444540602627685	0.0444540602627685
305	0.0444610506426332	0.0444610506426332
306	0.0444680182172268	0.0444680182172268
307	0.0444749631382606	0.0444749631382606
308	0.0444818855559392	0.0444818855559392
309	0.044488785618981	0.044488785618981
310	0.0444956634746377	0.0444956634746377
311	0.0445025192687133	0.0445025192687133
312	0.044509353145583	0.044509353145583
313	0.0445161652482124	0.0445161652482124
314	0.044522955718175	0.044522955718175
315	0.0445297246956709	0.0445297246956709
316	0.0445364723195442	0.0445364723195442
317	0.0445431987273003	0.0445431987273003
318	0.0445499040551236	0.0445499040551236
319	0.0445565884378938	0.0445565884378938
320	0.0445632520092028	0.0445632520092028
321	0.0445698949013711	0.0445698949013711
322	0.0445765172454637	0.0445765172454637
323	0.0445831191713062	0.0445831191713062
324	0.0445897008075001	0.0445897008075001
325	0.0445962622814383	0.0445962622814383
326	0.0446028037193201	0.0446028037193201
327	0.0446093252461665	0.0446093252461665
328	0.0446158269858341	0.0446158269858341
329	0.04462230906103	0.04462230906103
330	0.0446287715933259	0.0446287715933259
331	0.044635214703172	0.044635214703172
332	0.044641638509911	0.044641638509911
333	0.0446480431317911	0.0446480431317911
334	0.0446544286859799	0.0446544286859799
335	0.0446607952885772	0.0446607952885772
336	0.044667143054628	0.044667143054628
337	0.0446734720981355	0.0446734720981355
338	0.044679782532073	0.044679782532073
339	0.0446860744683971	0.0446860744683971
340	0.044692348018059	0.044692348018059
341	0.0446986032910174	0.0446986032910174
342	0.0447048403962493	0.0447048403962493
343	0.0447110594417625	0.0447110594417625
344	0.0447172605346067	0.0447172605346067
345	0.0447234437808848	0.0447234437808848
346	0.0447296092857638	0.0447296092857638
347	0.0447357571534864	0.0447357571534864
348	0.044741887487381	0.044741887487381
349	0.044748000389873	0.044748000389873
350	0.044754095962495	0.044754095962495
351	0.0447601743058971	0.0447601743058971
352	0.0447662355198572	0.0447662355198572
353	0.0447722797032909	0.0447722797032909
354	0.0447783069542617	0.0447783069542617
355	0.0447843173699902	0.0447843173699902
356	0.0447903110468646	0.0447903110468646
357	0.044796288080449	0.044796288080449
358	0.0448022485654938	0.0448022485654938
359	0.0448081925959445	0.0448081925959445
360	0.0448141202649505	0.0448141202649505
361	0.0448200316648745	0.0448200316648745
362	0.0448259268873011	0.0448259268873011
363	0.0448318060230456	0.0448318060230456
364	0.0448376691621626	0.0448376691621626
365	0.0448435163939541	0.0448435163939541
366	0.0448493478069785	0.0448493478069785
367	0.0448551634890582	0.0448551634890582
368	0.0448609635272881	0.0448609635272881
369	0.0448667480080435	0.0448667480080435
370	0.0448725170169879	0.0448725170169879
371	0.0448782706390809	0.0448782706390809
372	0.0448840089585858	0.0448840089585858
373	0.0448897320590774	0.0448897320590774
374	0.0448954400234491	0.0448954400234491
375	0.0449011329339204	0.0449011329339204
376	0.0449068108720444	0.0449068108720444
377	0.0449124739187148	0.0449124739187148
378	0.0449181221541727	0.0449181221541727
379	0.0449237556580142	0.0449237556580142
380	0.0449293745091968	0.0449293745091968
381	0.0449349787860463	0.0449349787860463
382	0.0449405685662636	0.0449405685662636
383	0.0449461439269314	0.0449461439269314
384	0.0449517049445202	0.0449517049445202
385	0.0449572516948955	0.0449572516948955
386	0.0449627842533237	0.0449627842533237
387	0.0449683026944784	0.0449683026944784
388	0.0449738070924468	0.0449738070924468
389	0.0449792975207355	0.0449792975207355
390	0.0449847740522769	0.0449847740522769
391	0.0449902367594348	0.0449902367594348
392	0.0449956857140106	0.0449956857140106
393	0.0450011209872488	0.0450011209872488
394	0.045006542649843	0.045006542649843
395	0.0450119507719412	0.0450119507719412
396	0.045017345423152	0.045017345423152
397	0.0450227266725494	0.0450227266725494
398	0.0450280945886786	0.0450280945886786
399	0.0450334492395614	0.0450334492395614
400	0.0450387906927014	0.0450387906927014
401	0.0450441190150894	0.0450441190150894
402	0.0450494342732081	0.0450494342732081
403	0.045054736533038	0.045054736533038
404	0.0450600258600616	0.0450600258600616
405	0.0450653023192689	0.0450653023192689
406	0.0450705659751623	0.0450705659751623
407	0.0450758168917611	0.0450758168917611
408	0.0450810551326067	0.0450810551326067
409	0.045086280760767	0.045086280760767
410	0.0450914938388415	0.0450914938388415
411	0.0450966944289653	0.0450966944289653
412	0.0451018825928144	0.0451018825928144
413	0.0451070583916095	0.0451070583916095
414	0.0451122218861209	0.0451122218861209
415	0.0451173731366728	0.0451173731366728
416	0.0451225122031475	0.0451225122031475
417	0.0451276391449901	0.0451276391449901
418	0.045132754021212	0.045132754021212
419	0.0451378568903959	0.0451378568903959
420	0.0451429478106994	0.0451429478106994
421	0.0451480268398592	0.0451480268398592
422	0.0451530940351953	0.0451530940351953
423	0.0451581494536148	0.0451581494536148
424	0.0451631931516161	0.0451631931516161
425	0.0451682251852923	0.0451682251852923
426	0.0451732456103356	0.0451732456103356
427	0.0451782544820409	0.0451782544820409
428	0.0451832518553093	0.0451832518553093
429	0.0451882377846523	0.0451882377846523
430	0.045193212324195	0.045193212324195
431	0.0451981755276801	0.0451981755276801
432	0.0452031274484711	0.0452031274484711
433	0.0452080681395563	0.0452080681395563
434	0.0452129976535521	0.0452129976535521
435	0.0452179160427061	0.0452179160427061
436	0.0452228233589011	0.0452228233589011
437	0.0452277196536583	0.0452277196536583
438	0.0452326049781403	0.0452326049781403
439	0.0452374793831549	0.0452374793831549
440	0.045242342919158	0.045242342919158
441	0.0452471956362571	0.0452471956362571
442	0.0452520375842142	0.0452520375842142
443	0.0452568688124493	0.0452568688124493
444	0.0452616893700432	0.0452616893700432
445	0.0452664993057407	0.0452664993057407
446	0.0452712986679537	0.0452712986679537
447	0.0452760875047643	0.0452760875047643
448	0.0452808658639275	0.0452808658639275
449	0.0452856337928743	0.0452856337928743
450	0.0452903913387147	0.0452903913387147
451	0.0452951385482405	0.0452951385482405
452	0.0452998754679281	0.0452998754679281
453	0.0453046021439414	0.0453046021439414
454	0.0453093186221345	0.0453093186221345
455	0.0453140249480545	0.0453140249480545
456	0.0453187211669443	0.0453187211669443
457	0.0453234073237451	0.0453234073237451
458	0.0453280834630994	0.0453280834630994
459	0.0453327496293532	0.0453327496293532
460	0.045337405866559	0.045337405866559
461	0.045342052218478	0.045342052218478
462	0.045346688728583	0.045346688728583
463	0.0453513154400608	0.0453513154400608
464	0.0453559323958145	0.0453559323958145
465	0.0453605396384663	0.0453605396384663
466	0.0453651372103598	0.0453651372103598
467	0.0453697251535622	0.0453697251535622
468	0.0453743035098669	0.0453743035098669
469	0.0453788723207961	0.0453788723207961
470	0.0453834316276026	0.0453834316276026
471	0.0453879814712725	0.0453879814712725
472	0.0453925218925272	0.0453925218925272
473	0.0453970529318262	0.0453970529318262
474	0.0454015746293687	0.0454015746293687
475	0.045406087025096	0.045406087025096
476	0.045410590158694	0.045410590158694
477	0.0454150840695952	0.0454150840695952
478	0.0454195687969804	0.0454195687969804
479	0.0454240443797816	0.0454240443797816
480	0.0454285108566836	0.0454285108566836
481	0.0454329682661261	0.0454329682661261
482	0.0454374166463059	0.0454374166463059
483	0.045441856035179	0.045441856035179
484	0.0454462864704623	0.0454462864704623
485	0.0454507079896359	0.0454507079896359
486	0.0454551206299449	0.0454551206299449
487	0.0454595244284015	0.0454595244284015
488	0.0454639194217868	0.0454639194217868
489	0.0454683056466526	0.0454683056466526
490	0.0454726831393237	0.0454726831393237
491	0.0454770519358993	0.0454770519358993
492	0.0454814120722553	0.0454814120722553
493	0.0454857635840456	0.0454857635840456
494	0.0454901065067045	0.0454901065067045
495	0.0454944408754481	0.0454944408754481
496	0.0454987667252761	0.0454987667252761
497	0.0455030840909739	0.0455030840909739
498	0.0455073930071137	0.0455073930071137
499	0.0455116935080571	0.0455116935080571
500	0.0455159856279559	0.0455159856279559
501	0.0455202694007545	0.0455202694007545
502	0.0455245448601913	0.0455245448601913
503	0.0455288120398	0.0455288120398
504	0.0455330709729119	0.0455330709729119
505	0.0455373216926573	0.0455373216926573
506	0.0455415642319667	0.0455415642319667
507	0.045545798623573	0.045545798623573
508	0.0455500249000125	0.0455500249000125
509	0.0455542430936271	0.0455542430936271
510	0.0455584532365651	0.0455584532365651
511	0.0455626553607834	0.0455626553607834
512	0.0455668494980486	0.0455668494980486
513	0.0455710356799387	0.0455710356799387
514	0.0455752139378446	0.0455752139378446
515	0.0455793843029712	0.0455793843029712
516	0.0455835468063395	0.0455835468063395
517	0.0455877014787874	0.0455877014787874
518	0.0455918483509715	0.0455918483509715
519	0.0455959874533685	0.0455959874533685
520	0.0456001188162765	0.0456001188162765
521	0.0456042424698163	0.0456042424698163
522	0.0456083584439331	0.0456083584439331
523	0.0456124667683974	0.0456124667683974
524	0.0456165674728067	0.0456165674728067
525	0.0456206605865868	0.0456206605865868
526	0.0456247461389929	0.0456247461389929
527	0.0456288241591112	0.0456288241591112
528	0.04563289467586	0.04563289467586
529	0.0456369577179909	0.0456369577179909
530	0.0456410133140903	0.0456410133140903
531	0.0456450614925807	0.0456450614925807
532	0.0456491022817217	0.0456491022817217
533	0.0456531357096112	0.0456531357096112
534	0.0456571618041869	0.0456571618041869
535	0.0456611805932275	0.0456611805932275
536	0.0456651921043537	0.0456651921043537
537	0.0456691963650292	0.0456691963650292
538	0.0456731934025626	0.0456731934025626
539	0.0456771832441078	0.0456771832441078
540	0.0456811659166656	0.0456811659166656
541	0.0456851414470848	0.0456851414470848
542	0.045689109862063	0.045689109862063
543	0.0456930711881482	0.0456930711881482
544	0.0456970254517395	0.0456970254517395
545	0.0457009726790887	0.0457009726790887
546	0.0457049128963009	0.0457049128963009
547	0.0457088461293356	0.0457088461293356
548	0.0457127724040083	0.0457127724040083
549	0.0457166917459909	0.0457166917459909
550	0.0457206041808133	0.0457206041808133
551	0.0457245097338641	0.0457245097338641
552	0.0457284084303918	0.0457284084303918
553	0.0457323002955055	0.0457323002955055
554	0.0457361853541767	0.0457361853541767
555	0.0457400636312393	0.0457400636312393
556	0.0457439351513913	0.0457439351513913
557	0.0457477999391957	0.0457477999391957
558	0.0457516580190811	0.0457516580190811
559	0.045755509415343	0.045755509415343
560	0.0457593541521449	0.0457593541521449
561	0.0457631922535187	0.0457631922535187
562	0.0457670237433662	0.0457670237433662
563	0.0457708486454599	0.0457708486454599
564	0.0457746669834437	0.0457746669834437
565	0.0457784787808339	0.0457784787808339
566	0.0457822840610205	0.0457822840610205
567	0.0457860828472673	0.0457860828472673
568	0.0457898751627139	0.0457898751627139
569	0.0457936610303753	0.0457936610303753
570	0.045797440473144	0.045797440473144
571	0.0458012135137901	0.0458012135137901
572	0.0458049801749623	0.0458049801749623
573	0.0458087404791889	0.0458087404791889
574	0.0458124944488787	0.0458124944488787
575	0.0458162421063217	0.0458162421063217
576	0.0458199834736898	0.0458199834736898
577	0.0458237185730379	0.0458237185730379
578	0.0458274474263048	0.0458274474263048
579	0.0458311700553135	0.0458311700553135
580	0.0458348864817725	0.0458348864817725
581	0.0458385967272764	0.0458385967272764
582	0.0458423008133068	0.0458423008133068
583	0.0458459987612329	0.0458459987612329
584	0.0458496905923124	0.0458496905923124
585	0.0458533763276923	0.0458533763276923
586	0.0458570559884096	0.0458570559884096
587	0.0458607295953922	0.0458607295953922
588	0.0458643971694592	0.0458643971694592
589	0.0458680587313222	0.0458680587313222
590	0.045871714301586	0.045871714301586
591	0.0458753639007487	0.0458753639007487
592	0.0458790075492033	0.0458790075492033
593	0.0458826452672378	0.0458826452672378
594	0.0458862770750359	0.0458862770750359
595	0.0458899029926784	0.0458899029926784
596	0.045893523040143	0.045893523040143
597	0.0458971372373055	0.0458971372373055
598	0.0459007456039406	0.0459007456039406
599	0.0459043481597222	0.0459043481597222
600	0.0459079449242243	0.0459079449242243
601	0.0459115359169216	0.0459115359169216
602	0.0459151211571904	0.0459151211571904
603	0.0459187006643087	0.0459187006643087
604	0.0459222744574577	0.0459222744574577
605	0.0459258425557216	0.0459258425557216
606	0.0459294049780888	0.0459294049780888
607	0.0459329617434522	0.0459329617434522
608	0.0459365128706102	0.0459365128706102
609	0.045940058378267	0.045940058378267
610	0.0459435982850333	0.0459435982850333
611	0.0459471326094271	0.0459471326094271
612	0.045950661369874	0.045950661369874
613	0.0459541845847083	0.0459541845847083
614	0.045957702272173	0.045957702272173
615	0.0459612144504208	0.0459612144504208
616	0.0459647211375145	0.0459647211375145
617	0.0459682223514279	0.0459682223514279
618	0.0459717181100459	0.0459717181100459
619	0.0459752084311655	0.0459752084311655
620	0.0459786933324962	0.0459786933324962
621	0.0459821728316604	0.0459821728316604
622	0.0459856469461945	0.0459856469461945
623	0.0459891156935488	0.0459891156935488
624	0.0459925790910885	0.0459925790910885
625	0.0459960371560941	0.0459960371560941
626	0.045999489905762	0.045999489905762
627	0.0460029373572049	0.0460029373572049
628	0.0460063795274526	0.0460063795274526
629	0.0460098164334523	0.0460098164334523
630	0.0460132480920692	0.0460132480920692
631	0.0460166745200871	0.0460166745200871
632	0.0460200957342088	0.0460200957342088
633	0.0460235117510567	0.0460235117510567
634	0.0460269225871733	0.0460269225871733
635	0.0460303282590217	0.0460303282590217
636	0.0460337287829862	0.0460337287829862
637	0.0460371241753725	0.0460371241753725
638	0.0460405144524085	0.0460405144524085
639	0.0460438996302448	0.0460438996302448
640	0.0460472797249551	0.0460472797249551
641	0.0460506547525364	0.0460506547525364
642	0.04605402472891	0.04605402472891
643	0.0460573896699218	0.0460573896699218
644	0.0460607495913424	0.0460607495913424
645	0.0460641045088683	0.0460641045088683
646	0.0460674544381215	0.0460674544381215
647	0.0460707993946508	0.0460707993946508
648	0.0460741393939316	0.0460741393939316
649	0.0460774744513667	0.0460774744513667
650	0.0460808045822868	0.0460808045822868
651	0.0460841298019508	0.0460841298019508
652	0.046087450125546	0.046087450125546
653	0.0460907655681891	0.0460907655681891
654	0.0460940761449264	0.0460940761449264
655	0.046097381870734	0.046097381870734
656	0.0461006827605184	0.0461006827605184
657	0.0461039788291172	0.0461039788291172
658	0.0461072700912992	0.0461072700912992
659	0.0461105565617645	0.0461105565617645
660	0.0461138382551459	0.0461138382551459
661	0.0461171151860085	0.0461171151860085
662	0.0461203873688502	0.0461203873688502
663	0.0461236548181025	0.0461236548181025
664	0.0461269175481304	0.0461269175481304
665	0.0461301755732333	0.0461301755732333
666	0.0461334289076452	0.0461334289076452
667	0.0461366775655348	0.0461366775655348
668	0.0461399215610063	0.0461399215610063
669	0.0461431609080997	0.0461431609080997
670	0.0461463956207911	0.0461463956207911
671	0.0461496257129931	0.0461496257129931
672	0.0461528511985553	0.0461528511985553
673	0.0461560720912644	0.0461560720912644
674	0.046159288404845	0.046159288404845
675	0.0461625001529594	0.0461625001529594
676	0.0461657073492088	0.0461657073492088
677	0.0461689100071326	0.0461689100071326
678	0.0461721081402099	0.0461721081402099
679	0.0461753017618589	0.0461753017618589
680	0.0461784908854378	0.0461784908854378
681	0.0461816755242451	0.0461816755242451
682	0.0461848556915198	0.0461848556915198
683	0.0461880314004418	0.0461880314004418
684	0.0461912026641323	0.0461912026641323
685	0.0461943694956542	0.0461943694956542
686	0.0461975319080123	0.0461975319080123
687	0.0462006899141538	0.0462006899141538
688	0.0462038435269684	0.0462038435269684
689	0.0462069927592889	0.0462069927592889
690	0.0462101376238915	0.0462101376238915
691	0.0462132781334958	0.0462132781334958
692	0.0462164143007657	0.0462164143007657
693	0.0462195461383092	0.0462195461383092
694	0.046222673658679	0.046222673658679
695	0.0462257968743729	0.0462257968743729
696	0.0462289157978336	0.0462289157978336
697	0.0462320304414499	0.0462320304414499
698	0.0462351408175561	0.0462351408175561
699	0.0462382469384331	0.0462382469384331
700	0.0462413488163079	0.0462413488163079
701	0.0462444464633548	0.0462444464633548
702	0.046247539891695	0.046247539891695
703	0.0462506291133971	0.0462506291133971
704	0.0462537141404778	0.0462537141404778
705	0.0462567949849015	0.0462567949849015
706	0.0462598716585811	0.0462598716585811
707	0.0462629441733782	0.0462629441733782
708	0.0462660125411033	0.0462660125411033
709	0.0462690767735162	0.0462690767735162
710	0.0462721368823262	0.0462721368823262
711	0.0462751928791924	0.0462751928791924
712	0.046278244775724	0.046278244775724
713	0.0462812925834806	0.0462812925834806
714	0.0462843363139726	0.0462843363139726
715	0.0462873759786611	0.0462873759786611
716	0.0462904115889586	0.0462904115889586
717	0.0462934431562291	0.0462934431562291
718	0.0462964706917884	0.0462964706917884
719	0.0462994942069041	0.0462994942069041
720	0.0463025137127966	0.0463025137127966
721	0.0463055292206384	0.0463055292206384
722	0.0463085407415551	0.0463085407415551
723	0.0463115482866254	0.0463115482866254
724	0.0463145518668813	0.0463145518668813
725	0.0463175514933087	0.0463175514933087
726	0.0463205471768469	0.0463205471768469
727	0.0463235389283899	0.0463235389283899
728	0.0463265267587857	0.0463265267587857
729	0.0463295106788373	0.0463295106788373
730	0.0463324906993023	0.0463324906993023
731	0.0463354668308936	0.0463354668308936
732	0.0463384390842797	0.0463384390842797
733	0.0463414074700845	0.0463414074700845
734	0.0463443719988878	0.0463443719988878
735	0.0463473326812259	0.0463473326812259
736	0.0463502895275909	0.0463502895275909
737	0.0463532425484321	0.0463532425484321
738	0.0463561917541554	0.0463561917541554
739	0.0463591371551239	0.0463591371551239
740	0.0463620787616579	0.0463620787616579
741	0.0463650165840353	0.0463650165840353
742	0.046367950632492	0.046367950632492
743	0.0463708809172217	0.0463708809172217
744	0.0463738074483765	0.0463738074483765
745	0.046376730236067	0.046376730236067
746	0.0463796492903624	0.0463796492903624
747	0.0463825646212909	0.0463825646212909
748	0.0463854762388399	0.0463854762388399
749	0.0463883841529563	0.0463883841529563
750	0.0463912883735462	0.0463912883735462
751	0.046394188910476	0.046394188910476
752	0.0463970857735719	0.0463970857735719
753	0.0463999789726202	0.0463999789726202
754	0.046402868517368	0.046402868517368
755	0.0464057544175229	0.0464057544175229
756	0.0464086366827534	0.0464086366827534
757	0.0464115153226891	0.0464115153226891
758	0.046414390346921	0.046414390346921
759	0.0464172617650014	0.0464172617650014
760	0.0464201295864445	0.0464201295864445
761	0.0464229938207264	0.0464229938207264
762	0.0464258544772854	0.0464258544772854
763	0.0464287115655218	0.0464287115655218
764	0.0464315650947989	0.0464315650947989
765	0.0464344150744423	0.0464344150744423
766	0.0464372615137408	0.0464372615137408
767	0.0464401044219462	0.0464401044219462
768	0.0464429438082736	0.0464429438082736
769	0.0464457796819017	0.0464457796819017
770	0.0464486120519728	0.0464486120519728
771	0.0464514409275932	0.0464514409275932
772	0.0464542663178331	0.0464542663178331
773	0.0464570882317272	0.0464570882317272
774	0.0464599066782745	0.0464599066782745
775	0.0464627216664387	0.0464627216664387
776	0.0464655332051482	0.0464655332051482
777	0.0464683413032965	0.0464683413032965
778	0.0464711459697425	0.0464711459697425
779	0.0464739472133101	0.0464739472133101
780	0.046476745042789	0.046476745042789
781	0.0464795394669345	0.0464795394669345
782	0.046482330494468	0.046482330494468
783	0.0464851181340767	0.0464851181340767
784	0.0464879023944143	0.0464879023944143
785	0.0464906832841008	0.0464906832841008
786	0.0464934608117229	0.0464934608117229
787	0.0464962349858341	0.0464962349858341
788	0.0464990058149546	0.0464990058149546
789	0.0465017733075721	0.0465017733075721
790	0.0465045374721414	0.0465045374721414
791	0.0465072983170846	0.0465072983170846
792	0.0465100558507917	0.0465100558507917
793	0.0465128100816204	0.0465128100816204
794	0.0465155610178963	0.0465155610178963
795	0.046518308667913	0.046518308667913
796	0.0465210530399328	0.0465210530399328
797	0.046523794142186	0.046523794142186
798	0.0465265319828716	0.0465265319828716
799	0.0465292665701576	0.0465292665701576
800	0.0465319979121807	0.0465319979121807
801	0.0465347260170466	0.0465347260170466
802	0.0465374508928306	0.0465374508928306
803	0.0465401725475769	0.0465401725475769
804	0.0465428909892996	0.0465428909892996
805	0.0465456062259825	0.0465456062259825
806	0.0465483182655789	0.0465483182655789
807	0.0465510271160125	0.0465510271160125
808	0.046553732785177	0.046553732785177
809	0.0465564352809363	0.0465564352809363
810	0.0465591346111249	0.0465591346111249
811	0.0465618307835478	0.0465618307835478
812	0.0465645238059808	0.0465645238059808
813	0.0465672136861706	0.0465672136861706
814	0.0465699004318348	0.0465699004318348
815	0.0465725840506624	0.0465725840506624
816	0.0465752645503135	0.0465752645503135
817	0.0465779419384198	0.0465779419384198
818	0.0465806162225846	0.0465806162225846
819	0.046583287410383	0.046583287410383
820	0.0465859555093617	0.0465859555093617
821	0.0465886205270398	0.0465886205270398
822	0.0465912824709083	0.0465912824709083
823	0.0465939413484307	0.0465939413484307
824	0.0465965971670428	0.0465965971670428
825	0.0465992499341529	0.0465992499341529
826	0.0466018996571422	0.0466018996571422
827	0.0466045463433646	0.0466045463433646
828	0.0466071900001471	0.0466071900001471
829	0.0466098306347897	0.0466098306347897
830	0.0466124682545657	0.0466124682545657
831	0.0466151028667216	0.0466151028667216
832	0.0466177344784777	0.0466177344784777
833	0.0466203630970277	0.0466203630970277
834	0.046622988729539	0.046622988729539
835	0.0466256113831532	0.0466256113831532
836	0.0466282310649856	0.0466282310649856
837	0.0466308477821257	0.0466308477821257
838	0.0466334615416374	0.0466334615416374
839	0.0466360723505588	0.0466360723505588
840	0.0466386802159027	0.0466386802159027
841	0.0466412851446563	0.0466412851446563
842	0.0466438871437818	0.0466438871437818
843	0.046646486220216	0.046646486220216
844	0.046649082380871	0.046649082380871
845	0.0466516756326339	0.0466516756326339
846	0.0466542659823668	0.0466542659823668
847	0.0466568534369075	0.0466568534369075
848	0.0466594380030691	0.0466594380030691
849	0.0466620196876403	0.0466620196876403
850	0.0466645984973856	0.0466645984973856
851	0.0466671744390451	0.0466671744390451
852	0.0466697475193351	0.0466697475193351
853	0.0466723177449478	0.0466723177449478
854	0.0466748851225515	0.0466748851225515
855	0.046677449658791	0.046677449658791
856	0.0466800113602873	0.0466800113602873
857	0.0466825702336379	0.0466825702336379
858	0.0466851262854171	0.0466851262854171
859	0.0466876795221757	0.0466876795221757
860	0.0466902299504415	0.0466902299504415
861	0.0466927775767191	0.0466927775767191
862	0.0466953224074903	0.0466953224074903
863	0.0466978644492139	0.0466978644492139
864	0.0467004037083262	0.0467004037083262
865	0.0467029401912404	0.0467029401912404
866	0.0467054739043479	0.0467054739043479
867	0.0467080048540169	0.0467080048540169
868	0.046710533046594	0.046710533046594
869	0.046713058488403	0.046713058488403
870	0.046715581185746	0.046715581185746
871	0.0467181011449029	0.0467181011449029
872	0.0467206183721318	0.0467206183721318
873	0.0467231328736689	0.0467231328736689
874	0.0467256446557288	0.0467256446557288
875	0.0467281537245045	0.0467281537245045
876	0.0467306600861674	0.0467306600861674
877	0.0467331637468677	0.0467331637468677
878	0.046735664712734	0.046735664712734
879	0.046738162989874	0.046738162989874
880	0.0467406585843742	0.0467406585843742
881	0.0467431515023	0.0467431515023
882	0.046745641749696	0.046745641749696
883	0.0467481293325859	0.0467481293325859
884	0.0467506142569729	0.0467506142569729
885	0.0467530965288393	0.0467530965288393
886	0.0467555761541471	0.0467555761541471
887	0.0467580531388376	0.0467580531388376
888	0.046760527488832	0.046760527488832
889	0.0467629992100313	0.0467629992100313
890	0.046765468308316	0.046765468308316
891	0.0467679347895469	0.0467679347895469
892	0.0467703986595647	0.0467703986595647
893	0.0467728599241902	0.0467728599241902
894	0.0467753185892244	0.0467753185892244
895	0.0467777746604485	0.0467777746604485
896	0.0467802281436244	0.0467802281436244
897	0.0467826790444943	0.0467826790444943
898	0.0467851273687808	0.0467851273687808
899	0.0467875731221874	0.0467875731221874
900	0.0467900163103982	0.0467900163103982
901	0.0467924569390782	0.0467924569390782
902	0.0467948950138732	0.0467948950138732
903	0.0467973305404103	0.0467973305404103
904	0.0467997635242973	0.0467997635242973
905	0.0468021939711233	0.0468021939711233
906	0.0468046218864589	0.0468046218864589
907	0.0468070472758556	0.0468070472758556
908	0.0468094701448467	0.0468094701448467
909	0.0468118904989469	0.0468118904989469
910	0.0468143083436522	0.0468143083436522
911	0.0468167236844408	0.0468167236844408
912	0.0468191365267722	0.0468191365267722
913	0.0468215468760879	0.0468215468760879
914	0.0468239547378113	0.0468239547378113
915	0.0468263601173479	0.0468263601173479
916	0.0468287630200851	0.0468287630200851
917	0.0468311634513924	0.0468311634513924
918	0.0468335614166219	0.0468335614166219
919	0.0468359569211075	0.0468359569211075
920	0.0468383499701659	0.0468383499701659
921	0.0468407405690961	0.0468407405690961
922	0.0468431287231795	0.0468431287231795
923	0.0468455144376805	0.0468455144376805
924	0.0468478977178457	0.0468478977178457
925	0.046850278568905	0.046850278568905
926	0.0468526569960706	0.0468526569960706
927	0.0468550330045381	0.0468550330045381
928	0.0468574065994858	0.0468574065994858
929	0.0468597777860752	0.0468597777860752
930	0.0468621465694508	0.0468621465694508
931	0.0468645129547406	0.0468645129547406
932	0.0468668769470555	0.0468668769470555
933	0.0468692385514902	0.0468692385514902
934	0.0468715977731224	0.0468715977731224
935	0.0468739546170136	0.0468739546170136
936	0.0468763090882088	0.0468763090882088
937	0.0468786611917366	0.0468786611917366
938	0.0468810109326094	0.0468810109326094
939	0.0468833583158233	0.0468833583158233
940	0.0468857033463584	0.0468857033463584
941	0.0468880460291785	0.0468880460291785
942	0.0468903863692317	0.0468903863692317
943	0.0468927243714499	0.0468927243714499
944	0.0468950600407492	0.0468950600407492
945	0.0468973933820301	0.0468973933820301
946	0.0468997244001771	0.0468997244001771
947	0.0469020531000592	0.0469020531000592
948	0.0469043794865298	0.0469043794865298
949	0.0469067035644267	0.0469067035644267
950	0.0469090253385722	0.0469090253385722
951	0.0469113448137734	0.0469113448137734
952	0.0469136619948219	0.0469136619948219
953	0.0469159768864941	0.0469159768864941
954	0.0469182894935512	0.0469182894935512
955	0.0469205998207392	0.0469205998207392
956	0.0469229078727892	0.0469229078727892
957	0.0469252136544171	0.0469252136544171
958	0.0469275171703239	0.0469275171703239
959	0.0469298184251959	0.0469298184251959
960	0.0469321174237043	0.0469321174237043
961	0.0469344141705058	0.0469344141705058
962	0.0469367086702423	0.0469367086702423
963	0.0469390009275409	0.0469390009275409
964	0.0469412909470145	0.0469412909470145
965	0.0469435787332611	0.0469435787332611
966	0.0469458642908647	0.0469458642908647
967	0.0469481476243944	0.0469481476243944
968	0.0469504287384054	0.0469504287384054
969	0.0469527076374384	0.0469527076374384
970	0.04695498432602	0.04695498432602
971	0.0469572588086626	0.0469572588086626
972	0.0469595310898645	0.0469595310898645
973	0.0469618011741101	0.0469618011741101
974	0.0469640690658696	0.0469640690658696
975	0.0469663347695996	0.0469663347695996
976	0.0469685982897425	0.0469685982897425
977	0.0469708596307271	0.0469708596307271
978	0.0469731187969685	0.0469731187969685
979	0.046975375792868	0.046975375792868
980	0.0469776306228133	0.0469776306228133
981	0.0469798832911787	0.0469798832911787
982	0.0469821338023246	0.0469821338023246
983	0.0469843821605984	0.0469843821605984
984	0.0469866283703338	0.0469866283703338
985	0.0469888724358512	0.0469888724358512
986	0.0469911143614578	0.0469911143614578
987	0.0469933541514475	0.0469933541514475
988	0.046995591810101	0.046995591810101
989	0.0469978273416858	0.0469978273416858
990	0.0470000607504566	0.0470000607504566
991	0.0470022920406548	0.0470022920406548
992	0.047004521216509	0.047004521216509
993	0.0470067482822347	0.0470067482822347
994	0.0470089732420347	0.0470089732420347
995	0.0470111961000989	0.0470111961000989
996	0.0470134168606046	0.0470134168606046
997	0.0470156355277162	0.0470156355277162
998	0.0470178521055855	0.0470178521055855
999	0.0470200665983518	0.0470200665983518
1000	0.0470222790101417	0.0469360613121447
1001	0.0470244893450693	0.0470244893450693
