1	0.00118355663191561	2.65079015964904e-07
2	0.00138914261408567	1.99374519766623e-07
3	0.00148371024967957	1.5720033468693e-07
4	0.00154072401792822	1.25335620933847e-07
5	0.00158014098091022	1.09722825556977e-07
6	0.00172442067897917	9.38542780498495e-08
7	0.00174964915464896	8.62478987532421e-08
8	0.00177050563708093	7.65653005084123e-08
9	0.00178826358936398	6.88357343487293e-08
10	0.00180372885886446	6.56880322475574e-08
11	0.0018174387259438	6.01693609701205e-08
12	0.00182976672064549	5.55057773126574e-08
13	0.00184098159794994	5.1512906080641e-08
14	0.00185128235185174	5.04285554517505e-08
15	0.00186081995012827	4.72569693945698e-08
16	0.00186971134237217	4.44606449027898e-08
17	0.00187804878290204	4.19767129811732e-08
18	0.00188590621052919	4.16712490477531e-08
19	0.00189334372179541	3.95770799666343e-08
20	0.00190041077546537	3.76832997169182e-08
21	0.00190714853234642	3.59624622715213e-08
22	0.00191359159317486	3.43919143537441e-08
23	0.00191976930941838	3.29527931527265e-08
24	0.00192570678580454	3.16292654358405e-08
25	0.00193142565684098	3.18387032842977e-08
26	0.00193694469527175	3.06549951325576e-08
27	0.00194228029392521	2.95561436574025e-08
28	0.00194744685103966	2.85333404125457e-08
29	0.00195245708118955	2.75789552428296e-08
30	0.00195732226827962	2.66863456487914e-08
31	0.00196205247300171	2.58497020003997e-08
32	0.00196665670418244	2.62161311865841e-08
33	0.00197114306126271	2.54427199991482e-08
34	0.00197551885352103	2.47136330008094e-08
35	0.0019797907004276	2.40251661342153e-08
36	0.00198396461658474	2.33740168607815e-08
37	0.0019880460839975	2.27572311924285e-08
38	0.0019920401138671	2.21721588925507e-08
39	0.00199595129967204	2.16164154131861e-08
40	0.0019997838629656	2.10878494156167e-08
41	0.002003541693054	2.05845149416931e-08
42	0.00200722838150819	2.10081124762457e-08
43	0.00201084725229473	2.05295265137321e-08
44	0.00201440138817551	2.00722598027117e-08
45	0.00201789365391664	1.96349188662276e-08
46	0.00202132671675816	1.92162290767694e-08
47	0.00202470306452342	1.88150222502426e-08
48	0.00202802502168735	1.84302257621224e-08
49	0.00203129476367374	1.80608529722684e-08
50	0.00203451432961103	1.77059947784316e-08
51	0.00203768563374171	1.73648121462292e-08
52	0.00204081047565323	1.7036529486376e-08
53	0.00204389054947305	1.67204287691431e-08
54	0.00204692745215213	1.64158442820456e-08
55	0.00204992269094305	1.68307386340669e-08
56	0.00205287769016544	1.65349218657885e-08
57	0.00205579379733885	1.62493239190634e-08
58	0.00205867228875296	1.59734242850597e-08
59	0.00206151437453633	1.57067372147513e-08
60	0.00206432120327693	1.54488088650038e-08
61	0.00206709386624169	1.51992147212955e-08
62	0.00220766931190314	1.49575572662876e-08
63	0.00221055793816186	1.47234638673106e-08
64	0.00221341326878327	1.44965848591565e-08
65	0.00221623626173248	1.42765918014292e-08
66	0.00221902783125694	1.40631758921902e-08
67	0.00222178885058645	1.38560465217845e-08
68	0.00222452015442507	1.36549299526072e-08
69	0.00222722254125395	1.34595681121952e-08
70	0.002229896775462	1.38403922423318e-08
71	0.00223254358932007	1.36478853360713e-08
72	0.00223516368481202	1.34606601128252e-08
73	0.00223775773533495	1.32785021505356e-08
74	0.00224032638728042	1.31012084787066e-08
75	0.00224287026150554	1.29285868239942e-08
76	0.00224538995470406	1.27604549146616e-08
77	0.00224788604068503	1.25966398386061e-08
78	0.00225035907156645	1.24369774502075e-08
79	0.00225280957889114	1.22813118217194e-08
80	0.00225523807467021	1.21294947353494e-08
81	0.0022576450523604	1.19813852125508e-08
82	0.00226003098777971	1.18368490773826e-08
83	0.00226239633996655	1.16957585510972e-08
84	0.002264741551986	1.15579918753789e-08
85	0.00226706705168771	1.14234329619e-08
86	0.00226937325241821	1.12919710660735e-08
87	0.00227166055369156	1.11635004830766e-08
88	0.00227392934182088	1.15026235987331e-08
89	0.00227617999051347	1.1374667916497e-08
90	0.00227841286143241	1.12495276723898e-08
91	0.00228062830472646	1.11271109548843e-08
92	0.00228282665953057	1.10073298100401e-08
93	0.00228500825443921	1.0890100030763e-08
94	0.00228717340795371	1.07753409593877e-08
95	0.00228932242890611	1.06629753026138e-08
96	0.00229145561686011	1.05529289578996e-08
97	0.00229357326249137	1.04451308504971e-08
98	0.00229567564794809	1.03395127803735e-08
99	0.00229776304719298	1.02360092783268e-08
100	0.00227913523565278	1.01569295232123e-08
101	0.00230189394390305	1.0035096951811e-08
102	0.00230393795120892	9.93756966444102e-09
103	0.00230596799255636	9.84191978640585e-09
104	0.00230798430554121	9.74809362422396e-09
105	0.00230998712129715	9.65603951256723e-09
106	0.00231197666473618	9.56570771939648e-09
107	0.00231395315477788	9.47705035637088e-09
108	0.00231591680456801	9.39002129419484e-09
109	0.00231786782168708	9.30457608258583e-09
110	0.00231980640834929	9.22067187457275e-09
111	0.00232173276159247	9.51506338642159e-09
112	0.00232364707345972	9.43078113520358e-09
113	0.00232554953117278	9.34797887637503e-09
114	0.00232744031729774	9.26661796643148e-09
115	0.00232931960990396	9.18666109559739e-09
116	0.00233118758271551	9.10807223077863e-09
117	0.00233304440525668	9.03081656141843e-09
118	0.00233489024299108	8.95486044808537e-09
119	0.00233672525745495	8.88017137363442e-09
120	0.00233854960638492	8.80671789679163e-09
121	0.00234036344384057	8.73446960802371e-09
122	0.0023421669203219	8.66339708756182e-09
123	0.00234396018288209	8.59347186545831e-09
124	0.00234574337523583	8.52466638356252e-09
125	0.00234751663786307	8.45695395930833e-09
126	0.00234928010810908	8.39030875121438e-09
127	0.0023510339202802	8.32470572600223e-09
128	0.00235277820573615	8.26012062724583e-09
129	0.00235451309297866	8.19652994546841e-09
130	0.0023562387077368	8.13391088961056e-09
131	0.00235795517304902	8.07224135979591e-09
132	0.00235966260934211	8.01149992132657e-09
133	0.00236136113450733	7.95166577984379e-09
134	0.00236305086397356	7.89271875759347e-09
135	0.00236473191077792	7.83463927073942e-09
136	0.00236640438563379	7.77740830767128e-09
137	0.00236806839699627	7.72100740825594e-09
138	0.00236972405112546	7.97510122753095e-09
139	0.00237137145214742	7.91809350802402e-09
140	0.00237301070211295	7.86189500925187e-09
141	0.00237464190105437	7.80648862242201e-09
142	0.00237626514704032	7.75185771765843e-09
143	0.00237788053622865	7.69798612736058e-09
144	0.00237948816291754	7.64485813025135e-09
145	0.00238108811959482	7.59245843608119e-09
146	0.00238268049698576	7.54077217095688e-09
147	0.00238426538409906	7.48978486326556e-09
148	0.00238584286827154	7.43948243016596e-09
149	0.00238741303521121	7.38985116462044e-09
150	0.00238897596903895	7.34087772294247e-09
151	0.00239053175232886	7.29254911283613e-09
152	0.00239208046614736	7.244852681905e-09
153	0.00239362219009092	7.19777610660895e-09
154	0.00239515700232266	7.15130738164881e-09
155	0.00239668497960784	7.10543480975944e-09
156	0.00239820619734814	7.06014699189325e-09
157	0.00239972072961488	7.01543281777689e-09
158	0.00240122864918138	6.97128145682398e-09
159	0.00240273002755405	6.92768234938956e-09
160	0.0024042249350027	6.88462519835019e-09
161	0.00240571344059001	6.84209996099612e-09
162	0.00240719561219987	6.80009684122245e-09
163	0.00240867151656509	6.75860628200556e-09
164	0.00241014121929422	6.717618958154e-09
165	0.00241160478489742	6.67712576932099e-09
166	0.0024130622768119	6.63711783326847e-09
167	0.00241451375742633	6.59758647937161e-09
168	0.00241595928810462	6.5585232423543e-09
169	0.00241739892920907	6.51991985624582e-09
170	0.00241883274012284	6.73844704618191e-09
171	0.00242026077927173	6.69924610367892e-09
172	0.00242168310414539	6.66049862590521e-09
173	0.00242309977131788	6.62219678980131e-09
174	0.00242451083646783	6.58433295122713e-09
175	0.0024259163543977	6.54689963987626e-09
176	0.00242731637905291	6.50988955436241e-09
177	0.00242871096354009	6.47329555747157e-09
178	0.00243010016014514	6.43711067157374e-09
179	0.00243148402035054	6.40132807418731e-09
180	0.00243286259485233	6.36594109369084e-09
181	0.00243423593357667	6.33094320517605e-09
182	0.00243560408569583	6.29632802643705e-09
183	0.00243696709964378	6.26208931409044e-09
184	0.00243832502313163	6.22822095982102e-09
185	0.00243967790316219	6.19471698674908e-09
186	0.00244102578604454	6.16157154591407e-09
187	0.00244236871740813	6.12877891287059e-09
188	0.00244370674221638	6.09633348439248e-09
189	0.0024450399047801	6.0642297752812e-09
190	0.00244636824877049	6.03246241527428e-09
191	0.00244769181723182	6.0010261460507e-09
192	0.00244901065259376	5.96991581832912e-09
193	0.0024503247966835	5.93912638905627e-09
194	0.00245163429073743	5.90865291868158e-09
195	0.00245293917541267	5.8784905685153e-09
196	0.00245423949079817	5.84863459816747e-09
197	0.00245553527642571	5.81908036306403e-09
198	0.00245682657128043	5.78982331203834e-09
199	0.00245811341381132	5.76085898499467e-09
200	0.00245939584194129	5.73218301064155e-09
201	0.00246067389307704	5.70379110429259e-09
202	0.00246194760411876	5.67567906573219e-09
203	0.00246321701146951	5.64784277714417e-09
204	0.00246448215104447	5.62027820110097e-09
205	0.00246574305827986	5.59298137861145e-09
206	0.00246699976814177	5.56594842722539e-09
207	0.0024682523151347	5.53917553919265e-09
208	0.0024695007333099	5.72672287921613e-09
209	0.00247074505627364	5.69943912328845e-09
210	0.00247198531719506	5.67241410976926e-09
211	0.00247322154881414	5.64564417539985e-09
212	0.00247445378344921	5.61912572574894e-09
213	0.00247568205300444	5.59285523360374e-09
214	0.00247690638897717	5.56682923740583e-09
215	0.00247812682246497	5.54104433973094e-09
216	0.00247934338417267	5.51549720581022e-09
217	0.00248055610441912	5.49018456209263e-09
218	0.0024817650131439	5.46510319484661e-09
219	0.00248297013991381	5.44024994879982e-09
220	0.00248417151392929	5.41562172581605e-09
221	0.00248536916403056	5.39121548360757e-09
222	0.00248656311870384	5.36702823448252e-09
223	0.00248775340608726	5.3430570441256e-09
224	0.00248894005397665	5.31929903041134e-09
225	0.00249012308983141	5.29575136224895e-09
226	0.00249130254077989	5.27241125845778e-09
227	0.00249247843362512	5.24927598667219e-09
228	0.00249365079484995	5.22634286227519e-09
229	0.00249481965062246	5.20360924736014e-09
230	0.002495985026801	5.18107254971907e-09
231	0.00249714694893925	5.15873022185743e-09
232	0.00249830544229119	5.13657976003411e-09
233	0.00249946053181588	5.11461870332621e-09
234	0.00250061224218223	5.09284463271744e-09
235	0.00250176059777362	5.07125517021006e-09
236	0.00250290562269238	5.04984797795899e-09
237	0.00250404734076437	5.02862075742794e-09
238	0.0025051857755432	5.00757124856674e-09
239	0.00250632095031461	4.98669722900915e-09
240	0.00250745288810058	4.96599651329065e-09
241	0.00250858161166346	4.94546695208582e-09
242	0.00250970714351001	4.92510643146422e-09
243	0.00251082950589531	4.90491287216495e-09
244	0.00251194872082665	4.88488422888875e-09
245	0.00251306481006732	4.86501848960733e-09
246	0.00251417779514031	4.84531367488976e-09
247	0.00251528769733196	4.82576783724485e-09
248	0.00251639453769552	4.80637906047956e-09
249	0.00251749833705472	4.7871454590728e-09
250	0.00251859911600713	4.76806517756417e-09
251	0.00251969689492755	4.74913638995726e-09
252	0.00252079169397133	4.73035729913708e-09
253	0.00252188353307769	4.89120438640392e-09
254	0.00252297243197271	4.87201528448092e-09
255	0.0025240584101727	4.85297615890476e-09
256	0.00252514148698708	4.83408525826439e-09
257	0.00252622168152147	4.81534085831351e-09
258	0.00252729901268066	4.7967412614458e-09
259	0.00252837349917142	4.77828479618253e-09
260	0.0025294451595055	4.75996981667177e-09
261	0.00253051401200227	4.74179470219914e-09
262	0.00253158007479153	4.72375785670978e-09
263	0.00253264336581625	4.70585770834097e-09
264	0.00253370390283512	4.68809270896567e-09
265	0.00253476170342525	4.67046133374611e-09
266	0.0025358167849846	4.6529620806975e-09
267	0.00253686916473464	4.63559347026143e-09
268	0.00253791885972265	4.61835404488903e-09
269	0.00253896588682426	4.60124236863307e-09
270	0.00254001026274578	4.58425702674929e-09
271	0.00254105200402653	4.56739662530652e-09
272	0.00254209112704109	4.55065979080536e-09
273	0.00254312764800169	4.53404516980514e-09
274	0.00254416158296022	4.51755142855908e-09
275	0.00254519294781064	4.50117725265742e-09
276	0.0025462217582909	4.48492134667824e-09
277	0.00254724802998517	4.46878243384579e-09
278	0.00254827177832585	4.45275925569623e-09
279	0.00254929301859566	4.43685057175051e-09
280	0.00255031176592954	4.42105515919422e-09
281	0.00255132803531674	4.40537181256427e-09
282	0.00255234184160259	4.38979934344227e-09
283	0.00255335319949053	4.37433658015422e-09
284	0.00255436212354392	4.3589823674768e-09
285	0.00255536862818786	4.34373556634953e-09
286	0.00255637272771102	4.32859505359312e-09
287	0.00255737443626739	4.31355972163372e-09
288	0.00255837376787806	4.29862847823271e-09
289	0.00255937073643286	4.28380024622236e-09
290	0.00256036535569214	4.26907396324663e-09
291	0.00256135763928837	4.25444858150758e-09
292	0.0025623476007278	4.23992306751674e-09
293	0.00256333525339202	4.2254964018518e-09
294	0.00256432061053959	4.21116757891793e-09
295	0.00256530368530755	4.19693560671433e-09
296	0.00256628449071302	4.18279950660514e-09
297	0.0025672630396546	4.1687583130952e-09
298	0.00256823934491398	4.15481107361016e-09
299	0.00256921341915727	4.14095684828117e-09
300	0.00257018527493651	4.1271947097336e-09
301	0.00257115492469103	4.11352374288025e-09
302	0.00257212238074894	4.09994304471844e-09
303	0.00257308765532834	4.08645172413118e-09
304	0.00257405076053883	4.07304890169232e-09
305	0.00257501170838271	4.2114863713826e-09
306	0.00257597051075635	4.1977634753491e-09
307	0.00257692717945147	4.18412971942375e-09
308	0.00257788172615636	4.17058423787471e-09
309	0.0025788341624572	4.1571261761446e-09
310	0.00257978449983918	4.14375469067088e-09
311	0.00258073274968785	4.13046894870952e-09
312	0.00258167892329016	4.11726812816219e-09
313	0.00258262303183575	4.10415141740658e-09
314	0.00258356508641801	4.09111801513016e-09
315	0.00258450509803529	4.07816713016702e-09
316	0.00258544307759202	4.06529798133763e-09
317	0.00258637903589969	4.05250979729186e-09
318	0.0025873129836781	4.03980181635497e-09
319	0.00258824493155633	4.02717328637613e-09
320	0.00258917489007384	4.01462346458025e-09
321	0.00259010286968144	4.00215161742228e-09
322	0.0025910288807424	3.9897570204442e-09
323	0.00259195293353345	3.97743895813486e-09
324	0.00259287503824566	3.96519672379223e-09
325	0.00259379520498556	3.95302961938827e-09
326	0.00259471344377603	3.94093695543621e-09
327	0.00259562976455724	3.9289180508604e-09
328	0.00259654417718767	3.91697223286833e-09
329	0.00259745669144492	3.90509883682519e-09
330	0.00259836731702668	3.89329720613051e-09
331	0.00259927606355166	3.88156669209723e-09
332	0.00260018294056039	3.86990665383266e-09
333	0.00260108795751618	3.85831645812205e-09
334	0.00260199112380591	3.84679547931367e-09
335	0.00260289244874089	3.83534309920636e-09
336	0.00260379194155774	3.823958706939e-09
337	0.00260468961141919	3.81264169888177e-09
338	0.00260558546741484	3.80139147852959e-09
339	0.00260647951856205	3.7902074563972e-09
340	0.00260737177380662	3.7790890499163e-09
341	0.00260826224202373	3.76803568333431e-09
342	0.00260915093201851	3.757046787615e-09
343	0.00261003785252698	3.74612180034093e-09
344	0.00261092301221664	3.73526016561735e-09
345	0.00261180641968734	3.72446133397802e-09
346	0.00261268808347191	3.71372476229252e-09
347	0.00261356801203692	3.70304991367518e-09
348	0.00261444621378339	3.69243625739561e-09
349	0.00261532269704747	3.68188326879073e-09
350	0.00261619747010112	3.67139042917828e-09
351	0.00261707054115284	3.66095722577189e-09
352	0.00261794191834825	3.65058315159759e-09
353	0.00261881160977085	3.64026770541151e-09
354	0.0026196796234426	3.63001039161935e-09
355	0.00262054596732457	3.61981072019691e-09
356	0.00262141064931763	3.60966820661204e-09
357	0.00262227367726302	3.59958237174802e-09
358	0.00262313505894294	3.58955274182794e-09
359	0.00262399480208128	3.57957884834066e-09
360	0.0026248529143441	3.56966022796783e-09
361	0.00262570940334027	3.55979642251208e-09
362	0.00262656427662207	3.54998697882654e-09
363	0.00262741754168573	3.54023144874538e-09
364	0.00262826920597203	3.5305293890156e-09
365	0.0026291192768669	3.52088036122991e-09
366	0.00262996776170184	3.64012768749195e-09
367	0.00263081466775465	3.63023320859159e-09
368	0.00263166000224987	3.62039237357732e-09
369	0.00263250377235925	3.6106047473753e-09
370	0.00263334598520244	3.60086989960378e-09
371	0.00263418664784741	3.59118740451012e-09
372	0.00263502576731098	3.58155684090869e-09
373	0.0026358633505593	3.57197779211976e-09
374	0.0026366994045084	3.56244984590939e-09
375	0.00263753393602469	3.55297259443041e-09
376	0.00263836695192542	3.54354563416408e-09
377	0.00263919845897914	3.53416856586292e-09
378	0.00264002846390622	3.5248409944943e-09
379	0.00264085697337933	3.51556252918499e-09
380	0.00264168399402386	3.50633278316649e-09
381	0.00264250953241842	3.49715137372143e-09
382	0.00264333359509525	3.48801792213052e-09
383	0.00264415618854072	3.47893205362056e-09
384	0.00264497731919573	3.46989339731317e-09
385	0.00264579699345618	3.46090158617428e-09
386	0.00264661521767339	3.45195625696453e-09
387	0.0026474319981545	3.44305705019028e-09
388	0.00264824734116293	3.43420361005546e-09
389	0.00264906125291879	3.42539558441424e-09
390	0.00264987373959928	3.41663262472418e-09
391	0.00265068480733904	3.40791438600043e-09
392	0.00265149446223072	3.39924052677031e-09
393	0.00265230271032519	3.39061070902885e-09
394	0.002653109557632	3.38202459819477e-09
395	0.00265391501011984	3.37348186306734e-09
396	0.00265471907371681	3.36498217578371e-09
397	0.00265552175431086	3.35652521177702e-09
398	0.00265632305775012	3.34811064973506e-09
399	0.00265712298984337	3.33973817155962e-09
400	0.00265792155636028	3.33140746232633e-09
401	0.00265871876303182	3.32311821024523e-09
402	0.00265951461555064	3.31487010662183e-09
403	0.00266030911957143	3.30666284581886e-09
404	0.00266110228071119	3.29849612521844e-09
405	0.00266189410454965	3.29036964518493e-09
406	0.00266268459662958	3.28228310902827e-09
407	0.00266347376245713	3.27423622296786e-09
408	0.00266426160750219	3.26622869609702e-09
409	0.00266504813719863	3.25826024034792e-09
410	0.00266583335694475	3.25033057045697e-09
411	0.0026666172721035	3.24243940393088e-09
412	0.00266739988800285	3.23458646101306e-09
413	0.00266818120993609	3.22677146465058e-09
414	0.00266896124316212	3.21899414046154e-09
415	0.00266973999290576	3.21125421670303e-09
416	0.00267051746435811	3.20355142423943e-09
417	0.00267129366267679	3.1958854965112e-09
418	0.00267206859298623	3.18825616950421e-09
419	0.00267284226037804	3.18066318171933e-09
420	0.00267361466991117	3.17310627414264e-09
421	0.00267438582661229	3.16558519021591e-09
422	0.00267515573547611	3.15809967580761e-09
423	0.00267592440146558	3.15064947918427e-09
424	0.00267669182951213	3.14323435098226e-09
425	0.00267745802451608	3.13585404417996e-09
426	0.00267822299134678	3.12850831407035e-09
427	0.00267898673484299	3.12119691823395e-09
428	0.00267974925981305	3.11391961651216e-09
429	0.00268051057103514	3.10667617098095e-09
430	0.0026812706732577	3.09946634592493e-09
431	0.00268202957119945	3.09228990781182e-09
432	0.00268278726954977	3.08514662526718e-09
433	0.002683543772969	3.07803626904957e-09
434	0.00268429908608862	3.07095861202604e-09
435	0.00268505321351141	3.06391342914791e-09
436	0.00268580615981189	3.16705025539488e-09
437	0.00268655792953639	3.1598178100936e-09
438	0.0026873085272034	3.15261832231991e-09
439	0.00268805795730371	3.14545156730978e-09
440	0.0026888062243007	3.13831732233829e-09
441	0.00268955333263059	3.13121536669662e-09
442	0.00269029928670264	3.12414548166929e-09
443	0.00269104409089931	3.11710745051168e-09
444	0.00269178774957657	3.11010105842791e-09
445	0.00269253026706413	3.10312609254898e-09
446	0.00269327164766559	3.09618234191118e-09
447	0.00269401189565866	3.08926959743485e-09
448	0.00269475101529551	3.08238765190342e-09
449	0.00269548901080272	3.07553629994264e-09
450	0.00269622588638173	3.06871533800022e-09
451	0.00269696164620895	3.0619245643256e-09
452	0.002697696294436	3.05516377895012e-09
453	0.00269842983518981	3.04843278366735e-09
454	0.00269916227257294	3.04173138201373e-09
455	0.00269989361066374	3.0350593792495e-09
456	0.0027006238535165	3.02841658233976e-09
457	0.00270135300516174	3.0218027999359e-09
458	0.00270208106960629	3.01521784235723e-09
459	0.00270280805083359	3.0086615215728e-09
460	0.00270353395280378	3.00213365118359e-09
461	0.00270425877945393	2.99563404640474e-09
462	0.00270498253469829	2.9891625240482e-09
463	0.00270570522242829	2.98271890250545e-09
464	0.00270642684651295	2.97630300173059e-09
465	0.00270714741079891	2.9699146432235e-09
466	0.00270786691911063	2.96355365001331e-09
467	0.00270858537525055	2.95721984664207e-09
468	0.00270930278299939	2.95091305914861e-09
469	0.00271001914611612	2.9446331150526e-09
470	0.00271073446833832	2.93837984333885e-09
471	0.0027114487533822	2.93215307444177e-09
472	0.00271216200494285	2.92595264023003e-09
473	0.0027128742266944	2.91977837399149e-09
474	0.00271358542229016	2.91363011041815e-09
475	0.00271429559536277	2.90750768559151e-09
476	0.00271500474952443	2.90141093696793e-09
477	0.00271571288836697	2.89533970336427e-09
478	0.00271642001546203	2.88929382494367e-09
479	0.00271712613436128	2.88327314320154e-09
480	0.0027178312485965	2.87727750095174e-09
481	0.00271853536167975	2.8713067423128e-09
482	0.00271923847710356	2.86536071269453e-09
483	0.00271994059834099	2.85943925878459e-09
484	0.00272064172884594	2.85354222853535e-09
485	0.00272134187205306	2.84766947115088e-09
486	0.00272204103137814	2.84182083707408e-09
487	0.00272273921021809	2.835996177974e-09
488	0.00272343641195116	2.83019534673328e-09
489	0.00272413263993699	2.8244181974358e-09
490	0.00272482789751694	2.81866458535438e-09
491	0.00272552218801397	2.81293436693875e-09
492	0.00272621551473302	2.80722739980364e-09
493	0.00272690788096095	2.80154354271687e-09
494	0.00272759928996683	2.79588265558783e-09
495	0.00272828974500196	2.79024459945587e-09
496	0.00272897924930006	2.78462923647902e-09
497	0.00272966780607739	2.77903642992266e-09
498	0.00273035541853291	2.77346604414848e-09
499	0.00273104208984829	2.76791794460353e-09
500	0.00273172782318821	2.76239199780934e-09
501	0.00273241262170031	2.75688807135124e-09
502	0.00273309648851551	2.75140603386778e-09
503	0.00273377942674795	2.74594575504027e-09
504	0.00273446143949518	2.74050710558248e-09
505	0.00273514252983834	2.7350899572304e-09
506	0.00273582270084219	2.7296941827322e-09
507	0.00273650195555529	2.72431965583818e-09
508	0.00273718029701011	2.71896625129107e-09
509	0.00273785772822307	2.71363384481614e-09
510	0.00273853425219477	2.7083223131117e-09
511	0.00273920987191007	2.70303153383953e-09
512	0.00273988459033813	2.69776138561551e-09
513	0.00274055841043261	2.69251174800035e-09
514	0.00274123133513176	2.68728250149039e-09
515	0.0027419033673585	2.68207352750854e-09
516	0.00274257451002058	2.67688470839535e-09
517	0.00274324476601061	2.76628263885829e-09
518	0.00274391413820629	2.76095153377712e-09
519	0.00274458262947034	2.75564093709279e-09
520	0.00274525024265079	2.75035073069092e-09
521	0.00274591698058102	2.7450807973624e-09
522	0.00274658284607978	2.73983102079469e-09
523	0.00274724784195137	2.73460128556335e-09
524	0.00274791197098573	2.72939147712357e-09
525	0.00274857523595862	2.7242014818017e-09
526	0.00274923763963157	2.7190311867871e-09
527	0.00274989918475203	2.71388048012396e-09
528	0.00275055987405355	2.70874925070312e-09
529	0.00275121971025578	2.7036373882542e-09
530	0.00275187869606461	2.69854478333761e-09
531	0.00275253683417229	2.69347132733679e-09
532	0.00275319412725746	2.68841691245049e-09
533	0.00275385057798524	2.68338143168507e-09
534	0.00275450618900747	2.67836477884707e-09
535	0.00275516096296259	2.67336684853563e-09
536	0.00275581490247586	2.66838753613513e-09
537	0.00275646801015948	2.66342673780798e-09
538	0.00275712028861257	2.65848435048726e-09
539	0.00275777174042132	2.65356027186973e-09
540	0.00275842236815909	2.64865440040864e-09
541	0.00275907217438647	2.64376663530683e-09
542	0.00275972116165139	2.63889687650981e-09
543	0.00276036933248916	2.63404502469893e-09
544	0.00276101668942262	2.6292109812846e-09
545	0.00276166323496219	2.62439464839965e-09
546	0.00276230897160596	2.61959592889272e-09
547	0.00276295390183974	2.61481472632172e-09
548	0.00276359802813721	2.61005094494736e-09
549	0.00276424135295995	2.60530448972676e-09
550	0.00276488387875752	2.60057526630717e-09
551	0.00276552560796758	2.59586318101966e-09
552	0.00276616654301594	2.59116814087296e-09
553	0.00276680668631663	2.58649005354736e-09
554	0.00276744604027199	2.58182882738862e-09
555	0.0027680846072728	2.57718437140205e-09
556	0.00276872238969824	2.57255659524649e-09
557	0.00276935938991608	2.56794540922856e-09
558	0.00276999561028269	2.56335072429678e-09
559	0.00277063105314312	2.55877245203589e-09
560	0.00277126572083122	2.55421050466114e-09
561	0.00277189961566968	2.54966479501272e-09
562	0.00277253273997008	2.54513523655017e-09
563	0.00277316509603303	2.54062174334694e-09
564	0.00294706709977836	2.53612423008488e-09
565	0.00294773738212193	2.53164261204893e-09
566	0.00294840685539821	2.52717680512177e-09
567	0.00294907552200585	2.52272672577857e-09
568	0.00294974338433221	2.51829229108179e-09
569	0.00295041044475337	2.51387341867599e-09
570	0.00295107670563429	2.50947002678276e-09
571	0.00295174216932873	2.50508203419569e-09
572	0.00295240683817948	2.50070936027537e-09
573	0.00295307071451835	2.49635192494438e-09
574	0.00295373380066625	2.49200964868253e-09
575	0.00295439609893325	2.48768245252193e-09
576	0.00295505761161873	2.48337025804221e-09
577	0.00295571834101129	2.47907298736582e-09
578	0.00295637828938899	2.47479056315331e-09
579	0.00295703745901929	2.47052290859871e-09
580	0.00295769585215916	2.46626994742494e-09
581	0.00295835347105525	2.46203160387924e-09
582	0.00295901031794372	2.45780780272868e-09
583	0.00295966639505052	2.45359846925574e-09
584	0.00296032170459139	2.44940352925387e-09
585	0.00296097624877189	2.44522290902314e-09
586	0.00296163002978747	2.44105653536592e-09
587	0.00296228304982358	2.43690433558261e-09
588	0.00296293531105569	2.43276623746744e-09
589	0.00296358681564936	2.42864216930422e-09
590	0.00296423756576037	2.42453205986225e-09
591	0.00296488756353458	2.42043583839222e-09
592	0.00296553681110832	2.41635343462211e-09
593	0.00296618531060808	2.41228477875322e-09
594	0.00296683306415084	2.40822980145614e-09
595	0.00296748007384403	2.40418843386687e-09
596	0.00296812634178565	2.40016060758286e-09
597	0.00296877187006416	2.3961462546592e-09
598	0.00296941666075872	2.39214530760479e-09
599	0.00297006071593923	2.38815769937854e-09
600	0.00297070403766625	2.38418336338563e-09
601	0.00297134662799123	2.3802222334738e-09
602	0.00297198848895642	2.37627424392973e-09
603	0.002972629622595	2.37233932947531e-09
604	0.00297327003093116	2.36841742526412e-09
605	0.0029739097159801	2.36450846687786e-09
606	0.00297454867974809	2.36061239032276e-09
607	0.00297518692423253	2.3567291320262e-09
608	0.00297582445142208	2.35285862883312e-09
609	0.00297646126329657	2.43069910294649e-09
610	0.00297709736182713	2.42672018673659e-09
611	0.0029777327489763	2.42275427575561e-09
612	0.00297836742669797	2.4188013063455e-09
613	0.00297900139693751	2.41486121526301e-09
614	0.00297963466163181	2.41093393967628e-09
615	0.00298026722270924	2.40701941716154e-09
616	0.00298089908208987	2.40311758569977e-09
617	0.0029815302416854	2.39922838367343e-09
618	0.00298216070339918	2.39535174986325e-09
619	0.00298279046912638	2.39148762344494e-09
620	0.00298341954075399	2.38763594398611e-09
621	0.00298404792016079	2.38379665144304e-09
622	0.00298467560921748	2.3799696861576e-09
623	0.00298530260978676	2.37615498885414e-09
624	0.00298592892372325	2.37235250063644e-09
625	0.00298655455287369	2.36856216298468e-09
626	0.00298717949907686	2.36478391775243e-09
627	0.00298780376416368	2.3610177071637e-09
628	0.00298842734995731	2.35726347380994e-09
629	0.00298905025827305	2.3535211606472e-09
630	0.00298967249091856	2.34979071099316e-09
631	0.00299029404969376	2.34607206852435e-09
632	0.00299091493639099	2.34236517727324e-09
633	0.00299153515279491	2.33866998162548e-09
634	0.00299215470068277	2.33498642631711e-09
635	0.00299277358182418	2.33131445643179e-09
636	0.00299339179798138	2.32765401739807e-09
637	0.00299400935090916	2.32400505498673e-09
638	0.00299462624235493	2.32036751530803e-09
639	0.0029952424740588	2.31674134480913e-09
640	0.00299585804775356	2.31312649027141e-09
641	0.0029964729651648	2.30952289880789e-09
642	0.0029970872280108	2.30593051786064e-09
643	0.00299770083800283	2.30234929519823e-09
644	0.00299831379684489	2.2987791789132e-09
645	0.00299892610623401	2.29522011741956e-09
646	0.00299953776786011	2.29167205945028e-09
647	0.00300014878340615	2.28813495405486e-09
648	0.00300075915454804	2.28460875059686e-09
649	0.00300136888295494	2.28109339875152e-09
650	0.00300197797028895	2.27758884850333e-09
651	0.00300258641820544	2.27409505014366e-09
652	0.0030031942283529	2.27061195426845e-09
653	0.00300380140237312	2.26713951177584e-09
654	0.0030044079419011	2.26367767386388e-09
655	0.0030050138485652	2.26022639202824e-09
656	0.00300561912398709	2.25678561805994e-09
657	0.00300622376978185	2.25335530404313e-09
658	0.00300682778755796	2.24993540235281e-09
659	0.00300743117891736	2.24652586565271e-09
660	0.00300803394545551	2.24312664689301e-09
661	0.00300863608876135	2.23973769930826e-09
662	0.00300923761041745	2.23635897641517e-09
663	0.00300983851199993	2.23299043201054e-09
664	0.00301043879507859	2.22963202016911e-09
665	0.00301103846121685	2.22628369524152e-09
666	0.00301163751197189	2.22294541185216e-09
667	0.00301223594889459	2.21961712489723e-09
668	0.00301283377352965	2.2162987895426e-09
669	0.00301343098741555	2.21299036122189e-09
670	0.0030140275920846	2.20969179563441e-09
671	0.00301462358906305	2.20640304874322e-09
672	0.00301521897987103	2.20312407677313e-09
673	0.00301581376602259	2.19985483620883e-09
674	0.00301640794902577	2.19659528379286e-09
675	0.00301700153038269	2.19334537652382e-09
676	0.00301759451158938	2.19010507165437e-09
677	0.00301818689413606	2.18687432668943e-09
678	0.00301877867950706	2.18365309938432e-09
679	0.00301936986918075	2.18044134774283e-09
680	0.00301996046462978	2.17723903001553e-09
681	0.00302055046732097	2.17404610469787e-09
682	0.00302113987871532	2.1708625305284e-09
683	0.0030217287002682	2.167688266487e-09
684	0.0030223169334292	2.16452327179313e-09
685	0.00302290457964224	2.16136750590408e-09
686	0.00302349164034563	2.15822092851322e-09
687	0.00302407811697208	2.15508349954829e-09
688	0.00302466401094869	2.15195517916974e-09
689	0.00302524932369699	2.14883592776896e-09
690	0.00302583405663306	2.14572570596671e-09
691	0.00302641821116737	2.14262447461135e-09
692	0.00302700178870507	2.13953219477732e-09
693	0.00302758479064577	2.13644882776341e-09
694	0.00302816721838372	2.13337433509121e-09
695	0.00302874907330778	2.13030867850344e-09
696	0.00302933035680147	2.12725181996245e-09
697	0.00302991107024297	2.12420372164859e-09
698	0.00303049121500522	2.12116434595866e-09
699	0.00303107079245581	2.11813365550437e-09
700	0.00303164980395717	2.11511161311081e-09
701	0.00303222825086651	2.11209818181492e-09
702	0.00303280613453583	2.10909332486398e-09
703	0.00303338345631197	2.10609700571414e-09
704	0.00303396021753671	2.10310918802891e-09
705	0.00303453641954664	2.1001298356777e-09
706	0.00303511206367333	2.09715891273438e-09
707	0.00303568715124329	2.09419638347581e-09
708	0.00303626168357802	2.09124221238043e-09
709	0.00303683566199401	2.08829636412682e-09
710	0.00303740908780278	2.08535880359232e-09
711	0.00303798196231094	2.08242949585161e-09
712	0.00303855428682012	2.07950840617532e-09
713	0.00303912606262708	2.07659550002868e-09
714	0.00303969729102376	2.14458104721562e-09
715	0.0030402679732972	2.14158538195732e-09
716	0.00304083811072967	2.13859807403455e-09
717	0.00304140770459859	2.13561908852298e-09
718	0.00304197675617667	2.13264839069258e-09
719	0.00304254526673186	2.12968594600631e-09
720	0.00304311323752733	2.12673172011875e-09
721	0.00304368066982166	2.1237856788748e-09
722	0.00304424756486867	2.12084778830834e-09
723	0.0030448139239176	2.11791801464093e-09
724	0.00304537974821301	2.11499632428055e-09
725	0.00304594503899488	2.11208268382026e-09
726	0.00304650979749865	2.10917706003694e-09
727	0.00304707402495511	2.10627941989009e-09
728	0.00304763772259065	2.1033897305205e-09
729	0.00304820089162703	2.10050795924901e-09
730	0.0030487635332816	2.09763407357536e-09
731	0.00304932564876725	2.09476804117686e-09
732	0.00304988723929236	2.09190982990727e-09
733	0.00305044830606098	2.08905940779554e-09
734	0.00305100885027268	2.08621674304464e-09
735	0.00305156887312272	2.08338180403037e-09
736	0.00305212837580198	2.0805545593002e-09
737	0.00305268735949705	2.07773497757211e-09
738	0.00305324582539013	2.07492302773339e-09
739	0.00305380377465921	2.07211867883956e-09
740	0.00305436120847796	2.0693219001132e-09
741	0.00305491812801585	2.06653266094282e-09
742	0.0030554745344381	2.06375093088177e-09
743	0.00305603042890575	2.06097667964709e-09
744	0.0030565858125756	2.05820987711846e-09
745	0.00305714068660039	2.05545049333707e-09
746	0.00305769505212861	2.05269849850456e-09
747	0.00305824891030471	2.04995386298195e-09
748	0.00305880226226899	2.04721655728855e-09
749	0.00305935510915771	2.04448655210094e-09
750	0.00305990745210306	2.04176381825189e-09
751	0.00306045929223315	2.03904832672936e-09
752	0.00306101063067213	2.0363400486754e-09
753	0.00306156146854009	2.03363895538523e-09
754	0.0030621118069532	2.03094501830615e-09
755	0.00306266164702363	2.02825820903652e-09
756	0.00306321098985961	2.02557849932484e-09
757	0.00306375983656546	2.02290586106869e-09
758	0.00306430818824158	2.02024026631379e-09
759	0.00306485604598452	2.01758168725298e-09
760	0.00306540341088692	2.01493009622533e-09
761	0.00306595028403758	2.01228546571507e-09
762	0.00306649666652152	2.00964776835075e-09
763	0.00306704255941986	2.00701697690422e-09
764	0.00306758796381003	2.00439306428974e-09
765	0.00306813288076559	2.001776003563e-09
766	0.00306867731135641	1.99916576792026e-09
767	0.00306922125664864	1.99656233069736e-09
768	0.00306976471770463	1.9939656653689e-09
769	0.00307030769558307	1.99137574554726e-09
770	0.00307085019133896	1.98879254498177e-09
771	0.00307139220602368	1.98621603755775e-09
772	0.00307193374068488	1.98364619729572e-09
773	0.00307247479636664	1.98108299835044e-09
774	0.00307301537410942	1.97852641501011e-09
775	0.00307355547495003	1.97597642169545e-09
776	0.00307409509992175	1.97343299295894e-09
777	0.00307463425005431	1.97089610348383e-09
778	0.00307517292637381	1.96836572808346e-09
779	0.00307571112990293	1.96584184170031e-09
780	0.00307624886166079	1.96332441940523e-09
781	0.00307678612266295	1.96081343639657e-09
782	0.0030773229139216	1.95830886799944e-09
783	0.00307785923644539	1.95581068966483e-09
784	0.00307839509123955	1.95331887696887e-09
785	0.00307893047930589	1.95083340561195e-09
786	0.00307946540164274	1.94835425141802e-09
787	0.00307999985924516	1.94588139033376e-09
788	0.0030805338531047	1.9434147984278e-09
789	0.00308106738420956	1.94095445188998e-09
790	0.0030816004535447	1.93850032703053e-09
791	0.00308213306209157	1.93605240027937e-09
792	0.00308266521082846	1.9336106481853e-09
793	0.00308319690073026	1.93117504741531e-09
794	0.00308372813276859	1.92874557475376e-09
795	0.00308425890791181	1.92632220710173e-09
796	0.00308478922712499	1.92390492147623e-09
797	0.00308531909137001	1.92149369500948e-09
798	0.00308584850160547	1.9190885049482e-09
799	0.00308637745878676	1.91668932865289e-09
800	0.00308690596386611	1.91429614359713e-09
801	0.0030874340177925	1.91190892736687e-09
802	0.0030879616215118	1.90952765765971e-09
803	0.00308848877596671	1.90715231228421e-09
804	0.00308901548209675	1.90478286915926e-09
805	0.00308954174083835	1.90241930631331e-09
806	0.00309006755312482	1.90006160188372e-09
807	0.00309059291988639	1.89770973411614e-09
808	0.00309111784205013	1.89536368136375e-09
809	0.00309164232054013	1.89302342208667e-09
810	0.00309216635627741	1.89068893485126e-09
811	0.00309268995017987	1.88836019832948e-09
812	0.00309321310316246	1.88603719129824e-09
813	0.0030937358161371	1.88371989263874e-09
814	0.00309425809001269	1.88140828133588e-09
815	0.00309477992569512	1.87910233647756e-09
816	0.00309530132408739	1.87680203725408e-09
817	0.00309582228608942	1.87450736295751e-09
818	0.0030963428125983	1.87221829298108e-09
819	0.00309686290450811	1.86993480681856e-09
820	0.00309738256271	1.86765688406361e-09
821	0.00309790178809229	1.86538450440925e-09
822	0.0030984205815403	1.86311764764717e-09
823	0.00309893894393659	1.86085629366719e-09
824	0.00309945687616073	1.85860042245664e-09
825	0.0030999743790895	1.85635001409978e-09
826	0.00310049145359681	1.8541050487772e-09
827	0.00310100810055378	1.85186550676527e-09
828	0.00310152432082864	1.84963136843553e-09
829	0.00310204011528688	1.8474026142541e-09
830	0.00310255548479119	1.84517922478119e-09
831	0.00310307043020141	1.84296118067042e-09
832	0.00310358495237468	1.8407484626684e-09
833	0.00310409905216538	1.90033644856174e-09
834	0.00310461273042513	1.89806030960614e-09
835	0.00310512598800279	1.89578961664437e-09
836	0.00310563882574456	1.8935243501543e-09
837	0.00310615124449386	1.89126449070696e-09
838	0.00310666324509145	1.88901001896605e-09
839	0.00310717482837542	1.88676091568736e-09
840	0.00310768599518116	1.88451716171821e-09
841	0.00310819674634142	1.88227873799692e-09
842	0.00310870708268629	1.88004562555227e-09
843	0.00310921700504321	1.87781780550296e-09
844	0.00310972651423701	1.87559525905709e-09
845	0.0031102356110899	1.87337796751161e-09
846	0.00311074429642148	1.87116591225181e-09
847	0.00311125257104876	1.86895907475079e-09
848	0.00311176043578616	1.86675743656896e-09
849	0.00311226789144557	1.86456097935352e-09
850	0.00311277493883625	1.86236968483793e-09
851	0.00311328157876501	1.86018353484143e-09
852	0.003113787812036	1.85800251126851e-09
853	0.00311429363945096	1.85582659610845e-09
854	0.00311479906180902	1.85365577143478e-09
855	0.00311530407990688	1.85149001940483e-09
856	0.00311580869453872	1.8493293222592e-09
857	0.0031163129064962	1.8471736623213e-09
858	0.00311681671656858	1.84502302199687e-09
859	0.00311732012554257	1.8428773837735e-09
860	0.00311782313420253	1.84073673022011e-09
861	0.00311832574333028	1.83860104398657e-09
862	0.0031188279537053	1.83647030780314e-09
863	0.00311932976610458	1.83434450448007e-09
864	0.00311983118130273	1.83222361690706e-09
865	0.00312033220007197	1.83010762805291e-09
866	0.00312083282318209	1.82799652096497e-09
867	0.00312133305140056	1.82589027876874e-09
868	0.00312183288549242	1.82378888466739e-09
869	0.0031223323262204	1.82169232194133e-09
870	0.00312283137434487	1.81960057394776e-09
871	0.00312333003062384	1.81751362412024e-09
872	0.003123828295813	1.81543145596824e-09
873	0.00312432617066572	1.81335405307671e-09
874	0.00312482365593307	1.81128139910565e-09
875	0.00312532075236385	1.80921347778968e-09
876	0.00312581746070447	1.80715027293762e-09
877	0.00312631378169918	1.80509176843206e-09
878	0.00312680971608988	1.80303794822894e-09
879	0.00312730526461621	1.80098879635713e-09
880	0.0031278004280156	1.79894429691804e-09
881	0.00312829520702325	1.79690443408518e-09
882	0.00312878960237206	1.79486919210377e-09
883	0.00312928361479271	1.79283855529032e-09
884	0.00312977724501374	1.79081250803222e-09
885	0.00313027049376144	1.7887910347874e-09
886	0.00313076336175985	1.78677412008382e-09
887	0.00313125584973096	1.78476174851921e-09
888	0.00313174795839442	1.78275390476056e-09
889	0.00313223968846781	1.78075057354382e-09
890	0.00313273104066654	1.77875173967343e-09
891	0.00313322201570385	1.77675738802201e-09
892	0.00313371261429086	1.77476750352994e-09
893	0.00313420283713652	1.77278207120499e-09
894	0.00313469268494765	1.77080107612194e-09
895	0.00313518215842904	1.76882450342221e-09
896	0.00313567125828326	1.76685233831349e-09
897	0.00313615998521086	1.76488456606935e-09
898	0.00313664833991026	1.76292117202892e-09
899	0.00313713632307782	1.76096214159648e-09
900	0.00313762393540782	1.75900746024111e-09
901	0.00313811117759245	1.75705711349635e-09
902	0.00313859805032192	1.75511108695982e-09
903	0.00313908455428427	1.75316936629288e-09
904	0.00313957069016562	1.75123193722026e-09
905	0.00314005645864999	1.74929878552976e-09
906	0.00314054186041938	1.74736989707181e-09
907	0.00314102689615382	1.74544525775921e-09
908	0.0031415115665313	1.74352485356677e-09
909	0.0031419958722278	1.74160867053094e-09
910	0.00314247981391735	1.73969669474948e-09
911	0.00314296339227193	1.73778891238114e-09
912	0.00314344660796163	1.73588530964533e-09
913	0.00314392946165452	1.73398587282177e-09
914	0.00314441195401671	1.73209058825014e-09
915	0.00314489408571241	1.73019944232982e-09
916	0.00314537585740379	1.72831242151949e-09
917	0.0031458572697512	1.72642951233686e-09
918	0.00314633832341299	1.72455070135831e-09
919	0.00314681901904559	1.72267597521863e-09
920	0.00314729935730356	1.72080532061061e-09
921	0.00314777933883952	1.71893872428482e-09
922	0.00314825896430422	1.71707617304924e-09
923	0.00314873823434648	1.71521765376896e-09
924	0.0031492171496133	1.71336315336588e-09
925	0.00314969571074975	1.7115126588184e-09
926	0.00315017391839904	1.70966615716113e-09
927	0.00315065177320258	1.70782363548453e-09
928	0.00315112927579984	1.70598508093471e-09
929	0.00315160642682852	1.70415048071301e-09
930	0.00315208322692443	1.70231982207581e-09
931	0.00315255967672158	1.70049309233416e-09
932	0.00315303577685215	1.69867027885356e-09
933	0.0031535115279465	1.69685136905357e-09
934	0.00315398693063319	1.69503635040761e-09
935	0.00315446198553898	1.69322521044264e-09
936	0.00315493669328882	1.69141793673884e-09
937	0.00315541105450589	1.68961451692941e-09
938	0.00315588506981156	1.6878149387002e-09
939	0.00315635873982548	1.68601918978946e-09
940	0.00315683206516549	1.68422725798761e-09
941	0.00315730504644768	1.68243913113687e-09
942	0.00315777768428641	1.68065479713108e-09
943	0.00315824997929427	1.67887424391535e-09
944	0.00315872193208209	1.67709745948585e-09
945	0.00315919354325903	1.67532443188948e-09
946	0.00315966481343246	1.67355514922367e-09
947	0.0031601357432081	1.67178959963605e-09
948	0.00316060633318988	1.67002777132422e-09
949	0.00316107658398008	1.66826965253549e-09
950	0.00316154649617928	1.66651523156659e-09
951	0.00316201607038634	1.66476449676345e-09
952	0.00316248530719845	1.6630174365209e-09
953	0.0031629542072111	1.66127403928244e-09
954	0.00316342277101818	1.65953429353999e-09
955	0.00316389099921178	1.65779818783363e-09
956	0.00316435889238248	1.65606571075131e-09
957	0.0031648264511191	1.65433685092868e-09
958	0.00316529367600888	1.65261159704878e-09
959	0.00316576056763733	1.65088993784178e-09
960	0.00316622712658847	1.6491718620848e-09
961	0.00316669335344454	1.64745735860163e-09
962	0.00316715924878627	1.64574641626245e-09
963	0.00316762481319267	1.64403902398367e-09
964	0.00316809004724127	1.64233517072763e-09
965	0.0031685549515079	1.64063484550238e-09
966	0.00316901952656679	1.63893803736144e-09
967	0.00316948377299065	1.69136488395911e-09
968	0.00316994769135052	1.68961921972257e-09
969	0.00317041128221595	1.6878771551842e-09
970	0.00317087454615484	1.68613867922116e-09
971	0.00317133748373357	1.68440378075643e-09
972	0.00317180009551691	1.68267244875848e-09
973	0.00317226238206815	1.68094467224112e-09
974	0.00317272434394895	1.67922044026323e-09
975	0.00317318598171951	1.67749974192854e-09
976	0.00317364729593839	1.67578256638538e-09
977	0.00317410828716271	1.67406890282649e-09
978	0.00317456895594801	1.67235874048875e-09
979	0.00317502930284835	1.670652068653e-09
980	0.00317548932841623	1.66894887664376e-09
981	0.00317594903320264	1.66724915382906e-09
982	0.00317640841775714	1.66555288962021e-09
983	0.00317686748262773	1.66386007347154e-09
984	0.00317732622836091	1.66217069488021e-09
985	0.00317778465550173	1.66048474338604e-09
986	0.00317824276459372	1.65880220857118e-09
987	0.00317870055617896	1.65712308006e-09
988	0.00317915803079809	1.65544734751884e-09
989	0.00317961518899022	1.65377500065578e-09
990	0.00318007203129301	1.65210602922047e-09
991	0.00318052855824273	1.65044042300386e-09
992	0.00318098477037414	1.64877817183806e-09
993	0.00318144066822058	1.64711926559608e-09
994	0.00318189625231395	1.64546369419168e-09
995	0.00318235152318471	1.64381144757908e-09
996	0.00318280648136191	1.64216251575286e-09
997	0.00318326112737315	1.64051688874766e-09
998	0.00318371546174466	1.63887455663806e-09
999	0.00318416948500121	1.63723550953833e-09
1000	0.00315594544558225	1.63227414219351e-09
1001	0.00318507660026155	1.63396723102293e-09
