1	0.000184342449879264	1.31011962953387e-10
2	0.000166760584914467	5.09022691650615e-11
3	0.000152369531387019	2.80861861563413e-11
4	0.000157632818270682	1.83580723871063e-11
5	0.000148549819111166	1.22879450866963e-11
6	0.000141352943451069	9.49251042944386e-12
7	0.000135491613615546	7.13062164185647e-12
8	0.000130610437370971	5.97907888197078e-12
9	0.000126471162579931	4.78715233079436e-12
10	0.000122908235270358	3.91919285647232e-12
11	0.000119802942337721	3.26758940188478e-12
12	0.000117067820364362	2.97333592233917e-12
13	0.000114636907918203	2.54939867991863e-12
14	0.000112459444470001	2.21007685092558e-12
15	0.000110495673762575	1.93426106662391e-12
16	0.000108713973647155	1.83189428706643e-12
17	0.000107088846348233	1.62862875091919e-12
18	0.000105599481408739	1.45741216002321e-12
19	0.000104228708700562	1.31184415024344e-12
20	0.000102962222689726	1.1870459457293e-12
21	0.000101787998899112	1.15630678829502e-12
22	0.000100695848880542	1.05585817215443e-12
23	9.96770765544439e-05	9.67952758292083e-13
24	9.87242097845066e-05	8.90585754695771e-13
25	9.78307885143927e-05	8.22137487698753e-13
26	9.69911959332712e-05	7.61287915359381e-13
27	9.62005227331596e-05	7.56257518437296e-13
28	9.5454457073143e-05	7.04140694519753e-13
29	9.47491947006265e-05	6.57231564541136e-13
30	9.40813650154557e-05	6.14858695393863e-13
31	9.34479698459802e-05	5.76455481071167e-13
32	9.28463324375394e-05	5.41541098857185e-13
33	9.2274054703443e-05	5.09705383012173e-13
34	9.17289812051525e-05	4.80596721291117e-13
35	9.12091686471205e-05	4.53912303104674e-13
36	9.07128599174394e-05	4.58657045453581e-13
37	9.02384618963918e-05	4.34530279182331e-13
38	8.97845264044943e-05	4.12258391763953e-13
39	8.93497337792616e-05	3.9165599994641e-13
40	9.840989144585e-05	3.72560315190093e-13
41	9.79682471177772e-05	3.54827917742727e-13
42	9.75440619822165e-05	3.38332055551709e-13
43	9.71363098905375e-05	3.22960372646794e-13
44	9.67440457718875e-05	3.08612990687643e-13
45	9.63663976333802e-05	2.95200882291242e-13
46	9.60025595010086e-05	3.01481438480033e-13
47	9.56517851735736e-05	2.88924931461635e-13
48	9.53133826814557e-05	2.77136865569968e-13
49	9.49867093583214e-05	2.66055791888608e-13
50	9.46711674473911e-05	2.55626283279459e-13
51	9.43662001752053e-05	2.45798239869613e-13
52	9.40712882353723e-05	2.36526286225167e-13
53	9.37859466327267e-05	2.27769246634941e-13
54	9.35097218451569e-05	2.19489687147681e-13
55	9.32421892660725e-05	2.11653514830706e-13
56	9.29829508953749e-05	2.04229626222294e-13
57	9.27316332509324e-05	1.97189598195275e-13
58	9.24878854762014e-05	1.90507415483522e-13
59	9.22513776225922e-05	1.96165945235198e-13
60	9.20217990879144e-05	1.89736325768666e-13
61	9.17988571944161e-05	1.83617716472691e-13
62	9.15822758919676e-05	1.77790377125246e-13
63	9.13717945736041e-05	1.72236109198718e-13
64	9.11671669921186e-05	1.66938113597325e-13
65	9.09681602677179e-05	1.61880863477882e-13
66	9.07745539778403e-05	1.57049990353534e-13
67	9.05861393212451e-05	1.52432181918266e-13
68	9.04027183493244e-05	1.48015090233716e-13
69	9.02241032583767e-05	1.43787249094414e-13
70	9.00501157372041e-05	1.39737999537587e-13
71	8.98805863650164e-05	1.35857422592862e-13
72	8.97153540551473e-05	1.32136278478692e-13
73	8.9554265540503e-05	1.28565951548778e-13
74	8.93971748971307e-05	1.33123619434294e-13
75	8.92439431026059e-05	1.29621247020082e-13
76	8.90944376262893e-05	1.26255296028496e-13
77	8.89485320487738e-05	1.23018772283022e-13
78	8.88061057081008e-05	1.1990512416191e-13
79	8.86670433705654e-05	1.16908209415251e-13
80	8.85312349241034e-05	1.14022264848948e-13
81	8.83985750924841e-05	1.11241878595977e-13
82	8.8268963168638e-05	1.08561964725608e-13
83	8.81423027656494e-05	1.05977739967991e-13
84	8.80185015840389e-05	1.03484702355072e-13
85	8.78974711941061e-05	1.01078611599595e-13
86	8.77791268321851e-05	9.87554710524358e-14
87	8.76633872097894e-05	9.65115110947988e-14
88	8.75501743346885e-05	9.43431738363375e-14
89	8.74394133430539e-05	9.22470990031448e-14
90	8.73310323418685e-05	9.02201109110316e-14
91	8.7224962260877e-05	8.82592064297451e-14
92	8.71211367134027e-05	8.63615438529001e-14
93	8.70194918654025e-05	8.98057262534054e-14
94	8.69199663122086e-05	8.79154542483293e-14
95	8.68225009624161e-05	8.60842414398063e-14
96	8.67270389284444e-05	8.43096528875124e-14
97	8.66335254233182e-05	8.25893778575563e-14
98	8.65419076632559e-05	8.0921222296358e-14
99	8.64521347756965e-05	7.93031018312494e-14
100	8.52218291806482e-05	7.79433138103963e-14
101	8.62779291672639e-05	7.62091384637676e-14
102	8.61934034986781e-05	7.47296187912171e-14
103	8.61105366559279e-05	7.32927697446578e-14
104	8.60292861095867e-05	7.18969660766577e-14
105	8.59496107855481e-05	7.05406591881378e-14
106	8.58714710024871e-05	6.9222372831141e-14
107	8.57948284125688e-05	6.79406990900677e-14
108	8.57196459451795e-05	6.66942946209553e-14
109	8.56458877535193e-05	6.54818771300252e-14
110	8.55735191638796e-05	6.43022220742685e-14
111	8.55025066274423e-05	6.31541595682042e-14
112	8.54328176744725e-05	6.20365714822233e-14
113	8.53644208707418e-05	6.09483887190681e-14
114	8.52972857760735e-05	5.98885886560658e-14
115	8.52313829048852e-05	5.8856192741683e-14
116	8.51666836886148e-05	6.1391162388139e-14
117	8.51031604399167e-05	6.03507984974964e-14
118	8.50407863185517e-05	5.93366581012508e-14
119	8.49795352988573e-05	5.83478672226542e-14
120	8.49193821387196e-05	5.73835879938925e-14
121	8.48603023499729e-05	5.64430168805212e-14
122	8.48022721701391e-05	5.55253830069367e-14
123	8.474526853544e-05	5.46299465763619e-14
124	8.46892690550213e-05	5.3755997379295e-14
125	8.46342519863195e-05	5.29028533848154e-14
126	8.45801962115082e-05	5.20698594095137e-14
127	8.45270812149818e-05	5.12563858592124e-14
128	8.44748870618081e-05	5.04618275389473e-14
129	8.44235943771135e-05	4.96856025270205e-14
130	8.43731843263412e-05	4.89271511092094e-14
131	8.43236385963605e-05	4.81859347694842e-14
132	8.42749393773519e-05	4.74614352338428e-14
133	8.42270693454643e-05	4.67531535640784e-14
134	8.41800116461841e-05	4.60606092985394e-14
135	8.41337498783896e-05	4.53833396371028e-14
136	8.40882680790584e-05	4.47208986677869e-14
137	8.40435507085951e-05	4.40728566325875e-14
138	8.39995826367473e-05	4.34387992302834e-14
139	8.39563491290877e-05	4.28183269540928e-14
140	8.3913835834037e-05	4.22110544622112e-14
141	8.38720287703875e-05	4.16166099793724e-14
142	8.38309143153274e-05	4.10346347277008e-14
143	8.3790479192924e-05	4.28920404921291e-14
144	8.37507104630552e-05	4.2300501524907e-14
145	8.3711595510761e-05	4.17211159114083e-14
146	8.36731220360118e-05	4.11535529906922e-14
147	8.36352780438492e-05	4.05974932713511e-14
148	8.35980518349136e-05	4.00526279817892e-14
149	8.35614319963094e-05	3.95186586414842e-14
150	8.35254073928234e-05	3.8995296652124e-14
151	8.34899671584611e-05	3.84822629075688e-14
152	8.34551006882947e-05	3.79792874216557e-14
153	8.34207976306025e-05	3.74861089729197e-14
154	8.33870478793023e-05	3.70024747653581e-14
155	8.33538415666512e-05	3.65281401044129e-14
156	8.33211690562079e-05	3.60628680874003e-14
157	8.32890209360371e-05	3.56064293076529e-14
158	8.32573880121743e-05	3.51586015716858e-14
159	8.3226261302293e-05	3.47191696287332e-14
160	8.31956320296164e-05	3.42879249120466e-14
161	8.31654916170226e-05	3.38646652913661e-14
162	8.31358316813646e-05	3.3449194836024e-14
163	8.31066440279803e-05	3.30413235881556e-14
164	8.30779206453833e-05	3.2640867345533e-14
165	8.30496537001495e-05	3.22476474535527e-14
166	8.30218355319561e-05	3.1861490605944e-14
167	8.2994458648804e-05	3.14822286537775e-14
168	8.29675157223832e-05	3.11096984223869e-14
169	8.29409995836061e-05	3.07437415358247e-14
170	8.29149032182736e-05	3.03842042485053e-14
171	8.28892197629001e-05	3.00309372837007e-14
172	8.28639425006533e-05	2.96837956785652e-14
173	8.2839064857442e-05	2.93426386353998e-14
174	8.28145803981213e-05	2.90073293788613e-14
175	8.27904828228216e-05	3.03642404604722e-14
176	8.27667659633937e-05	3.00211772797202e-14
177	8.27434237799685e-05	2.9683895460609e-14
178	8.27204503576172e-05	2.93522658242073e-14
179	8.26978399031267e-05	2.90261627795109e-14
180	8.26755867418647e-05	2.87054642045183e-14
181	8.26536853147563e-05	2.83900513318801e-14
182	8.26321301753294e-05	2.80798086389211e-14
183	8.26109159868779e-05	2.77746237418477e-14
184	8.25900375196934e-05	2.74743872939567e-14
185	8.25694896483822e-05	2.71789928876736e-14
186	8.25492673492762e-05	2.68883369602596e-14
187	8.25293656978996e-05	2.66023187030284e-14
188	8.25097798665338e-05	2.63208399739235e-14
189	8.24905051218365e-05	2.60438052133187e-14
190	8.24715368225408e-05	2.57711213629021e-14
191	8.24528704172241e-05	2.55026977875165e-14
192	8.24345014421252e-05	2.52384461998385e-14
193	8.24164255190507e-05	2.49782805877695e-14
194	8.23986383533188e-05	2.47221171444368e-14
195	8.23811357317763e-05	2.44698742006927e-14
196	8.23639135208641e-05	2.42214721600131e-14
197	8.23469676647434e-05	2.39768334356964e-14
198	8.23302941834712e-05	2.37358823902714e-14
199	8.2313889171233e-05	2.34985452770257e-14
200	8.22977487946129e-05	2.32647501835717e-14
201	8.22818692909281e-05	2.3034426977365e-14
202	8.22662469665963e-05	2.28075072531046e-14
203	8.22508781955561e-05	2.25839242819359e-14
204	8.22357594177265e-05	2.23636129623881e-14
205	8.222088713751e-05	2.21465097729794e-14
206	8.22062579223412e-05	2.19325527264245e-14
207	8.21918684012604e-05	2.17216813253824e-14
208	8.2177715263549e-05	2.15138365196875e-14
209	8.21637952573769e-05	2.13089606650048e-14
210	8.21501051885021e-05	2.1106997482858e-14
211	8.21366419190009e-05	2.09078920219755e-14
212	8.21234023660284e-05	2.07115906209089e-14
213	8.21103835006173e-05	2.17014902777133e-14
214	8.20975823465019e-05	2.14996330957086e-14
215	8.20849959789793e-05	2.1300579246753e-14
216	8.20726215237939e-05	2.11042770609228e-14
217	8.20604561560601e-05	2.09106760532828e-14
218	8.2048497099197e-05	2.07197268914236e-14
219	8.203674162391e-05	2.05313813640317e-14
220	8.20251870471834e-05	2.03455923504551e-14
221	8.2013830731303e-05	2.01623137912279e-14
222	8.20026700829085e-05	1.99815006595218e-14
223	8.19917025520602e-05	1.98031089334875e-14
224	8.19809256313415e-05	1.96270955694577e-14
225	8.1970336854969e-05	1.94534184759802e-14
226	8.19599337979398e-05	1.92820364886511e-14
227	8.19497140751868e-05	1.91129093457206e-14
228	8.19396753407643e-05	1.89459976644446e-14
229	8.19298152870518e-05	1.87812629181567e-14
230	8.19201316439705e-05	1.86186674140331e-14
231	8.19106221782277e-05	1.84581742715305e-14
232	8.19012846925765e-05	1.82997474014701e-14
233	8.18921170250893e-05	1.81433514857479e-14
234	8.18831170484542e-05	1.79889519576494e-14
235	8.187428266929e-05	1.78365149827477e-14
236	8.18656118274667e-05	1.76860074403667e-14
237	8.18571024954548e-05	1.7537396905588e-14
238	8.18487526776824e-05	1.73906516317862e-14
239	8.18405604099114e-05	1.72457405336721e-14
240	8.18325237586236e-05	1.71026331708306e-14
241	8.18246408204259e-05	1.69612997317315e-14
242	8.18169097214693e-05	1.68217110182042e-14
243	8.18093286168769e-05	1.66838384303552e-14
244	8.18018956901875e-05	1.65476539519184e-14
245	8.17946091528171e-05	1.64131301360207e-14
246	8.17874672435223e-05	1.62802400913519e-14
247	8.17804682278845e-05	1.61489574687247e-14
248	8.17736103978043e-05	1.60192564480126e-14
249	8.1766892071005e-05	1.58911117254531e-14
250	8.17603115905445e-05	1.57644985013051e-14
251	8.17538673243493e-05	1.56393924678502e-14
252	8.17475576647473e-05	1.5515769797724e-14
253	8.17413810280163e-05	1.53936071325705e-14
254	8.17353358539406e-05	1.5272881572007e-14
255	8.17294206053809e-05	1.51535706628923e-14
256	8.1723633767851e-05	1.50356523888843e-14
257	8.17179738491002e-05	1.57633878802086e-14
258	8.17124393787141e-05	1.5641671424545e-14
259	8.17070289077166e-05	1.55213592906309e-14
260	8.17017410081822e-05	1.54024299578139e-14
261	8.16965742728548e-05	1.52848623161115e-14
262	8.16915273147839e-05	1.51686356568435e-14
263	8.16865987669569e-05	1.50537296635121e-14
264	8.16817872819427e-05	1.49401244029229e-14
265	8.16770915315514e-05	1.48278003165393e-14
266	8.16725102064859e-05	1.4716738212064e-14
267	8.16680420160136e-05	1.46069192552402e-14
268	8.16636856876425e-05	1.44983249618663e-14
269	8.16594399667977e-05	1.43909371900171e-14
270	8.16553036165133e-05	1.42847381324662e-14
271	8.16512754171236e-05	1.4179710309304e-14
272	8.16473541659663e-05	1.40758365607437e-14
273	8.16435386770874e-05	1.39731000401125e-14
274	8.16398277809536e-05	1.38714842070196e-14
275	8.16362203241777e-05	1.37709728206994e-14
276	8.16327151692322e-05	1.3671549933521e-14
277	8.16293111941886e-05	1.35731998846624e-14
278	8.16260072924497e-05	1.34759072939429e-14
279	8.16228023724911e-05	1.33796570558096e-14
280	8.16196953576062e-05	1.32844343334742e-14
281	8.16166851856611e-05	1.31902245531945e-14
282	8.16137708088458e-05	1.30970133986983e-14
283	8.16109511934414e-05	1.3004786805744e-14
284	8.16082253195821e-05	1.29135309568151e-14
285	8.16055921810276e-05	1.28232322759442e-14
286	8.16030507849379e-05	1.27338774236642e-14
287	8.16006001516534e-05	1.26454532920806e-14
288	8.15982393144779e-05	1.25579470000651e-14
289	8.15959673194686e-05	1.24713458885633e-14
290	8.15937832252275e-05	1.23856375160167e-14
291	8.15916861026979e-05	1.23008096538935e-14
292	8.15896750349635e-05	1.22168502823272e-14
293	8.15877491170558e-05	1.21337475858573e-14
294	8.15859074557604e-05	1.20514899492735e-14
295	8.15841491694284e-05	1.19700659535556e-14
296	8.15824733877927e-05	1.18894643719111e-14
297	8.15808792517856e-05	1.18096741659048e-14
298	8.15793659133636e-05	1.17306844816793e-14
299	8.15779325353277e-05	1.16524846462637e-14
300	8.15765782911611e-05	1.15750641639681e-14
301	8.15753023648527e-05	1.14984127128617e-14
302	8.15741039507383e-05	1.14225201413322e-14
303	8.15729822533378e-05	1.13473764647244e-14
304	8.15719364871914e-05	1.12729718620563e-14
305	8.15709658767163e-05	1.11992966728095e-14
306	8.15700696560395e-05	1.11263413937939e-14
307	8.15692470688575e-05	1.10540966760823e-14
308	8.15684973682876e-05	1.15925594406568e-14
309	8.15678198167197e-05	1.15177731078725e-14
310	8.15672136856803e-05	1.14437081443751e-14
311	8.15666782556888e-05	1.13703553023835e-14
312	8.15662128161241e-05	1.12977054818365e-14
313	8.15658166650856e-05	1.12257497275695e-14
314	8.15654891092675e-05	1.11544792265551e-14
315	8.15652294638261e-05	1.10838853052046e-14
316	8.15650370522556e-05	1.10139594267286e-14
317	8.15649112062566e-05	1.09446931885559e-14
318	8.15648512656217e-05	1.08760783198101e-14
319	8.15648565781112e-05	1.08081066788391e-14
320	8.15649264993366e-05	1.0740770250801e-14
321	8.15650603926412e-05	1.06740611453007e-14
322	8.15652576289907e-05	1.06079715940785e-14
323	8.15655175868564e-05	1.05424939487484e-14
324	8.15658396521101e-05	1.04776206785851e-14
325	8.15662232179125e-05	1.0413344368359e-14
326	8.15666676846071e-05	1.03496577162166e-14
327	8.1567172459619e-05	1.0286553531607e-14
328	8.15677369573491e-05	1.0224024733252e-14
329	8.15683605990721e-05	1.01620643471595e-14
330	8.15690428128445e-05	1.01006655046791e-14
331	8.15697830333966e-05	1.00398214405978e-14
332	8.15705807020475e-05	9.97952549127704e-15
333	8.15714352666047e-05	9.91977109282783e-15
334	8.1572346181272e-05	9.86055177932408e-15
335	8.15733129065616e-05	9.80186118105388e-15
336	8.15743349092007e-05	9.74369302280604e-15
337	8.15754116620496e-05	9.68604112219304e-15
338	8.15765426440094e-05	9.62889938800789e-15
339	8.15777273399395e-05	9.57226181861553e-15
340	8.15789652405747e-05	9.51612250037654e-15
341	8.15802558424424e-05	9.4604756061036e-15
342	8.15815986477846e-05	9.4053153935493e-15
343	8.15829931644709e-05	9.3506362039246e-15
344	8.158443890593e-05	9.29643246044768e-15
345	8.15859353910683e-05	9.2426986669215e-15
346	8.15874821441929e-05	9.18942940634102e-15
347	8.15890786949399e-05	9.13661933952751e-15
348	8.15907245782028e-05	9.08426320379065e-15
349	8.15924193340559e-05	9.03235581161774e-15
350	8.15941625076873e-05	8.98089204938814e-15
351	8.15959536493288e-05	8.92986687611417e-15
352	8.15977923141865e-05	8.87927532220652e-15
353	8.15996780623761e-05	8.82911248826421e-15
354	8.16016104588538e-05	8.77937354388831e-15
355	8.16035890733506e-05	8.73005372651915e-15
356	8.16056134803126e-05	8.681148340296e-15
357	8.16076832588317e-05	8.63265275493942e-15
358	8.16097979925925e-05	8.5845624046555e-15
359	8.16119572698005e-05	8.53687278706065e-15
360	8.16141606831321e-05	8.489579462128e-15
361	8.16164078296652e-05	8.44267805115401e-15
362	8.16186983108318e-05	8.39616423574481e-15
363	8.16210317323522e-05	8.35003375682211e-15
364	8.16234077041833e-05	8.30428241364811e-15
365	8.16258258404615e-05	8.25890606286952e-15
366	8.16282857594487e-05	8.21390061757896e-15
367	8.16307870834757e-05	8.61476255950944e-15
368	8.16333294388943e-05	8.56807236713561e-15
369	8.16359124560229e-05	8.52176072530436e-15
370	8.16385357690914e-05	8.47582355280905e-15
371	8.16411990161974e-05	8.43025682329517e-15
372	8.16439018392514e-05	8.38505656437812e-15
373	8.16466438839308e-05	8.34021885677757e-15
374	8.1649424799628e-05	8.29573983346754e-15
375	8.16522442394083e-05	8.25161567884293e-15
376	8.16551018599597e-05	8.20784262790087e-15
377	8.16579973215436e-05	8.16441696543783e-15
378	8.16609302879572e-05	8.12133502526101e-15
379	8.16639004264831e-05	8.07859318941484e-15
380	8.16669074078478e-05	8.03618788742101e-15
381	8.16699509061766e-05	7.99411559553315e-15
382	8.16730305989505e-05	7.95237283600439e-15
383	8.16761461669672e-05	7.91095617636915e-15
384	8.16792972942988e-05	7.86986222873696e-15
385	8.16824836682474e-05	7.82908764909989e-15
386	8.16857049793092e-05	7.78862913665241e-15
387	8.16889609211321e-05	7.74848343312284e-15
388	8.16922511904799e-05	7.70864732211787e-15
389	8.16955754871901e-05	7.66911762847787e-15
390	8.16989335141374e-05	7.62989121764452e-15
391	8.17023249771978e-05	7.59096499503923e-15
392	8.170574958521e-05	7.5523359054527e-15
393	8.17092070499387e-05	7.51400093244562e-15
394	8.17126970860424e-05	7.47595709775965e-15
395	8.17162194110343e-05	7.438201460739e-15
396	8.17197737452482e-05	7.40073111776214e-15
397	8.17233598118079e-05	7.36354320168343e-15
398	8.17269773365885e-05	7.3266348812849e-15
399	8.17306260481858e-05	7.29000336073706e-15
400	8.17343056778837e-05	7.25364587906958e-15
401	8.17380159596222e-05	7.21755970965092e-15
402	8.17417566299623e-05	7.18174215967736e-15
403	8.1745527428061e-05	7.14619056967029e-15
404	8.17493280956337e-05	7.11090231298268e-15
405	8.17531583769274e-05	7.0758747953141e-15
406	8.17570180186901e-05	7.04110545423344e-15
407	8.1760906770141e-05	7.00659175871073e-15
408	8.17648243829419e-05	6.97233120865616e-15
409	8.17687706111652e-05	6.93832133446761e-15
410	8.17727452112723e-05	6.90455969658532e-15
411	8.17767479420782e-05	6.87104388505453e-15
412	8.17807785647286e-05	6.83777151909554e-15
413	8.17848368426709e-05	6.80474024668052e-15
414	8.1788922541626e-05	6.77194774411826e-15
415	8.17930354295665e-05	6.73939171564529e-15
416	8.1797175276686e-05	6.707069893024e-15
417	8.18013418553758e-05	6.6749800351476e-15
418	8.18055349401986e-05	6.64311992765179e-15
419	8.18097543078612e-05	6.61148738253253e-15
420	8.18139997371965e-05	6.58008023777037e-15
421	8.18182710091298e-05	6.5488963569612e-15
422	8.18225679066652e-05	6.5179336289528e-15
423	8.18268902148527e-05	6.48718996748746e-15
424	8.18312377207692e-05	6.45666331085075e-15
425	8.18356102134962e-05	6.42635162152569e-15
426	8.1840007484096e-05	6.39625288585267e-15
427	8.1844429325586e-05	6.36636511369535e-15
428	8.18488755329239e-05	6.33668633811127e-15
429	8.18533459029778e-05	6.30721461502858e-15
430	8.18578402345102e-05	6.27794802292738e-15
431	8.18623583281546e-05	6.24888466252667e-15
432	8.18668999863954e-05	6.2200226564763e-15
433	8.18714650135462e-05	6.1913601490535e-15
434	8.18760532157293e-05	6.16289530586481e-15
435	8.1880664400855e-05	6.46319896784644e-15
436	8.18852983786079e-05	6.43362033091109e-15
437	8.1889954960417e-05	6.40424427900203e-15
438	8.18946339594414e-05	6.37506896631849e-15
439	8.18993351905566e-05	6.34609256803376e-15
440	8.19040584703241e-05	6.31731328001007e-15
441	8.1908803616983e-05	6.2887293185175e-15
442	8.19135704504257e-05	6.26033891995771e-15
443	8.19183587921833e-05	6.23214034059189e-15
444	8.19231684654057e-05	6.20413185627304e-15
445	8.19279992948439e-05	6.17631176218228e-15
446	8.1932851106831e-05	6.14867837256959e-15
447	8.19377237292722e-05	6.12123002049837e-15
448	8.19426169916186e-05	6.09396505759398e-15
449	8.19475307248547e-05	6.0668818537963e-15
450	8.19524647614844e-05	6.03997879711614e-15
451	8.19574189355076e-05	6.01325429339535e-15
452	8.19623930824132e-05	5.9867067660706e-15
453	8.19673870391537e-05	5.96033465594085e-15
454	8.19724006441389e-05	5.93413642093854e-15
455	8.197743373721e-05	5.90811053590402e-15
456	8.19824861596344e-05	5.88225549236364e-15
457	8.19875577540843e-05	5.85656979831111e-15
458	8.19926483646238e-05	5.83105197799235e-15
459	8.19977578366928e-05	5.8057005716934e-15
460	8.20028860170949e-05	5.78051413553173e-15
461	8.2008032753981e-05	5.75549124125062e-15
462	8.20131978968357e-05	5.73063047601668e-15
463	8.20183812964617e-05	5.70593044222043e-15
464	8.20235828049708e-05	5.68138975727984e-15
465	8.20288022757628e-05	5.6570070534469e-15
466	8.20340395635209e-05	5.632780977617e-15
467	8.20392945241879e-05	5.60871019114117e-15
468	8.20445670149638e-05	5.58479336964131e-15
469	8.20498568942831e-05	5.56102920282775e-15
470	8.20551640218114e-05	5.53741639432007e-15
471	8.20604882584236e-05	5.51395366147006e-15
472	8.20658294661968e-05	5.49063973518774e-15
473	8.20711875083969e-05	5.46747335976955e-15
474	8.20765622494668e-05	5.44445329272939e-15
475	8.2081953555012e-05	5.42157830463202e-15
476	8.20873612917915e-05	5.39884717892881e-15
477	8.20927853277046e-05	5.37625871179607e-15
478	8.20982255317784e-05	5.35381171197565e-15
479	8.21036817741585e-05	5.33150500061786e-15
480	8.21091539260963e-05	5.30933741112673e-15
481	8.21146418599362e-05	5.28730778900743e-15
482	8.21201454491088e-05	5.26541499171591e-15
483	8.2125664568116e-05	5.24365788851092e-15
484	8.21311990925202e-05	5.22203536030783e-15
485	8.21367488989363e-05	5.20054629953487e-15
486	8.21423138650211e-05	5.17918960999109e-15
487	8.21478938694576e-05	5.15796420670679e-15
488	8.21534887919525e-05	5.13686901580563e-15
489	8.21590985132185e-05	5.11590297436867e-15
490	8.21647229149709e-05	5.09506503030076e-15
491	8.21703618799117e-05	5.0743541421982e-15
492	8.21760152917238e-05	5.0537692792189e-15
493	8.21816830350593e-05	5.03330942095403e-15
494	8.21873649955323e-05	5.01297355730147e-15
495	8.21930610597051e-05	4.99276068834127e-15
496	8.21987711150824e-05	4.97266982421265e-15
497	8.2204495050102e-05	4.95269998499278e-15
498	8.22102327541225e-05	4.93285020057742e-15
499	8.22159841174175e-05	4.91311951056297e-15
500	8.22217490311648e-05	4.89350696413033e-15
501	8.22275273874386e-05	4.8740116199304e-15
502	8.22333190792013e-05	4.85463254597111e-15
503	8.22391240002918e-05	4.83536881950596e-15
504	8.22449420454191e-05	4.81621952692423e-15
505	8.22507731101557e-05	4.7971837636427e-15
506	8.22566170909263e-05	4.77826063399869e-15
507	8.22624738849981e-05	4.75944925114482e-15
508	8.2268343390479e-05	4.74074873694512e-15
509	8.22742255063023e-05	4.72215822187241e-15
510	8.22801201322245e-05	4.70367684490731e-15
511	8.22860271688113e-05	4.68530375343856e-15
512	8.22919465174372e-05	4.66703810316462e-15
513	8.22978780802729e-05	4.89350798639639e-15
514	8.23038217602756e-05	4.87450473634696e-15
515	8.23097774611895e-05	4.85561196644069e-15
516	8.23157450875289e-05	4.83682882192888e-15
517	8.23217245445778e-05	4.81815445631294e-15
518	8.23277157383804e-05	4.79958803124926e-15
519	8.233371857573e-05	4.7811287164548e-15
520	8.23397329641718e-05	4.76277568961445e-15
521	8.23457588119818e-05	4.74452813628939e-15
522	8.23517960281749e-05	4.72638524982685e-15
523	8.23578445224862e-05	4.7083462312707e-15
524	8.23639042053678e-05	4.69041028927378e-15
525	8.23699749879879e-05	4.67257664001096e-15
526	8.23760567822131e-05	4.65484450709342e-15
527	8.23821495006132e-05	4.63721312148444e-15
528	8.2388253056444e-05	4.61968172141566e-15
529	8.23943673636517e-05	4.60224955230505e-15
530	8.24004923368559e-05	4.5849158666756e-15
531	8.24066278913516e-05	4.56767992407521e-15
532	8.24127739430987e-05	4.55054099099771e-15
533	8.24189304087167e-05	4.53349834080459e-15
534	8.24250972054792e-05	4.51655125364826e-15
535	8.24312742513072e-05	4.4996990163958e-15
536	8.24374614647617e-05	4.48294092255411e-15
537	8.24436587650422e-05	4.46627627219567e-15
538	8.24498660719769e-05	4.44970437188576e-15
539	8.24560833060175e-05	4.43322453460997e-15
540	8.24623103882358e-05	4.41683607970323e-15
541	8.24685472403141e-05	4.40053833277949e-15
542	8.24747937845418e-05	4.38433062566223e-15
543	8.2481049943812e-05	4.36821229631611e-15
544	8.24873156416142e-05	4.3521826887793e-15
545	8.24935908020249e-05	4.33624115309675e-15
546	8.24998753497093e-05	4.32038704525424e-15
547	8.25061692099122e-05	4.30461972711351e-15
548	8.25124723084521e-05	4.28893856634779e-15
549	8.25187845717172e-05	4.2733429363787e-15
550	8.25251059266617e-05	4.25783221631339e-15
551	8.25314363007975e-05	4.2424057908829e-15
552	8.25377756221906e-05	4.22706305038106e-15
553	8.2544123819458e-05	4.21180339060434e-15
554	8.25504808217615e-05	4.19662621279226e-15
555	8.25568465588003e-05	4.18153092356872e-15
556	8.25632209608107e-05	4.16651693488397e-15
557	8.25696039585554e-05	4.15158366395738e-15
558	8.25759954833273e-05	4.13673053322084e-15
559	8.25823954669372e-05	4.12195697026291e-15
560	8.25888038417116e-05	4.10726240777371e-15
561	8.259522054049e-05	4.09264628349046e-15
562	8.26016454966157e-05	4.07810804014365e-15
563	8.26080786439388e-05	4.06364712540392e-15
564	8.26145199168053e-05	4.04926299182965e-15
565	8.26209692500534e-05	4.03495509681513e-15
566	8.26274265790127e-05	4.02072290253936e-15
567	8.26338918394984e-05	4.00656587591553e-15
568	8.26403649678027e-05	3.99248348854114e-15
569	8.26468459006996e-05	3.97847521664857e-15
570	8.26533345754302e-05	3.96454054105655e-15
571	8.26598309297085e-05	3.95067894712187e-15
572	8.26663349017094e-05	3.93688992469206e-15
573	8.2672846430069e-05	3.92317296805825e-15
574	8.26793654538813e-05	3.90952757590898e-15
575	8.26858919126894e-05	3.89595325128427e-15
576	8.26924257464854e-05	3.88244950153041e-15
577	8.269896689571e-05	3.8690158382553e-15
578	8.27055153012374e-05	3.85565177728419e-15
579	8.27120709043844e-05	3.84235683861624e-15
580	8.27186336468988e-05	3.8291305463812e-15
581	8.27252034709562e-05	3.81597242879692e-15
582	8.27317803191607e-05	3.80288201812733e-15
583	8.27383641345366e-05	3.78985885064082e-15
584	8.27449548605257e-05	3.77690246656912e-15
585	8.27515524409879e-05	3.76401241006688e-15
586	8.27581568201911e-05	3.75118822917137e-15
587	8.27647679428134e-05	3.73842947576302e-15
588	8.27713857539342e-05	3.72573570552617e-15
589	8.27780101990359e-05	3.71310647791046e-15
590	8.2784641224e-05	3.7005413560926e-15
591	8.27912787750981e-05	3.6880399069385e-15
592	8.27979227989946e-05	3.67560170096609e-15
593	8.28045732427427e-05	3.66322631230833e-15
594	8.2811230053778e-05	3.65091331867676e-15
595	8.2817893179917e-05	3.63866230132556e-15
596	8.2824562569355e-05	3.62647284501581e-15
597	8.28312381706618e-05	3.61434453798045e-15
598	8.2837919932778e-05	3.60227697188941e-15
599	8.2844607805013e-05	3.59026974181526e-15
600	8.28513017370419e-05	3.57832244619927e-15
601	8.28580016789005e-05	3.75086981227504e-15
602	8.28647075809861e-05	3.73842948733303e-15
603	8.28714193940501e-05	3.72605095023959e-15
604	8.2878137069198e-05	3.71373379249227e-15
605	8.28848605578868e-05	3.70147760895893e-15
606	8.28915898119192e-05	3.68928199784457e-15
607	8.28983247834433e-05	3.67714656065826e-15
608	8.29050654249487e-05	3.66507090218068e-15
609	8.29118116892643e-05	3.65305463043192e-15
610	8.29185635295547e-05	3.64109735663969e-15
611	8.29253208993178e-05	3.62919869520777e-15
612	8.29320837523837e-05	3.61735826368512e-15
613	8.29388520429081e-05	3.60557568273491e-15
614	8.29456257253713e-05	3.59385057610436e-15
615	8.29524047545799e-05	3.58218257059455e-15
616	8.29591890856576e-05	3.57057129603076e-15
617	8.29659786740474e-05	3.55901638523318e-15
618	8.29727734755031e-05	3.54751747398776e-15
619	8.29795734460947e-05	3.53607420101759e-15
620	8.29863785422005e-05	3.52468620795454e-15
621	8.29931887205064e-05	3.51335313931115e-15
622	8.3000003938002e-05	3.50207464245291e-15
623	8.30068241519786e-05	3.49085036757078e-15
624	8.30136493200304e-05	3.47967996765421e-15
625	8.30204794000439e-05	3.4685630984641e-15
626	8.30273143502056e-05	3.45749941850651e-15
627	8.30341541289913e-05	3.44648858900621e-15
628	8.30409986951687e-05	3.43553027388098e-15
629	8.30478480077918e-05	3.42462413971574e-15
630	8.30547020262012e-05	3.41376985573739e-15
631	8.30615607100211e-05	3.40296709378951e-15
632	8.3068424019157e-05	3.39221552830779e-15
633	8.30752919137915e-05	3.38151483629531e-15
634	8.30821643543857e-05	3.37086469729843e-15
635	8.30890413016718e-05	3.36026479338267e-15
636	8.30959227166592e-05	3.34971480910903e-15
637	8.31028085606228e-05	3.33921443151063e-15
638	8.31096987951101e-05	3.32876335006928e-15
639	8.31165933819271e-05	3.31836125669272e-15
640	8.3123492283151e-05	3.30800784569181e-15
641	8.31303954611168e-05	3.29770281375811e-15
642	8.31373028784197e-05	3.28744585994164e-15
643	8.3144214497912e-05	3.27723668562893e-15
644	8.31511302827021e-05	3.2670749945213e-15
645	8.31580501961508e-05	3.25696049261331e-15
646	8.31649742018735e-05	3.24689288817155e-15
647	8.31719022637304e-05	3.23687189171352e-15
648	8.31788343458323e-05	3.22689721598695e-15
649	8.31857704125349e-05	3.21696857594911e-15
650	8.31927104284376e-05	3.20708568874645e-15
651	8.3199654358382e-05	3.19724827369453e-15
652	8.32066021674478e-05	3.18745605225802e-15
653	8.32135538209562e-05	3.17770874803097e-15
654	8.32205092844614e-05	3.16800608671744e-15
655	8.32274685237539e-05	3.15834779611199e-15
656	8.32344315048544e-05	3.14873360608076e-15
657	8.3241398194018e-05	3.13916324854252e-15
658	8.32483685577261e-05	3.12963645744998e-15
659	8.32553425626866e-05	3.12015296877128e-15
660	8.32623201758359e-05	3.11071252047178e-15
661	8.32693013643323e-05	3.10131485249583e-15
662	8.32762860955545e-05	3.09195970674899e-15
663	8.32832743371063e-05	3.08264682708017e-15
664	8.32902660568051e-05	3.07337595926431e-15
665	8.32972612226884e-05	3.06414685098473e-15
666	8.33042598030053e-05	3.05495925181625e-15
667	8.33112617662249e-05	3.04581291320802e-15
668	8.33182670810226e-05	3.03670758846683e-15
669	8.33252757162861e-05	3.02764303274032e-15
670	8.3332287641112e-05	3.01861900300069e-15
671	8.33393028248046e-05	3.0096352580283e-15
672	8.33463212368725e-05	3.00069155839562e-15
673	8.335334284703e-05	2.99178766645121e-15
674	8.33603676251928e-05	2.98292334630396e-15
675	8.33673955414787e-05	2.97409836380746e-15
676	8.33744265662034e-05	2.96531248654459e-15
677	8.3381460669882e-05	2.95656548381215e-15
678	8.33884978232254e-05	2.94785712660574e-15
679	8.33955379971402e-05	2.93918718760477e-15
680	8.34025811627261e-05	2.93055544115763e-15
681	8.34096272912743e-05	2.92196166326701e-15
682	8.34166763542678e-05	2.91340563157533e-15
683	8.34237283233772e-05	2.90488712535044e-15
684	8.34307831704632e-05	2.89640592547128e-15
685	8.34378408675725e-05	2.88796181441388e-15
686	8.34449013869358e-05	2.87955457623735e-15
687	8.34519647009659e-05	2.87118399657009e-15
688	8.34590307822617e-05	2.86284986259616e-15
689	8.34660996036009e-05	2.85455196304169e-15
690	8.34731711379408e-05	2.84629008816156e-15
691	8.34802453584173e-05	2.83806402972605e-15
692	8.34873222383427e-05	2.82987358100788e-15
693	8.34944017512065e-05	2.82171853676902e-15
694	8.35014838706703e-05	2.81359869324798e-15
695	8.35085685705714e-05	2.80551384814703e-15
696	8.35156558249157e-05	2.79746380061963e-15
697	8.35227456078824e-05	2.78944835125788e-15
698	8.35298378938179e-05	2.78146730208026e-15
699	8.35369326572385e-05	2.77352045651936e-15
700	8.35440298728263e-05	2.76560761940979e-15
701	8.35511295154297e-05	2.75772859697617e-15
702	8.35582315600579e-05	2.88968165336407e-15
703	8.35653359818903e-05	2.88147253988833e-15
704	8.35724427562617e-05	2.87329835791827e-15
705	8.35795518586713e-05	2.86515890954676e-15
706	8.3586663264775e-05	2.85705399826624e-15
707	8.35937769503909e-05	2.84898342895685e-15
708	8.36008928914912e-05	2.84094700787477e-15
709	8.36080110642066e-05	2.83294454264049e-15
710	8.36151314448208e-05	2.82497584222737e-15
711	8.3622254009773e-05	2.81704071695021e-15
712	8.36293787356523e-05	2.80913897845399e-15
713	8.36365055992051e-05	2.80127043970263e-15
714	8.36436345773223e-05	2.79343491496797e-15
715	8.3650765647049e-05	2.78563221981883e-15
716	8.36578987855756e-05	2.7778621711101e-15
717	8.36650339702416e-05	2.77012458697203e-15
718	8.36721711785317e-05	2.7624192867996e-15
719	8.36793103880768e-05	2.75474609124193e-15
720	8.36864515766516e-05	2.74710482219185e-15
721	8.36935947221737e-05	2.73949530277566e-15
722	8.37007398027037e-05	2.73191735734278e-15
723	8.37078867964427e-05	2.72437081145566e-15
724	8.37150356817317e-05	2.71685549187972e-15
725	8.37221864370521e-05	2.70937122657346e-15
726	8.37293390410219e-05	2.70191784467858e-15
727	8.37364934723958e-05	2.69449517651015e-15
728	8.37436497100681e-05	2.68710305354718e-15
729	8.37508077330658e-05	2.67974130842277e-15
730	8.3757967520548e-05	2.6724097749148e-15
731	8.37651290518124e-05	2.66510828793657e-15
732	8.37722923062853e-05	2.65783668352743e-15
733	8.37794572635247e-05	2.65059479884357e-15
734	8.37866239032205e-05	2.64338247214895e-15
735	8.37937922051916e-05	2.63619954280632e-15
736	8.38009621493854e-05	2.62904585126809e-15
737	8.38081337158761e-05	2.62192123906767e-15
738	8.38153068848678e-05	2.61482554881058e-15
739	8.38224816366886e-05	2.60775862416584e-15
740	8.38296579517899e-05	2.60072030985723e-15
741	8.38368358107509e-05	2.59371045165488e-15
742	8.38440151942707e-05	2.58672889636683e-15
743	8.38511960831752e-05	2.57977549183051e-15
744	8.38583784584074e-05	2.57285008690463e-15
745	8.38655623010339e-05	2.56595253146086e-15
746	8.38727475922399e-05	2.5590826763757e-15
747	8.38799343133317e-05	2.55224037352252e-15
748	8.38871224457314e-05	2.54542547576335e-15
749	8.38943119709796e-05	2.53863783694127e-15
750	8.39015028707341e-05	2.53187731187233e-15
751	8.39086951267691e-05	2.5251437563379e-15
752	8.39158887209702e-05	2.51843702707695e-15
753	8.39230836353429e-05	2.51175698177845e-15
754	8.39302798520016e-05	2.50510347907376e-15
755	8.39374773531743e-05	2.49847637852925e-15
756	8.39446761212041e-05	2.4918755406388e-15
757	8.39518761385404e-05	2.48530082681651e-15
758	8.39590773877455e-05	2.4787520993894e-15
759	8.39662798514921e-05	2.47222922159022e-15
760	8.39734835125608e-05	2.46573205755028e-15
761	8.39806883538399e-05	2.45926047229243e-15
762	8.39878943583258e-05	2.45281433172398e-15
763	8.39951015091195e-05	2.44639350262981e-15
764	8.40023097894323e-05	2.43999785266547e-15
765	8.40095191825766e-05	2.43362725035034e-15
766	8.40167296719713e-05	2.42728156506089e-15
767	8.40239412411376e-05	2.420960667024e-15
768	8.40311538737012e-05	2.41466442731032e-15
769	8.40383675533896e-05	2.40839271782763e-15
770	8.40455822640322e-05	2.40214541131442e-15
771	8.40527979895584e-05	2.39592238133342e-15
772	8.40600147139998e-05	2.38972350226508e-15
773	8.40672324214856e-05	2.38354864930146e-15
774	8.40744510962444e-05	2.3773976984397e-15
775	8.40816707226039e-05	2.37127052647595e-15
776	8.40888912849897e-05	2.36516701099918e-15
777	8.40961127679216e-05	2.35908703038502e-15
778	8.41033351560196e-05	2.35303046378972e-15
779	8.41105584339965e-05	2.34699719114418e-15
780	8.41177825866616e-05	2.34098709314796e-15
781	8.41250075989174e-05	2.33500005126335e-15
782	8.41322334557609e-05	2.32903594770964e-15
783	8.41394601422827e-05	2.32309466545721e-15
784	8.41466876436636e-05	2.31717608822185e-15
785	8.4153915945179e-05	2.31128010045903e-15
786	8.41611450321939e-05	2.30540658735834e-15
787	8.41683748901652e-05	2.29955543483777e-15
788	8.41756055046384e-05	2.29372652953831e-15
789	8.41828368612489e-05	2.28791975881836e-15
790	8.4190068945722e-05	2.28213501074836e-15
791	8.41973017438697e-05	2.27637217410534e-15
792	8.42045352415927e-05	2.27063113836754e-15
793	8.42117694248786e-05	2.26491179370925e-15
794	8.42190042797999e-05	2.25921403099544e-15
795	8.42262397925179e-05	2.25353774177658e-15
796	8.42334759492777e-05	2.24788281828348e-15
797	8.4240712736409e-05	2.2422491534222e-15
798	8.42479501403262e-05	2.23663664076895e-15
799	8.42551881475268e-05	2.23104517456506e-15
800	8.42624267445931e-05	2.22547464971203e-15
801	8.42696659181871e-05	2.21992496176657e-15
802	8.42769056550553e-05	2.2143960069357e-15
803	8.42841459420238e-05	2.20888768207191e-15
804	8.42913867660028e-05	2.20339988466835e-15
805	8.42986281139793e-05	2.19793251285404e-15
806	8.43058699730217e-05	2.19248546538915e-15
807	8.43131123302785e-05	2.18705864166035e-15
808	8.43203551729771e-05	2.1816519416761e-15
809	8.43275984884208e-05	2.17626526606211e-15
810	8.4334842263993e-05	2.17089851605672e-15
811	8.43420864871545e-05	2.16555159350639e-15
812	8.43493311454417e-05	2.16022440086125e-15
813	8.4356576226469e-05	2.15491684117058e-15
814	8.43638217179235e-05	2.14962881807847e-15
815	8.43710676075721e-05	2.25155887835725e-15
816	8.43783138832528e-05	2.24604722733977e-15
817	8.43855605328804e-05	2.24055578975704e-15
818	8.43928075444408e-05	2.23508446688872e-15
819	8.44000549059958e-05	2.2296331606164e-15
820	8.44073026056795e-05	2.22420177341923e-15
821	8.4414550631698e-05	2.21879020836952e-15
822	8.44217989723303e-05	2.21339836912844e-15
823	8.44290476159255e-05	2.20802615994174e-15
824	8.44362965509038e-05	2.20267348563548e-15
825	8.44435457657587e-05	2.19734025161181e-15
826	8.44507952490506e-05	2.19202636384482e-15
827	8.44580449894115e-05	2.18673172887635e-15
828	8.446529497554e-05	2.18145625381194e-15
829	8.44725451962086e-05	2.17619984631669e-15
830	8.44797956402523e-05	2.1709624146113e-15
831	8.44870462965783e-05	2.16574386746795e-15
832	8.44942971541604e-05	2.16054411420644e-15
833	8.45015482020371e-05	2.15536306469023e-15
834	8.45087994293161e-05	2.15020062932242e-15
835	8.45160508251709e-05	2.14505671904205e-15
836	8.45233023788396e-05	2.13993124532015e-15
837	8.45305540796268e-05	2.13482412015592e-15
838	9.29598673553148e-05	2.12973525607302e-15
839	9.29678275032644e-05	2.12466456611581e-15
840	9.29757877753207e-05	2.11961196384555e-15
841	9.29837481600262e-05	2.11457736333686e-15
842	9.29917086459929e-05	2.10956067917392e-15
843	9.29996692219028e-05	2.10456182644699e-15
844	9.30076298765056e-05	2.09958072074867e-15
845	9.3015590598619e-05	2.09461727817047e-15
846	9.30235513771282e-05	2.08967141529917e-15
847	9.30315122009899e-05	2.08474304921342e-15
848	9.30394730592207e-05	2.07983209748014e-15
849	9.30474339409098e-05	2.07493847815118e-15
850	9.30553948352082e-05	2.07006210975986e-15
851	9.30633557313349e-05	2.06520291131759e-15
852	9.30713166185739e-05	2.06036080231044e-15
853	9.30792774862733e-05	2.05553570269594e-15
854	9.30872383238449e-05	2.05072753289965e-15
855	9.3095199120769e-05	2.04593621381193e-15
856	9.3103159866582e-05	2.0411616667847e-15
857	9.31111205508917e-05	2.03640381362817e-15
858	9.31190811633611e-05	2.03166257660765e-15
859	9.31270416937212e-05	2.02693787844042e-15
860	9.31350021317625e-05	2.02222964229254e-15
861	9.31429624673367e-05	2.01753779177571e-15
862	9.31509226903602e-05	2.01286225094423e-15
863	9.3158882790806e-05	2.00820294429184e-15
864	9.31668427587096e-05	2.00355979674879e-15
865	9.31748025841676e-05	1.99893273367869e-15
866	9.31827622573354e-05	1.99432168087559e-15
867	9.31907217684245e-05	1.98972656456101e-15
868	9.31986811077123e-05	1.98514731138093e-15
869	9.32066402655296e-05	1.98058384840289e-15
870	9.32145992322671e-05	1.97603610311315e-15
871	9.32225579983741e-05	1.97150400341367e-15
872	9.3230516554355e-05	1.9669874776194e-15
873	9.3238474890775e-05	1.96248645445535e-15
874	9.32464329982516e-05	1.95800086305381e-15
875	9.32543908674654e-05	1.95353063295156e-15
876	9.32623484891464e-05	1.9490756940871e-15
877	9.32703058540838e-05	1.94463597679791e-15
878	9.32782629531228e-05	1.94021141181769e-15
879	9.32862197771615e-05	1.93580193027377e-15
880	9.3294176317154e-05	1.93140746368424e-15
881	9.33021325641095e-05	1.9270279439555e-15
882	9.33100885090917e-05	1.92266330337946e-15
883	9.33180441432145e-05	1.91831347463102e-15
884	9.33259994576489e-05	1.91397839076542e-15
885	9.33339544436195e-05	1.90965798521571e-15
886	9.33419090923996e-05	1.90535219179011e-15
887	9.33498633953185e-05	1.90106094466963e-15
888	9.33578173437578e-05	1.89678417840537e-15
889	9.33657709291494e-05	1.89252182791615e-15
890	9.33737241429767e-05	1.88827382848601e-15
891	9.33816769767741e-05	1.8840401157617e-15
892	9.33896294221302e-05	1.87982062575032e-15
893	9.33975814706794e-05	1.87561529481685e-15
894	9.34055331141092e-05	1.87142405968177e-15
895	9.34134843441562e-05	1.86724685741868e-15
896	9.34214351526068e-05	1.86308362545191e-15
897	9.34293855312996e-05	1.85893430155422e-15
898	9.34373354721149e-05	1.85479882384445e-15
899	9.34452849669919e-05	1.85067713078524e-15
900	9.34532340079079e-05	1.84656916118066e-15
901	9.34611825868974e-05	1.84247485417406e-15
902	9.34691306960362e-05	1.83839414924571e-15
903	9.34770783274516e-05	1.83432698621063e-15
904	9.34850254733158e-05	1.83027330521633e-15
905	9.34929721258513e-05	1.82623304674065e-15
906	9.35009182773247e-05	1.82220615158952e-15
907	9.35088639200475e-05	1.81819256089483e-15
908	9.35168090463813e-05	1.81419221611229e-15
909	9.35247536487331e-05	1.81020505901926e-15
910	9.35326977195525e-05	1.80623103171265e-15
911	9.35406412513357e-05	1.8022700766068e-15
912	9.35485842366268e-05	1.79832213643144e-15
913	9.35565266680108e-05	1.79438715422955e-15
914	9.35644685381188e-05	1.79046507335539e-15
915	9.35724098396287e-05	1.78655583747239e-15
916	9.35803505652586e-05	1.78265939055113e-15
917	9.35882907077727e-05	1.7787756768674e-15
918	9.35962302599752e-05	1.77490464100013e-15
919	9.36041692147206e-05	1.77104622782946e-15
920	9.3612107564898e-05	1.76720038253478e-15
921	9.36200453034456e-05	1.76336705059272e-15
922	9.36279824233412e-05	1.7595461777753e-15
923	9.36359189176057e-05	1.75573771014797e-15
924	9.36438547793e-05	1.75194159406769e-15
925	9.36517900015313e-05	1.74815777618112e-15
926	9.36597245774442e-05	1.74438620342261e-15
927	9.36676585002248e-05	1.74062682301247e-15
928	9.36755917631009e-05	1.73687958245508e-15
929	9.36835243593433e-05	1.73314442953702e-15
930	9.36914562822603e-05	1.72942131232528e-15
931	9.36993875252012e-05	1.72571017916547e-15
932	9.37073180815547e-05	1.72201097868001e-15
933	9.37152479447513e-05	1.71832365976636e-15
934	9.37231771082606e-05	1.71464817159524e-15
935	9.3731105565589e-05	1.7109844636089e-15
936	9.37390333102852e-05	1.70733248551934e-15
937	9.37469603359362e-05	1.70369218730666e-15
938	9.37548866361653e-05	1.70006351921728e-15
939	9.37628122046356e-05	1.69644643176224e-15
940	9.37707370350498e-05	1.69284087571559e-15
941	9.37786611211465e-05	1.68924680211259e-15
942	9.37865844567032e-05	1.7685511833727e-15
943	9.3794507035534e-05	1.76480432404034e-15
944	9.38024288514915e-05	1.76106935927348e-15
945	9.38103498984649e-05	1.7573462387789e-15
946	9.38182701703782e-05	1.75363491252898e-15
947	9.38261896611987e-05	1.7499353307599e-15
948	9.38341083649201e-05	1.74624744397003e-15
949	9.38420262755791e-05	1.74257120291833e-15
950	9.38499433872474e-05	1.73890655862254e-15
951	9.38578596940335e-05	1.73525346235778e-15
952	9.38657751900787e-05	1.7316118656547e-15
953	9.38736898695598e-05	1.72798172029802e-15
954	9.38816037266916e-05	1.72436297832489e-15
955	9.38895167557219e-05	1.72075559202333e-15
956	9.38974289509325e-05	1.71715951393059e-15
957	9.39053403066432e-05	1.71357469683165e-15
958	9.39132508172041e-05	1.71000109375767e-15
959	9.39211604770018e-05	1.70643865798441e-15
960	9.39290692804554e-05	1.70288734303075e-15
961	9.39369772220195e-05	1.69934710265712e-15
962	9.39448842961806e-05	1.69581789086407e-15
963	9.39527904974611e-05	1.69229966189069e-15
964	9.39606958204123e-05	1.68879237021321e-15
965	9.39686002596246e-05	1.68529597054346e-15
966	9.39765038097148e-05	1.68181041782741e-15
967	9.39844064653364e-05	1.6783356672438e-15
968	9.3992308221174e-05	1.67487167420259e-15
969	9.40002090719447e-05	1.67141839434362e-15
970	9.40081090123986e-05	1.66797578353513e-15
971	9.40160080373139e-05	1.66454379787237e-15
972	9.40239061415049e-05	1.66112239367621e-15
973	9.40318033198178e-05	1.65771152749174e-15
974	9.40396995671238e-05	1.65431115608688e-15
975	9.40475948783327e-05	1.65092123645104e-15
976	9.4055489248381e-05	1.64754172579373e-15
977	9.40633826722384e-05	1.64417258154321e-15
978	9.40712751449018e-05	1.6408137613452e-15
979	9.40791666614024e-05	1.63746522306146e-15
980	9.40870572167984e-05	1.63412692476856e-15
981	9.40949468061817e-05	1.6307988247565e-15
982	9.410283542467e-05	1.62748088152744e-15
983	9.41107230674144e-05	1.62417305379439e-15
984	9.41186097295929e-05	1.62087530047995e-15
985	9.41264954064142e-05	1.61758758071502e-15
986	9.41343800931172e-05	1.61430985383752e-15
987	9.41422637849665e-05	1.61104207939115e-15
988	9.41501464772606e-05	1.60778421712416e-15
989	9.41580281653221e-05	1.60453622698802e-15
990	9.41659088445034e-05	1.60129806913636e-15
991	9.41737885101887e-05	1.59806970392356e-15
992	9.41816671577859e-05	1.59485109190366e-15
993	9.41895447827329e-05	1.59164219382911e-15
994	9.41974213804956e-05	1.58844297064957e-15
995	9.42052969465701e-05	1.58525338351076e-15
996	9.4213171476473e-05	1.58207339375321e-15
997	9.42210449657571e-05	1.57890296291117e-15
998	9.42289174099957e-05	1.5757420527114e-15
999	9.42367888047928e-05	1.572590625072e-15
1000	8.8755099730574e-05	1.56406844870499e-15
1001	9.42525284286138e-05	1.56631606609674e-15
