1	28.4081415223635	19.8264408405467
2	31.5367749204176	21.3552491844614
3	32.6890901159146	21.6995265960102
4	33.2521707208656	21.7428888530359
5	33.5675216937702	21.681849216848
6	33.7576129612703	21.5798074416723
7	33.8771010652697	21.4620297939419
8	33.9536535174173	21.3392700127585
9	34.002625326054	21.2171432328964
10	34.033138654076	21.0976654134986
11	34.0509045396878	20.9820076650953
12	34.0596501945296	20.8710074652273
13	34.0618914580271	20.7644209461812
14	34.0593743162446	20.6621818964732
15	34.0533389039371	20.5641335109981
16	34.0446834555637	20.4703247630238
17	34.0340694615785	20.3802817853887
18	34.0219910171676	20.2937638987958
19	34.0088216779765	20.2105531039614
20	33.994846799107	20.1304417088871
21	33.9802862790133	20.0533854697595
22	33.965310825523	19.9790974374377
23	33.9500537648566	19.9073545871331
24	33.9346197313979	19.8380016220092
25	33.9190911405853	19.7708951709118
26	33.903533064082	19.7059029657327
27	33.8879969387002	19.6429222245678
28	33.872523414062	19.5819567300149
29	33.857144557392	19.5227616064568
30	33.8418855737152	19.4652410556531
31	33.8267661574405	19.409306416398
32	33.8118015611895	19.3548755356283
33	33.7970034460409	19.3018721955477
34	33.7823805615743	19.2502255936974
35	33.7679392924959	19.1998698721781
36	33.7536841000261	19.1508400988912
37	33.7396178797935	19.1030036378867
38	33.7257422531241	19.0562830474439
39	33.7120578049352	19.0106285354093
40	33.6985966508515	18.9659934868197
41	33.6853423316083	18.922334207952
42	33.6722751550794	18.8796096944711
43	33.6593932601292	18.8377814211958
44	33.6466944298143	18.7968131512531
45	33.6341761662081	18.7566707626313
46	33.6218357524164	18.7173639178186
47	33.6096703040087	18.6788710962089
48	33.5976768116848	18.6411110635078
49	33.585852176662	18.6040567890289
50	33.5741932400071	18.5676826902607
51	33.562696806917	18.5319645328873
52	33.5513596667836	18.496879339121
53	33.5401786097294	18.4624053035523
54	33.5291504401886	18.4285217158061
55	33.5182719880092	18.3952088893688
56	33.5075401174769	18.3624480960176
57	33.4969517345906	18.3302215053391
58	33.4865037928718	18.2985121288814
59	33.4761932979406	18.2673537213622
60	33.4660173110561	18.2367034271315
61	33.4559729517878	18.2065227576577
62	33.4460573999572	18.1767976504885
63	33.4362678969689	18.1475146605291
64	33.4266017466308	18.118660924736
65	33.4170563155487	18.0902241292735
66	33.4076290331659	18.0621924789343
67	33.3983173915109	18.034554668639
68	33.3891189447012	18.0072998568511
69	33.3800313082513	17.9804176407556
70	33.3710521582181	17.9538980330631
71	33.3621792302177	17.9277314403167
72	33.3534103183391	17.9019086425849
73	33.3447432739778	17.8764207744381
74	33.3361760046081	17.851264288484
75	33.3277064725107	17.8264790485452
76	33.3193326934689	17.8020033376324
77	33.3110527354449	17.7778295600962
78	33.3028647172457	17.7539503951054
79	33.2947668071874	17.7303587836151
80	33.2867572217634	17.7070479160941
81	33.2788342243232	17.6840112209591
82	33.2709961237654	17.6612423536679
83	33.2632412732498	17.6387351864276
84	33.2555680689304	17.6164837984764
85	33.2479749487125	17.5944824669013
86	33.2404603910358	17.5727256579574
87	33.2330229136844	17.5512080188555
88	33.2256610726256	17.5299243699892
89	33.2183734608775	17.5088696975726
90	33.2111587074058	17.4880391466638
91	33.204015476052	17.46742801455
92	33.1969424644895	17.4470317444725
93	33.1899384032115	17.4268551438786
94	33.1830020545473	17.4069218094173
95	33.1761322117083	17.3871899993986
96	33.1693276978634	17.367655694251
97	33.1625873652425	17.3483149930909
98	33.1559100942675	17.3291641091094
99	33.1492947927113	17.3101993651822
100	33.1428046000096	17.2914091824798
101	33.1362458608414	17.2728141125136
102	33.129810175627	17.2543867612731
103	33.1234323485284	17.2361318576644
104	33.1171114123658	17.2180462140209
105	33.1108464227993	17.2001267300078
106	33.1046364576612	17.1823703894698
107	33.0984806163085	17.1647742574186
108	33.0923780189976	17.1473354771543
109	33.0863278062794	17.1300512675125
110	33.0803291384138	17.112918920231
111	33.0743811948038	17.0959357974302
112	33.0684831734483	17.0790993292015
113	33.0626342904124	17.0624070112966
114	33.0568337793154	17.0458564029156
115	33.0510808908354	17.029445124586
116	33.0453748922301	17.0131897458312
117	33.0397150668735	16.9970874591793
118	33.0341007138067	16.9811173980714
119	33.0285311473049	16.9652774140781
120	33.023005696457	16.9495654105967
121	33.0175237047591	16.9339793412008
122	33.0120845297217	16.9185172080555
123	33.0066875424889	16.903177060394
124	33.0013321274699	16.8879569930535
125	32.9960176819823	16.8728551450673
126	32.9907436159069	16.8578696983112
127	32.9855093513529	16.8429988762006
128	32.9803143223345	16.8282409424372
129	32.9751579744571	16.8135941998021
130	32.9700397646132	16.7990569889941
131	32.9649591606882	16.7846276875101
132	32.959915641275	16.7703047085677
133	32.9549086953981	16.756086500065
134	32.949937822245	16.7419715435801
135	32.9450025309072	16.7279583534044
136	32.9401023401281	16.7140454756115
137	32.935236778059	16.7002314871587
138	32.9304053820226	16.6865149950196
139	32.9256076982832	16.6728946353472
140	32.9208432818247	16.6593690726661
141	32.9161116961339	16.6459369990917
142	32.9114125129915	16.6325971335772
143	32.9067453122686	16.6193616344572
144	32.9021096817295	16.606232707652
145	32.8975052168403	16.5931920916882
146	32.8929315205826	16.5802386086614
147	32.8883882032736	16.5673711040419
148	32.8838748823905	16.5545884460609
149	32.8793911824004	16.5418895251167
150	32.8749367345953	16.5292732532007
151	32.870511176931	16.5167385633414
152	32.8661141538716	16.504284409066
153	32.8617453162378	16.4919097638797
154	32.8574043210596	16.4796136207609
155	32.853090831433	16.4673949916724
156	32.8488045163814	16.4552529070878
157	32.8445450507197	16.4431864155323
158	32.8403121149233	16.4311945831384
159	32.8361053949999	16.4192764932143
160	32.8319245823653	16.4074312458259
161	32.8277693737222	16.3956579573912
162	32.8236394709429	16.3839557602872
163	32.8195345809546	16.3723238024681
164	32.8154544156279	16.3607612470953
165	32.8113986916686	16.3492672721778
166	32.8073671305119	16.3378410702237
167	32.8033594582203	16.3264818479013
168	32.7993754053826	16.3151888257106
169	32.7954147070176	16.3039612376637
170	32.7914771024786	16.292798330975
171	32.7875623353615	16.2816993657593
172	32.7836701534143	16.2706636147397
173	32.7798003084505	16.2596903629625
174	32.7759525562625	16.2487789075209
175	32.7721266565396	16.2379383820118
176	32.7683223727863	16.2271732228992
177	32.7645394722433	16.2164676815324
178	32.7607777258111	16.2058211021381
179	32.7570369079744	16.1952328396914
180	32.7533167967291	16.1847022596829
181	32.7496171735113	16.1742287378911
182	32.7459378231272	16.1638116601618
183	32.7422785336859	16.1534504221928
184	32.7386390965324	16.1431444293244
185	32.7350193061841	16.1328930963357
186	32.7314189602671	16.1226958472461
187	32.7278378594548	16.1125521151219
188	32.7242758074086	16.1024613418879
189	32.7207326107185	16.0924229781443
190	32.7172080788468	16.0824364829875
191	32.7137020240719	16.0725013238363
192	32.7102142614341	16.0626169762621
193	32.7067446086824	16.0527829238236
194	32.7032928862227	16.0429986579054
195	32.6998589170671	16.0332636775608
196	32.6964425267845	16.0235774893588
197	32.6930435434524	16.0139396072343
198	32.6896617976095	16.0043495523425
199	32.6862971222096	15.9948068529168
200	32.6829493525769	15.9853110441299
201	32.6796183263616	15.9758616679587
202	32.6763038834972	15.9664582730521
203	32.6730058661583	15.9571004146021
204	32.6697241187195	15.9477876542181
205	32.6664584877154	15.9385195598045
206	32.6632088218014	15.92929570544
207	32.659974971715	15.9201156712615
208	32.6567567902387	15.9109790433495
209	32.6535541321631	15.9018854136161
210	32.6503668542508	15.8928343796969
211	32.6471948152019	15.8838255448438
212	32.6440378756192	15.8748585178216
213	32.6408958979745	15.8659472554633
214	32.6377687465765	15.8570830636911
215	32.6346562875379	15.8482594435968
216	32.6315583887442	15.839476025875
217	32.6284749198232	15.8307324462357
218	32.6254057521144	15.8220283453139
219	32.6223507586401	15.8133633685814
220	32.619309814076	15.8047371662604
221	32.6162827947234	15.7961493932388
222	32.6132695784813	15.7875997089881
223	32.6102700448193	15.7790877774823
224	32.6072840747515	15.7706132671192
225	32.6043115508102	15.7621758506429
226	32.6013523570202	15.7537752050682
227	32.5984063788747	15.7454110116069
228	32.5954735033104	15.7370829555954
229	32.5925536186836	15.7287907264236
230	32.5896466147471	15.7205340174661
231	32.5867523826269	15.7123125260139
232	32.5838708148001	15.7041259532084
233	32.5810018050727	15.6959740039762
234	32.5781452485584	15.6878563869656
235	32.5753010416566	15.6797728144842
236	32.5724690820329	15.6717230024381
237	32.5696492685977	15.663706670272
238	32.566841501487	15.6557235409107
239	32.5640456820428	15.647773340702
240	32.5612617127936	15.6398557993604
241	32.558489497436	15.6319706499122
242	32.5557289408165	15.6241176286418
243	32.5529799489129	15.6162964750386
244	32.550242428817	15.6085069317455
245	32.5475162887174	15.6007487445084
246	32.544801437882	15.5930216621261
247	32.542097786642	15.5853254364022
248	32.5394052463749	15.577659822097
249	32.5367237294889	15.5700245768808
250	32.5340531494068	15.5624194612882
251	32.531393420551	15.5548442386731
252	32.5287444583277	15.5472986751646
253	32.5261061791129	15.5397825396239
254	32.5234785002369	15.5322956036018
255	32.5208613399707	15.5248376412974
256	32.5182546175113	15.5174084295169
257	32.5156582529686	15.5100186336668
258	32.5130721673511	15.5026631635622
259	32.5104962825535	15.495335724532
260	32.5079305213426	15.4880361039195
261	32.5053748073453	15.4807640914773
262	32.5028290650358	15.473519479331
263	32.5002932197231	15.4663020619435
264	32.4977671975388	15.4591116360806
265	32.4952509254255	15.4519480007762
266	32.4927443311251	15.444810957299
267	32.4902473431666	15.4377003091195
268	32.4877598908559	15.4306158618773
269	32.4852819042639	15.4235574233497
270	32.4828133142159	15.4165248034205
271	32.4803540522808	15.4095178140489
272	32.4779040507607	15.4025362692398
273	32.4754632426805	15.3955799850142
274	32.4730315617778	15.38864877938
275	32.4706089424929	15.3817424723039
276	32.4681953199589	15.3748608856828
277	32.4657906299922	15.3680038433169
278	32.4633948090829	15.3611711708824
279	32.4610077943858	15.3543626959049
280	32.4586295237107	15.3475782477336
281	32.4562599355141	15.3408176575155
282	32.4538989688897	15.3340807581705
283	32.4515465635602	15.3273673843661
284	32.4492026598685	15.3206773724939
285	32.4468671987693	15.3140105606452
286	32.4445401218211	15.3073667885876
287	32.4422213711776	15.3007458977421
288	32.4399108895803	15.2941477311605
289	32.4376086203503	15.2875721335028
290	32.4353145073803	15.2810189510156
291	32.4330284951279	15.2744880315105
292	32.430750528607	15.267979224343
293	32.4284805533813	15.2614923803915
294	32.4262185155568	15.2550273520371
295	32.4239643617746	15.2485839931433
296	32.421718039204	15.2421621590363
297	32.4194794955354	15.2357617064856
298	32.4172486789742	15.2293824936848
299	32.4150255382331	15.2230243802327
300	32.4128100225264	15.2166872271152
301	32.4106020815632	15.2103708966866
302	32.4084016655412	15.2040752526518
303	32.4062087251401	15.1978001600492
304	32.4040232115159	15.1915454852327
305	32.4018450762947	15.185311095855
306	32.3996742715665	15.1790968608508
307	32.3975107498796	15.1729026504203
308	32.3953544642348	15.1667346735021
309	32.3932053680796	15.1605942401285
310	32.3910634153029	15.1544734039155
311	32.3889285602289	15.1483720402573
312	32.3868007576125	15.1422900257318
313	32.3846799626331	15.1362272380863
314	32.3825661308899	15.1301835562222
315	32.3804592183968	15.1241588601813
316	32.3783591815768	15.1181530311305
317	32.3762659772574	15.1121659513488
318	32.3741795626654	15.1061975042128
319	32.3720998954224	15.1002475741833
320	32.3700269335395	15.0943160467921
321	32.3679606354129	15.0884028086284
322	32.3659009598194	15.0825077473263
323	32.3638478659113	15.0766307515516
324	32.3618013132125	15.0707717109895
325	32.3597612616133	15.0649305163318
326	32.3577276713668	15.0591070592654
327	32.3557005030844	15.0533012324595
328	32.3536797177309	15.0475129295543
329	32.3516652766211	15.0417420451489
330	32.3496571414155	15.0359884747903
331	32.3476552741159	15.0302521149617
332	32.3456596370616	15.0245328630713
333	32.3436701929254	15.0188306174416
334	32.3416869047101	15.0131452772987
335	32.3397097357438	15.0074767427609
336	32.3377386496771	15.0018249148291
337	32.3357736104787	14.9961896953756
338	32.3338145824318	14.9905709871348
339	32.3318615301308	14.9849686936923
340	32.3299144184776	14.9793827194754
341	32.3279732126779	14.9738129697435
342	32.3260378782378	14.968259350578
343	32.3241083809606	14.9627217688732
344	32.3221846869431	14.9572001323269
345	32.3202667625726	14.9516943494311
346	32.3183545745233	14.9462043294627
347	32.3164480897534	14.9407299824752
348	32.3145472755015	14.9352712192891
349	32.312652099284	14.9298279514837
350	32.3107625288915	14.9244000913884
351	32.308878532386	14.9189875520742
352	32.3070000780978	14.9135902473454
353	32.3051271346226	14.9082080917313
354	32.3032596708185	14.9028410004782
355	32.3013976558032	14.8974888895414
356	32.299541058951	14.8921516755771
357	32.29768984989	14.8868292759352
358	32.2958439984996	14.8815216086507
359	32.2940034749075	14.8762285924372
360	32.292168249487	14.8709501466786
361	32.2903382928543	14.8656861914221
362	32.2885135758662	14.8604366473711
363	32.286694069617	14.8552014358777
364	32.2848797454365	14.8499804789358
365	32.2830705748869	14.8447736991742
366	32.281266529761	14.8395810198498
367	32.2794675820788	14.8344058907889
368	32.2776737040861	14.8292530354845
369	32.2758848682513	14.8241140220182
370	32.2741010472635	14.8189887762648
371	32.2723222140302	14.8138772246926
372	32.2705483416745	14.8087792943575
373	32.2687794035333	14.8036949128962
374	32.2670153731551	14.7986240085204
375	32.2652562242973	14.7935665100104
376	32.2635019309244	14.7885223467095
377	32.2617524672061	14.7834914485181
378	32.2600078075144	14.7784737458874
379	32.2582679264222	14.7734691698139
380	32.2565327987009	14.768477651834
381	32.2548023993185	14.7634991240178
382	32.2530767034374	14.7585335189642
383	32.2513556864126	14.753580769795
384	32.2496393237896	14.7486408101495
385	32.2479275913025	14.7437135741794
386	32.2462204648722	14.7387989965435
387	32.2445179206042	14.7338970124024
388	32.242819934787	14.7290075574134
389	32.2411264838903	14.7241305677255
390	32.2394375445628	14.7192659799744
391	32.2377530936309	14.7144137312774
392	32.2360731080964	14.7095737592288
393	32.2343975651353	14.704746001895
394	32.2327264420956	14.6999303978096
395	32.2310597164957	14.6951268859688
396	32.2293973660228	14.690335405827
397	32.2277393685315	14.6855558972919
398	32.2260857020414	14.68078830072
399	32.2244363447361	14.6760325569124
400	32.2227912749615	14.6712886071102
401	32.221150471224	14.6665563929902
402	32.2195139121891	14.6618358566606
403	32.2178815766797	14.6571269406568
404	32.2162534436747	14.652429587937
405	32.2146294923074	14.6477437418786
406	32.2130097018641	14.6430693462733
407	32.2113940517826	14.6384063453238
408	32.2097825216506	14.6337546836393
409	32.2081750912044	14.629114306232
410	32.2065717403273	14.6244851585128
411	32.2049724490486	14.6198671862877
412	32.2033771975417	14.6152603357539
413	32.2017859661231	14.610664553496
414	32.2001987352506	14.6060797864825
415	32.1986154855225	14.601505982062
416	32.1970361976761	14.5969430879593
417	32.195460852586	14.5923910522724
418	32.1938894312633	14.5878498234686
419	32.1923219148541	14.5833193503809
420	32.1907582846382	14.5787995822049
421	32.1891985220281	14.574290468495
422	32.1876426085672	14.5697919591613
423	32.1860905259292	14.5653040044662
424	32.1845422559167	14.5608265550211
425	32.1829977804597	14.5563595617832
426	32.1814570816148	14.551902976052
427	32.1799201415639	14.5474567494666
428	32.1783869426129	14.5430208340019
429	32.1768574671909	14.5385951819664
430	32.1753316978486	14.5341797459982
431	32.1738096172577	14.5297744790625
432	32.1722912082094	14.5253793344485
433	32.1707764536134	14.5209942657664
434	32.1692653364971	14.5166192269444
435	32.167757840004	14.5122573270137
436	32.1662539473933	14.5079122143425
437	32.1647536420382	14.5035769723327
438	32.1632569074254	14.4992515562602
439	32.1617637271536	14.4949359217044
440	32.1602740849331	14.4906300245449
441	32.1587879645843	14.4863338209591
442	32.1573053500367	14.4820472674196
443	32.1558262253284	14.4777703206914
444	32.1543505746046	14.4735029378291
445	32.152878382117	14.4692450761747
446	32.1514096322227	14.464996693355
447	32.1499443093834	14.4607577472787
448	32.1484823981642	14.4565281961343
449	32.147023883233	14.4523079983875
450	32.1455687493595	14.4480971127786
451	32.1441169814142	14.4438954983204
452	32.1426685643676	14.4397031142954
453	32.1412234832894	14.435519920254
454	32.1397817233475	14.4313458760114
455	32.1383432698073	14.4271809416461
456	32.1369081080304	14.423025077497
457	32.1354762234747	14.4188782441615
458	32.1340476016927	14.4147404024929
459	32.1326222283308	14.4106115135987
460	32.131200089129	14.4064915388378
461	32.1297811699196	14.402380439819
462	32.1283654566266	14.3982781783983
463	32.126952935265	14.3941847166769
464	32.1255435919398	14.3901000169995
465	32.1241374128454	14.3860240419516
466	32.1227343842647	14.3819567543578
467	32.1213344925687	14.37789811728
468	32.1199377242152	14.3738480940148
469	32.1185440657485	14.369806648092
470	32.1171535037987	14.3657737432723
471	32.1157660250806	14.3617493435458
472	32.1143816163932	14.3577334131295
473	32.1130002646192	14.3537259164659
474	32.1116219567238	14.3497268182206
475	32.1102466797547	14.345736083281
476	32.1088744208407	14.3417536767542
477	32.1075051671916	14.3377795639648
478	32.106138906097	14.3338137104539
479	32.1047756249263	14.3298560819766
480	32.1034153111273	14.3259066445004
481	32.1020579522262	14.3219653642036
482	32.1007035358265	14.3180322074737
483	32.0993520496085	14.3141071409052
484	32.098003481329	14.3101901312982
485	32.0966578188201	14.3062811456568
486	32.0953150499891	14.3023801511874
487	32.0939751628173	14.2984871152966
488	32.0926381453603	14.2946020055903
489	32.0913039857463	14.2907247898716
490	32.0899726721764	14.2868554361394
491	32.0886441929237	14.2829939125867
492	32.0873185363325	14.2791401875989
493	32.0859956908182	14.2752942297527
494	32.0846756448661	14.2714560078141
495	32.0833583870316	14.2676254907373
496	32.0820439059389	14.2638026476627
497	32.080732190281	14.2599874479157
498	32.0794232288188	14.2561798610055
499	32.0781170103809	14.2523798566229
500	32.0768135238626	14.2485874046397
501	32.0755127582259	14.2448024751066
502	32.0742147024985	14.2410250382521
503	32.0729193457735	14.2372550644811
504	32.0716266772091	14.2334925243735
505	32.0703366860277	14.2297373886825
506	32.0690493615154	14.2259896283339
507	32.067764693022	14.2222492144241
508	32.06648266996	14.2185161182191
509	32.0652032818042	14.2147903111532
510	32.0639265180914	14.2110717648273
511	32.0626523684198	14.2073604510083
512	32.0613808224484	14.2036563416271
513	32.0601118698969	14.1999643040501
514	32.0588455005448	14.1962830059108
515	32.0575817042312	14.1926088125152
516	32.0563204708542	14.1889416965027
517	32.0550617903707	14.1852816306702
518	32.0538056527956	14.1816285879714
519	32.0525520482016	14.1779825415153
520	32.0513009667186	14.1743434645646
521	32.0500523985335	14.1707113305355
522	32.0488063338895	14.1670861129956
523	32.0475627630858	14.1634677856631
524	32.0463216764772	14.1598563224059
525	32.0450830644735	14.1562516972402
526	32.0438469175395	14.1526538843292
527	32.0426132261941	14.1490628579825
528	32.0413819810102	14.1454785926546
529	32.040153172614	14.1419010629438
530	32.0389267916851	14.1383302435914
531	32.0377028289555	14.1347661094806
532	32.0364812752099	14.131208635635
533	32.0352621212845	14.1276577972181
534	32.0340453580672	14.1241135695319
535	32.0328309764971	14.1205759280161
536	32.0316189675639	14.1170448482471
537	32.030409322308	14.1135203059365
538	32.0292020318196	14.1100022769309
539	32.0279970872384	14.1064907372101
540	32.0267944797536	14.1029856628867
541	32.0255942006035	14.099487030205
542	32.0243962410745	14.0959948155397
543	32.0232005925016	14.0925089953954
544	32.0220072462674	14.0890295464054
545	32.0208161938021	14.0855564453309
546	32.0196274265832	14.0820896690597
547	32.0184409361348	14.0786291946059
548	32.0172567140276	14.0751749991085
549	32.0160747518783	14.0717270598306
550	32.0148950413497	14.0682853541585
551	32.0137175741497	14.0648498596012
552	32.0125423420316	14.0614205537886
553	32.0113693367935	14.0579974144718
554	32.0101985502779	14.0545804195212
555	32.0090299743716	14.0511695469263
556	32.0078636010051	14.0477647747946
557	32.0066994221526	14.0443660813507
558	32.0055374298315	14.0409734449356
559	32.0043776161021	14.037586844006
560	32.0032199730674	14.0342062571329
561	32.0020644928727	14.0308316630016
562	32.0009111677052	14.0274630404104
563	31.9997599897941	14.0241003682696
564	31.9986109514097	14.0207436256013
565	31.9974640448637	14.0173927915383
566	31.9963192625085	14.0140478453232
567	31.9951765967372	14.0107087663079
568	31.994036039983	14.0073755339525
569	31.9928975847194	14.0040481278249
570	31.9917612234592	14.0007265276
571	31.9906269487551	13.9974107130586
572	31.9894947531986	13.994100664087
573	31.9883646294202	13.9907963606763
574	31.9872365700891	13.9874977829213
575	31.9861105679129	13.9842049110204
576	31.9849866156371	13.9809177252743
577	31.9838647060452	13.9776362060854
578	31.9827448319582	13.9743603339574
579	31.9816269862344	13.9710900894944
580	31.9805111617692	13.9678254534002
581	31.9793973514948	13.9645664064777
582	31.9782855483799	13.961312929628
583	31.9771757454294	13.9580650038503
584	31.9760679356846	13.9548226102403
585	31.9749621122222	13.9515857299906
586	31.9738582681547	13.9483543443891
587	31.9727563966298	13.945128434819
588	31.9716564908305	13.941907982758
589	31.9705585439743	13.9386929697773
590	31.9694625493136	13.9354833775417
591	31.968368500135	13.9322791878081
592	31.9672763897593	13.9290803824256
593	31.9661862115413	13.9258869433345
594	31.9650979588694	13.9226988525658
595	31.9640116251653	13.9195160922406
596	31.9629272038844	13.9163386445693
597	31.9618446885145	13.9131664918516
598	31.9607640725767	13.9099996164751
599	31.9596853496245	13.9068380009153
600	31.9586085132436	13.9036816277347
601	31.9575335570521	13.9005312318438
602	31.9564604746999	13.8973925372944
603	31.9553892598686	13.8942590213235
604	31.9543199062714	13.8911306668759
605	31.9532524076527	13.8880074569809
606	31.9521867577882	13.8848893747512
607	31.9511229504841	13.8817764033825
608	31.9500609795778	13.878668526153
609	31.9490008389366	13.8755657264227
610	31.9479425224587	13.8724679876331
611	31.946886024072	13.8693752933065
612	31.9458313377344	13.8662876270456
613	31.9447784574335	13.8632049725327
614	31.9437273771863	13.8601273135296
615	31.9426780910394	13.8570546338769
616	31.9416305930683	13.8539869174931
617	31.9405848773774	13.850924148375
618	31.9395409381	13.8478663105962
619	31.9384987693979	13.8448133883074
620	31.9374583654613	13.8417653657352
621	31.9364197205085	13.8387222271825
622	31.935382828786	13.835683957027
623	31.934347684568	13.8326505397214
624	31.9333142821564	13.8296219597929
625	31.9322826158807	13.8265982018423
626	31.9312526800974	13.8235792505441
627	31.9302244691904	13.8205650906453
628	31.9291979775706	13.8175557069659
629	31.9281731996754	13.8145510843975
630	31.9271501299692	13.8115512079035
631	31.9261287629425	13.8085560625181
632	31.9251090931123	13.8055656333466
633	31.9240911150217	13.8025799055642
634	31.9230748232397	13.7995988644159
635	31.922060212361	13.7966224952162
636	31.9210472770062	13.7936507833484
637	31.9200360118212	13.7906837142642
638	31.9190264114771	13.7877212734834
639	31.9180184706704	13.7847634465935
640	31.9170121841224	13.7818102192492
641	31.9160075465793	13.7788615771718
642	31.9150045528121	13.7759175061492
643	31.9140031976161	13.7729779920351
644	31.9130034758111	13.7700430207489
645	31.9120053822412	13.767112578275
646	31.9110089117744	13.7641866506626
647	31.9100140593029	13.7612652240254
648	31.9090208197425	13.7583482845407
649	31.9080291880325	13.7554358184498
650	31.9070391591359	13.7525278120568
651	31.9060507280392	13.7496242517288
652	31.9050638897516	13.7467251238952
653	31.9040786393058	13.7438304150476
654	31.9030949717573	13.740940111739
655	31.9021128821843	13.7380542005838
656	31.9011323656877	13.7351726682574
657	31.9001534173909	13.7322955014954
658	31.8991760324397	13.7294226870941
659	31.8982002060021	13.726554211909
660	31.8972259332682	13.7236900628554
661	31.89625320945	13.7208302269078
662	31.8952820297815	13.717974691099
663	31.8943123895182	13.7151234425206
664	31.8933442839373	13.712276468322
665	31.8923777083373	13.7094337557103
666	31.8914126580383	13.70659529195
667	31.8904491283812	13.7037610643625
668	31.8894871147282	13.7009310603259
669	31.8885266124624	13.6981052672748
670	31.8875676169877	13.6952836726994
671	31.8866101237286	13.6924662641458
672	31.8856541281303	13.6896530292155
673	31.8846996256582	13.6868439555647
674	31.8837466117983	13.6840390309046
675	31.8827950820566	13.6812382430005
676	31.8818450319592	13.6784415796718
677	31.8808964570523	13.6756490287917
678	31.8799493529017	13.6728605782866
679	31.8790037150932	13.6700762161362
680	31.8780595392319	13.6672959303728
681	31.8771168209426	13.6645197090812
682	31.8761755558694	13.6617475403985
683	31.8752357396758	13.6589794125135
684	31.8742973680441	13.6562153136665
685	31.8733604366761	13.6534552321492
686	31.8724249412922	13.6506991563041
687	31.8714908776316	13.6479470745246
688	31.8705582414525	13.6451989752542
689	31.8696270285315	13.6424548469865
690	31.8686972346635	13.6397146782652
691	31.8677688556623	13.6369784576831
692	31.8668418873594	13.6342461738824
693	31.8659163256049	13.6315178155542
694	31.8649921662667	13.6287933714384
695	31.8640694052308	13.6260728303229
696	31.8631480384011	13.6233561810441
697	31.8622280616991	13.6206434124859
698	31.8613094710641	13.6179345135801
699	31.8603922624528	13.6152294733054
700	31.8594764318396	13.6125282806878
701	31.8585619752159	13.6098309247998
702	31.8576488885908	13.6071428111354
703	31.8567371679901	13.6044593012229
704	31.855826809457	13.6017795867283
705	31.8549178090515	13.5991036569336
706	31.8540101628505	13.596431501166
707	31.8531038669476	13.5937631087977
708	31.8521989174533	13.591098469246
709	31.8512953104944	13.5884375719726
710	31.8503930422144	13.5857804064834
711	31.8494921087731	13.5831269623286
712	31.8485925063466	13.580477229102
713	31.8476942311272	13.5778311964413
714	31.8467972793234	13.5751888540271
715	31.8459016471597	13.5725501915835
716	31.8450073308765	13.5699151988772
717	31.84411432673	13.5672838657176
718	31.8432226309923	13.5646561819565
719	31.8423322399511	13.5620321374879
720	31.8414431499097	13.5594117222475
721	31.840555357187	13.556794926213
722	31.839668858117	13.5541817394032
723	31.8387836490495	13.5515721518784
724	31.8378997263491	13.5489661537398
725	31.8370170863959	13.5463637351294
726	31.8361357255848	13.5437648862296
727	31.8352556403259	13.5411695972634
728	31.8343768270441	13.5385778584936
729	31.8334992821793	13.5359896602232
730	31.8326230021859	13.5334049927945
731	31.8317479835331	13.5308238465897
732	31.8308742227046	13.5282462120299
733	31.8300017161989	13.5256720795753
734	31.8291304605286	13.523101439725
735	31.8282604522207	13.5205342830165
736	31.8273916878166	13.5179706000261
737	31.8265241638718	13.5154103813678
738	31.8256578769559	13.5128536176939
739	31.8247928236528	13.5103002996944
740	31.8239290005599	13.5077504180969
741	31.8230664042889	13.5052039636662
742	31.8222050314651	13.5026609272045
743	31.8213448787276	13.5001212995509
744	31.8204859427291	13.4975850715811
745	31.8196282201361	13.4950522342078
746	31.8187717076284	13.4925227783796
747	31.8179164018993	13.4899966950815
748	31.8170622996555	13.4874739753346
749	31.816209397617	13.4849546101956
750	31.8153576925171	13.482438590757
751	31.8145071811021	13.4799259081467
752	31.8136578601315	13.4774165535276
753	31.8128097263779	13.4749105180979
754	31.8119627766266	13.4724077930907
755	31.8111170076761	13.4699083697735
756	31.8102724163375	13.4674122394486
757	31.8094289994346	13.4649193934525
758	31.8085867538042	13.4624298231559
759	31.8077456762953	13.4599435199632
760	31.8069057637697	13.4574604753129
761	31.8060670131017	13.454980680677
762	31.8052294211779	13.4525041275609
763	31.8043929848972	13.4500308075032
764	31.803557701171	13.4475607120758
765	31.8027235669227	13.4450938328832
766	31.8018905790881	13.4426301615628
767	31.8010587346148	13.4401696897847
768	31.8002280304626	13.4377124092511
769	31.7993984636033	13.4352583116967
770	31.7985700310204	13.4328073888881
771	31.7977427297096	13.4303596326239
772	31.796916556678	13.4279150347343
773	31.7960915089447	13.4254735870813
774	31.7952675835403	13.4230352815581
775	31.794444777507	13.4206001100892
776	31.7936230878987	13.4181680646302
777	31.7928025117805	13.4157391371677
778	31.7919830462293	13.4133133197189
779	31.791164688333	13.4108906043317
780	31.7903474351911	13.4084709830846
781	31.789531283914	13.4060544480862
782	31.7887162316235	13.4036409914753
783	31.7879022754527	13.4012306054207
784	31.7870894125455	13.398823282121
785	31.7862776400568	13.3964190138046
786	31.7854669551527	13.3940177927294
787	31.7846573550101	13.3916196111826
788	31.7838488368166	13.3892244614808
789	31.7830413977707	13.3868323359694
790	31.7822350350817	13.3844432270231
791	31.7814297459697	13.3820571270452
792	31.7806255276649	13.3796740284677
793	31.7798223774088	13.3772939237511
794	31.7790202924529	13.3749168053843
795	31.7782192700593	13.3725426658843
796	31.7774193075007	13.3701714977964
797	31.7766204020599	13.3678032936938
798	31.7758225510302	13.3654380461772
799	31.775025751715	13.3630757478754
800	31.7742300014281	13.3607163914444
801	31.7734352974933	13.3583599695679
802	31.7726416372446	13.3560064749565
803	31.7718490180261	13.3536559003482
804	31.7710574371917	13.3513082385079
805	31.7702668921054	13.3489634822272
806	31.7694773801412	13.3466216243248
807	31.7686888986827	13.3442826576456
808	31.7679014451236	13.341946575061
809	31.7671150168673	13.3396133694691
810	31.7663296113266	13.3372830337937
811	31.7655452259243	13.3349555609851
812	31.7647618580928	13.3326309440191
813	31.7639795052739	13.3303091758978
814	31.7631981649191	13.3279902496486
815	31.7624178344892	13.3256784664702
816	31.7616385114545	13.3233705491744
817	31.7608601932947	13.321065446447
818	31.7600828774988	13.318763151433
819	31.7593065615652	13.3164636573026
820	31.7585312430015	13.3141669572505
821	31.7577569193243	13.3118730444965
822	31.7569835880597	13.3095819122849
823	31.7562112467426	13.3072935538846
824	31.7554398929171	13.3050079625888
825	31.7546695241363	13.3027251317151
826	31.7539001379624	13.3004450546052
827	31.7531317319663	13.2981677246249
828	31.752364303728	13.2958931351639
829	31.7515978508362	13.2936212796358
830	31.7508323708885	13.2913521514779
831	31.7500678614912	13.289085744151
832	31.7493043202595	13.2868220511395
833	31.7485417448169	13.284561065951
834	31.7477801327958	13.2823027821167
835	31.7470194818373	13.2800471931906
836	31.7462597895908	13.2777942927499
837	31.7455010537144	13.2755440743947
838	31.7447446042596	13.2732965317479
839	31.7439892762529	13.2710516584552
840	31.743234895583	13.2688094481849
841	31.7424814599469	13.2665698946276
842	31.7417289670498	13.2643329914965
843	31.7409774146051	13.2620987325271
844	31.7402268003345	13.259867111477
845	31.7394771219679	13.2576381221258
846	31.7387283772432	13.2554117582751
847	31.7379805639064	13.2531880137486
848	31.7372336797118	13.2509668823915
849	31.7364877224214	13.2487483580707
850	31.7357426898054	13.2465324346748
851	31.7349985796419	13.2443191061138
852	31.7342553897167	13.2421083663189
853	31.7335131178239	13.2399002092429
854	31.732771761765	13.2376946288594
855	31.7320313193495	13.2354916191633
856	31.7312917883946	13.2332911741703
857	31.7305531667254	13.2310932879173
858	31.7298154521744	13.2288979544614
859	31.729078642582	13.226705167881
860	31.728342735796	13.2245149222747
861	31.7276077296719	13.2223272117615
862	31.7268736220728	13.2201420304812
863	31.7261404108691	13.2179593725936
864	31.725408093939	13.2157792322786
865	31.7246766691678	13.2136016037366
866	31.7239461344484	13.2114264811876
867	31.7232164876811	13.2092538588717
868	31.7224877267733	13.207083731049
869	31.72175984964	13.2049160919991
870	31.7210328542032	13.2027509360212
871	31.7203067383924	13.2005882574344
872	31.7195815001442	13.198428050577
873	31.7188571374021	13.1962703098066
874	31.7181336481172	13.1941150295005
875	31.7174110302473	13.1919622040547
876	31.7166892817576	13.1898118278847
877	31.7159684006202	13.1876638954249
878	31.7152483848139	13.1855184011287
879	31.7145292323251	13.1833753394681
880	31.7138109411466	13.1812347049343
881	31.7130935092784	13.1790964920368
882	31.7123769347272	13.176960695304
883	31.7116612155068	13.1748273092827
884	31.7109463496375	13.1726963285381
885	31.7102323351465	13.1705677476538
886	31.709519170068	13.1684415612316
887	31.7088068524425	13.1663177638916
888	31.7080953803176	13.164196350272
889	31.7073847517472	13.162077315029
890	31.7066749647921	13.1599606528366
891	31.7059660175195	13.157846358387
892	31.7052579080035	13.1557344263899
893	31.7045506343243	13.1536248515728
894	31.703844194569	13.1515176286808
895	31.7031385868308	13.1494127524766
896	31.7024338092099	13.1473102177403
897	31.7017298598124	13.1452100192696
898	31.701026736751	13.1431121518792
899	31.7003244381448	13.1410166104013
900	31.6996229621192	13.1389233896851
901	31.6989223068061	13.1368324845969
902	31.6982224703432	13.1347438900203
903	31.697523450875	13.1326576008553
904	31.696825246552	13.1305736120193
905	31.6961278555308	13.1284919184462
906	31.6954312759743	13.1264125150866
907	31.6947355060515	13.1243353969078
908	31.6940405439375	13.1222605588938
909	31.6933463878137	13.1201879960449
910	31.6926530358672	13.1181177033779
911	31.6919604862915	13.116049675926
912	31.6912687372859	13.1139839087386
913	31.6905777870556	13.1119203968812
914	31.689887633812	13.1098591354358
915	31.6891982757723	13.1078001195002
916	31.6885097111597	13.1057433441881
917	31.6878219382031	13.1036888046294
918	31.6871349551374	13.1016364959697
919	31.6864487602033	13.0995864133704
920	31.6857633516473	13.0975385520088
921	31.6850787277216	13.0954929070774
922	31.6843948866844	13.0934494737849
923	31.6837118267993	13.091408247355
924	31.6830295463359	13.0893692230271
925	31.6823480435692	13.087332396056
926	31.6816673167801	13.0852977617117
927	31.6809873642549	13.0832653152795
928	31.6803081842857	13.08123505206
929	31.6796297751702	13.0792069673688
930	31.6789521352114	13.0771810565365
931	31.6782752627181	13.0751573149089
932	31.6775991560045	13.0731357378466
933	31.6769238133903	13.071116320725
934	31.6762492332005	13.0690990589343
935	31.6755754137659	13.0670839478797
936	31.6749023534224	13.0650709829809
937	31.6742300505114	13.063060159672
938	31.6735585033797	13.0610514734021
939	31.6728877103794	13.0590449196344
940	31.6722176698679	13.0570404938467
941	31.6715483802079	13.0550381915311
942	31.6708798397675	13.0530416254131
943	31.6702120469199	13.0510481827597
944	31.6695450000436	13.0490568452426
945	31.6688786975223	13.0470676084213
946	31.6682131377449	13.0450804678691
947	31.6675483191055	13.0430954191734
948	31.6668842400032	13.0411124579355
949	31.6662208988424	13.0391315797706
950	31.6655582940325	13.0371527803076
951	31.664896423988	13.0351760551892
952	31.6642352871285	13.0332014000719
953	31.6635748818785	13.0312288106255
954	31.6629152066676	13.0292582825337
955	31.6622562599305	13.0272898114936
956	31.6615980401068	13.0253233932157
957	31.6609405456409	13.0233590234239
958	31.6602837749823	13.0213966978556
959	31.6596277265853	13.0194364122614
960	31.6589723989093	13.017478162405
961	31.6583177904183	13.0155219440635
962	31.6576638995814	13.013567753027
963	31.6570107248722	13.0116155850987
964	31.6563582647695	13.0096654360947
965	31.6557065177566	13.0077173018443
966	31.6550554823217	13.0057711781896
967	31.6544051569577	13.0038270609854
968	31.6537555401622	13.0018849460996
969	31.6531066304375	12.9999448294126
970	31.6524584262908	12.9980067068176
971	31.6518109262337	12.9960705742205
972	31.6511641287826	12.9941364275397
973	31.6505180324585	12.9922042627062
974	31.6498726357869	12.9902740756633
975	31.6492279372981	12.9883458623672
976	31.6485839355269	12.9864196187859
977	31.6479406290125	12.9844953409003
978	31.6472980162988	12.9825730247031
979	31.6466560959342	12.9806526661996
980	31.6460148664716	12.9787342614071
981	31.6453743264683	12.9768178063551
982	31.6447344744862	12.9749032970852
983	31.6440953090915	12.972990729651
984	31.643456828855	12.9710801001181
985	31.6428190323516	12.9691714045642
986	31.642181918161	12.9672646390785
987	31.6415454848669	12.9653597997625
988	31.6409097310576	12.9634568827292
989	31.6402746553256	12.9615558841035
990	31.6396402562678	12.9596568000219
991	31.6390065324855	12.9577596266327
992	31.6383734825839	12.9558643600957
993	31.6377411051729	12.9539709965823
994	31.6371093988665	12.9520795322753
995	31.6364783622828	12.9501899633692
996	31.6358479940442	12.9483022860698
997	31.6352182927774	12.9464164965942
998	31.6345892571132	12.944532591171
999	31.6339608856866	12.9426505660399
1000	31.6337235056882	12.9407721077893
1001	31.6327061301064	12.9388921416697
