1	0.0559522751407936	0.0559522751407936
2	0.0630583413346678	0.0630583413346678
3	0.065989000629993	0.065989000629993
4	0.0675969066909264	0.0675969066909264
5	0.0686146544473275	0.0686146544473275
6	0.0693174424903219	0.0693174424903219
7	0.0698321615139482	0.0698321615139482
8	0.0702255256863053	0.0702255256863053
9	0.0705359946269155	0.0705359946269155
10	0.0707873114829985	0.0707873114829985
11	0.0709949329363749	0.0709949329363749
12	0.0711693568327898	0.0711693568327898
13	0.0713179645671776	0.0713179645671776
14	0.0714460984214973	0.0714460984214973
15	0.0715577206553403	0.0715577206553403
16	0.0716558323507115	0.0716558323507115
17	0.0717427483679851	0.0717427483679851
18	0.0718202829817474	0.0718202829817474
19	0.0718898783221627	0.0718898783221627
20	0.0719526951835868	0.0719526951835868
21	0.0720096784697923	0.0720096784697923
22	0.072061605175701	0.072061605175701
23	0.0721091201124683	0.0721091201124683
24	0.0721527628805518	0.0721527628805518
25	0.0721929884947854	0.0721929884947854
26	0.0722301833391194	0.0722301833391194
27	0.0722646776402847	0.0722646776402847
28	0.0722967553156167	0.0722967553156167
29	0.0723266618182284	0.0723266618182284
30	0.0723546104392028	0.0723546104392028
31	0.0723807874096967	0.0723807874096967
32	0.0724053560614236	0.0724053560614236
33	0.072428460242253	0.072428460242253
34	0.0724502271380369	0.0724502271380369
35	0.0724707696177224	0.0724707696177224
36	0.0724901881931518	0.0724901881931518
37	0.0725085726654543	0.0725085726654543
38	0.0725260035149947	0.0725260035149947
39	0.0725425530803082	0.0725425530803082
40	0.0725582865624791	0.0725582865624791
41	0.0725732628843949	0.0725732628843949
42	0.0725875354287678	0.0725875354287678
43	0.0726011526744237	0.0726011526744237
44	0.0726141587468544	0.0726141587468544
45	0.0726265938962164	0.0726265938962164
46	0.0726384949136924	0.0726384949136924
47	0.0726498954952962	0.0726498954952962
48	0.0726608265606992	0.0726608265606992
49	0.0726713165334392	0.0726713165334392
50	0.0726813915878588	0.0726813915878588
51	0.0726910758672943	0.0726910758672943
52	0.0727003916773461	0.0727003916773461
53	0.0727093596574887	0.0727093596574887
54	0.0727179989338018	0.0727179989338018
55	0.0727263272552001	0.0727263272552001
56	0.0727343611152079	0.0727343611152079
57	0.0727421158610342	0.0727421158610342
58	0.07274960579147	0.07274960579147
59	0.0727568442449188	0.0727568442449188
60	0.0727638436787047	0.0727638436787047
61	0.0727706157406472	0.0727706157406472
62	0.0727771713337701	0.0727771713337701
63	0.0727835206749007	0.0727835206749007
64	0.0727896733478214	0.0727896733478214
65	0.0727956383515557	0.0727956383515557
66	0.0728014241443011	0.0728014241443011
67	0.072807038683459	0.072807038683459
68	0.0728124894621614	0.0728124894621614
69	0.0728177835426453	0.0728177835426453
70	0.0728229275867902	0.0728229275867902
71	0.0728279278840931	0.0728279278840931
72	0.0728327903773315	0.0728327903773315
73	0.0728375206861316	0.0728375206861316
74	0.0728421241286404	0.0728421241286404
75	0.0728466057414761	0.0728466057414761
76	0.0728509702981159	0.0728509702981159
77	0.0728552223258595	0.0728552223258595
78	0.0728593661214987	0.0728593661214987
79	0.0728634057658037	0.0728634057658037
80	0.0728673451369312	0.0728673451369312
81	0.0728711879228458	0.0728711879228458
82	0.0728749376328386	0.0728749376328386
83	0.0728785976082188	0.0728785976082188
84	0.0728821710322464	0.0728821710322464
85	0.0728856609393685	0.0728856609393685
86	0.0728890702238151	0.0728890702238151
87	0.0728924016476063	0.0728924016476063
88	0.0728956578480165	0.0728956578480165
89	0.0728988413445388	0.0728988413445388
90	0.0729019545453876	0.0729019545453876
91	0.0729049997535758	0.0729049997535758
92	0.0729079791725974	0.0729079791725974
93	0.0729108949117457	0.0729108949117457
94	0.0729137489910942	0.0729137489910942
95	0.0729165433461653	0.0729165433461653
96	0.0729192798323074	0.0729192798323074
97	0.0729219602288046	0.0729219602288046
98	0.0729245862427349	0.0729245862427349
99	0.0729271595125964	0.0729271595125964
100	0.0729296816117174	0.0729296816117174
101	0.072932154051464	0.072932154051464
102	0.0729345782842618	0.0729345782842618
103	0.0729369557064404	0.0729369557064404
104	0.0729392876609166	0.0729392876609166
105	0.072941575439724	0.072941575439724
106	0.0729438202864001	0.0729438202864001
107	0.0729460233982411	0.0729460233982411
108	0.0729481859284313	0.0729481859284313
109	0.072950308988056	0.072950308988056
110	0.0729523936480056	0.0729523936480056
111	0.0729544409407767	0.0729544409407767
112	0.0729564518621777	0.0729564518621777
113	0.0729584273729441	0.0729584273729441
114	0.0729603684002691	0.0729603684002691
115	0.0729622758392545	0.0729622758392545
116	0.072964150554288	0.072964150554288
117	0.0729659933803486	0.0729659933803486
118	0.0729678051242472	0.0729678051242472
119	0.0729695865658047	0.0729695865658047
120	0.0729713384589708	0.0729713384589708
121	0.0729730615328885	0.0729730615328885
122	0.0729747564929055	0.0729747564929055
123	0.0729764240215379	0.0729764240215379
124	0.0729780647793859	0.0729780647793859
125	0.0729796794060067	0.0729796794060067
126	0.0729812685207458	0.0729812685207458
127	0.0729828327235294	0.0729828327235294
128	0.072984372595619	0.072984372595619
129	0.0729858887003325	0.0729858887003325
130	0.0729873815837307	0.0729873815837307
131	0.0729888517752732	0.0729888517752732
132	0.0729902997884449	0.0729902997884449
133	0.0729917261213536	0.0729917261213536
134	0.0729931312573014	0.0729931312573014
135	0.072994515665331	0.072994515665331
136	0.0729958798007476	0.0729958798007476
137	0.072997224105618	0.072997224105618
138	0.0729985490092487	0.0729985490092487
139	0.0729998549286426	0.0729998549286426
140	0.073001142268937	0.073001142268937
141	0.0730024114238222	0.0730024114238222
142	0.0730036627759437	0.0730036627759437
143	0.073004896697286	0.073004896697286
144	0.0730061135495418	0.0730061135495418
145	0.0730073136844656	0.0730073136844656
146	0.0730084974442123	0.0730084974442123
147	0.0730096651616627	0.0730096651616627
148	0.0730108171607357	0.0730108171607357
149	0.0730119537566876	0.0730119537566876
150	0.0730130752564003	0.0730130752564003
151	0.0730141819586567	0.0730141819586567
152	0.0730152741544068	0.0730152741544068
153	0.0730163521270228	0.0730163521270228
154	0.0730174161525435	0.0730174161525435
155	0.0730184664999106	0.0730184664999106
156	0.0730195034311954	0.0730195034311954
157	0.0730205272018162	0.0730205272018162
158	0.0730215380607488	0.0730215380607488
159	0.0730225362507279	0.0730225362507279
160	0.0730235220084414	0.0730235220084414
161	0.073024495564718	0.073024495564718
162	0.0730254571447069	0.0730254571447069
163	0.0730264069680517	0.0730264069680517
164	0.0730273452490574	0.0730273452490574
165	0.073028272196852	0.073028272196852
166	0.0730291880155417	0.0730291880155417
167	0.0730300929043604	0.0730300929043604
168	0.0730309870578149	0.0730309870578149
169	0.0730318706658238	0.0730318706658238
170	0.0730327439138521	0.0730327439138521
171	0.0730336069830409	0.0730336069830409
172	0.0730344600503329	0.0730344600503329
173	0.0730353032885934	0.0730353032885934
174	0.0730361368667264	0.0730361368667264
175	0.0730369609497884	0.0730369609497884
176	0.0730377756990967	0.0730377756990967
177	0.0730385812723347	0.0730385812723347
178	0.073039377823654	0.073039377823654
179	0.0730401655037724	0.0730401655037724
180	0.0730409444600691	0.0730409444600691
181	0.0730417148366769	0.0730417148366769
182	0.0730424767745705	0.0730424767745705
183	0.073043230411653	0.073043230411653
184	0.073043975882839	0.073043975882839
185	0.0730447133201352	0.0730447133201352
186	0.0730454428527181	0.0730454428527181
187	0.0730461646070094	0.0730461646070094
188	0.0730468787067497	0.0730468787067497
189	0.0730475852730682	0.0730475852730682
190	0.073048284424552	0.073048284424552
191	0.0730489762773122	0.0730489762773122
192	0.0730496609450481	0.0730496609450481
193	0.0730503385391095	0.0730503385391095
194	0.0730510091685573	0.0730510091685573
195	0.0730516729402218	0.0730516729402218
196	0.0730523299587594	0.0730523299587594
197	0.0730529803267079	0.0730529803267079
198	0.0730536241445394	0.0730536241445394
199	0.0730542615107126	0.0730542615107126
200	0.0730548925217224	0.0730548925217224
201	0.0730555172721492	0.0730555172721492
202	0.0730561358547056	0.0730561358547056
203	0.0730567483602827	0.0730567483602827
204	0.0730573548779945	0.0730573548779945
205	0.0730579554952209	0.0730579554952209
206	0.07305855029765	0.07305855029765
207	0.0730591393693185	0.0730591393693185
208	0.0730597227926519	0.0730597227926519
209	0.0730603006485021	0.0730603006485021
210	0.0730608730161854	0.0730608730161854
211	0.0730614399735185	0.0730614399735185
212	0.073062001596854	0.073062001596854
213	0.0730625579611144	0.0730625579611144
214	0.0730631091398255	0.0730631091398255
215	0.0730636552051491	0.0730636552051491
216	0.0730641962279139	0.0730641962279139
217	0.0730647322776468	0.0730647322776468
218	0.0730652634226022	0.0730652634226022
219	0.0730657897297911	0.0730657897297911
220	0.0730663112650094	0.0730663112650094
221	0.0730668280928651	0.0730668280928651
222	0.0730673402768052	0.0730673402768052
223	0.0730678478791417	0.0730678478791417
224	0.0730683509610766	0.0730683509610766
225	0.0730688495827267	0.0730688495827267
226	0.0730693438031475	0.0730693438031475
227	0.0730698336803565	0.0730698336803565
228	0.0730703192713561	0.0730703192713561
229	0.0730708006321552	0.0730708006321552
230	0.0730712778177914	0.0730712778177914
231	0.0730717508823515	0.0730717508823515
232	0.0730722198789922	0.0730722198789922
233	0.0730726848599597	0.0730726848599597
234	0.0730731458766094	0.0730731458766094
235	0.0730736029794249	0.0730736029794249
236	0.0730740562180359	0.0730740562180359
237	0.0730745056412369	0.0730745056412369
238	0.073074951297004	0.073074951297004
239	0.0730753932325124	0.0730753932325124
240	0.073075831494153	0.073075831494153
241	0.0730762661275484	0.0730762661275484
242	0.0730766971775693	0.0730766971775693
243	0.0730771246883489	0.0730771246883489
244	0.0730775487032994	0.0730775487032994
245	0.0730779692651252	0.0730779692651252
246	0.0730783864158384	0.0730783864158384
247	0.0730788001967721	0.0730788001967721
248	0.0730792106485944	0.0730792106485944
249	0.0730796178113217	0.0730796178113217
250	0.0730800217243315	0.0730800217243315
251	0.0730804224263751	0.0730804224263751
252	0.0730808199555903	0.0730808199555903
253	0.0730812143495134	0.0730812143495134
254	0.0730816056450905	0.0730816056450905
255	0.07308199387869	0.07308199387869
256	0.0730823790861129	0.0730823790861129
257	0.0730827613026046	0.0730827613026046
258	0.073083140562865	0.073083140562865
259	0.0730835169010593	0.0730835169010593
260	0.0730838903508286	0.0730838903508286
261	0.0730842609452991	0.0730842609452991
262	0.0730846287170926	0.0730846287170926
263	0.0730849936983359	0.0730849936983359
264	0.0730853559206701	0.0730853559206701
265	0.0730857154152596	0.0730857154152596
266	0.0730860722128013	0.0730860722128013
267	0.0730864263435331	0.0730864263435331
268	0.0730867778372427	0.0730867778372427
269	0.0730871267232758	0.0730871267232758
270	0.0730874730305442	0.0730874730305442
271	0.0730878167875339	0.0730878167875339
272	0.0730881580223128	0.0730881580223128
273	0.0730884967625387	0.0730884967625387
274	0.0730888330354662	0.0730888330354662
275	0.0730891668679544	0.0730891668679544
276	0.0730894982864739	0.0730894982864739
277	0.0730898273171141	0.0730898273171141
278	0.0730901539855894	0.0730901539855894
279	0.0730904783172467	0.0730904783172467
280	0.0730908003370712	0.0730908003370712
281	0.0730911200696935	0.0730911200696935
282	0.0730914375393952	0.0730914375393952
283	0.0730917527701157	0.0730917527701157
284	0.0730920657854577	0.0730920657854577
285	0.0730923766086936	0.0730923766086936
286	0.0730926852627706	0.0730926852627706
287	0.0730929917703169	0.0730929917703169
288	0.0730932961536471	0.0730932961536471
289	0.0730935984347676	0.0730935984347676
290	0.0730938986353816	0.0730938986353816
291	0.073094196776895	0.073094196776895
292	0.0730944928804206	0.0730944928804206
293	0.0730947869667838	0.0730947869667838
294	0.0730950790565273	0.0730950790565273
295	0.0730953691699155	0.0730953691699155
296	0.0730956573269398	0.0730956573269398
297	0.0730959435473227	0.0730959435473227
298	0.0730962278505226	0.0730962278505226
299	0.0730965102557378	0.0730965102557378
300	0.0730967907819116	0.0730967907819116
301	0.0730970694477357	0.0730970694477357
302	0.0730973462716548	0.0730973462716548
303	0.0730976212718705	0.0730976212718705
304	0.0730978944663455	0.0730978944663455
305	0.0730981658728073	0.0730981658728073
306	0.0730984355087522	0.0730984355087522
307	0.0730987033914486	0.0730987033914486
308	0.0730989695379416	0.0730989695379416
309	0.0730992339650556	0.0730992339650556
310	0.0730994966893987	0.0730994966893987
311	0.0730997577273655	0.0730997577273655
312	0.0731000170951409	0.0731000170951409
313	0.0731002748087034	0.0731002748087034
314	0.0731005308838283	0.0731005308838283
315	0.0731007853360909	0.0731007853360909
316	0.0731010381808698	0.0731010381808698
317	0.0731012894333497	0.0731012894333497
318	0.0731015391085249	0.0731015391085249
319	0.0731017872212019	0.0731017872212019
320	0.0731020337860025	0.0731020337860025
321	0.0731022788173666	0.0731022788173666
322	0.0731025223295549	0.0731025223295549
323	0.0731027643366522	0.0731027643366522
324	0.0731030048525693	0.0731030048525693
325	0.0731032438910463	0.0731032438910463
326	0.0731034814656551	0.0731034814656551
327	0.0731037175898016	0.0731037175898016
328	0.0731039522767288	0.0731039522767288
329	0.0731041855395188	0.0731041855395188
330	0.0731044173910955	0.0731044173910955
331	0.0731046478442268	0.0731046478442268
332	0.0731048769115271	0.0731048769115271
333	0.0731051046054595	0.0731051046054595
334	0.0731053309383382	0.0731053309383382
335	0.0731055559223305	0.0731055559223305
336	0.0731057795694592	0.0731057795694592
337	0.0731060018916045	0.0731060018916045
338	0.0731062229005063	0.0731062229005063
339	0.0731064426077665	0.0731064426077665
340	0.0731066610248502	0.0731066610248502
341	0.0731068781630888	0.0731068781630888
342	0.0731070940336809	0.0731070940336809
343	0.0731073086476951	0.0731073086476951
344	0.0731075220160713	0.0731075220160713
345	0.0731077341496229	0.0731077341496229
346	0.0731079450590384	0.0731079450590384
347	0.0731081547548833	0.0731081547548833
348	0.073108363247602	0.073108363247602
349	0.0731085705475193	0.0731085705475193
350	0.073108776664842	0.073108776664842
351	0.0731089816096612	0.0731089816096612
352	0.0731091853919531	0.0731091853919531
353	0.0731093880215813	0.0731093880215813
354	0.0731095895082981	0.0731095895082981
355	0.073109789861746	0.073109789861746
356	0.0731099890914594	0.0731099890914594
357	0.073110187206866	0.073110187206866
358	0.0731103842172884	0.0731103842172884
359	0.0731105801319454	0.0731105801319454
360	0.0731107749599537	0.0731107749599537
361	0.073110968710329	0.073110968710329
362	0.0731111613919875	0.0731111613919875
363	0.0731113530137475	0.0731113530137475
364	0.0731115435843303	0.0731115435843303
365	0.073111733112362	0.073111733112362
366	0.0731119216063745	0.0731119216063745
367	0.0731121090748068	0.0731121090748068
368	0.0731122955260065	0.0731122955260065
369	0.0731124809682305	0.0731124809682305
370	0.0731126654096469	0.0731126654096469
371	0.0731128488583358	0.0731128488583358
372	0.0731130313222905	0.0731130313222905
373	0.0731132128094187	0.0731132128094187
374	0.0731133933275438	0.0731133933275438
375	0.0731135728844056	0.0731135728844056
376	0.0731137514876619	0.0731137514876619
377	0.0731139291448894	0.0731139291448894
378	0.0731141058635846	0.0731141058635846
379	0.0731142816511653	0.0731142816511653
380	0.0731144565149708	0.0731144565149708
381	0.073114630462264	0.073114630462264
382	0.0731148035002316	0.0731148035002316
383	0.0731149756359854	0.0731149756359854
384	0.0731151468765633	0.0731151468765633
385	0.07311531722893	0.07311531722893
386	0.0731154866999784	0.0731154866999784
387	0.07311565529653	0.07311565529653
388	0.0731158230253364	0.0731158230253364
389	0.0731159898930794	0.0731159898930794
390	0.073116155906373	0.073116155906373
391	0.073116321071763	0.073116321071763
392	0.0731164853957289	0.0731164853957289
393	0.0731166488846843	0.0731166488846843
394	0.0731168115449777	0.0731168115449777
395	0.0731169733828935	0.0731169733828935
396	0.0731171344046525	0.0731171344046525
397	0.0731172946164132	0.0731172946164132
398	0.0731174540242722	0.0731174540242722
399	0.0731176126342649	0.0731176126342649
400	0.0731177704523666	0.0731177704523666
401	0.0731179274844932	0.0731179274844932
402	0.0731180837365015	0.0731180837365015
403	0.0731182392141904	0.0731182392141904
404	0.0731183939233016	0.0731183939233016
405	0.0731185478695201	0.0731185478695201
406	0.0731187010584749	0.0731187010584749
407	0.0731188534957397	0.0731188534957397
408	0.0731190051868338	0.0731190051868338
409	0.0731191561372225	0.0731191561372225
410	0.073119306352318	0.073119306352318
411	0.0731194558374796	0.0731194558374796
412	0.0731196045980149	0.0731196045980149
413	0.0731197526391801	0.0731197526391801
414	0.0731198999661807	0.0731198999661807
415	0.073120046584172	0.073120046584172
416	0.07312019249826	0.07312019249826
417	0.0731203377135015	0.0731203377135015
418	0.0731204822349053	0.0731204822349053
419	0.0731206260674322	0.0731206260674322
420	0.0731207692159959	0.0731207692159959
421	0.0731209116854636	0.0731209116854636
422	0.0731210534806562	0.0731210534806562
423	0.0731211946063492	0.0731211946063492
424	0.0731213350672731	0.0731213350672731
425	0.073121474868114	0.073121474868114
426	0.0731216140135141	0.0731216140135141
427	0.0731217525080718	0.0731217525080718
428	0.0731218903563431	0.0731218903563431
429	0.0731220275628412	0.0731220275628412
430	0.0731221641320376	0.0731221641320376
431	0.0731223000683622	0.0731223000683622
432	0.073122435376204	0.073122435376204
433	0.0731225700599115	0.0731225700599115
434	0.0731227041237933	0.0731227041237933
435	0.0731228375721182	0.0731228375721182
436	0.0731229704091161	0.0731229704091161
437	0.073123102638978	0.073123102638978
438	0.073123234265857	0.073123234265857
439	0.0731233652938682	0.0731233652938682
440	0.0731234957270892	0.0731234957270892
441	0.0731236255695611	0.0731236255695611
442	0.073123754825288	0.073123754825288
443	0.0731238834982382	0.0731238834982382
444	0.0731240115923441	0.0731240115923441
445	0.073124139111503	0.073124139111503
446	0.0731242660595772	0.0731242660595772
447	0.0731243924403945	0.0731243924403945
448	0.0731245182577484	0.0731245182577484
449	0.0731246435153989	0.0731246435153989
450	0.0731247682170725	0.0731247682170725
451	0.0731248923664627	0.0731248923664627
452	0.0731250159672303	0.0731250159672303
453	0.073125139023004	0.073125139023004
454	0.0731252615373804	0.0731252615373804
455	0.0731253835139245	0.0731253835139245
456	0.0731255049561702	0.0731255049561702
457	0.0731256258676205	0.0731256258676205
458	0.0731257462517477	0.0731257462517477
459	0.073125866111994	0.073125866111994
460	0.0731259854517716	0.0731259854517716
461	0.0731261042744634	0.0731261042744634
462	0.0731262225834226	0.0731262225834226
463	0.073126340381974	0.073126340381974
464	0.0731264576734132	0.0731264576734132
465	0.0731265744610081	0.0731265744610081
466	0.073126690747998	0.073126690747998
467	0.0731268065375948	0.0731268065375948
468	0.0731269218329831	0.0731269218329831
469	0.0731270366373201	0.0731270366373201
470	0.0731271509537362	0.0731271509537362
471	0.0731272647853354	0.0731272647853354
472	0.0731273781351954	0.0731273781351954
473	0.0731274910063678	0.0731274910063678
474	0.0731276034018785	0.0731276034018785
475	0.073127715324728	0.073127715324728
476	0.0731278267778917	0.0731278267778917
477	0.0731279377643198	0.0731279377643198
478	0.0731280482869382	0.0731280482869382
479	0.0731281583486481	0.0731281583486481
480	0.0731282679523267	0.0731282679523267
481	0.0731283771008273	0.0731283771008273
482	0.0731284857969795	0.0731284857969795
483	0.0731285940435895	0.0731285940435895
484	0.0731287018434404	0.0731287018434404
485	0.0731288091992923	0.0731288091992923
486	0.0731289161138827	0.0731289161138827
487	0.0731290225899265	0.0731290225899265
488	0.0731291286301165	0.0731291286301165
489	0.0731292342371234	0.0731292342371234
490	0.0731293394135962	0.0731293394135962
491	0.0731294441621623	0.0731294441621623
492	0.0731295484854279	0.0731295484854279
493	0.0731296523859779	0.0731296523859779
494	0.0731297558663764	0.0731297558663764
495	0.0731298589291666	0.0731298589291666
496	0.0731299615768716	0.0731299615768716
497	0.0731300638119938	0.0731300638119938
498	0.0731301656370159	0.0731301656370159
499	0.0731302670544004	0.0731302670544004
500	0.0731303680665904	0.0731303680665904
501	0.0731304686760092	0.0731304686760092
502	0.0731305688850612	0.0731305688850612
503	0.0731306686961314	0.0731306686961314
504	0.073130768111586	0.073130768111586
505	0.0731308671337725	0.0731308671337725
506	0.0731309657650197	0.0731309657650197
507	0.0731310640076384	0.0731310640076384
508	0.0731311618639209	0.0731311618639209
509	0.0731312593361415	0.0731312593361415
510	0.073131356426557	0.073131356426557
511	0.0731314531374063	0.0731314531374063
512	0.0731315494709108	0.0731315494709108
513	0.0731316454292747	0.0731316454292747
514	0.0731317410146851	0.0731317410146851
515	0.0731318362293121	0.0731318362293121
516	0.0731319310753089	0.0731319310753089
517	0.0731320255548121	0.0731320255548121
518	0.0731321196699419	0.0731321196699419
519	0.0731322134228022	0.0731322134228022
520	0.0731323068154806	0.0731323068154806
521	0.0731323998500488	0.0731323998500488
522	0.0731324925285625	0.0731324925285625
523	0.073132584853062	0.073132584853062
524	0.0731326768255716	0.0731326768255716
525	0.0731327684481005	0.0731327684481005
526	0.0731328597226426	0.0731328597226426
527	0.0731329506511767	0.0731329506511767
528	0.0731330412356666	0.0731330412356666
529	0.073133131478061	0.073133131478061
530	0.0731332213802944	0.0731332213802944
531	0.0731333109442864	0.0731333109442864
532	0.0731334001719424	0.0731334001719424
533	0.0731334890651532	0.0731334890651532
534	0.0731335776257958	0.0731335776257958
535	0.073133665855733	0.073133665855733
536	0.0731337537568136	0.0731337537568136
537	0.073133841330873	0.073133841330873
538	0.0731339285797327	0.0731339285797327
539	0.0731340155052006	0.0731340155052006
540	0.0731341021090716	0.0731341021090716
541	0.073134188393127	0.073134188393127
542	0.0731342743591351	0.0731342743591351
543	0.0731343600088511	0.0731343600088511
544	0.0731344453440174	0.0731344453440174
545	0.0731345303663638	0.0731345303663638
546	0.0731346150776071	0.0731346150776071
547	0.0731346994794517	0.0731346994794517
548	0.0731347835735896	0.0731347835735896
549	0.0731348673617004	0.0731348673617004
550	0.0731349508454517	0.0731349508454517
551	0.0731350340264988	0.0731350340264988
552	0.0731351169064851	0.0731351169064851
553	0.073135199487042	0.073135199487042
554	0.0731352817697895	0.0731352817697895
555	0.0731353637563354	0.0731353637563354
556	0.0731354454482765	0.0731354454482765
557	0.0731355268471977	0.0731355268471977
558	0.0731356079546727	0.0731356079546727
559	0.073135688772264	0.073135688772264
560	0.0731357693015231	0.0731357693015231
561	0.07313584954399	0.07313584954399
562	0.0731359295011943	0.0731359295011943
563	0.0731360091746542	0.0731360091746542
564	0.0731360885658777	0.0731360885658777
565	0.0731361676763615	0.0731361676763615
566	0.0731362465075924	0.0731362465075924
567	0.0731363250610463	0.0731363250610463
568	0.0731364033381887	0.0731364033381887
569	0.0731364813404752	0.0731364813404752
570	0.0731365590693506	0.0731365590693506
571	0.0731366365262501	0.0731366365262501
572	0.0731367137125987	0.0731367137125987
573	0.0731367906298114	0.0731367906298114
574	0.0731368672792934	0.0731368672792934
575	0.0731369436624402	0.0731369436624402
576	0.0731370197806374	0.0731370197806374
577	0.0731370956352613	0.0731370956352613
578	0.0731371712276785	0.0731371712276785
579	0.0731372465592462	0.0731372465592462
580	0.0731373216313123	0.0731373216313123
581	0.0731373964452153	0.0731373964452153
582	0.0731374710022847	0.0731374710022847
583	0.0731375453038407	0.0731375453038407
584	0.0731376193511947	0.0731376193511947
585	0.0731376931456488	0.0731376931456488
586	0.0731377666884965	0.0731377666884965
587	0.0731378399810225	0.0731378399810225
588	0.0731379130245026	0.0731379130245026
589	0.073137985820204	0.073137985820204
590	0.0731380583693854	0.0731380583693854
591	0.0731381306732968	0.0731381306732968
592	0.0731382027331801	0.0731382027331801
593	0.0731382745502685	0.0731382745502685
594	0.073138346125787	0.073138346125787
595	0.0731384174609525	0.0731384174609525
596	0.0731384885569736	0.0731384885569736
597	0.0731385594150508	0.0731385594150508
598	0.0731386300363767	0.0731386300363767
599	0.0731387004221359	0.0731387004221359
600	0.073138770573505	0.073138770573505
601	0.0731388404916529	0.0731388404916529
602	0.0731389101777407	0.0731389101777407
603	0.0731389796329218	0.0731389796329218
604	0.0731390488583419	0.0731390488583419
605	0.0731391178551394	0.0731391178551394
606	0.0731391866244449	0.0731391866244449
607	0.0731392551673816	0.0731392551673816
608	0.0731393234850655	0.0731393234850655
609	0.073139391578605	0.073139391578605
610	0.0731394594491015	0.0731394594491015
611	0.073139527097649	0.073139527097649
612	0.0731395945253346	0.0731395945253346
613	0.073139661733238	0.073139661733238
614	0.0731397287224322	0.0731397287224322
615	0.0731397954939828	0.0731397954939828
616	0.073139862048949	0.073139862048949
617	0.0731399283883828	0.0731399283883828
618	0.0731399945133294	0.0731399945133294
619	0.0731400604248275	0.0731400604248275
620	0.0731401261239087	0.0731401261239087
621	0.0731401916115985	0.0731401916115985
622	0.0731402568889152	0.0731402568889152
623	0.0731403219568712	0.0731403219568712
624	0.0731403868164718	0.0731403868164718
625	0.0731404514687164	0.0731404514687164
626	0.0731405159145977	0.0731405159145977
627	0.0731405801551021	0.0731405801551021
628	0.0731406441912098	0.0731406441912098
629	0.0731407080238949	0.0731407080238949
630	0.0731407716541251	0.0731407716541251
631	0.0731408350828619	0.0731408350828619
632	0.0731408983110611	0.0731408983110611
633	0.0731409613396721	0.0731409613396721
634	0.0731410241696385	0.0731410241696385
635	0.0731410868018979	0.0731410868018979
636	0.073141149237382	0.073141149237382
637	0.0731412114770167	0.0731412114770167
638	0.0731412735217221	0.0731412735217221
639	0.0731413353724125	0.0731413353724125
640	0.0731413970299965	0.0731413970299965
641	0.0731414584953771	0.0731414584953771
642	0.0731415197694515	0.0731415197694515
643	0.0731415808531116	0.0731415808531116
644	0.0731416417472435	0.0731416417472435
645	0.0731417024527281	0.0731417024527281
646	0.0731417629704404	0.0731417629704404
647	0.0731418233012506	0.0731418233012506
648	0.0731418834460229	0.0731418834460229
649	0.0731419434056167	0.0731419434056167
650	0.0731420031808858	0.0731420031808858
651	0.0731420627726789	0.0731420627726789
652	0.0731421221818394	0.0731421221818394
653	0.0731421814092056	0.0731421814092056
654	0.0731422404556108	0.0731422404556108
655	0.0731422993218829	0.0731422993218829
656	0.0731423580088451	0.0731423580088451
657	0.0731424165173153	0.0731424165173153
658	0.0731424748481067	0.0731424748481067
659	0.0731425330020274	0.0731425330020274
660	0.0731425909798805	0.0731425909798805
661	0.0731426487824647	0.0731426487824647
662	0.0731427064105732	0.0731427064105732
663	0.0731427638649951	0.0731427638649951
664	0.0731428211465142	0.0731428211465142
665	0.07314287825591	0.07314287825591
666	0.0731429351939571	0.0731429351939571
667	0.0731429919614254	0.0731429919614254
668	0.0731430485590804	0.0731430485590804
669	0.0731431049876829	0.0731431049876829
670	0.0731431612479893	0.0731431612479893
671	0.0731432173407512	0.0731432173407512
672	0.073143273266716	0.073143273266716
673	0.0731433290266266	0.0731433290266266
674	0.0731433846212215	0.0731433846212215
675	0.0731434400512347	0.0731434400512347
676	0.073143495317396	0.073143495317396
677	0.0731435504204309	0.0731435504204309
678	0.0731436053610605	0.0731436053610605
679	0.0731436601400017	0.0731436601400017
680	0.0731437147579674	0.0731437147579674
681	0.0731437692156659	0.0731437692156659
682	0.0731438235138018	0.0731438235138018
683	0.0731438776530752	0.0731438776530752
684	0.0731439316341823	0.0731439316341823
685	0.0731439854578153	0.0731439854578153
686	0.0731440391246622	0.0731440391246622
687	0.073144092635407	0.073144092635407
688	0.07314414599073	0.07314414599073
689	0.0731441991913071	0.0731441991913071
690	0.0731442522378108	0.0731442522378108
691	0.0731443051309092	0.0731443051309092
692	0.073144357871267	0.073144357871267
693	0.0731444104595447	0.0731444104595447
694	0.0731444628963992	0.0731444628963992
695	0.0731445151824836	0.0731445151824836
696	0.0731445673184472	0.0731445673184472
697	0.0731446193049356	0.0731446193049356
698	0.0731446711425908	0.0731446711425908
699	0.0731447228320508	0.0731447228320508
700	0.0731447743739505	0.0731447743739505
701	0.0731448257689206	0.0731448257689206
702	0.0731448770175886	0.0731448770175886
703	0.0731449281205784	0.0731449281205784
704	0.0731449790785101	0.0731449790785101
705	0.0731450298920005	0.0731450298920005
706	0.0731450805616629	0.0731450805616629
707	0.0731451310881072	0.0731451310881072
708	0.0731451814719396	0.0731451814719396
709	0.073145231713763	0.073145231713763
710	0.0731452818141771	0.0731452818141771
711	0.073145331773778	0.073145331773778
712	0.0731453815931585	0.0731453815931585
713	0.0731454312729082	0.0731454312729082
714	0.0731454808136131	0.0731454808136131
715	0.0731455302158563	0.0731455302158563
716	0.0731455794802175	0.0731455794802175
717	0.073145628607273	0.073145628607273
718	0.0731456775975962	0.0731456775975962
719	0.0731457264517569	0.0731457264517569
720	0.0731457751703222	0.0731457751703222
721	0.0731458237538558	0.0731458237538558
722	0.0731458722029183	0.0731458722029183
723	0.0731459205180672	0.0731459205180672
724	0.0731459686998569	0.0731459686998569
725	0.0731460167488388	0.0731460167488388
726	0.0731460646655614	0.0731460646655614
727	0.0731461124505698	0.0731461124505698
728	0.0731461601044065	0.0731461601044065
729	0.0731462076276109	0.0731462076276109
730	0.0731462550207193	0.0731462550207193
731	0.0731463022842652	0.0731463022842652
732	0.0731463494187792	0.0731463494187792
733	0.0731463964247889	0.0731463964247889
734	0.0731464433028192	0.0731464433028192
735	0.0731464900533921	0.0731464900533921
736	0.0731465366770266	0.0731465366770266
737	0.073146583174239	0.073146583174239
738	0.0731466295455429	0.0731466295455429
739	0.0731466757914489	0.0731466757914489
740	0.073146721912465	0.073146721912465
741	0.0731467679090965	0.0731467679090965
742	0.0731468137818459	0.0731468137818459
743	0.0731468595312129	0.0731468595312129
744	0.0731469051576947	0.0731469051576947
745	0.0731469506617857	0.0731469506617857
746	0.0731469960439778	0.0731469960439778
747	0.0731470413047601	0.0731470413047601
748	0.0731470864446191	0.0731470864446191
749	0.0731471314640388	0.0731471314640388
750	0.0731471763635007	0.0731471763635007
751	0.0731472211434834	0.0731472211434834
752	0.0731472658044634	0.0731472658044634
753	0.0731473103469143	0.0731473103469143
754	0.0731473547713073	0.0731473547713073
755	0.0731473990781113	0.0731473990781113
756	0.0731474432677925	0.0731474432677925
757	0.0731474873408146	0.0731474873408146
758	0.073147531297639	0.073147531297639
759	0.0731475751387247	0.0731475751387247
760	0.0731476188645282	0.0731476188645282
761	0.0731476624755036	0.0731476624755036
762	0.0731477059721025	0.0731477059721025
763	0.0731477493547745	0.0731477493547745
764	0.0731477926239664	0.0731477926239664
765	0.073147835780123	0.073147835780123
766	0.0731478788236866	0.0731478788236866
767	0.0731479217550973	0.0731479217550973
768	0.0731479645747928	0.0731479645747928
769	0.0731480072832087	0.0731480072832087
770	0.0731480498807781	0.0731480498807781
771	0.0731480923679321	0.0731480923679321
772	0.0731481347450993	0.0731481347450993
773	0.0731481770127064	0.0731481770127064
774	0.0731482191711776	0.0731482191711776
775	0.0731482612209351	0.0731482612209351
776	0.0731483031623989	0.0731483031623989
777	0.0731483449959868	0.0731483449959868
778	0.0731483867221144	0.0731483867221144
779	0.0731484283411952	0.0731484283411952
780	0.0731484698536407	0.0731484698536407
781	0.0731485112598602	0.0731485112598602
782	0.0731485525602608	0.0731485525602608
783	0.0731485937552478	0.0731485937552478
784	0.0731486348452242	0.0731486348452242
785	0.0731486758305909	0.0731486758305909
786	0.073148716711747	0.073148716711747
787	0.0731487574890895	0.0731487574890895
788	0.0731487981630132	0.0731487981630132
789	0.0731488387339111	0.0731488387339111
790	0.0731488792021741	0.0731488792021741
791	0.0731489195681912	0.0731489195681912
792	0.0731489598323495	0.0731489598323495
793	0.0731489999950339	0.0731489999950339
794	0.0731490400566276	0.0731490400566276
795	0.0731490800175118	0.0731490800175118
796	0.0731491198780658	0.0731491198780658
797	0.0731491596386669	0.0731491596386669
798	0.0731491992996907	0.0731491992996907
799	0.0731492388615107	0.0731492388615107
800	0.0731492783244986	0.0731492783244986
801	0.0731493176890245	0.0731493176890245
802	0.0731493569554562	0.0731493569554562
803	0.0731493961241601	0.0731493961241601
804	0.0731494351955005	0.0731494351955005
805	0.07314947416984	0.07314947416984
806	0.0731495130475393	0.0731495130475393
807	0.0731495518289575	0.0731495518289575
808	0.0731495905144519	0.0731495905144519
809	0.0731496291043778	0.0731496291043778
810	0.0731496675990889	0.0731496675990889
811	0.0731497059989372	0.0731497059989372
812	0.0731497443042729	0.0731497443042729
813	0.0731497825154446	0.0731497825154446
814	0.073149820632799	0.073149820632799
815	0.0731498586566813	0.0731498586566813
816	0.0731498965874347	0.0731498965874347
817	0.0731499344254011	0.0731499344254011
818	0.0731499721709205	0.0731499721709205
819	0.0731500098243312	0.0731500098243312
820	0.0731500473859701	0.0731500473859701
821	0.0731500848561722	0.0731500848561722
822	0.0731501222352711	0.0731501222352711
823	0.0731501595235984	0.0731501595235984
824	0.0731501967214846	0.0731501967214846
825	0.0731502338292582	0.0731502338292582
826	0.0731502708472463	0.0731502708472463
827	0.0731503077757744	0.0731503077757744
828	0.0731503446151663	0.0731503446151663
829	0.0731503813657444	0.0731503813657444
830	0.0731504180278295	0.0731504180278295
831	0.0731504546017409	0.0731504546017409
832	0.0731504910877962	0.0731504910877962
833	0.0731505274863117	0.0731505274863117
834	0.0731505637976019	0.0731505637976019
835	0.0731506000219801	0.0731506000219801
836	0.0731506361597579	0.0731506361597579
837	0.0731506722112456	0.0731506722112456
838	0.0731507081767517	0.0731507081767517
839	0.0731507440565836	0.0731507440565836
840	0.0731507798510471	0.0731507798510471
841	0.0731508155604463	0.0731508155604463
842	0.0731508511850842	0.0731508511850842
843	0.0731508867252622	0.0731508867252622
844	0.0731509221812803	0.0731509221812803
845	0.0731509575534372	0.0731509575534372
846	0.0731509928420299	0.0731509928420299
847	0.0731510280473543	0.0731510280473543
848	0.0731510631697047	0.0731510631697047
849	0.0731510982093741	0.0731510982093741
850	0.0731511331666542	0.0731511331666542
851	0.0731511680418351	0.0731511680418351
852	0.0731512028352058	0.0731512028352058
853	0.0731512375470538	0.0731512375470538
854	0.0731512721776653	0.0731512721776653
855	0.0731513067273251	0.0731513067273251
856	0.0731513411963167	0.0731513411963167
857	0.0731513755849224	0.0731513755849224
858	0.073151409893423	0.073151409893423
859	0.073151444122098	0.073151444122098
860	0.0731514782712258	0.0731514782712258
861	0.0731515123410833	0.0731515123410833
862	0.0731515463319462	0.0731515463319462
863	0.073151580244089	0.073151580244089
864	0.0731516140777847	0.0731516140777847
865	0.0731516478333053	0.0731516478333053
866	0.0731516815109215	0.0731516815109215
867	0.0731517151109025	0.0731517151109025
868	0.0731517486335165	0.0731517486335165
869	0.0731517820790305	0.0731517820790305
870	0.0731518154477101	0.0731518154477101
871	0.0731518487398198	0.0731518487398198
872	0.0731518819556229	0.0731518819556229
873	0.0731519150953813	0.0731519150953813
874	0.073151948159356	0.073151948159356
875	0.0731519811478065	0.0731519811478065
876	0.0731520140609914	0.0731520140609914
877	0.073152046899168	0.073152046899168
878	0.0731520796625923	0.0731520796625923
879	0.0731521123515193	0.0731521123515193
880	0.0731521449662029	0.0731521449662029
881	0.0731521775068956	0.0731521775068956
882	0.0731522099738491	0.0731522099738491
883	0.0731522423673136	0.0731522423673136
884	0.0731522746875383	0.0731522746875383
885	0.0731523069347715	0.0731523069347715
886	0.07315233910926	0.07315233910926
887	0.0731523712112497	0.0731523712112497
888	0.0731524032409855	0.0731524032409855
889	0.0731524351987109	0.0731524351987109
890	0.0731524670846685	0.0731524670846685
891	0.0731524988990999	0.0731524988990999
892	0.0731525306422454	0.0731525306422454
893	0.0731525623143444	0.0731525623143444
894	0.0731525939156351	0.0731525939156351
895	0.0731526254463547	0.0731526254463547
896	0.0731526569067393	0.0731526569067393
897	0.073152688297024	0.073152688297024
898	0.0731527196174429	0.0731527196174429
899	0.0731527508682288	0.0731527508682288
900	0.0731527820496139	0.0731527820496139
901	0.0731528131618291	0.0731528131618291
902	0.0731528442051041	0.0731528442051041
903	0.073152875179668	0.073152875179668
904	0.0731529060857486	0.0731529060857486
905	0.0731529369235727	0.0731529369235727
906	0.0731529676933662	0.0731529676933662
907	0.0731529983953541	0.0731529983953541
908	0.0731530290297602	0.0731530290297602
909	0.0731530595968073	0.0731530595968073
910	0.0731530900967174	0.0731530900967174
911	0.0731531205297115	0.0731531205297115
912	0.0731531508960096	0.0731531508960096
913	0.0731531811958305	0.0731531811958305
914	0.0731532114293925	0.0731532114293925
915	0.0731532415969126	0.0731532415969126
916	0.0731532716986069	0.0731532716986069
917	0.0731533017346908	0.0731533017346908
918	0.0731533317053783	0.0731533317053783
919	0.0731533616108829	0.0731533616108829
920	0.0731533914514171	0.0731533914514171
921	0.0731534212271923	0.0731534212271923
922	0.073153450938419	0.073153450938419
923	0.073153480585307	0.073153480585307
924	0.073153510168065	0.073153510168065
925	0.0731535396869009	0.0731535396869009
926	0.0731535691420216	0.0731535691420216
927	0.0731535985336332	0.0731535985336332
928	0.0731536278619408	0.0731536278619408
929	0.0731536571271489	0.0731536571271489
930	0.0731536863294607	0.0731536863294607
931	0.0731537154690789	0.0731537154690789
932	0.0731537445462051	0.0731537445462051
933	0.0731537735610401	0.0731537735610401
934	0.0731538025137839	0.0731538025137839
935	0.0731538314046355	0.0731538314046355
936	0.0731538602337933	0.0731538602337933
937	0.0731538890014546	0.0731538890014546
938	0.073153917707816	0.073153917707816
939	0.0731539463530732	0.0731539463530732
940	0.0731539749374211	0.0731539749374211
941	0.0731540034610538	0.0731540034610538
942	0.0731540319241645	0.0731540319241645
943	0.0731540603269456	0.0731540603269456
944	0.0731540886695888	0.0731540886695888
945	0.0731541169522847	0.0731541169522847
946	0.0731541451752235	0.0731541451752235
947	0.0731541733385944	0.0731541733385944
948	0.0731542014425855	0.0731542014425855
949	0.0731542294873848	0.0731542294873848
950	0.0731542574731787	0.0731542574731787
951	0.0731542854001536	0.0731542854001536
952	0.0731543132684944	0.0731543132684944
953	0.0731543410783858	0.0731543410783858
954	0.0731543688300114	0.0731543688300114
955	0.0731543965235542	0.0731543965235542
956	0.0731544241591963	0.0731544241591963
957	0.073154451737119	0.073154451737119
958	0.073154479257503	0.073154479257503
959	0.0731545067205283	0.0731545067205283
960	0.073154534126374	0.073154534126374
961	0.0731545614752183	0.0731545614752183
962	0.0731545887672391	0.0731545887672391
963	0.0731546160026131	0.0731546160026131
964	0.0731546431815167	0.0731546431815167
965	0.0731546703041252	0.0731546703041252
966	0.0731546973706133	0.0731546973706133
967	0.0731547243811551	0.0731547243811551
968	0.0731547513359238	0.0731547513359238
969	0.0731547782350921	0.0731547782350921
970	0.0731548050788317	0.0731548050788317
971	0.0731548318673138	0.0731548318673138
972	0.0731548586007088	0.0731548586007088
973	0.0731548852791866	0.0731548852791866
974	0.0731549119029161	0.0731549119029161
975	0.0731549384720658	0.0731549384720658
976	0.0731549649868032	0.0731549649868032
977	0.0731549914472953	0.0731549914472953
978	0.0731550178537085	0.0731550178537085
979	0.0731550442062083	0.0731550442062083
980	0.0731550705049598	0.0731550705049598
981	0.0731550967501271	0.0731550967501271
982	0.0731551229418739	0.0731551229418739
983	0.0731551490803631	0.0731551490803631
984	0.073155175165757	0.073155175165757
985	0.0731552011982173	0.0731552011982173
986	0.0731552271779047	0.0731552271779047
987	0.0731552531049798	0.0731552531049798
988	0.073155278979602	0.073155278979602
989	0.0731553048019305	0.0731553048019305
990	0.0731553305721237	0.0731553305721237
991	0.0731553562903391	0.0731553562903391
992	0.073155381956734	0.073155381956734
993	0.0731554075714649	0.0731554075714649
994	0.0731554331346874	0.0731554331346874
995	0.073155458646557	0.073155458646557
996	0.073155484107228	0.073155484107228
997	0.0731555095168546	0.0731555095168546
998	0.0731555348755901	0.0731555348755901
999	0.0731555601835871	0.0731555601835871
1000	0.0731555854409979	0.0731555854409979
1001	0.0731556106479739	0.0731556106479739
