1	0.882947562172494	0.747959556694611
2	0.881002624940067	0.741534552789705
3	0.879844747488177	0.737327911322597
4	0.879032922357692	0.734148044445689
5	0.878415513667478	0.731567596913414
6	0.877915696232784	0.72939210694979
7	0.877496813722815	0.727491354335359
8	0.877136916432651	0.725812697127876
9	0.876821850471835	0.724292793183044
10	0.876541971278878	0.722912657673104
11	0.876290419809058	0.721641262980268
12	0.876062148500989	0.720458052244945
13	0.875853337645309	0.719360426360748
14	0.875661028651478	0.718329337769239
15	0.875482884354932	0.717354699606922
16	0.875317027075855	0.716432345317543
17	0.875161926065359	0.715561609224489
18	0.875016317338018	0.714730250873949
19	0.874879145337411	0.713934429234547
20	0.874749519681012	0.713170858252994
21	0.874626682545193	0.712443525133554
22	0.874509983702332	0.711744006285117
23	0.874398861155906	0.711069014152249
24	0.87429282593433	0.710416671205601
25	0.874191450017695	0.709785315131737
26	0.874094356654758	0.709177136044883
27	0.87400121252485	0.708589870183896
28	0.873911721339027	0.708019418159466
29	0.873825618575053	0.707464720530028
30	0.873742667113762	0.70692481849495
31	0.873662653598006	0.706398841318833
32	0.873585385375447	0.705887198628679
33	0.873510687916497	0.705392110049359
34	0.873438402621591	0.704908638082746
35	0.873368384949535	0.704436178743911
36	0.873300502812172	0.703974175648838
37	0.873234635191255	0.70352211505318
38	0.873170670941642	0.703079521527647
39	0.873108507751537	0.702645954173794
40	0.873048051235737	0.702224147166341
41	0.872989214141976	0.701811852545809
42	0.872931915653909	0.701407353673861
43	0.872876080776958	0.701010321745273
44	0.872821639795494	0.700620449077741
45	0.872768527791655	0.700237447308857
46	0.872716684217612	0.69986104578346
47	0.872666052514303	0.699490990107572
48	0.872616579770747	0.699127040848534
49	0.872568216418842	0.69877213783202
50	0.872520915959336	0.698423448219689
51	0.872474634715214	0.698080167769486
52	0.872429377875391	0.697742108257973
53	0.872385873227883	0.697409091474377
54	0.872343254766988	0.697080948510378
55	0.872301488710039	0.696757519112438
56	0.872260543141848	0.696438651090101
57	0.87222038788048	0.696124199774559
58	0.872180994354823	0.695814027522371
59	0.872142335492753	0.695509534040941
60	0.872104385618798	0.695210690158699
61	0.872067120360356	0.694915709372199
62	0.872030516561625	0.694624479122886
63	0.871994552204501	0.694336891880492
64	0.871959206335775	0.694052844842693
65	0.87192445900004	0.693772239657112
66	0.871890291177777	0.693494982163655
67	0.871856684728157	0.693220982155438
68	0.871823622336122	0.69295015315668
69	0.871791087463383	0.692682412216151
70	0.87175906430298	0.692417679714861
71	0.871727537737103	0.69215707552159
72	0.871696493297904	0.691900821670564
73	0.871665917131037	0.691647326720369
74	0.871635795961712	0.691396523409665
75	0.871606117063057	0.691148346997728
76	0.871576868226598	0.690902735137857
77	0.871548037734693	0.690659627758717
78	0.871519614334767	0.690418966953019
79	0.87149158721521	0.690180696872993
80	0.871463945982805	0.689944763632162
81	0.871436680641582	0.689711115212968
82	0.871409781572979	0.689479701379823
83	0.871383239517229	0.689250473597214
84	0.871357045555867	0.689023384952508
85	0.871331191095291	0.688799632621473
86	0.871305667851294	0.688578986395943
87	0.871280467834506	0.688360326901419
88	0.871255583336671	0.688143613451942
89	0.871231006917717	0.687928806645151
90	0.871206731393553	0.687715868307905
91	0.871182749824552	0.687504761444784
92	0.871159055504671	0.687295450189289
93	0.871135641951163	0.687087899757569
94	0.871112502894853	0.686882076404516
95	0.871089632270934	0.686677947382094
96	0.871067024210244	0.686475480899749
97	0.871044673031011	0.686274646086791
98	0.871022573231021	0.686075412956622
99	0.871000719480193	0.685877752372707
100	0.870982652182288	0.685685468576598
101	0.87095772962441	0.685488163163723
102	0.870936583658264	0.685297031406745
103	0.870915664006491	0.685107348531133
104	0.870894966100732	0.684919089453945
105	0.870874485507393	0.684732229762492
106	0.870854217922442	0.684546745690256
107	0.870834159166445	0.684362614093877
108	0.870814305179845	0.68417981243118
109	0.870794652018457	0.68399831874016
110	0.870775195849171	0.683818111618895
111	0.870755932945854	0.683639170206326
112	0.870736859685438	0.683461474163863
113	0.870717972544185	0.683285003657779
114	0.870699268094115	0.683109739342335
115	0.870680742999601	0.682935662343629
116	0.870662394014103	0.682762754244099
117	0.870644217977049	0.682590997067673
118	0.870626211810854	0.682420373265519
119	0.870608372518064	0.68225141529393
120	0.870590697178615	0.682084721151351
121	0.870573182947217	0.681919099142545
122	0.870555827050845	0.68175453345882
123	0.870538626786327	0.681591008651888
124	0.870521579518042	0.681428509622798
125	0.870504682675701	0.681267021611292
126	0.870487933752227	0.681106530185577
127	0.870471330301713	0.680947021232474
128	0.870454869937466	0.680788480947944
129	0.870438550330124	0.680630895827962
130	0.870422369205853	0.680474252659734
131	0.870406324344608	0.680318538513234
132	0.870390413578462	0.680163740733047
133	0.870374634790005	0.680009846930511
134	0.870358985910794	0.679856844976139
135	0.87034346491987	0.679704722992311
136	0.870328069842329	0.679553469346227
137	0.87031279874794	0.679403072643099
138	0.870297649749822	0.679253521719594
139	0.870282621003166	0.679104805637492
140	0.870267710704001	0.678957771144129
141	0.870252917088011	0.678812180326462
142	0.870238238429388	0.678667384701444
143	0.870223673039729	0.678523374274271
144	0.870209219266973	0.678380139244669
145	0.87019487549437	0.678237670001787
146	0.870180640139497	0.678095957119263
147	0.870166511653293	0.677954991350443
148	0.870152488519141	0.677814763623763
149	0.870138569251974	0.677675265038279
150	0.87012475239741	0.677536486859331
151	0.870111036530926	0.677398420514364
152	0.870097420257046	0.677261057588858
153	0.870083902208567	0.677124389822406
154	0.870070481045805	0.676988409104901
155	0.870057155455869	0.676853107472851
156	0.870043924151954	0.676718477105798
157	0.870030785872663	0.676584510322854
158	0.870017739381347	0.676451199579339
159	0.870004783465468	0.676318537463524
160	0.869991916935978	0.676186516693465
161	0.869979138626726	0.676055130113941
162	0.869966447393873	0.675924370693473
163	0.869953842115336	0.675794358702704
164	0.869941321690244	0.675666135070919
165	0.869928885038406	0.675538512117997
166	0.869916531099805	0.675411483345375
167	0.869904258834102	0.675285042363506
168	0.869892067220155	0.675159182889384
169	0.869879955255554	0.67503389874415
170	0.86986792195617	0.674909183850762
171	0.869855966355715	0.674785032231726
172	0.869844087505318	0.674661438006897
173	0.869832284473113	0.674538395391338
174	0.869820556343836	0.674415898693237
175	0.869808902218438	0.674293942311887
176	0.869797321213708	0.67417252073571
177	0.869785812461904	0.674051628540347
178	0.8697743751104	0.673931260386794
179	0.869763008321335	0.673811411019584
180	0.869751711271281	0.673692075265027
181	0.869740483150915	0.673573248029485
182	0.869729323164699	0.673454924297707
183	0.869718230530575	0.673337099131193
184	0.869707204479663	0.67321976766661
185	0.869696244255966	0.673102925114245
186	0.869685349116091	0.672986566756505
187	0.869674518328972	0.672870687946441
188	0.869663751175595	0.672755284106328
189	0.869653046948746	0.672640350726266
190	0.869642404952749	0.672526622158638
191	0.869631824503221	0.672413755771207
192	0.869621304926832	0.672301342137331
193	0.869610845561068	0.672189377047669
194	0.869600445754004	0.672077856353633
195	0.86959010486408	0.671966775966211
196	0.869579822259887	0.671856131854802
197	0.869569597319952	0.671745920046094
198	0.869559429432534	0.671636136622963
199	0.869549317995425	0.671526777723398
200	0.86953926241575	0.671417839539455
201	0.869529262109783	0.67130931831623
202	0.869519316502757	0.671201210350864
203	0.869509425028684	0.671093511991569
204	0.869499587130177	0.670986219636672
205	0.869489802258282	0.670879329733688
206	0.869480069872306	0.670772838778412
207	0.869470389439657	0.670666743314032
208	0.86946076043568	0.670561039930259
209	0.869451182343505	0.670455725262488
210	0.869441654653894	0.670350795990963
211	0.869432176865092	0.670246248839974
212	0.869422748482683	0.670142080577065
213	0.869413369019448	0.67003828801226
214	0.869404037995227	0.669934867997314
215	0.869394754936785	0.669831817424967
216	0.869385519377683	0.669729133228229
217	0.869376330858142	0.669626812379672
218	0.869367188924928	0.669524851890738
219	0.86935809313122	0.66942324881107
220	0.869349043036497	0.669322972778572
221	0.869340038206419	0.669223078396899
222	0.86933107821271	0.669123529330343
223	0.869322162633053	0.669024322802738
224	0.869313291050972	0.668925456072603
225	0.869304463055736	0.668826926432559
226	0.869295678242246	0.668728731208757
227	0.869286936210936	0.668630867760313
228	0.869278236567677	0.668533333478761
229	0.869269578923674	0.668436125787513
230	0.869260962895375	0.668339242141332
231	0.869252388104376	0.668242680025819
232	0.869243854177332	0.668146436956904
233	0.869235360745863	0.668050510480353
234	0.869226907446475	0.667954898171281
235	0.869218493920467	0.667859597633682
236	0.869210119813852	0.667764606499958
237	0.869201784777274	0.667669922430468
238	0.869193488465931	0.66757554311308
239	0.869185230539489	0.667481466262731
240	0.869177010662018	0.667387689621002
241	0.869168828501904	0.667294210955696
242	0.869160683731787	0.667201028060423
243	0.869152576028481	0.667108138754203
244	0.869144505072909	0.667015540881066
245	0.86913647055003	0.666923232309663
246	0.869128472148777	0.666831210932887
247	0.869120509561986	0.666739474667501
248	0.869112582486335	0.666648021453771
249	0.869104690622277	0.666556849255105
250	0.869096833673984	0.666465956057707
251	0.869089011349278	0.666375339870225
252	0.869081223359581	0.666284998723416
253	0.869073469419847	0.666195637886756
254	0.869065749248514	0.666106728337792
255	0.869058062567442	0.666018085390394
256	0.869050409101858	0.665929707179111
257	0.869042788580308	0.665841591858801
258	0.869035200734599	0.665753737604326
259	0.869027645299747	0.665666142610265
260	0.86902012201393	0.665578805090619
261	0.869012630618437	0.665491723278536
262	0.869005170857617	0.665404895426025
263	0.868997742478835	0.665318319803689
264	0.868990345232423	0.665231994700456
265	0.868982978871633	0.665145918423314
266	0.868975643152594	0.665060089297057
267	0.868968337834268	0.664974505664028
268	0.868961062678405	0.664889165883872
269	0.868953817449501	0.66480406833329
270	0.868946601914758	0.6647192114058
271	0.86893941584404	0.664634593511503
272	0.868932259009835	0.664550213076847
273	0.868925131187215	0.664466068544402
274	0.868918032153799	0.664382158372638
275	0.868910961689712	0.664298481035701
276	0.868903919577548	0.664215035023202
277	0.868896905602336	0.664131818839999
278	0.868889919551504	0.664048831005995
279	0.868882961214841	0.66396607005593
280	0.868876030384462	0.663883534539177
281	0.86886912685478	0.66380122301955
282	0.868862250422466	0.663719134075102
283	0.868855400886418	0.663637266297943
284	0.868848578047732	0.663555618294043
285	0.868841781709666	0.663474188683053
286	0.868835011677612	0.663392976098119
287	0.868828267759066	0.663311979185709
288	0.868821549763592	0.66323119660543
289	0.868814857502801	0.663150627029863
290	0.868808190790318	0.663070945873352
291	0.868801549441753	0.66299158609602
292	0.868794933274674	0.662912433362171
293	0.868788342108579	0.662833486407144
294	0.86878177576487	0.662754743978309
295	0.868775234066828	0.662676204834907
296	0.868768716839583	0.6625978677479
297	0.868762223910091	0.662519731499824
298	0.868755755107109	0.662441794884634
299	0.868749310261169	0.662364056707567
300	0.868742889204556	0.662286515784994
301	0.868736491771281	0.66220917094428
302	0.86873011779706	0.662132021023649
303	0.868723767119289	0.662055064872044
304	0.868717439577026	0.661978301348993
305	0.86871113501096	0.661901729324481
306	0.868704853263398	0.661825347678816
307	0.868698594178238	0.661749155302505
308	0.86869235760095	0.661673151096124
309	0.868686143378554	0.661597333970198
310	0.868679951359601	0.661521702845076
311	0.868673781394152	0.661446256650813
312	0.868667633333757	0.661370994327051
313	0.868661507031436	0.661295914822905
314	0.868655402341663	0.661221017096842
315	0.868649319120341	0.661146300116576
316	0.868643257224789	0.661071762858952
317	0.868637216513722	0.660997404309837
318	0.868631196847231	0.660923223464014
319	0.868625198086768	0.660849219325076
320	0.868619220095125	0.660775390905318
321	0.868613262736424	0.660701737225637
322	0.86860732587609	0.66062825731543
323	0.868601409380843	0.660554950212493
324	0.868595513118678	0.660481814962926
325	0.868589636958849	0.660408850621029
326	0.868583780771853	0.660336056249215
327	0.868577944429416	0.660263430917909
328	0.868572127804475	0.660190973705456
329	0.868566330771166	0.660118683698036
330	0.868560553204806	0.660046559989564
331	0.868554794981881	0.659975213758454
332	0.868549055980031	0.659904121882967
333	0.868543336078032	0.659833192033979
334	0.868537635155791	0.659762423344054
335	0.86853195309432	0.659691814952996
336	0.868526289775734	0.659621366007763
337	0.868520645083229	0.659551075662389
338	0.868515018901076	0.659480943077903
339	0.868509411114601	0.659410967422248
340	0.868503821610177	0.659341147870209
341	0.868498250275211	0.659271483603333
342	0.868492696998129	0.659201973809857
343	0.868487161668367	0.65913261768463
344	0.868481644176356	0.659063414429042
345	0.868476144413514	0.658994363250953
346	0.868470662272229	0.658925463364621
347	0.868465197645853	0.658856713990631
348	0.868459750428686	0.658788114355828
349	0.868454320515968	0.658719663693245
350	0.868448907803868	0.658651361242044
351	0.86844351218947	0.658583206247438
352	0.868438133570766	0.658515197960637
353	0.868432771846644	0.658447335638775
354	0.868427426916876	0.658379618544853
355	0.868422098682111	0.658312045947669
356	0.868416787043861	0.658244617121764
357	0.868411491904497	0.658177331347356
358	0.868406213167231	0.65811018791028
359	0.868400950736115	0.65804318610193
360	0.868395704516023	0.657976325219201
361	0.868390474412651	0.657909604564428
362	0.868385260332498	0.657843023445333
363	0.868380062182863	0.657776581174966
364	0.868374879871837	0.657710277071647
365	0.868369713308288	0.657644110458919
366	0.868364562401858	0.657578080665486
367	0.868359427062952	0.657512187025162
368	0.86835430720273	0.657446428876821
369	0.868349202733097	0.657380805564341
370	0.868344113566697	0.657315316436554
371	0.868339039616906	0.657249960847198
372	0.868333980797818	0.657184738154862
373	0.868328937024244	0.657119647722941
374	0.868323908211699	0.657054688919584
375	0.868318894276399	0.656989861117647
376	0.868313895135249	0.656925504720921
377	0.868308910705837	0.656861565120277
378	0.868303940906429	0.656797753411152
379	0.868298985655956	0.656734068990683
380	0.868294044874015	0.65667051126044
381	0.868289118480852	0.656607079626381
382	0.868284206397365	0.656543773498807
383	0.86827930854509	0.65648059229232
384	0.868274424846196	0.656417535425783
385	0.86826955522348	0.656354602322273
386	0.868264699600357	0.656291792409042
387	0.868259857900859	0.656229105117477
388	0.868255030049621	0.656166539883059
389	0.868250215971882	0.656104096145321
390	0.868245415593473	0.656041773347812
391	0.868240628840813	0.655979570938055
392	0.868235855640905	0.655917488367511
393	0.868231095921325	0.655855525091537
394	0.868226349610222	0.655793680569354
395	0.868221616636306	0.655731954264006
396	0.868216896928847	0.655670345642323
397	0.868212190417665	0.655608854174888
398	0.86820749703313	0.655547479335998
399	0.868202816706151	0.65548622060363
400	0.868198149368172	0.655425077459406
401	0.868193494951167	0.655364049388561
402	0.868188853387636	0.655303135879902
403	0.868184224610598	0.655242336425781
404	0.868179608553583	0.65518165052206
405	0.868175005150635	0.655121077668077
406	0.868170414336297	0.655060617366613
407	0.868165836045612	0.655000269123861
408	0.868161270214118	0.654940032449396
409	0.86815671677784	0.65487990685614
410	0.868152175673286	0.654819891860332
411	0.868147646837445	0.654759986981501
412	0.868143130207779	0.654700191742429
413	0.868138625722219	0.654640505669128
414	0.868134133319161	0.654580928290806
415	0.868129652937462	0.654521459139838
416	0.868125184516434	0.65446209775174
417	0.868120727995838	0.654402843665137
418	0.868116283315887	0.654343696421737
419	0.86811185041723	0.654284655566302
420	0.86810742924096	0.654225720646621
421	0.868103019728599	0.654166891213482
422	0.868098621822101	0.654108166820645
423	0.868094235463845	0.654049547024818
424	0.86808986059663	0.653991031385625
425	0.868085497163675	0.653932619465586
426	0.868081145108609	0.653874633697345
427	0.868076804375473	0.653816991292382
428	0.86807247490871	0.653759450319867
429	0.868068156653168	0.653702010357761
430	0.868063849554091	0.653644670986768
431	0.868059553557116	0.653587431790307
432	0.868055268608271	0.653530292354488
433	0.86805099465397	0.653473252268092
434	0.868046731641011	0.653416311122545
435	0.868042479516568	0.653359468511895
436	0.868038238228195	0.653302724032788
437	0.868034007723814	0.653246077284451
438	0.868029787951718	0.653189527868663
439	0.868025578860564	0.653133075389735
440	0.86802138039937	0.653076719454489
441	0.868017192517516	0.653020459672238
442	0.868013015164731	0.652964295654761
443	0.868008848291101	0.652908227016285
444	0.868004691847058	0.65285225337346
445	0.86800054578338	0.652796374345343
446	0.867996410051188	0.652740589553377
447	0.867992284601938	0.652684898621365
448	0.867988169387427	0.652629301175458
449	0.867984064359782	0.65257379684413
450	0.86797996947146	0.65251838525816
451	0.867975884675244	0.652463066050612
452	0.867971809924244	0.652407838856816
453	0.867967745171887	0.652352703314351
454	0.86796369037192	0.652297659063022
455	0.867959645478404	0.652242705744845
456	0.867955610445715	0.652187843004029
457	0.867951585228534	0.652133070486953
458	0.867947569781852	0.652078387842153
459	0.867943564060964	0.652023794720304
460	0.867939568021464	0.651969290774197
461	0.867935581619246	0.651914875658729
462	0.8679316048105	0.65186054903088
463	0.867927637551709	0.6518063105497
464	0.867923679799648	0.651752159876285
465	0.867919731511376	0.651698096673772
466	0.867915792644243	0.651644120607312
467	0.867911863155879	0.651590231344057
468	0.867907943004195	0.651536428553145
469	0.86790403214738	0.651482711905684
470	0.867900130543899	0.651429081074734
471	0.867896238152491	0.651375535735292
472	0.867892354932165	0.651322075564279
473	0.867888480842199	0.651268700240519
474	0.867884615842138	0.65121540944473
475	0.867880759891789	0.651162202859505
476	0.867876912951223	0.651109080169298
477	0.867873074980769	0.651056041060409
478	0.867869245941013	0.651003085220971
479	0.867865425792797	0.650950212340932
480	0.867861614497217	0.650897422112044
481	0.867857812015616	0.650845044983944
482	0.86785401830959	0.650792926059768
483	0.867850233340977	0.650740888085339
484	0.867846457071864	0.65068893076238
485	0.867842689464576	0.650637053794331
486	0.867838930481681	0.650585256886333
487	0.867835180085984	0.650533539745219
488	0.867831438240528	0.650481902079497
489	0.867827704908588	0.650430343599338
490	0.867823980053671	0.650378864016566
491	0.867820263639518	0.650327463044641
492	0.867816555630095	0.650276140398648
493	0.867812855989594	0.650224895795286
494	0.867809164682436	0.650173728952853
495	0.86780548167326	0.650122639591236
496	0.867801806926929	0.650071627431898
497	0.867798140408523	0.650020692197865
498	0.867794482083341	0.649969833613715
499	0.867790831916897	0.649919051405567
500	0.867787189874919	0.649868345301069
501	0.867783555923347	0.649817715029384
502	0.867779930028329	0.649767160321182
503	0.867776312156226	0.649716680908625
504	0.867772702273603	0.64966627652536
505	0.86776910034723	0.649615946906506
506	0.867765506344081	0.64956569178864
507	0.867761920231333	0.649515510909791
508	0.867758341976361	0.649465404009427
509	0.867754771546742	0.649415370828441
510	0.867751208910247	0.649365411109148
511	0.867747654034844	0.649315524595267
512	0.867744106888694	0.649265711031915
513	0.86774056744015	0.649215970165594
514	0.867737035657759	0.649166301744182
515	0.867733511510252	0.649116705516925
516	0.867729994966553	0.649067181234423
517	0.867726485995769	0.649017728648621
518	0.867722984567194	0.648968347512803
519	0.867719490650303	0.648919037581577
520	0.867716004214754	0.648869798610867
521	0.867712525230387	0.648820630357907
522	0.867709053667218	0.648771532581225
523	0.867705589495445	0.648722505040639
524	0.867702132685437	0.648673547497246
525	0.867698683207742	0.648624659713412
526	0.86769524103308	0.648575841452762
527	0.867691806132344	0.648527092480174
528	0.867688378476595	0.648478412561769
529	0.867684958037069	0.648429801464899
530	0.867681544785164	0.648381258958143
531	0.86767813869245	0.648332784811292
532	0.86767473973066	0.64828437879535
533	0.867671347871691	0.648236040682513
534	0.867667963087605	0.648187770246173
535	0.867664585350624	0.648139567260899
536	0.867661214633132	0.648091431502436
537	0.867657850907672	0.648043362747692
538	0.867654494146945	0.647995360774734
539	0.867651144323809	0.647947425362775
540	0.867647801411277	0.64789955629217
541	0.867644465382518	0.647851965664226
542	0.867641136210854	0.647804686300992
543	0.867637813869759	0.647757471997145
544	0.867634498332858	0.647710322539585
545	0.867631189573926	0.647663237716303
546	0.867627887566887	0.647616217316372
547	0.867624592285813	0.647569261129944
548	0.867621303704922	0.647522368948235
549	0.867618021798578	0.647475540563525
550	0.867614746541291	0.647428775769144
551	0.86761147790771	0.647382074359471
552	0.867608215872631	0.647335436129923
553	0.86760496041099	0.64728886087695
554	0.86760171149786	0.647242348398024
555	0.867598469108458	0.647195898491637
556	0.867595233218136	0.647149510957292
557	0.867592003802385	0.647103185595495
558	0.86758878083683	0.647056922207749
559	0.867585564297232	0.647010720596548
560	0.867582354159488	0.64696458056537
561	0.867579150399626	0.646918501918669
562	0.867575952993806	0.646872484461869
563	0.86757276191832	0.646826528001361
564	0.867569577149592	0.646780632344489
565	0.867566398664173	0.64673479729955
566	0.867563226438742	0.646689022675787
567	0.867560060450107	0.64664330828338
568	0.867556900675203	0.64659765393344
569	0.867553747091088	0.646552059438004
570	0.867550599674948	0.646506524610031
571	0.86754745840409	0.646461049263392
572	0.867544323255946	0.646415633212863
573	0.867541194208069	0.646370276274126
574	0.867538071238133	0.646324978263756
575	0.867534954323933	0.646279738999217
576	0.867531843443384	0.646234558298858
577	0.867528738574518	0.646189435981905
578	0.867525639695486	0.646144371868458
579	0.867522546784556	0.646099365779481
580	0.867519459820111	0.6460544175368
581	0.86751637878065	0.646009526963097
582	0.867513303644787	0.645964693881901
583	0.867510234391249	0.645919918117588
584	0.867507170998877	0.645875199495371
585	0.867504113446621	0.645830537841296
586	0.867501061713547	0.645785932982237
587	0.867498015778827	0.645741384745892
588	0.867494975621746	0.645696892960773
589	0.867491941221697	0.645652457456207
590	0.86748891255818	0.645608078062325
591	0.867485889610804	0.645563754610061
592	0.867482872359285	0.645519486931145
593	0.867479860783443	0.645475274858097
594	0.867476854863206	0.645431118224226
595	0.867473854578604	0.645387016863619
596	0.867470859909772	0.645342970611142
597	0.867467870836949	0.645298979302429
598	0.867464887340475	0.645255042773883
599	0.867461909400792	0.645211160862668
600	0.867458936998443	0.645167333406704
601	0.867455970114073	0.645123560244663
602	0.867453008728423	0.645079841215965
603	0.867450052822337	0.645036176160771
604	0.867447102376755	0.644992564919982
605	0.867444157372715	0.64494900733523
606	0.867441217791351	0.644905503248878
607	0.867438283613896	0.644862335933867
608	0.867435354821677	0.644819352557727
609	0.867432431396115	0.644776421705284
610	0.867429513318727	0.644733543223245
611	0.867426600571124	0.644690716959019
612	0.867423693135008	0.644647942760707
613	0.867420790992175	0.644605220477103
614	0.867417894124513	0.644562549957687
615	0.867415002514002	0.644519931052621
616	0.86741211614271	0.644477363612745
617	0.867409234992798	0.644434847489572
618	0.867406359046514	0.644392382535289
619	0.867403488286197	0.644349968602743
620	0.867400622694273	0.644307605545448
621	0.867397762253256	0.64426529321757
622	0.867394906945747	0.644223031473934
623	0.867392056754434	0.644180820170011
624	0.86738921166209	0.64413865916192
625	0.867386371651575	0.64409654830642
626	0.867383536705832	0.644054487460907
627	0.867380706807891	0.644012476483415
628	0.867377881940862	0.643970515232604
629	0.867375062087941	0.643928603567763
630	0.867372247232405	0.643886741348803
631	0.867369437357616	0.643844928436252
632	0.867366632447014	0.643803164691256
633	0.867363832484122	0.64376144997557
634	0.867361037452543	0.643719784151559
635	0.86735824733596	0.643678167082191
636	0.867355462118138	0.643636598631034
637	0.867352681782915	0.643595078662254
638	0.867349906314214	0.64355360704061
639	0.867347135696032	0.643512183631452
640	0.867344369912445	0.643470808300715
641	0.867341608947606	0.643429480914917
642	0.867338852785744	0.643388201341157
643	0.867336101411163	0.643346969447108
644	0.867333354808245	0.643305785101018
645	0.867330612961445	0.643264648171702
646	0.867327875855294	0.643223558528543
647	0.867325143474396	0.643182516041486
648	0.867322415803429	0.643141520581035
649	0.867319692827144	0.64310057201825
650	0.867316974530366	0.643059670224745
651	0.86731426089799	0.643018815072683
652	0.867311551914984	0.642978006434773
653	0.867308847566387	0.642937244184267
654	0.86730614783731	0.64289652819496
655	0.867303452712934	0.64285585834118
656	0.867300762178508	0.642815234497792
657	0.867298076219353	0.64277465654019
658	0.867295394820859	0.642734124344296
659	0.867292717968483	0.642693637786558
660	0.867290045647751	0.642653196743945
661	0.867287377844259	0.642612801093944
662	0.867284714543667	0.642572450714559
663	0.867282055731703	0.642532145484305
664	0.867279401394164	0.642491885282209
665	0.867276751516912	0.642451669987804
666	0.867274106085872	0.642411499481128
667	0.867271465087037	0.642371373642717
668	0.867268828506465	0.64233129235361
669	0.867266196330279	0.642291255495338
670	0.867263568544665	0.642251262949927
671	0.867260945135872	0.642211314599891
672	0.867258326090214	0.642171410328234
673	0.867255711394069	0.64213155001844
674	0.867253101033874	0.64209173355448
675	0.867250494996132	0.642051960820799
676	0.867247893267406	0.642012231702323
677	0.867245295834321	0.641972546084448
678	0.867242702683563	0.641932903853043
679	0.867240113801879	0.641893674079738
680	0.867237529176075	0.6418544941307
681	0.867234948793019	0.641815356819517
682	0.867232372639638	0.64177626203498
683	0.867229800702918	0.641737209666339
684	0.867227232969904	0.641698199603289
685	0.867224669427701	0.641659231735979
686	0.867222110063469	0.641620305955002
687	0.867219554864429	0.641581422151394
688	0.867217003817858	0.641542580216633
689	0.867214456911092	0.641503780042636
690	0.867211914131521	0.641465021521758
691	0.867209375466594	0.641426304546785
692	0.867206840903816	0.641387629010936
693	0.867204310430745	0.641348994807861
694	0.867201784034999	0.641310401831635
695	0.867199261704249	0.641271849976757
696	0.867196743426219	0.641233339138152
697	0.867194229188691	0.64119486921116
698	0.867191718979499	0.641156440091543
699	0.867189212786533	0.641118051675477
700	0.867186710597733	0.641079703859551
701	0.867184212401097	0.641041396540765
702	0.867181718184672	0.641003129616527
703	0.867179227936559	0.640964902984654
704	0.867176741644913	0.640926716543366
705	0.867174259297939	0.640888570191284
706	0.867171780883894	0.640850463827431
707	0.867169306391088	0.640812397351227
708	0.86716683580788	0.640774370662489
709	0.867164369122682	0.640736383661425
710	0.867161906323955	0.640698436248637
711	0.867159447400211	0.640660528325116
712	0.867156992340012	0.64062265979224
713	0.867154541131969	0.640584830551773
714	0.867152093764744	0.640547040505861
715	0.867149650227047	0.640509289557033
716	0.867147210507636	0.640471577608195
717	0.867144774595319	0.640433904562634
718	0.867142342478953	0.640396270324007
719	0.867139914147441	0.640358674796349
720	0.867137489589734	0.640321117884064
721	0.867135068794833	0.640283599491926
722	0.867132651751783	0.640246119525076
723	0.867130238449678	0.640208677889022
724	0.867127828877658	0.640171274489633
725	0.867125423024909	0.640133909233141
726	0.867123020880665	0.640096582026139
727	0.867120622434203	0.640059292775576
728	0.867118227674847	0.640022041388758
729	0.867115836591968	0.639984827773346
730	0.867113449174979	0.63994765183735
731	0.867111065413341	0.639910513489136
732	0.867108685296558	0.639873412637414
733	0.867106308814178	0.639836349191243
734	0.867103935955793	0.639799323060027
735	0.867101566711041	0.639762334153513
736	0.867099201069602	0.639725382381789
737	0.867096839021199	0.639688467655285
738	0.867094480555598	0.639651589884766
739	0.867092125662611	0.639614748981336
740	0.867089774332088	0.639577944856433
741	0.867087426553925	0.639541177421826
742	0.867085082318058	0.639504446589619
743	0.867082741614467	0.639467752272241
744	0.867080404433172	0.639431094382452
745	0.867078070764236	0.639394472833338
746	0.867075740597761	0.639357887538308
747	0.867073413923893	0.639321338411095
748	0.867071090732817	0.639284825365753
749	0.867068771014758	0.639248348316655
750	0.867066454759983	0.639211907178493
751	0.8670641419588	0.639175501866275
752	0.867061832601553	0.639139132295323
753	0.86705952667863	0.639102798381274
754	0.867057224180455	0.639066500040076
755	0.867054925097495	0.639030237187985
756	0.867052629420252	0.638994016225127
757	0.867050337139271	0.638958166513116
758	0.867048048245133	0.63892235170743
759	0.867045762728457	0.638886571726332
760	0.867043480579902	0.638850826488385
761	0.867041201790165	0.638815115912449
762	0.86703892634998	0.638779439917682
763	0.867036654250118	0.638743798423536
764	0.867034385481389	0.638708191349758
765	0.867032120034639	0.638672618616385
766	0.867029857900753	0.638637080143747
767	0.86702759907065	0.638601575852463
768	0.867025343535286	0.638566105663437
769	0.867023091285657	0.638530669497864
770	0.867020842312791	0.63849526727722
771	0.867018596607755	0.638459898923266
772	0.867016354161649	0.638424564358048
773	0.867014114965611	0.638389263503888
774	0.867011879010815	0.63835399628339
775	0.867009646288467	0.638318762619438
776	0.867007416789812	0.638283562435189
777	0.867005190506127	0.638248395654078
778	0.867002967428725	0.638213262199812
779	0.867000747548954	0.638178161996374
780	0.866998530858195	0.638143094968015
781	0.866996317347864	0.638108061039257
782	0.866994107009412	0.638073060134893
783	0.866991899834323	0.638038092179981
784	0.866989695814113	0.638003157099846
785	0.866987494940334	0.637968254820077
786	0.86698529720457	0.637933385266529
787	0.866983102598439	0.637898548365316
788	0.86698091111359	0.637863744042817
789	0.866978722741708	0.637828972225668
790	0.866976537474508	0.637794232840764
791	0.866974355303738	0.637759525815258
792	0.866972176221179	0.637724851076559
793	0.866970000218644	0.637690208552331
794	0.866967827287977	0.637655598170491
795	0.866965657421055	0.637621019859209
796	0.866963490609786	0.637586473546906
797	0.866961326846109	0.637551959162255
798	0.866959166121995	0.637517476634174
799	0.866957008429447	0.637483025891832
800	0.866954853760497	0.637448606864644
801	0.866952702107208	0.637414219482269
802	0.866950553461677	0.637379863674611
803	0.866948407816026	0.637345539371817
804	0.866946265162413	0.637311246504278
805	0.866944125493022	0.637276985002621
806	0.866941988800068	0.637242754797717
807	0.866939855075798	0.637208555820675
808	0.866937724312487	0.637174388002838
809	0.866935596502438	0.637140251275789
810	0.866933471637988	0.637106145571345
811	0.866931349711498	0.637072070821557
812	0.866929230715363	0.637038026958709
813	0.866927114642003	0.637004013915316
814	0.866925001483869	0.636970031624125
815	0.86692289123344	0.636936080018113
816	0.866920783883224	0.636902159030485
817	0.866918679425757	0.636868268594674
818	0.866916577853604	0.636834408644339
819	0.866914479159358	0.636800579113365
820	0.866912383335639	0.636766779935861
821	0.866910290375095	0.63673301104616
822	0.866908200270403	0.636699272378817
823	0.866906113014267	0.63666556386861
824	0.866904028599417	0.636631885450534
825	0.866901947018613	0.636598237059807
826	0.866899868264639	0.636564618631863
827	0.86689779233031	0.636531030102354
828	0.866895719208463	0.636497471407149
829	0.866893648891966	0.636463942482331
830	0.866891581373713	0.636430443264199
831	0.866889516646621	0.636396973689264
832	0.866887454703637	0.636363533694251
833	0.866885395537734	0.636330123216094
834	0.86688333914191	0.636296742191941
835	0.866881285509189	0.636263390559146
836	0.86687923463262	0.636230068255275
837	0.866877186505281	0.636196775218098
838	0.866875141120272	0.636163511385594
839	0.866873098470719	0.636130276695949
840	0.866871058549777	0.63609707108755
841	0.866869021350622	0.636064036232438
842	0.866866986866456	0.636031200900786
843	0.866864955090508	0.635998394194512
844	0.86686292601603	0.635965616053388
845	0.866860899636299	0.635932866417385
846	0.866858875944617	0.635900145226672
847	0.86685685493431	0.635867452421613
848	0.866854836598729	0.63583478794277
849	0.86685282093125	0.635802151730897
850	0.866850807925271	0.635769543726945
851	0.866848797574216	0.635736963872056
852	0.866846789871532	0.635704412107566
853	0.866844784810689	0.635671888375002
854	0.866842782385183	0.635639392616079
855	0.866840782588531	0.635606924772706
856	0.866838785414276	0.635574484786978
857	0.866836790855983	0.635542072601179
858	0.866834798907239	0.635509688157781
859	0.866832809561656	0.63547733139944
860	0.866830822812869	0.635445002269001
861	0.866828838654535	0.635412700709491
862	0.866826857080334	0.635380426664121
863	0.86682487808397	0.635348180076288
864	0.866822901659167	0.635315960889569
865	0.866820927799673	0.635283769047723
866	0.866818956499259	0.635251604494689
867	0.866816987751718	0.635219467174587
868	0.866815021550864	0.635187357031717
869	0.866813057890533	0.635155274010556
870	0.866811096764586	0.635123218055759
871	0.866809138166902	0.635091189112157
872	0.866807182091383	0.63505918712476
873	0.866805228531955	0.635027212038749
874	0.866803277482561	0.634995263799483
875	0.86680132893717	0.634963342352495
876	0.86679938288977	0.634931447643488
877	0.86679743933437	0.634899579618339
878	0.866795498265	0.634867738223098
879	0.866793559675714	0.634835923403984
880	0.866791623560582	0.634804135107386
881	0.8667896899137	0.634772373279863
882	0.866787758729182	0.634740637868144
883	0.866785830001161	0.634708928819124
884	0.866783903723795	0.634677246079864
885	0.866781979891258	0.634645589597595
886	0.866780058497749	0.634613959319712
887	0.866778139537482	0.634582355193774
888	0.866776223004694	0.634550777167506
889	0.866774308893644	0.634519225188797
890	0.866772397198607	0.634487699205696
891	0.866770487913881	0.634456199166417
892	0.866768581033783	0.634424725019336
893	0.866766676552648	0.634393276712987
894	0.866764774464832	0.634361854196067
895	0.866762874764713	0.634330457417432
896	0.866760977446683	0.634299086326096
897	0.866759082505158	0.63426774087123
898	0.866757189934571	0.634236421002166
899	0.866755299729376	0.63420512666839
900	0.866753411884044	0.634173857819546
901	0.866751526393066	0.634142614405431
902	0.866749643250952	0.634111396376
903	0.866747762452231	0.634080203681361
904	0.86674588399145	0.634049036271774
905	0.866744007863176	0.634017894097654
906	0.866742134061994	0.633986777109568
907	0.866740262582505	0.633955685258234
908	0.866738393419333	0.63392461849452
909	0.866736526567118	0.633893576769449
910	0.866734662020516	0.633862560034187
911	0.866732799774206	0.633831568240055
912	0.866730939822882	0.63380060133852
913	0.866729082161256	0.633769659281196
914	0.866727226784058	0.633738742019846
915	0.866725373686037	0.63370784950638
916	0.86672352286196	0.633676981692853
917	0.866721674306609	0.633646138531465
918	0.866719828014786	0.633615319974562
919	0.866717983981311	0.633584525974634
920	0.86671614220102	0.633553756484315
921	0.866714302668765	0.633523011456381
922	0.86671246537942	0.633492290843752
923	0.866710630327871	0.63346159459949
924	0.866708797509024	0.633430922676796
925	0.866706966917802	0.633400275029014
926	0.866705138549145	0.633369651609628
927	0.866703312398007	0.633339052372261
928	0.866701488459364	0.633308477270675
929	0.866699666728205	0.63327792625877
930	0.866697847199536	0.633247399290587
931	0.866696029868382	0.6332168963203
932	0.866694214729781	0.633186417302222
933	0.86669240177879	0.633156229800698
934	0.866690591010483	0.633126084092393
935	0.866688782419948	0.633095961976581
936	0.866686976002291	0.633065863408541
937	0.866685171752633	0.633035788343684
938	0.866683369666111	0.633005736737555
939	0.86668156973788	0.632975708545826
940	0.86667977196311	0.632945703724305
941	0.866677976336986	0.632915722228929
942	0.866676182854709	0.632885764015764
943	0.866674391511496	0.632855829041008
944	0.866672602302582	0.632825917260985
945	0.866670815223213	0.632796028632151
946	0.866669030268655	0.632766163111088
947	0.866667247434187	0.632736320654505
948	0.866665466715104	0.63270650121924
949	0.866663688106716	0.632676704762257
950	0.86666191160435	0.632646931240644
951	0.866660137203346	0.632617180611618
952	0.86665836489906	0.632587452832517
953	0.866656594686864	0.632557747860808
954	0.866654826562144	0.632528065654079
955	0.866653060520301	0.632498406170042
956	0.866651296556751	0.632468769366533
957	0.866649534666926	0.632439155201509
958	0.866647774846271	0.632409563633051
959	0.866646017090247	0.63237999461936
960	0.866644261394329	0.632350448118759
961	0.866642507754006	0.632320924089693
962	0.866640756164783	0.632291422490723
963	0.866639006622179	0.632261943280535
964	0.866637259121727	0.63223248641793
965	0.866635513658974	0.63220305186183
966	0.866633770229482	0.632173639571274
967	0.866632028828828	0.632144249505421
968	0.866630289452601	0.632114881623544
969	0.866628552096406	0.632085535885037
970	0.866626816755861	0.632056212249406
971	0.866625083426598	0.632026910676277
972	0.866623352104265	0.63199763112539
973	0.86662162278452	0.631968373556598
974	0.866619895463038	0.631939137929873
975	0.866618170135506	0.631909924205298
976	0.866616446797626	0.631880732343071
977	0.866614725445114	0.631851562303501
978	0.866613006073696	0.631822414047015
979	0.866611288679117	0.631793287534147
980	0.866609573257131	0.631764182725546
981	0.866607859803507	0.631735099581973
982	0.866606148314027	0.631706038064297
983	0.866604438784488	0.631676998133502
984	0.866602731210698	0.631647979750679
985	0.86660102558848	0.63161898287703
986	0.866599321913668	0.631590007473866
987	0.866597620182111	0.631561053502609
988	0.86659592038967	0.631532120924787
989	0.866594222532219	0.631503209702039
990	0.866592526605646	0.631474319796107
991	0.866590832605852	0.631445451168847
992	0.866589140528747	0.631416603782216
993	0.866587450370259	0.631387777598281
994	0.866585762126326	0.631358972579215
995	0.866584075792898	0.631330188687294
996	0.86658239136594	0.631301425884904
997	0.866580708841427	0.631272684134531
998	0.866579028215348	0.631243963398768
999	0.866577349483705	0.631215263640313
1000	0.866588337833419	0.631186927316134
1001	0.86657399768779	0.631157926906633
