1	0.000553847178117872	0.165481243516859
2	0.000701459900670271	0.260052151518621
3	0.000811660077372327	0.34736616635421
4	0.000871983993501629	0.426979820382472
5	0.000947110141064611	0.511758078514924
6	0.00101362344794198	0.581765308779311
7	0.00107366965837629	0.647454937683178
8	0.00112864335135792	0.724469220332648
9	0.00117950854520745	0.800631014806209
10	0.00122696307962187	0.857835445855103
11	0.00127153055808218	0.931137352781462
12	0.00131361529686683	1.00394088996416
13	0.0013535369313689	1.05434683396593
14	0.00139155315829198	1.12487038270668
15	0.00142787521824231	1.19506563593142
16	0.00146267875487918	1.23966857570178
17	0.00149611162800262	1.30791471611669
18	0.00152829966052138	1.37592730739989
19	0.00155935094809392	1.44372733027987
20	0.00158935914644086	1.51133286502318
21	0.00161840601709394	1.54780355036106
22	0.0016465634257494	1.61374637999648
23	0.00167389493016588	1.67953922828713
24	0.00170045705590373	1.74519257604225
25	0.00172630033159698	1.81071574831616
26	0.00175147013680738	1.8400379169221
27	0.00177600740223701	1.90406938229138
28	0.00179994919248682	1.96799532063552
29	0.00182332919452781	2.03182172935
30	0.00184617812984663	2.09555405838883
31	0.00186852410432497	2.15919727702813
32	0.0018903929069554	2.18081714805434
33	0.00191180826623305	2.2430977035489
34	0.00193279207131551	2.3053031447297
35	0.00195336456368172	2.36743694332932
36	0.00197354450395237	2.42950230953456
37	0.00199334931768866	2.49150221861114
38	0.00201279522331285	2.55343943416973
39	0.00203189734475392	2.61531652857277
40	0.00205066981098567	2.62755931820728
41	0.00206912584427083	2.68817943429344
42	0.00208727783863568	2.74874715680411
43	0.00210513742986278	2.80926441671998
44	0.0021227155580935	2.86973302749729
45	0.00214002252397034	2.93015469483355
46	0.00215706803911366	2.99053102541865
47	0.00217386127161475	3.05086353479653
48	0.0021904108871323	3.11115365444485
49	0.00220672508609949	3.11374087780299
50	0.00222281163748122	3.17285549238478
51	0.00223867790946353	3.23193226890285
52	0.00218343008645034	3.29097233974509
53	0.00219838878866657	3.34997678078498
54	0.00221315351467292	3.40894661526101
55	0.00222773009534279	3.46788281732078
56	0.00224212408747356	3.52678631526441
57	0.00225634079121932	3.58565799451773
58	0.00227038526613252	3.64449870036231
59	0.00228426234594758	3.63717872547149
60	0.00229797665222454	3.69491020876092
61	0.00231153260695793	3.75261354943781
62	0.002324934444245	3.81028944277971
63	0.00233818622109745	3.86793855519242
64	0.0023512918274718	3.92556152586729
65	0.00236425499558626	3.98315896831823
66	0.00237707930858484	4.0407314718086
67	0.00238976820860375	4.09827960267772
68	0.00240232500428914	4.15580390557543
69	0.00241475287781139	4.21330490461229
70	0.00242705489141607	4.27078310443243
71	0.00243923399354847	4.25230498058449
72	0.00245129302458496	4.30873140818001
73	0.00246323472220138	4.36513681869325
74	0.00247506172640618	4.42152164063885
75	0.00248677658426349	4.47788628773277
76	0.00249838175432877	4.53423115960122
77	0.00250987961081837	4.59055664244641
78	0.002521272447532	4.64686310967229
79	0.00253256248154567	4.70315092247316
80	0.00254375185669141	4.75942043038789
81	0.00255484264683824	4.81567197182211
82	0.00256583685898846	4.87190587454061
83	0.00257673643620128	4.92812245613199
84	0.00258754326035581	4.98432202444755
85	0.00259825915476361	4.95359962785901
86	0.00260888588664093	5.00879766956333
87	0.00261942516944962	5.06397984550492
88	0.00262987866511502	5.11914642381132
89	0.00264024798612864	5.17429766487141
90	0.00265053469754294	5.22943382164574
91	0.00266074031886465	5.28455513996122
92	0.00267086632585306	5.33966185879074
93	0.0026809141522288	5.39475421051888
94	0.00269088519129868	5.44983242119446
95	0.00270078079750138	5.50489671077073
96	0.00271060228787872	5.55994729333399
97	0.00272035094347679	5.61498437732124
98	0.00273002801068091	5.67000816572741
99	0.00273963470248836	5.7250188563032
100	0.00276152607122095	5.73370526316714
101	0.00275864165218903	5.73610338178657
102	0.0027680441797856	5.79014417782871
103	0.00277738087355392	5.84417282765955
104	0.00278665279669078	5.89818950251674
105	0.00279586098551228	5.95219436947551
106	0.00280500645037626	6.00618759158965
107	0.00281409017656502	6.06016932802605
108	0.00282311312513002	6.11413973419376
109	0.00283207623370087	6.16809896186729
110	0.00284098041726021	6.22204715930516
111	0.00284982656888633	6.27598447136297
112	0.00285861556046505	6.32991103960236
113	0.0028673482433725	6.3838270023951
114	0.00287602544913013	6.43773249502324
115	0.0028846479900334	6.49162764977507
116	0.00289321665975527	6.54551259603737
117	0.00290173223392603	6.59938746038405
118	0.0029101954706901	6.65325236666118
119	0.00291860711124139	6.59532231777023
120	0.00292696788033793	6.64827024640923
121	0.0029352784867967	6.70120873298815
122	0.00294353962396985	6.75413788933431
123	0.0029517519702029	6.8070578249656
124	0.00295991618927576	6.85996864715693
125	0.00296803293082756	6.91287046100417
126	0.00297610283076574	6.96576336948581
127	0.0029841265116602	7.01864747352226
128	0.00299210458312335	7.07152287203332
129	0.0030000376421763	7.12438966199321
130	0.00300792627360213	7.17724793848396
131	0.0030157710502866	7.23009779474687
132	0.00302357253354695	7.28293932223202
133	0.00303133127344925	7.33577261064631
134	0.00303904780911462	7.38859774799963
135	0.00304672266901515	7.44141482064972
136	0.00305435637125963	7.49422391334521
137	0.00306194942386957	7.54702510926751
138	0.00306950232504603	7.5998184900711
139	0.00307701556342748	7.65260413592262
140	0.00308448961833919	7.57906439107618
141	0.00309192496003435	7.63096971304936
142	0.00309932204992735	7.6828676550151
143	0.00310668134081949	7.73475829033162
144	0.0031140032771174	7.78664169106791
145	0.00312128829504454	7.83851792803514
146	0.00312853682284583	7.89038707081735
147	0.00313574928098602	7.94224918780111
148	0.00314292608234173	7.99410434620415
149	0.00315006763238742	8.04595261210326
150	0.00315717432937584	8.09779405046124
151	0.00316424656451276	8.1496287251531
152	0.00317128472212631	8.2014566989915
153	0.00317828917983144	8.25327803375125
154	0.00318526030868916	8.30509279019331
155	0.00319219847336113	8.356901028088
156	0.00319910403225966	8.40870280623742
157	0.00320597733769325	8.46049818249743
158	0.00321281873600778	8.51228721379877
159	0.00321962856772376	8.56406995616777
160	0.00322640716766941	8.61584646474637
161	0.00323315486510999	8.66761679381153
162	0.00323987198387343	8.71938099679423
163	0.00324655884247232	8.62966914538265
164	0.00325321575422255	8.68058654177537
165	0.00325984302735851	8.73149806378519
166	0.00326644096514504	8.78240376082777
167	0.00327300986598645	8.83330368157204
168	0.00327955002353229	8.8841978739559
169	0.00328606172678042	8.93508638520153
170	0.00329254526017708	8.98596926183034
171	0.00329900090371436	9.03684654967743
172	0.00330542893302507	9.08771829390576
173	0.00331182961947487	9.13858453901992
174	0.00331820323025216	9.18944532887944
175	0.00332455002845545	9.2403007067119
176	0.0033308702731785	9.2911507151257
177	0.00333716421959312	9.34199539612235
178	0.00334343211902991	9.39283479110851
179	0.00334967421905684	9.44366894090784
180	0.0033558907635559	9.49449788577247
181	0.00336208199279758	9.54532166539406
182	0.00336824814351367	9.59614031891481
183	0.0033743894489681	9.64695388493802
184	0.00338050613902595	9.69776240153851
185	0.00338659844022081	9.74856590627265
186	0.00339266657582048	9.7993644361883
187	0.00339871076589084	9.85015802783432
188	0.00340473122735842	9.90094671727014
189	0.00341072817407119	9.95173054007472
190	0.00341670181685802	9.84373954349013
191	0.0034226523635866	9.89370779829117
192	0.00342858001921999	9.94367136600234
193	0.00343448498587183	9.99363027983285
194	0.00344036746286013	10.0435845725611
195	0.00344622764675995	10.0935342765426
196	0.00345206573145463	10.1434794237173
197	0.00345788190818597	10.1934200456176
198	0.00346367636560312	10.243356173375
199	0.00346944928981038	10.2932878377277
200	0.00347520086441394	10.3432150690274
201	0.00348093127056737	10.393137897246
202	0.00348664068701625	10.4430563519822
203	0.00349232929014167	10.4929704624685
204	0.00349799725400277	10.5428802575767
205	0.00350364475037826	10.592785765825
206	0.00350927194880712	10.6426870153834
207	0.00351487901662825	10.6925840340801
208	0.00352046611901933	10.742476849407
209	0.00352603341903476	10.7923654885254
210	0.0035315810776428	10.842249978272
211	0.0035371092537618	10.8921303451638
212	0.00354261810429581	10.9420066154035
213	0.00354810778416919	10.9918788148852
214	0.00355357844636065	11.041746969199
215	0.00355903024193646	11.091611103636
216	0.00356446332008293	11.1414712431935
217	0.00356987782813833	11.1913274125798
218	0.00357527391162385	11.2411796362184
219	0.00358065171427426	11.291027938253
220	0.00358601137806765	11.1636712166196
221	0.0035913530432546	11.2127329884907
222	0.00359667684838679	11.2617909697232
223	0.00360198293034505	11.310845183025
224	0.00360727142436667	11.3598956508497
225	0.00361254246407233	11.4089423954007
226	0.00361779618149228	11.4579854386348
227	0.0036230327070922	11.5070248022665
228	0.00362825216979831	11.5560605077715
229	0.00363345469702217	11.6050925763903
230	0.00363864041468482	11.6541210291321
231	0.00364380944724052	11.7031458867781
232	0.00364896191770001	11.7521671698851
233	0.00365409794765323	11.8011848987888
234	0.00365921765729168	11.8501990936072
235	0.0036643211654303	11.8992097742439
236	0.00366940858952889	11.9482169603912
237	0.00367448004571317	11.9972206715334
238	0.00367953564879534	12.0462209269499
239	0.00368457551229434	12.095217745718
240	0.00368959974845562	12.1442111467161
241	0.00369460846827063	12.1932011486265
242	0.00369960178149581	12.2421877699384
243	0.00370457979667135	12.2911710289504
244	0.00370954262113944	12.3401509437739
245	0.00371449036106235	12.3891275323348
246	0.00371942312144003	12.4381008123773
247	0.0037243410061274	12.4870708014655
248	0.00372924411785135	12.5360375169867
249	0.00373413255822744	12.5850009761535
250	0.00373900642777622	12.6339611960063
251	0.0037438658259393	12.682918193416
252	0.00374871085109507	12.7318719850862
253	0.00375354160057419	12.5841945519115
254	0.00375835817067481	12.6323889441709
255	0.00376316065667741	12.6805802283837
256	0.00376794915285944	12.7287684203602
257	0.00377272375250967	12.7769535357569
258	0.00377748454794241	12.8251355900787
259	0.00378223163051117	12.8733145986813
260	0.00378696509062242	12.9214905767728
261	0.00379168501774888	12.9696635394159
262	0.00379639150044263	13.0178335015299
263	0.00380108462634807	13.0660004778923
264	0.00380576448221447	13.1141644831414
265	0.00381043115390848	13.1623255317773
266	0.00381508472642634	13.2104836381643
267	0.00381972528390587	13.2586388165326
268	0.00382435290963829	13.30679108098
269	0.00382896768607975	13.3549404454736
270	0.0038335696948628	13.4030869238515
271	0.00383815901680751	13.4512305298247
272	0.00384273573193253	13.4993712769786
273	0.00384729991946589	13.5475091787744
274	0.00385185165785558	13.5956442485511
275	0.00385639102478005	13.643776499527
276	0.00386091809715847	13.6919059448008
277	0.00386543295116085	13.7400325973539
278	0.00386993566221787	13.7881564700512
279	0.0038744263050308	13.8362775756427
280	0.00387890495358094	13.8843959267654
281	0.00388337168113921	13.9325115359443
282	0.00388782656027527	13.9806244155938
283	0.00389226966286681	14.0287345780192
284	0.00389670106010842	14.0768420354182
285	0.00390112082252046	14.124946799882
286	0.00390552901995774	14.1730488833966
287	0.00390992572161808	14.2211482978444
288	0.00391431099605073	14.269245055005
289	0.00391868491116462	14.317339166557
290	0.00392304753423645	14.1477726079419
291	0.00392739893191881	14.1951328438939
292	0.00393173917024796	14.2424905082404
293	0.00393606831465164	14.2898456120958
294	0.00394038642995668	14.3371981664809
295	0.00394469358039653	14.3845481823236
296	0.00394898982961858	14.4318956704601
297	0.00395327524069156	14.4792406416362
298	0.00395754987611258	14.5265831065083
299	0.00396181379781423	14.5739230756441
300	0.00396606706717152	14.6212605595243
301	0.00397030974500875	14.6685955685431
302	0.00397454189160614	14.7159281130093
303	0.00397876356670652	14.7632582031475
304	0.00398297482952184	14.8105858490989
305	0.00398717573873958	14.8579110609222
306	0.00399136635252906	14.9052338485949
307	0.0039955467285477	14.9525542220139
308	0.00399971692394715	14.9998721909965
309	0.00400387699537925	15.0471877652812
310	0.00400802699900206	15.0945009545291
311	0.00401216699048577	15.141811768324
312	0.00401629702501824	15.1891202161741
313	0.00402041715731096	15.236426307512
314	0.00402452744160447	15.2837300516964
315	0.00402862793167395	15.3310314580123
316	0.00403271868083461	15.3783305356721
317	0.00403679974194709	15.4256272938162
318	0.0040408711674227	15.4729217415144
319	0.00404493300922864	15.5202138877657
320	0.00404898531889308	15.5675037414999
321	0.00405302814751029	15.6147913115782
322	0.00405706154574551	15.6620766067935
323	0.00406108556383992	15.7093596358717
324	0.00406510025161546	15.7566404074722
325	0.0040691056584796	15.8039189301886
326	0.00407310183342995	15.8511952125495
327	0.00407708882505904	15.898469263019
328	0.00408106668155872	15.9457410899977
329	0.00408503545072478	15.9930107018231
330	0.00408899517996129	16.0402781067706
331	0.00409294591628505	15.8474307299927
332	0.00409688770632977	15.8939883276145
333	0.00410082059635048	15.9405437753904
334	0.0041047446322276	15.9870970812331
335	0.00410865985947112	16.033648252997
336	0.00411256632322464	16.0801972984793
337	0.0041164640682694	16.1267442254199
338	0.00412035313902824	16.1732890415025
339	0.00412423357956951	16.2198317543548
340	0.0041281054336109	16.2663723715496
341	0.00413196874452323	16.3129109006048
342	0.00413582355533428	16.3594473489843
343	0.0041396699087323	16.4059817240986
344	0.0041435078470699	16.4525140333052
345	0.00414733741236744	16.499044283909
346	0.00415115864631668	16.5455724831631
347	0.00415497159028423	16.5920986382695
348	0.00415877628531501	16.6386227563789
349	0.00416257277213571	16.685144844592
350	0.00416636109115808	16.7316649099596
351	0.00417014128248225	16.7781829594832
352	0.00417391338590005	16.8246990001155
353	0.00417767744089818	16.8712130387607
354	0.00418143348666143	16.9177250822753
355	0.00418518156207579	16.9642351374684
356	0.00418892170573163	17.0107432111021
357	0.00419265395592663	17.0572493098924
358	0.00419637835066892	17.1037534405088
359	0.00420009492767997	17.1502556095757
360	0.0042038037243976	17.1967558236721
361	0.00420750477797889	17.2432540893325
362	0.00421119812530295	17.2897504130473
363	0.00421488380297384	17.3362448012629
364	0.00421856184732334	17.3827372603825
365	0.00422223229441369	17.4292277967663
366	0.00422589518004033	17.4757164167319
367	0.0042295505397346	17.522203126555
368	0.00423319840876632	17.5686879324695
369	0.0042368388221465	17.6151708406677
370	0.00424047181462989	17.6616518573014
371	0.00424409742071748	17.7081309884818
372	0.00424771567465917	17.7546082402797
373	0.00425132661045606	17.8010836187263
374	0.00425493026186304	17.8475571298134
375	0.00425852666239121	17.8940287794939
376	0.00426211584531022	17.6766677157969
377	0.00426569784365069	17.7224523082389
378	0.00426927269020651	17.7682350840166
379	0.00427284041753718	17.8140160488448
380	0.00427640105797007	17.8597952084021
381	0.00427995464360268	17.9055725683303
382	0.00428350120630487	17.9513481342355
383	0.00428704077772105	17.9971219116879
384	0.00429057338927232	18.0428939062226
385	0.00429409907215872	18.0886641233393
386	0.00429761785736119	18.1344325685036
387	0.0043011297756438	18.1801992471459
388	0.00430463485755575	18.2259641646633
389	0.00430813313343344	18.2717273264186
390	0.00431162463340245	18.3174887377413
391	0.00431510938737959	18.3632484039279
392	0.00431858742507479	18.4090063302418
393	0.00432205877599318	18.4547625219139
394	0.00432552346943682	18.500516984143
395	0.00432898153450678	18.5462697220955
396	0.00433243300010494	18.5920207409066
397	0.00433587789493584	18.6377700456796
398	0.00433931624750854	18.683517641487
399	0.00434274808613836	18.7292635333704
400	0.00434617343894884	18.7750077263405
401	0.00434959233387328	18.820750225378
402	0.00435300479865669	18.8664910354334
403	0.00435641086085741	18.9122301614275
404	0.00435981054784884	18.9579676082513
405	0.00436320388682116	19.0037033807667
406	0.00436659090478294	19.0494374838067
407	0.00436997162856286	19.0951699221753
408	0.00437334608481129	19.1409007006481
409	0.00437671430000193	19.1866298239722
410	0.00438007630043338	19.2323572968669
411	0.00438343211223076	19.2780831240237
412	0.00438678176134719	19.3238073101063
413	0.00439012527356545	19.3695298597514
414	0.00439346267449936	19.4152507775683
415	0.00439679398959541	19.4609700681395
416	0.00440011924413419	19.5066877360211
417	0.00440343846323182	19.5524037857424
418	0.00440675167184154	19.5981182218069
419	0.00441005889475499	19.6438310486918
420	0.00441336015660376	19.6895422708487
421	0.00441665548186071	19.7352518927036
422	0.00441994489484139	19.7809599186573
423	0.00442322841970548	19.8266663530854
424	0.00442650608045804	19.8723712003386
425	0.00442977790095093	19.9180744647428
426	0.00443304390488413	19.6744460647573
427	0.00443630411580702	19.7194838558834
428	0.00443955855711974	19.7645200997461
429	0.00444280725207443	19.8095548005134
430	0.00444605022377655	19.8545879623299
431	0.00444928749518605	19.899619589317
432	0.00445251908911876	19.944649685573
433	0.00445574502824748	19.9896782551736
434	0.0044589653351033	20.0347053021718
435	0.00446218003207672	20.0797308305981
436	0.00446538914141896	20.1247548444608
437	0.00446859268524299	20.1697773477463
438	0.00447179068552484	20.2147983444188
439	0.00447498316410466	20.2598178384211
440	0.00447817014268793	20.3048358336743
441	0.00448135164284652	20.3498523340781
442	0.00448452768601988	20.394867343511
443	0.00448769829351611	20.4398808658307
444	0.00449086348651302	20.4848929048737
445	0.00449402328605931	20.529903464456
446	0.00449717771307553	20.574912548373
447	0.00450032678835526	20.6199201603998
448	0.00450347053256603	20.6649263042912
449	0.00450660896625048	20.709930983782
450	0.0045097421098273	20.754934202587
451	0.00451286998359231	20.7999359644014
452	0.0045159926077194	20.8449362729006
453	0.00451911000226161	20.8899351317409
454	0.00452222218715203	20.934932544559
455	0.00452532918220485	20.9799285149726
456	0.00452843100711625	21.0249230465803
457	0.00453152768146547	21.069916142962
458	0.00453461922471562	21.1149078076787
459	0.00453770565621469	21.1598980442732
460	0.00454078699519653	21.2048868562694
461	0.00454386326078161	21.2498742471733
462	0.00454693447197811	21.2948602204725
463	0.00455000064768268	21.3398447796369
464	0.00455306180668141	21.3848279281182
465	0.00455611796765069	21.4298096693506
466	0.00455916914915804	21.4747900067506
467	0.00456221536966307	21.5197689437173
468	0.00456525664751819	21.5647464836324
469	0.00456829300096964	21.6097226298604
470	0.00457132444815814	21.6546973857488
471	0.00457435100711989	21.6996707546281
472	0.00457737269578723	21.7446427398119
473	0.00458038953198958	21.7896133445972
474	0.00458340153345417	21.8345825722645
475	0.00458640871780691	21.8795504260777
476	0.00458941110257308	21.9245169092843
477	0.00459240870517817	21.9694820251159
478	0.00459540154294868	22.0144457767877
479	0.00459838963311284	22.059408167499
480	0.00460137299280135	22.1043692004334
481	0.00460435163904823	21.8329098978901
482	0.00460732558879141	21.8772259629434
483	0.00461029485887364	21.9215406989379
484	0.00461325946604305	21.9658541089503
485	0.00461621942695403	22.010166196042
486	0.00461917475816782	22.0544769632596
487	0.00462212547615328	22.0987864136347
488	0.00462507159728761	22.1430945501845
489	0.00462801313785696	22.1874013759112
490	0.00463095011405725	22.2317068938025
491	0.00463388254199467	22.2760111068318
492	0.00463681043768657	22.3203140179582
493	0.00463973381706193	22.3646156301263
494	0.00464265269596219	22.4089159462668
495	0.00464556709014175	22.4532149692965
496	0.00464847701526873	22.4975127021178
497	0.00465138248692563	22.5418091476196
498	0.00465428352060985	22.5861043086772
499	0.00465718013173441	22.630398188152
500	0.00466007233562856	22.6746907888918
501	0.00466296014753838	22.7189821137312
502	0.00466584358262746	22.7632721654912
503	0.00466872265597741	22.8075609469798
504	0.0046715973825885	22.8518484609916
505	0.00467446777738032	22.8961347103082
506	0.0046773338551923	22.9404196976982
507	0.00468019563078426	22.9847034259174
508	0.00468305311883714	23.0289858977087
509	0.00468590633395341	23.0732671158022
510	0.00468875529065773	23.1175470829154
511	0.00469160000339751	23.1618258017534
512	0.00469444048654343	23.2061032750087
513	0.00469727675439004	23.2503795053615
514	0.00470010882115629	23.2946544954795
515	0.00470293670098606	23.3389282480185
516	0.0047057604079487	23.3832007656219
517	0.00470857995603962	23.4274720509212
518	0.00471139535918074	23.471742106536
519	0.00471420663122105	23.5160109350738
520	0.00471701378593717	23.5602785391304
521	0.00471981683703375	23.6045449212899
522	0.00472261579814416	23.6488100841248
523	0.0047254106828308	23.6930740301959
524	0.00472820150458575	23.7373367620525
525	0.00473098827683121	23.7815982822327
526	0.00473377101291995	23.8258585932631
527	0.00473654972613591	23.8701176976589
528	0.00473932442969453	23.9143755979244
529	0.00474209513674342	23.9586322965525
530	0.00474486186036264	24.0028877960254
531	0.00474762461356533	24.0471420988139
532	0.00475038340929806	24.0913952073783
533	0.00475313826044138	24.1356471241677
534	0.00475588917981021	24.1798978516208
535	0.00475863618015435	24.2241473921653
536	0.0047613792741589	24.2683957482186
537	0.00476411847444472	24.3126429221872
538	0.00476685379356885	24.3568889164675
539	0.00476958524402498	24.4011337334451
540	0.00477231283824388	24.4453773754955
541	0.00477503658859378	24.1446956247584
542	0.00477775650738088	24.1883138071465
543	0.00478047260684976	24.2319308381209
544	0.00478318489918371	24.2755467199837
545	0.00478589339650523	24.3191614550267
546	0.00478859811087646	24.3627750455321
547	0.00479129905429952	24.4063874937723
548	0.00479399623871696	24.44999880201
549	0.00479668967601217	24.4936089724982
550	0.00479937937800971	24.5372180074804
551	0.00480206535647585	24.5808259091907
552	0.00480474762311876	24.6244326798535
553	0.00480742618958908	24.6680383216841
554	0.00481010106748022	24.7116428368883
555	0.00481277226832875	24.7552462276626
556	0.00481543980361482	24.7988484961944
557	0.00481810368476244	24.8424496446618
558	0.00482076392313998	24.886049675234
559	0.00482342053006041	24.929648590071
560	0.0048260735167818	24.973246391324
561	0.00482872289450758	25.0168430811349
562	0.00483136867438692	25.0604386616372
563	0.00483401086751515	25.1040331349552
564	0.00483664948493403	25.1476265032046
565	0.00483928453763215	25.1912187684924
566	0.00484191603654526	25.2348099329171
567	0.00484454399255664	25.2783999985681
568	0.00484716841649743	25.3219889675267
569	0.00484978931914696	25.3655768418656
570	0.0048524067112331	25.4091636236489
571	0.00485502060343254	25.4527493149325
572	0.00485763100637124	25.4963339177639
573	0.00486023793062466	25.5399174341823
574	0.00486284138671812	25.5834998662185
575	0.00486544138512713	25.6270812158954
576	0.00486803793627766	25.6706614852274
577	0.00487063105054653	25.7142406762211
578	0.00487322073826171	25.757818790875
579	0.00487580700970257	25.8013958311795
580	0.0048783898751003	25.8449717991171
581	0.00488096934463811	25.8885466966625
582	0.00488354542845157	25.9321205257822
583	0.00488611813662901	25.9756932884353
584	0.00488868747921161	26.019264986573
585	0.00489125346619397	26.0628356221387
586	0.00489381610752413	26.1064051970681
587	0.00489637541310407	26.1499737132894
588	0.0048989313927899	26.1935411727231
589	0.00490148405639217	26.2371075772825
590	0.00490403341367617	26.2806729288728
591	0.00490657947436223	26.3242372293922
592	0.00490912224812595	26.3678004807315
593	0.0049116617445985	26.4113626847739
594	0.00491419797336691	26.4549238433954
595	0.00491673094397436	26.4984839584649
596	0.00491926066592042	26.5420430318436
597	0.00492178714866131	26.5856010653861
598	0.00492431040161026	26.6291580609393
599	0.00492683043413766	26.6727140203434
600	0.00492934725557135	26.7162689454313
601	0.00493186087519699	26.7598228380289
602	0.00493437130225817	26.8033756999553
603	0.00493687854595674	26.8469275330224
604	0.00493938261545313	26.8904783390353
605	0.00494188351986646	26.9340281197924
606	0.00494438126827491	26.9775768770848
607	0.00494687586971593	26.645831218082
608	0.00494936733318648	26.6887731182949
609	0.00495185566764329	26.7317140145176
610	0.00495434088200311	26.7746539084902
611	0.00495682298514295	26.817592801946
612	0.00495930198590029	26.8605306966119
613	0.00496177789307339	26.9034675942085
614	0.00496425071542142	26.9464034964497
615	0.0049667204616648	26.9893384050431
616	0.00496918714048543	27.0322723216901
617	0.00497165076052678	27.0752052480855
618	0.00497411133039435	27.1181371859179
619	0.00497656885865566	27.1610681368698
620	0.00497902335384064	27.2039981026174
621	0.00498147482444186	27.2469270848306
622	0.00498392327891459	27.2898550851732
623	0.00498636872567721	27.3327821053029
624	0.00498881117311131	27.3757081468713
625	0.004991250629562	27.4186332115241
626	0.00499368710333801	27.4615573009008
627	0.004996120602712	27.5044804166349
628	0.00499855113592075	27.547402560354
629	0.00500097871116538	27.5903237336799
630	0.00500340333661151	27.6332439382284
631	0.00500582502038951	27.6761631756094
632	0.00500824377059474	27.7190814474271
633	0.00501065959528768	27.7619987552798
634	0.0050130725024942	27.80491510076
635	0.0050154825002057	27.8478304854547
636	0.00501788959637937	27.8907449109451
637	0.00502029379893838	27.9336583788065
638	0.00502269511577202	27.976570890609
639	0.00502509355473597	28.0194824479167
640	0.00502748912365248	28.0623930522883
641	0.00502988183031051	28.1053027052768
642	0.005032271682466	28.1482114084301
643	0.00503465868784197	28.1911191632903
644	0.00503704285412882	28.2340259713939
645	0.00503942418898445	28.2769318342722
646	0.00504180270003442	28.3198367534512
647	0.00504417839487221	28.3627407304512
648	0.00504655128105934	28.4056437667875
649	0.00504892136612562	28.4485458639699
650	0.00505128865756923	28.4914470235028
651	0.00505365316285701	28.5343472468857
652	0.00505601488942459	28.5772465356126
653	0.00505837384467655	28.6201448911723
654	0.00506073003598662	28.6630423150485
655	0.00506308347069781	28.7059388087199
656	0.00506543415612269	28.7488343736597
657	0.00506778209954348	28.7917290113364
658	0.00507012730821218	28.8346227232132
659	0.00507246978935087	28.8775155107483
660	0.00507480955015178	28.9204073753949
661	0.00507714659777743	28.9632983186014
662	0.00507948093936095	29.0061883418108
663	0.00508181258200605	29.0490774464617
664	0.00508414153278735	29.0919656339873
665	0.00508646779875041	29.1348529058162
666	0.005088791386912	29.1777392633721
667	0.00509111230426022	29.2206247080739
668	0.00509343055775462	29.2635092413355
669	0.00509574615432638	29.3063928645663
670	0.00509805910087854	29.3492755791706
671	0.00510036940428605	29.3921573865483
672	0.00510267707139595	29.4350382880943
673	0.00510498210902764	29.4779182851991
674	0.00510728452397283	29.5207973792483
675	0.00510958432299583	29.563675571623
676	0.00511188151283372	29.6065528636995
677	0.00511417610019638	29.6494292568498
678	0.00511646809176676	29.692304752441
679	0.00511875749420098	29.3278481304716
680	0.00512104431412841	29.3701345240056
681	0.00512332855815194	29.4124200362948
682	0.00512561023284803	29.4547046686698
683	0.00512788934476692	29.496988422457
684	0.00513016590043272	29.5392712989783
685	0.00513243990634355	29.5815532995513
686	0.00513471136897176	29.6238344254894
687	0.00513698029476392	29.6661146781015
688	0.00513924669014114	29.7083940586922
689	0.0051415105614991	29.7506725685621
690	0.00514377191520812	29.7929502090073
691	0.00514603075761354	29.8352269813196
692	0.00514828709503553	29.877502886787
693	0.00515054093376953	29.9197779266929
694	0.00515279228008612	29.9620521023168
695	0.00515504114023136	30.0043254149339
696	0.00515728752042682	30.0465978658154
697	0.00515953142686972	30.0888694562285
698	0.00516177286573305	30.1311401874359
699	0.00516401184316576	30.1734100606966
700	0.00516624836529277	30.2156790772655
701	0.00516848243821528	30.2579472383934
702	0.00517071406801067	30.3002145453273
703	0.00517294326073281	30.34248099931
704	0.00517517002241212	30.3847466015803
705	0.00517739435905566	30.4270113533733
706	0.00517961627664733	30.46927525592
707	0.00518183578114787	30.5115383104475
708	0.00518405287849514	30.553800518179
709	0.00518626757460406	30.5960618803341
710	0.00518847987536696	30.6383223981281
711	0.00519068978665343	30.6805820727729
712	0.00519289731431065	30.7228409054762
713	0.00519510246416341	30.7650988974423
714	0.00519730524201428	30.8073560498714
715	0.00519950565364362	30.8496123639601
716	0.00520170370480985	30.8918678409014
717	0.00520389940124942	30.9341224818841
718	0.00520609274867703	30.9763762880938
719	0.00520828375278565	31.0186292607121
720	0.00521047241924673	31.0608814009173
721	0.00521265875371024	31.1031327098835
722	0.00521484276180478	31.1453831887817
723	0.00521702444913775	31.1876328387789
724	0.00521920382129541	31.2298816610387
725	0.00522138088384298	31.2721296567211
726	0.00522355564232478	31.3143768269825
727	0.00522572810226432	31.3566231729757
728	0.00522789826916443	31.3988686958501
729	0.00523006614850732	31.4411133967515
730	0.00523223174575471	31.483357276822
731	0.00523439506634796	31.5256003372007
732	0.00523655611570814	31.5678425790228
733	0.0052387148992361	31.6100840034203
734	0.00524087142231267	31.6523246115215
735	0.00524302569029868	31.6945644044516
736	0.00524517770853509	31.7368033833322
737	0.00524732748234308	31.7790415492816
738	0.00524947501702417	31.8212789034146
739	0.00525162031786028	31.8635154468428
740	0.00525376339011388	31.9057511806743
741	0.00525590423902803	31.9479861060141
742	0.00525804286982655	31.9902202239636
743	0.00526017928771404	32.0324535356212
744	0.00526231349787603	32.0746860420818
745	0.00526444550547905	32.116917744437
746	0.00526657531567071	32.1591486437754
747	0.00526870293357985	32.2013787411823
748	0.00527082836431657	32.2436080377395
749	0.00527295161297238	32.285836534526
750	0.00527507268462022	32.3280642326172
751	0.00527719158431464	32.3702911330857
752	0.00527930831709181	32.4125172370007
753	0.00528142288796969	32.4547425454283
754	0.00528353530194801	32.4969670594315
755	0.00528564556400852	32.5391907800701
756	0.00528775367911489	32.141124336458
757	0.00528985965221294	32.1827759041135
758	0.00529196348823067	32.2244266922439
759	0.0052940651920784	32.2660767018826
760	0.00529616476864876	32.3077259340598
761	0.00529826222281685	32.349374389803
762	0.00530035755944033	32.3910220701365
763	0.00530245078335942	32.4326689760817
764	0.00530454189939713	32.4743151086572
765	0.00530663091235921	32.5159604688783
766	0.00530871782703429	32.5576050577576
767	0.00531080264819396	32.5992488763049
768	0.00531288538059286	32.6408919255268
769	0.00531496602896874	32.6825342064273
770	0.00531704459804255	32.7241757200072
771	0.00531912109251857	32.7658164672648
772	0.00532119551708437	32.8074564491952
773	0.00532326787641104	32.8490956667909
774	0.00532533817515313	32.8907341210414
775	0.00532740641794884	32.9323718129336
776	0.00532947260942004	32.9740087434514
777	0.00533153675417235	33.015644913576
778	0.00533359885679523	33.0572803242857
779	0.00533565892186208	33.0989149765562
780	0.00533771695393027	33.1405488713605
781	0.00533977295754123	33.1821820096685
782	0.00534182693722055	33.2238143924477
783	0.00534387889747805	33.2654460206627
784	0.00534592884280784	33.3070768952756
785	0.00534797677768837	33.3487070172456
786	0.00535002270658256	33.3903363875293
787	0.00535206663393786	33.4319650070805
788	0.00535410856418625	33.4735928768506
789	0.00535614850174446	33.515219997788
790	0.00535818645101387	33.5568463708389
791	0.00536022241638074	33.5984719969465
792	0.00536225640221613	33.6400968770515
793	0.00536428841287614	33.6817210120921
794	0.00536631845270182	33.7233444030037
795	0.0053683465260193	33.7649670507192
796	0.00537037263713992	33.806588956169
797	0.00537239679036024	33.848210120281
798	0.00537441898996211	33.8898305439803
799	0.0053764392402127	33.9314502281896
800	0.00537845754536471	33.9730691738292
801	0.00538047390965622	34.0146873818166
802	0.00538248833731101	34.056304853067
803	0.0053845008325384	34.0979215884932
804	0.00538651139953341	34.1395375890051
805	0.00538852004247694	34.1811528555104
806	0.00539052676553556	34.2227673889146
807	0.00539253157286188	34.2643811901201
808	0.0053945344685944	34.3059942600275
809	0.00539653545685765	34.3476065995345
810	0.0053985345417623	34.3892182095366
811	0.00540053172740514	34.4308290909268
812	0.00540252701786917	34.4724392445958
813	0.00540452041722369	34.5140486714318
814	0.00540651192952434	34.5556573723206
815	0.00540850155881322	34.5972653481458
816	0.00541048930911881	34.6388725997884
817	0.00541247518445617	34.6804791281272
818	0.00541445918882697	34.7220849340386
819	0.00541644132621948	34.7636900183965
820	0.00541842160060875	34.8052943820729
821	0.00542040001595657	34.8468980259371
822	0.00542237657621155	34.8885009508562
823	0.00542435128530923	34.930103157695
824	0.00542632414717209	34.9717046473161
825	0.00542829516570957	35.0133054205797
826	0.00543026434481831	35.0549054783438
827	0.00543223168838192	35.096504821464
828	0.00543419720027132	35.1381034507939
829	0.00543616088434463	35.1797013671847
830	0.00543812274444727	35.2212985714853
831	0.00544008278441199	35.2628950645425
832	0.00544204100805902	35.3044908472009
833	0.00544399741919601	35.3460859203027
834	0.00544595202161815	35.3876802846882
835	0.00544790481910825	35.4292739411951
836	0.00544985581543668	35.4708668906595
837	0.00545180501436157	35.5124591339147
838	0.00545375241962877	35.5540506717923
839	0.00545569803497193	35.5956415051215
840	0.0054576418641126	35.6372316347294
841	0.00545958391076016	35.2031034496523
842	0.00546152417861201	35.2441376579611
843	0.00546346267135359	35.2851711743671
844	0.00546539939265832	35.3262039996783
845	0.00546733434618782	35.3672361347002
846	0.00546926753559187	35.4082675802365
847	0.00547119896450844	35.4492983370885
848	0.00547312863656384	35.4903284060559
849	0.00547505655537264	35.531357787936
850	0.00547698272453784	35.5723864835241
851	0.00547890714765085	35.6134144936137
852	0.00548082982829156	35.6544418189961
853	0.00548275077002841	35.6954684604605
854	0.00548466997641841	35.7364944187945
855	0.00548658745100719	35.7775196947832
856	0.00548850319732908	35.8185442892101
857	0.00549041721890714	35.8595682028564
858	0.0054923295192532	35.9005914365015
859	0.00549424010186792	35.941613990923
860	0.00549614897024083	35.9826358668962
861	0.0054980561278504	36.0236570651947
862	0.00549996157816408	36.0646775865901
863	0.0055018653246383	36.105697431852
864	0.00550376737071857	36.1467166017481
865	0.00550566771983955	36.1877350970443
866	0.00550756637542503	36.2287529185044
867	0.00550946334088802	36.2697700668904
868	0.00551135861963075	36.3107865429623
869	0.00551325221504482	36.3518023474785
870	0.00551514413051108	36.3928174811952
871	0.00551703436939987	36.4338319448668
872	0.0055189229350709	36.474845739246
873	0.00552080983087337	36.5158588650834
874	0.00552269506014607	36.5568713231279
875	0.00552457862621723	36.5978831141265
876	0.00552646053240485	36.6388942388244
877	0.00552834078201647	36.6799046979649
878	0.00553021937834936	36.7209144922896
879	0.00553209632469059	36.7619236225382
880	0.005533971624317	36.8029320894484
881	0.00553584528049519	36.8439398937565
882	0.00553771729648173	36.8849470361966
883	0.00553958767552308	36.9259535175014
884	0.00554145642085565	36.9669593384014
885	0.00554332353570584	37.0079644996257
886	0.00554518902329009	37.0489690019013
887	0.00554705288681501	37.0899728459538
888	0.00554891512947726	37.1309760325066
889	0.00555077575446368	37.1719785622818
890	0.00555263476495129	37.2129804359994
891	0.00555449216410749	37.2539816543778
892	0.00555634795508985	37.2949822181338
893	0.00555820214104627	37.3359821279822
894	0.00556005472511514	37.3769813846364
895	0.00556190571042511	37.4179799888077
896	0.00556375510009542	37.4589779412061
897	0.00556560289723573	37.4999752425397
898	0.00556744910494622	37.5409718935148
899	0.00556929372631774	37.5819678948361
900	0.00557113676443159	37.6229632472068
901	0.00557297822235988	37.6639579513282
902	0.00557481810316531	37.7049520079001
903	0.00557665640990134	37.7459454176204
904	0.00557849314561222	37.7869381811856
905	0.00558032831333295	37.8279302992904
906	0.00558216191608938	37.8689217726279
907	0.00558399395689825	37.9099126018895
908	0.00558582443876729	37.9509027877651
909	0.00558765336469505	37.9918923309429
910	0.00558948073767115	38.0328812321095
911	0.0055913065606762	38.0738694919498
912	0.00559313083668193	38.1148571111472
913	0.00559495356865112	38.1558440903834
914	0.00559677475953769	38.1968304303387
915	0.00559859441228675	38.2378161316915
916	0.00560041252983462	38.2788011951189
917	0.00560222911510885	38.3197856212962
918	0.00560404417102828	38.3607694108974
919	0.00560585770050306	38.4017525645947
920	0.00560766970643467	38.4427350830587
921	0.00560948019171602	38.4837169669586
922	0.0056112891592314	38.524698216962
923	0.00561309661185657	38.565678833735
924	0.0056149025524588	38.606658817942
925	0.00561670698389683	38.6476381702462
926	0.00561850990902099	38.6886168913087
927	0.00562031133067325	38.7295949817898
928	0.0056221112516871	38.7705724423476
929	0.00562390967488777	38.8115492736392
930	0.00562570660309217	38.8525254763199
931	0.00562750203910888	38.8935010510436
932	0.0056292959857383	38.9344759984626
933	0.00563108844577262	38.4626154488475
934	0.0056328794219958	38.5030500160449
935	0.00563466891718372	38.5434839661144
936	0.00563645693410411	38.5839172996938
937	0.00563824347551663	38.6243500174197
938	0.00564002854417291	38.6647821199271
939	0.00564181214281653	38.7052136078497
940	0.0056435942741831	38.7456444818195
941	0.00564537494100031	38.7860747424674
942	0.0056471541459879	38.8265043904227
943	0.00564893189185772	38.8669334263133
944	0.00565070818131376	38.9073618507656
945	0.00565248301705222	38.9477896644049
946	0.00565425640176147	38.9882168678546
947	0.00565602833812209	39.0286434617372
948	0.00565779882880699	39.0690694466735
949	0.00565956787648135	39.1094948232829
950	0.00566133548380265	39.1499195921836
951	0.00566310165342074	39.1903437539923
952	0.00566486638797788	39.2307673093244
953	0.00566662969010872	39.2711902587937
954	0.00566839156244036	39.311612603013
955	0.00567015200759237	39.3520343425935
956	0.00567191102817686	39.3924554781449
957	0.00567366862679844	39.4328760102761
958	0.00567542480605425	39.473295939594
959	0.00567717956853409	39.5137152667045
960	0.00567893291682035	39.5541339922121
961	0.00568068485348804	39.5945521167201
962	0.00568243538110492	39.6349696408301
963	0.00568418450223139	39.6753865651428
964	0.00568593221942058	39.7158028902575
965	0.00568767853521842	39.7562186167717
966	0.00568942345216364	39.7966337452823
967	0.00569116697278775	39.8370482763846
968	0.00569290909961509	39.8774622106724
969	0.00569464983516294	39.9178755487383
970	0.0056963891819414	39.9582882911737
971	0.00569812714245359	39.9987004385689
972	0.00569986371919549	40.0391119915124
973	0.00570159891465612	40.079522950592
974	0.00570333273131749	40.1199333163937
975	0.00570506517165464	40.1603430895026
976	0.0057067962381357	40.2007522705023
977	0.00570852593322183	40.2411608599754
978	0.00571025425936736	40.2815688585029
979	0.00571198121901975	40.3219762666649
980	0.0057137068146196	40.3623830850398
981	0.00571543104860075	40.4027893142054
982	0.0057171539233902	40.4431949547375
983	0.00571887544140821	40.4836000072114
984	0.00572059560506836	40.5240044722005
985	0.00572231441677746	40.5644083502775
986	0.00572403187893569	40.6048116420136
987	0.00572574799393655	40.6452143479788
988	0.00572746276416688	40.6856164687419
989	0.00572917619200699	40.7260180048705
990	0.00573088827983057	40.7664189569311
991	0.00573259903000473	40.8068193254889
992	0.00573430844489011	40.8472191111077
993	0.00573601652684077	40.8876183143505
994	0.00573772327820436	40.9280169357788
995	0.00573942870132203	40.968414975953
996	0.00574113279852852	41.0088124354324
997	0.00574283557215214	41.0492093147749
998	0.00574453702451486	41.0896056145375
999	0.00574623715793221	41.1300013352758
1000	0.00568642593059441	41.0051316045101
1001	0.00574963347716152	41.2107910418967
