1	0	0.00105724022494766
2	0	0.00128576785926982
3	0	0.00139379773049632
4	0	0.0014711852895238
5	0	0.00153459744836879
6	0	0.00155508163561928
7	0	0.0016059707340352
8	0	0.00161798500799997
9	0	0.00166372716171628
10	0	0.00167171650857262
11	0	0.00167836616814725
12	0	0.00172059834064691
13	0	0.00172552328895663
14	0	0.00172979284085733
15	0	0.00177041427761788
16	0	0.00177378485511227
17	0	0.00177678332327923
18	0	0.0017794685174825
19	0	0.00181901007371147
20	0	0.00182124636371926
21	0	0.00182328134846785
22	0	0.00182514121745583
23	0	0.00182684778848763
24	0	0.00186573405293369
25	0	0.00186721581745732
26	0	0.00186858915381064
27	0	0.00186986561734335
28	0	0.00187105517211774
29	0	0.00187216645637802
30	0	0.00191067112512945
31	0	0.00191166703741557
32	0	0.0019126034186367
33	0	0.00191348548413704
34	0	0.00191431785543742
35	0	0.00191510464259249
36	0	0.00191584951318876
37	0	0.00195413526592444
38	0	0.00195481896622701
39	0	0.00195546898816977
40	0	0.00195608777566411
41	0	0.00195667754104685
42	0	0.00195724029192617
43	0	0.00195777785437233
44	0	0.00195829189302136
45	0	0.00199645284293586
46	0	0.00199693333340819
47	0	0.00199739411761083
48	0	0.00199783639115789
49	0	0.00199826125457954
50	0	0.00199866972260649
51	0	0.00199906273238598
52	0	0.00199944115077033
53	0	0.00199980578079786
54	0	0.00200015736746898
55	0	0.00203824181594619
56	0	0.00203857552390848
57	0	0.00203889791465454
58	0	0.00203920955808133
59	0	0.00203951098633981
60	0	0.00203980269691437
61	0	0.00204008515540521
62	0	0.0020403587980467
63	0	0.00204062403399057
64	0	0.00204088124737891
65	0	0.00204113079922967
66	0	0.00207917622858913
67	0	0.00207941581251312
68	0	0.00207964857154839
69	0	0.00207987479521677
70	0	0.00208009475684186
71	0	0.00208030871466817
72	0	0.0020805169128886
73	0	0.002080719582589
74	0	0.0020809169426174
75	0	0.00208110920038498
76	0	0.0020812965526048
77	0	0.00208147918597393
78	0	0.00208165727780411
79	0	0.00211968246534049
80	0	0.00211985505334866
81	0	0.00212002350723881
82	0	0.00212018797484331
83	0	0.00212034859700622
84	0	0.00212050550799213
85	0	0.00212065883586659
86	0	0.00212080870285047
87	0	0.00212095522565019
88	0	0.00212109851576584
89	0	0.00212123867977882
90	0	0.00212137581962061
91	0	0.00212151003282411
92	0	0.00212164141275872
93	0	0.00212177004885068
94	0	0.00212189602678936
95	0	0.00215991262962052
96	0	0.00216003569338306
97	0	0.00216015629227171
98	0	0.00216027450014462
99	0	0.0021603903879283
100	0	0.00215982107643981
101	0	0.0021606154731332
102	0	0.00216072479900631
103	0	0.00216083206194259
104	0	0.00216093732021425
105	0	0.00216104062991171
106	0	0.00216114204504505
107	0	0.00216124161763966
108	0	0.0021613393978268
109	0	0.00216143543392922
110	0	0.00216152977254207
111	0	0.00216162245860967
112	0	0.00219963833172881
113	0	0.00219972941166708
114	0	0.0021998189379066
115	0	0.00219990695016215
116	0	0.00219999348680171
117	0	0.00220007858490313
118	0	0.00220016228030806
119	0	0.00220024460767312
120	0	0.00220032560051858
121	0	0.00220040529127468
122	0	0.00220048371132564
123	0	0.00220056089105156
124	0	0.00220063685986843
125	0	0.00220071164626604
126	0	0.00220078527784433
127	0	0.00220085778134784
128	0	0.00220092918269874
129	0	0.00220099950702823
130	0	0.00220106877870653
131	0	0.00220113702137157
132	0	0.00223915605332701
133	0	0.0022392234483953
134	0	0.0022392898646473
135	0	0.00223935532341493
136	0	0.00223941984541259
137	0	0.0022394834507593
138	0	0.00223954615900006
139	0	0.00223960798912621
140	0	0.00223966895959488
141	0	0.00223972908834778
142	0	0.00223978839282901
143	0	0.00223984689000227
144	0	0.00223990459636736
145	0	0.00223996152797588
146	0	0.00224001770044645
147	0	0.00224007312897921
148	0	0.00224012782836979
149	0	0.00224018181302266
150	0	0.00224023509696409
151	0	0.00224028769385441
152	0	0.00224033961699996
153	0	0.00224039087936448
154	0	0.00224044149358009
155	0	0.00227846590187937
156	0	0.0022785160929519
157	0	0.00227856566151037
158	0	0.00227861461915543
159	0	0.00227866297720032
160	0	0.00227871074667967
161	0	0.00227875793835808
162	0	0.00227880456273832
163	0	0.00227885063006931
164	0	0.00227889615035368
165	0	0.00227894113335522
166	0	0.00227898558860594
167	0	0.00227902952541292
168	0	0.00227907295286495
169	0	0.00227911587983887
170	0	0.00227915831500575
171	0	0.00227920026683682
172	0	0.00227924174360922
173	0	0.00227928275341153
174	0	0.00227932330414911
175	0	0.0022793634035493
176	0	0.00227940305916637
177	0	0.00227944227838641
178	0	0.00227948106843192
179	0	0.0022795194363664
180	0	0.00227955738909865
181	0	0.00231758818077228
182	0	0.00231762594228036
183	0	0.0023176633018366
184	0	0.00231770026587749
185	0	0.00231773684070233
186	0	0.00231777303247698
187	0	0.00231780884723725
188	0	0.00231784429089245
189	0	0.00231787936922858
190	0	0.00231791408791161
191	0	0.00231794845249056
192	0	0.00231798246840051
193	0	0.00231801614096551
194	0	0.00231804947540141
195	0	0.00231808247681861
196	0	0.0023181151502247
197	0	0.00231814750052707
198	0	0.00231817953253536
199	0	0.00231821125096393
200	0	0.00231824266043419
201	0	0.00231827376547691
202	0	0.0023183045705344
203	0	0.00231833507996268
204	0	0.00231836529803358
205	0	0.00231839522893677
206	0	0.00231842487678169
207	0	0.00231845424559952
208	0	0.00231848333934501
209	0	0.00231851216189829
210	0	0.00235654958001971
211	0	0.00235657833534236
212	0	0.00235660682642068
213	0	0.00235663505691238
214	0	0.00235666303040778
215	0	0.00235669075043131
216	0	0.00235671822044309
217	0	0.0023567454438403
218	0	0.00235677242395871
219	0	0.00235679916407398
220	0	0.00235682566740307
221	0	0.00235685193710551
222	0	0.0023568779762847
223	0	0.00235690378798915
224	0	0.00235692937521369
225	0	0.00235695474090065
226	0	0.002356979887941
227	0	0.00235700481917549
228	0	0.0023570295373957
229	0	0.00235705404534516
230	0	0.0023570783457203
231	0	0.00235710244117154
232	0	0.00235712633430423
233	0	0.00235715002767958
234	0	0.00235717352381567
235	0	0.00235719682518828
236	0	0.0023572199342318
237	0	0.00235724285334011
238	0	0.0023572655848674
239	0	0.00235728813112904
240	0	0.00235731049440227
241	0	0.0023573326769271
242	0	0.00235735468090701
243	0	0.00239539870920095
244	0	0.00239542071181248
245	0	0.00239544253950116
246	0	0.00239546419436494
247	0	0.00239548567846826
248	0	0.00239550699384273
249	0	0.00239552814248775
250	0	0.00239554912637118
251	0	0.00239556994742994
252	0	0.00239559060757061
253	0	0.00239561110867005
254	0	0.00239563145257596
255	0	0.00239565164110744
256	0	0.00239567167605557
257	0	0.00239569155918391
258	0	0.00239571129222904
259	0	0.00239573087690111
260	0	0.0023957503148843
261	0	0.00239576960783732
262	0	0.0023957887573939
263	0	0.00239580776516326
264	0	0.00239582663273057
265	0	0.00239584536165736
266	0	0.00239586395348205
267	0	0.00239588240972028
268	0	0.00239590073186537
269	0	0.00239591892138876
270	0	0.00239593697974034
271	0	0.00239595490834893
272	0	0.00239597270862258
273	0	0.00239599038194901
274	0	0.00239600792969594
275	0	0.00239602535321146
276	0	0.00239604265382438
277	0	0.00239605983284457
278	0	0.00239607689156333
279	0	0.00243412706577349
280	0	0.00243414415470924
281	0	0.00243416112525925
282	0	0.00243417797866302
283	0	0.00243419471614273
284	0	0.0024342113389036
285	0	0.00243422784813414
286	0	0.00243424424500647
287	0	0.00243426053067658
288	0	0.00243427670628461
289	0	0.00243429277295514
290	0	0.00243430873179744
291	0	0.00243432458390571
292	0	0.0024343403303594
293	0	0.00243435597222337
294	0	0.0024343715105482
295	0	0.00243438694637043
296	0	0.00243440228071275
297	0	0.00243441751458427
298	0	0.00243443264898071
299	0	0.00243444768488467
300	0	0.00243446262326581
301	0	0.00243447746508106
302	0	0.00243449221127485
303	0	0.00243450686277931
304	0	0.00243452142051445
305	0	0.00243453588538837
306	0	0.00243455025829748
307	0	0.00243456454012661
308	0	0.0024345787317493
309	0	0.00243459283402791
310	0	0.00243460684781379
311	0	0.00243462077394752
312	0	0.00243463461325903
313	0	0.00243464836656775
314	0	0.00243466203468286
315	0	0.00243467561840334
316	0	0.00243468911851823
317	0	0.00243470253580672
318	0	0.00243471587103833
319	0	0.00243472912497304
320	0	0.00247278514601379
321	0	0.00247279844418772
322	0	0.00247281166205351
323	0	0.0024728248003458
324	0	0.00247283785979027
325	0	0.00247285084110378
326	0	0.00247286374499452
327	0	0.0024728765721621
328	0	0.00247288932329775
329	0	0.00247290199908437
330	0	0.00247291460019667
331	0	0.00247292712730136
332	0	0.00247293958105719
333	0	0.00247295196211508
334	0	0.0024729642711183
335	0	0.00247297650870248
336	0	0.00247298867549583
337	0	0.00247300077211916
338	0	0.00247301279918605
339	0	0.0024730247573029
340	0	0.00247303664706911
341	0	0.0024730484690771
342	0	0.00247306022391247
343	0	0.00247307191215406
344	0	0.00247308353437407
345	0	0.00247309509113815
346	0	0.0024731065830055
347	0	0.00247311801052893
348	0	0.00247312937425501
349	0	0.0024731406747241
350	0	0.00247315191247045
351	0	0.00247316308802233
352	0	0.00247317420190207
353	0	0.00247318525462613
354	0	0.00247319624670524
355	0	0.00247320717864444
356	0	0.00247321805094314
357	0	0.00247322886409525
358	0	0.00247323961858923
359	0	0.00247325031490814
360	0	0.00247326095352977
361	0	0.00247327153492667
362	0	0.00247328205956622
363	0	0.00247329252791071
364	0	0.00247330294041745
365	0	0.00247331329753876
366	0	0.00251137473138068
367	0	0.00251138513672776
368	0	0.00251139548718573
369	0	0.00251140578319443
370	0	0.00251141602518903
371	0	0.00251142621360004
372	0	0.00251143634885344
373	0	0.00251144643137066
374	0	0.00251145646156869
375	0	0.00251146643986013
376	0	0.00251147636665324
377	0	0.00251148624235199
378	0	0.00251149606735615
379	0	0.00251150584206131
380	0	0.00251151556685894
381	0	0.00251152524213646
382	0	0.00251153486827728
383	0	0.00251154444566085
384	0	0.00251155397466273
385	0	0.00251156345565459
386	0	0.00251157288900434
387	0	0.0025115822750761
388	0	0.0025115916142303
389	0	0.00251160090682369
390	0	0.00251161015320943
391	0	0.00251161935373708
392	0	0.00251162850875271
393	0	0.00251163761859889
394	0	0.00251164668361474
395	0	0.00251165570413602
396	0	0.00251166468049512
397	0	0.00251167361302111
398	0	0.00251168250203982
399	0	0.00251169134787383
400	0	0.00251170015084255
401	0	0.00251170891126222
402	0	0.002511717629446
403	0	0.00251172630570393
404	0	0.00251173494034308
405	0	0.00251174353366748
406	0	0.00251175208597821
407	0	0.00251176059757344
408	0	0.00251176906874842
409	0	0.00251177749979558
410	0	0.0025117858910045
411	0	0.00251179424266202
412	0	0.00251180255505217
413	0	0.00251181082845631
414	0	0.00251181906315309
415	0	0.0025118272594185
416	0	0.00254989352936137
417	0	0.00254990177261702
418	0	0.0025499099776837
419	0	0.00254991814483114
420	0	0.00254992627432651
421	0	0.00254993436643449
422	0	0.00254994242141728
423	0	0.0025499504395346
424	0	0.0025499584210438
425	0	0.00254996636619979
426	0	0.00254997427525514
427	0	0.00254998214846006
428	0	0.00254998998606248
429	0	0.00254999778830801
430	0	0.00255000555544004
431	0	0.00255001328769968
432	0	0.00255002098532588
433	0	0.00255002864855539
434	0	0.00255003627762278
435	0	0.00255004387276053
436	0	0.00255005143419899
437	0	0.00255005896216642
438	0	0.00255006645688902
439	0	0.00255007391859097
440	0	0.00255008134749441
441	0	0.00255008874381953
442	0	0.0025500961077845
443	0	0.00255010343960557
444	0	0.00255011073949706
445	0	0.00255011800767139
446	0	0.00255012524433909
447	0	0.00255013244970883
448	0	0.00255013962398744
449	0	0.00255014676737992
450	0	0.00255015388008947
451	0	0.00255016096231754
452	0	0.00255016801426376
453	0	0.00255017503612607
454	0	0.00255018202810065
455	0	0.00255018899038199
456	0	0.00255019592316291
457	0	0.00255020282663451
458	0	0.00255020970098631
459	0	0.00255021654640614
460	0	0.00255022336308024
461	0	0.00255023015119325
462	0	0.00255023691092822
463	0	0.00255024364246666
464	0	0.0025502503459885
465	0	0.00255025702167217
466	0	0.00255026366969456
467	0	0.00255027029023108
468	0	0.00255027688345566
469	0	0.00255028344954075
470	0	0.00255028998865734
471	0	0.00258836062738194
472	0	0.00258836720987149
473	0	0.00258837376550202
474	0	0.00258838029444134
475	0	0.00258838679685587
476	0	0.00258839327291065
477	0	0.00258839972276936
478	0	0.00258840614659429
479	0	0.00258841254454643
480	0	0.00258841891678542
481	0	0.00258842526346961
482	0	0.00258843158475601
483	0	0.00258843788080039
484	0	0.00258844415175722
485	0	0.00258845039777972
486	0	0.00258845661901985
487	0	0.00258846281562834
488	0	0.00258846898775472
489	0	0.00258847513554729
490	0	0.00258848125915314
491	0	0.00258848735871821
492	0	0.00258849343438724
493	0	0.00258849948630381
494	0	0.00258850551461036
495	0	0.0025885115194482
496	0	0.00258851750095749
497	0	0.00258852345927728
498	0	0.00258852939454552
499	0	0.00258853530689908
500	0	0.00258854119647373
501	0	0.00258854706340416
502	0	0.00258855290782402
503	0	0.00258855872986589
504	0	0.00258856452966134
505	0	0.00258857030734086
506	0	0.00258857606303396
507	0	0.00258858179686913
508	0	0.00258858750897384
509	0	0.0025885931994746
510	0	0.00258859886849692
511	0	0.00258860451616534
512	0	0.00258861014260344
513	0	0.00258861574793384
514	0	0.00258862133227822
515	0	0.00258862689575734
516	0	0.00258863243849101
517	0	0.00258863796059815
518	0	0.00258864346219673
519	0	0.00258864894340386
520	0	0.00258865440433575
521	0	0.00258865984510771
522	0	0.00258866526583419
523	0	0.00258867066662878
524	0	0.0025886760476042
525	0	0.00258868140887233
526	0	0.0025886867505442
527	0	0.00258869207273
528	0	0.00258869737553911
529	0	0.00258870265908009
530	0	0.00258870792346068
531	0	0.00258871316878783
532	0	0.0026267877829247
533	0	0.00262679306704508
534	0	0.00262679833215254
535	0	0.0026268035783524
536	0	0.00262680880574923
537	0	0.00262681401444681
538	0	0.00262681920454814
539	0	0.0026268243761555
540	0	0.0026268295293704
541	0	0.0026268346642936
542	0	0.00262683978102514
543	0	0.00262684487966434
544	0	0.00262684996030975
545	0	0.00262685502305927
546	0	0.00262686006801003
547	0	0.00262686509525851
548	0	0.00262687010490044
549	0	0.00262687509703091
550	0	0.00262688007174429
551	0	0.00262688502913429
552	0	0.00262688996929394
553	0	0.00262689489231561
554	0	0.002626899798291
555	0	0.00262690468731117
556	0	0.00262690955946652
557	0	0.00262691441484683
558	0	0.0026269192535412
559	0	0.00262692407563813
560	0	0.00262692888122551
561	0	0.00262693367039056
562	0	0.00262693844321994
563	0	0.00262694319979966
564	0	0.00262694794021514
565	0	0.00262695266455121
566	0	0.0026269573728921
567	0	0.00262696206532144
568	0	0.00262696674192231
569	0	0.00262697140277718
570	0	0.00262697604796795
571	0	0.00262698067757596
572	0	0.002626985291682
573	0	0.00262698989036629
574	0	0.00262699447370848
575	0	0.0026269990417877
576	0	0.00262700359468252
577	0	0.00262700813247097
578	0	0.00262701265523056
579	0	0.00262701716303825
580	0	0.00262702165597049
581	0	0.0026270261341032
582	0	0.00262703059751179
583	0	0.00262703504627116
584	0	0.00262703948045568
585	0	0.00262704390013925
586	0	0.00262704830539525
587	0	0.00262705269629657
588	0	0.00262705707291561
589	0	0.00262706143532428
590	0	0.002627065783594
591	0	0.00262707011779574
592	0	0.00262707443799997
593	0	0.00262707874427669
594	0	0.00262708303669544
595	0	0.0026270873153253
596	0	0.00262709158023489
597	0	0.00262709583149236
598	0	0.00262710006916544
599	0	0.00266517826823543
600	0	0.00266518253996656
601	0	0.00266518679811979
602	0	0.002665191042762
603	0	0.00266519527395967
604	0	0.0026651994917788
605	0	0.00266520369628499
606	0	0.0026652078875434
607	0	0.00266521206561878
608	0	0.00266521623057543
609	0	0.00266522038247725
610	0	0.00266522452138774
611	0	0.00266522864736994
612	0	0.00266523276048654
613	0	0.00266523686079979
614	0	0.00266524094837155
615	0	0.00266524502326327
616	0	0.00266524908553602
617	0	0.00266525313525047
618	0	0.0026652571724669
619	0	0.00266526119724521
620	0	0.00266526520964491
621	0	0.00266526920972514
622	0	0.00266527319754465
623	0	0.00266527717316184
624	0	0.0026652811366347
625	0	0.00266528508802091
626	0	0.00266528902737772
627	0	0.00266529295476207
628	0	0.00266529687023051
629	0	0.00266530077383925
630	0	0.00266530466564414
631	0	0.00266530854570067
632	0	0.00266531241406402
633	0	0.00266531627078897
634	0	0.00266532011593001
635	0	0.00266532394954124
636	0	0.00266532777167646
637	0	0.00266533158238913
638	0	0.00266533538173237
639	0	0.00266533916975897
640	0	0.00266534294652139
641	0	0.00266534671207178
642	0	0.00266535046646197
643	0	0.00266535420974344
644	0	0.00266535794196739
645	0	0.00266536166318468
646	0	0.00266536537344588
647	0	0.00266536907280123
648	0	0.00266537276130067
649	0	0.00266537643899383
650	0	0.00266538010593007
651	0	0.0026653837621584
652	0	0.00266538740772756
653	0	0.00266539104268599
654	0	0.00266539466708184
655	0	0.00266539828096297
656	0	0.00266540188437694
657	0	0.00266540547737103
658	0	0.00266540905999224
659	0	0.00266541263228728
660	0	0.00266541619430258
661	0	0.00266541974608429
662	0	0.0026654232876783
663	0	0.0026654268191302
664	0	0.00266543034048534
665	0	0.00266543385178876
666	0	0.00266543735308526
667	0	0.00266544084441937
668	0	0.00266544432583536
669	0	0.00266544779737722
670	0	0.0026654512590887
671	0	0.00266545471101327
672	0	0.00266545815319417
673	0	0.00270353960802286
674	0	0.00270354307974315
675	0	0.00270354654171055
676	0	0.00270354999396789
677	0	0.00270355343655774
678	0	0.00270355686952242
679	0	0.00270356029290402
680	0	0.00270356370674435
681	0	0.00270356711108502
682	0	0.00270357050596736
683	0	0.00270357389143247
684	0	0.00270357726752124
685	0	0.00270358063427429
686	0	0.00270358399173202
687	0	0.00270358733993459
688	0	0.00270359067892192
689	0	0.00270359400873374
690	0	0.00270359732940952
691	0	0.00270360064098848
692	0	0.00270360394350968
693	0	0.0027036072370119
694	0	0.00270361052153372
695	0	0.0027036137971135
696	0	0.00270361706378939
697	0	0.00270362032159931
698	0	0.00270362357058096
699	0	0.00270362681077184
700	0	0.00270363004220924
701	0	0.00270363326493022
702	0	0.00270363647897165
703	0	0.00270363968437019
704	0	0.00270364288116227
705	0	0.00270364606938414
706	0	0.00270364924907186
707	0	0.00270365242026124
708	0	0.00270365558298793
709	0	0.00270365873728737
710	0	0.0027036618831948
711	0	0.00270366502074525
712	0	0.0027036681499736
713	0	0.00270367127091447
714	0	0.00270367438360235
715	0	0.00270367748807149
716	0	0.00270368058435599
717	0	0.00270368367248974
718	0	0.00270368675250644
719	0	0.00270368982443961
720	0	0.00270369288832259
721	0	0.00270369594418853
722	0	0.00270369899207041
723	0	0.00270370203200101
724	0	0.00270370506401294
725	0	0.00270370808813864
726	0	0.00270371110441037
727	0	0.00270371411286019
728	0	0.00270371711352003
729	0	0.0027037201064216
730	0	0.00270372309159647
731	0	0.00270372606907603
732	0	0.00270372903889148
733	0	0.00270373200107389
734	0	0.00270373495565414
735	0	0.00270373790266293
736	0	0.00270374084213082
737	0	0.0027037437740882
738	0	0.00270374669856528
739	0	0.00270374961559212
740	0	0.00270375252519863
741	0	0.00270375542741455
742	0	0.00270375832226944
743	0	0.00270376120979275
744	0	0.00270376409001372
745	0	0.00270376696296148
746	0	0.00270376982866497
747	0	0.002703772687153
748	0	0.00270377553845422
749	0	0.00270377838259712
750	0	0.00270378121961004
751	0	0.0027037840495212
752	0	0.00274186837733845
753	0	0.00274187123278958
754	0	0.00274187408112379
755	0	0.00274187692236908
756	0	0.0027418797565533
757	0	0.00274188258370414
758	0	0.00274188540384919
759	0	0.00274188821701584
760	0	0.00274189102323138
761	0	0.00274189382252292
762	0	0.00274189661491746
763	0	0.00274189940044186
764	0	0.00274190217912281
765	0	0.0027419049509869
766	0	0.00274190771606054
767	0	0.00274191047437005
768	0	0.00274191322594158
769	0	0.00274191597080117
770	0	0.00274191870897469
771	0	0.00274192144048791
772	0	0.00274192416536646
773	0	0.00274192688363583
774	0	0.00274192959532139
775	0	0.00274193230044838
776	0	0.0027419349990419
777	0	0.00274193769112691
778	0	0.0027419403767283
779	0	0.00274194305587076
780	0	0.0027419457285789
781	0	0.0027419483948772
782	0	0.00274195105479001
783	0	0.00274195370834154
784	0	0.00274195635555591
785	0	0.0027419589964571
786	0	0.00274196163106896
787	0	0.00274196425941525
788	0	0.00274196688151957
789	0	0.00274196949740543
790	0	0.00274197210709623
791	0	0.00274197471061522
792	0	0.00274197730798555
793	0	0.00274197989923027
794	0	0.00274198248437229
795	0	0.00274198506343441
796	0	0.00274198763643934
797	0	0.00274199020340964
798	0	0.00274199276436779
799	0	0.00274199531933615
800	0	0.00274199786833694
801	0	0.00274200041139232
802	0	0.00274200294852431
803	0	0.00274200547975482
804	0	0.00274200800510565
805	0	0.00274201052459853
806	0	0.00274201303825502
807	0	0.00274201554609664
808	0	0.00274201804814474
809	0	0.00274202054442062
810	0	0.00274202303494545
811	0	0.00274202551974031
812	0	0.00274202799882614
813	0	0.00274203047222382
814	0	0.00274203293995412
815	0	0.00274203540203769
816	0	0.0027420378584951
817	0	0.00274204030934681
818	0	0.00274204275461317
819	0	0.00274204519431447
820	0	0.00274204762847085
821	0	0.0027420500571024
822	0	0.00274205248022908
823	0	0.00274205489787077
824	0	0.00274205731004724
825	0	0.00274205971677819
826	0	0.0027420621180832
827	0	0.00274206451398176
828	0	0.00274206690449329
829	0	0.0027420692896371
830	0	0.00274207166943239
831	0	0.0027420740438983
832	0	0.00274207641305385
833	0	0.00274207877691801
834	0	0.00274208113550961
835	0	0.00274208348884743
836	0	0.00274208583695014
837	0	0.00274208817983632
838	0	0.00274209051752448
839	0	0.00278017747271942
840	0	0.00278017983239133
841	0	0.00278018218684875
842	0	0.0027801845361101
843	0	0.00278018688019369
844	0	0.00278018921911775
845	0	0.00278019155290043
846	0	0.00278019388155979
847	0	0.0027801962051138
848	0	0.00278019852358037
849	0	0.00278020083697729
850	0	0.00278020314532229
851	0	0.00278020544863302
852	0	0.00278020774692704
853	0	0.00278021004022183
854	0	0.00278021232853478
855	0	0.00278021461188321
856	0	0.00278021689028437
857	0	0.00278021916375539
858	0	0.00278022143231338
859	0	0.00278022369597531
860	0	0.00278022595475813
861	0	0.00278022820867866
862	0	0.00278023045775367
863	0	0.00278023270199986
864	0	0.00278023494143382
865	0	0.00278023717607211
866	0	0.00278023940593117
867	0	0.00278024163102739
868	0	0.00278024385137708
869	0	0.00278024606699648
870	0	0.00278024827790175
871	0	0.00278025048410897
872	0	0.00278025268563416
873	0	0.00278025488249326
874	0	0.00278025707470214
875	0	0.0027802592622766
876	0	0.00278026144523235
877	0	0.00278026362358507
878	0	0.00278026579735033
879	0	0.00278026796654363
880	0	0.00278027013118043
881	0	0.0027802722912761
882	0	0.00278027444684595
883	0	0.0027802765979052
884	0	0.00278027874446904
885	0	0.00278028088655255
886	0	0.00278028302417077
887	0	0.00278028515733867
888	0	0.00278028728607113
889	0	0.002780289410383
890	0	0.00278029153028904
891	0	0.00278029364580394
892	0	0.00278029575694235
893	0	0.00278029786371883
894	0	0.00278029996614788
895	0	0.00278030206424395
896	0	0.00278030415802141
897	0	0.00278030624749457
898	0	0.00278030833267768
899	0	0.00278031041358493
900	0	0.00278031249023045
901	0	0.00278031456262829
902	0	0.00278031663079246
903	0	0.00278031869473688
904	0	0.00278032075447545
905	0	0.00278032281002197
906	0	0.00278032486139021
907	0	0.00278032690859385
908	0	0.00278032895164654
909	0	0.00278033099056184
910	0	0.00278033302535328
911	0	0.00278033505603431
912	0	0.00278033708261833
913	0	0.0027803391051187
914	0	0.00278034112354868
915	0	0.0027803431379215
916	0	0.00278034514825033
917	0	0.00278034715454829
918	0	0.00278034915682842
919	0	0.00278035115510373
920	0	0.00278035314938717
921	0	0.0027803551396916
922	0	0.00278035712602988
923	0	0.00278035910841476
924	0	0.00278036108685898
925	0	0.0027803630613752
926	0	0.00278036503197604
927	0	0.00278036699867404
928	0	0.00278036896148172
929	0	0.00278037092041152
930	0	0.00278037287547585
931	0	0.00278037482668705
932	0	0.00278037677405741
933	0	0.00278037871759917
934	0	0.00281846806338764
935	0	0.00281847002582849
936	0	0.00281847198442519
937	0	0.00281847393918996
938	0	0.00281847589013494
939	0	0.00281847783727222
940	0	0.00281847978061385
941	0	0.00281848172017183
942	0	0.00281848365595809
943	0	0.00281848558798454
944	0	0.002818487516263
945	0	0.00281848944080528
946	0	0.00281849136162312
947	0	0.00281849327872822
948	0	0.00281849519213221
949	0	0.00281849710184671
950	0	0.00281849900788324
951	0	0.00281850091025333
952	0	0.00281850280896841
953	0	0.0028185047040399
954	0	0.00281850659547914
955	0	0.00281850848329746
956	0	0.00281851036750611
957	0	0.00281851224811631
958	0	0.00281851412513923
959	0	0.00281851599858599
960	0	0.00281851786846767
961	0	0.00281851973479531
962	0	0.00281852159757989
963	0	0.00281852345683235
964	0	0.00281852531256357
965	0	0.00281852716478444
966	0	0.00281852901350573
967	0	0.00281853085873822
968	0	0.00281853270049262
969	0	0.00281853453877962
970	0	0.00281853637360983
971	0	0.00281853820499385
972	0	0.00281854003294222
973	0	0.00281854185746544
974	0	0.00281854367857397
975	0	0.00281854549627823
976	0	0.00281854731058858
977	0	0.00281854912151536
978	0	0.00281855092906886
979	0	0.00281855273325933
980	0	0.00281855453409696
981	0	0.00281855633159193
982	0	0.00281855812575436
983	0	0.00281855991659433
984	0	0.00281856170412189
985	0	0.00281856348834703
986	0	0.00281856526927972
987	0	0.00281856704692987
988	0	0.00281856882130737
989	0	0.00281857059242206
990	0	0.00281857236028374
991	0	0.00281857412490218
992	0	0.00281857588628709
993	0	0.00281857764444817
994	0	0.00281857939939506
995	0	0.00281858115113736
996	0	0.00281858289968465
997	0	0.00281858464504646
998	0	0.00281858638723228
999	0	0.00281858812625156
1000	0	0.00283094306816992
1001	0	0.00281859159482817
