1	0.0114792270184179	0.00741670870589965
2	0.0130783369237646	0.00817589098037998
3	0.0137051318182692	0.00838019888673721
4	0.0140283693457724	0.00843381741473482
5	0.0142192870848432	0.00843116197837722
6	0.0143414438548927	0.00840431918425967
7	0.0144237397574955	0.00836635383827002
8	0.0144811904300382	0.00832343021119447
9	0.0145221359795351	0.00827856086841745
10	0.0145517053950508	0.00823343490001882
11	0.0145731730207999	0.00818878829598995
12	0.0145887176859459	0.00814519749622345
13	0.0145998390419545	0.00810284943828078
14	0.0146075986117546	0.00806180516330994
15	0.0146127657406904	0.00802215127102395
16	0.0146159093563351	0.00798390856206703
17	0.0146174575398326	0.00794696615192542
18	0.0146177372866124	0.00791127887947866
19	0.0146170016935235	0.00787682997979514
20	0.014615448947902	0.00784358745136862
21	0.0146132358429267	0.00781142986327164
22	0.0146104875602456	0.00778030174516863
23	0.0146073048585323	0.00775014950243559
24	0.0146037694283374	0.00772096176104775
25	0.0145999479306035	0.00769268776678627
26	0.0145958950769122	0.007665241392645
27	0.0145916560031503	0.0076385798985239
28	0.014587268116035	0.00761266321356473
29	0.0145827625421026	0.00758745382117535
30	0.0145781652739042	0.00756295872968855
31	0.0145734980834364	0.00753912348119823
32	0.0145687792551056	0.00751589499675569
33	0.0145640241776553	0.00749324466103498
34	0.0145592458250514	0.00747114568667239
35	0.0145544551493349	0.00744957298238357
36	0.0145496614032278	0.00742850302904133
37	0.0145448724063433	0.00740794956492362
38	0.0145400947658617	0.00738787146111085
39	0.0145353340602418	0.00736823258843333
40	0.0145305949927745	0.00734901470378683
41	0.0145258815204115	0.00733020063352599
42	0.0145211969622333	0.00731177419620203
43	0.0145165440910794	0.00729372013150323
44	0.0145119252111939	0.00727602403492156
45	0.0145073422242176	0.00725869072851877
46	0.0145027966854272	0.00724171285069823
47	0.0144982898517901	0.00722505340268733
48	0.0144938227231238	0.00720870088473462
49	0.0144893960774311	0.00719264439485012
50	0.0144850105012989	0.00717687358930414
51	0.0144806664161041	0.00716137864620177
52	0.0144763641006446	0.0071461502318681
53	0.0144721037107194	0.00713117946980238
54	0.0144678852960936	0.00711645791198134
55	0.014463708815222	0.00710200286798159
56	0.014459574148042	0.0070877908253759
57	0.0144554811071044	0.00707380435693449
58	0.0144514294472681	0.00706003650221428
59	0.014447418874152	0.00704648061358988
60	0.0144434490515103	0.00703313033809458
61	0.0144395196076723	0.00701997960053299
62	0.0144356301411696	0.00700702258776266
63	0.0144317802256541	0.00699425373405157
64	0.0144279694141993	0.0069816677074263
65	0.0144241972430613	0.00696925939693329
66	0.0144204632349682	0.00695703460133139
67	0.0144167669019964	0.00694499639835872
68	0.0144131077480852	0.00693312136686295
69	0.0144094852712328	0.00692140518052954
70	0.0144058989654141	0.00690984368128782
71	0.0144023483222526	0.00689843287078853
72	0.0143988328324773	0.00688716890240774
73	0.0143953519871889	0.00687604807373923
74	0.0143919052789592	0.00686506681954036
75	0.0143884922027824	0.00685422170509951
76	0.014385112256897	0.00684350941999548
77	0.0143817649434929	0.00683292677222182
78	0.0143784497693168	0.00682247068265092
79	0.0143751662461887	0.00681214237670878
80	0.0143719177939125	0.00680195506140061
81	0.0143687057211546	0.00679188539518777
82	0.0143655237386322	0.00678193070829063
83	0.0143623713854985	0.0067720884202249
84	0.0143592482074268	0.00676235603588993
85	0.0143561537567786	0.00675273114186734
86	0.0143530875927347	0.00674321140291647
87	0.0143500492813932	0.00673379455865471
88	0.014347038395838	0.00672447842041079
89	0.014344054516183	0.0067152608682407
90	0.0143410972295928	0.00670613984809623
91	0.0143381661302842	0.00669711336913692
92	0.0143352608195113	0.00668817950117686
93	0.0143323809055345	0.00667933637225845
94	0.0143295260035776	0.00667058216634542
95	0.0143266957357731	0.00666193421755836
96	0.0143238897310981	0.00665337303613427
97	0.0143211076253018	0.0066448954355123
98	0.0143183490608259	0.00663649980662256
99	0.0143156136867191	0.00662818458622085
100	0.0143130300178247	0.00661994908917112
101	0.0143102111382946	0.00661178933681616
102	0.0143075432942737	0.00660370639540039
103	0.014304897301016	0.00659569803459395
104	0.0143022728391734	0.00658776289606091
105	0.014299669595412	0.00657989965810013
106	0.0142970872623064	0.00657210703434473
107	0.0142945255382331	0.00656438377251842
108	0.0142919841272632	0.00655672865324598
109	0.0142894627390552	0.0065491404889149
110	0.014286961088748	0.00654161812258562
111	0.0142844788968542	0.00653416042694802
112	0.0142820158891543	0.00652677338311916
113	0.0142795717965915	0.00651945911666726
114	0.0142771463551674	0.00651220615611952
115	0.0142747393058392	0.00650501348568691
116	0.014272350394418	0.00649788011454153
117	0.014269979371468	0.00649080507600797
118	0.0142676259922079	0.00648378742678707
119	0.0142652900164132	0.00647682624621048
120	0.0142629712083206	0.00646992063552466
121	0.0142606693365331	0.00646306971720279
122	0.014258384173928	0.00645627263428352
123	0.0142561154975652	0.00644952854973511
124	0.0142538630885988	0.00644283664584388
125	0.0142516267321886	0.00643619612362592
126	0.0142494062174149	0.00642960620226096
127	0.0142472013371938	0.00642306611854734
128	0.0142450118881955	0.00641657512637731
129	0.0142428376707627	0.00641013249623159
130	0.0142406784888325	0.00640373751469248
131	0.0142385341498581	0.00639738948397463
132	0.0142364044647342	0.00639109319890928
133	0.0142342892477221	0.00638485179327417
134	0.0142321883163777	0.00637865522520704
135	0.0142301014914811	0.00637250285669059
136	0.0142280285969668	0.00636639406319862
137	0.0142259694598563	0.00636032823331924
138	0.0142239239101926	0.00635430476839101
139	0.0142218917809746	0.00634832308215167
140	0.0142198729080952	0.00634238260039875
141	0.0142178671302787	0.00633648276066185
142	0.0142158742890214	0.00633062301188573
143	0.0142138942285321	0.00632480281412423
144	0.0142119267956753	0.00631902163824423
145	0.014209971839915	0.00631327896563936
146	0.0142080292132597	0.00630757428795327
147	0.0142060987702091	0.00630190710681169
148	0.014204180367702	0.00629627693356337
149	0.0142022738650652	0.00629068328902921
150	0.0142003791239636	0.0062851257032595
151	0.014198496008352	0.00627960371529887
152	0.0141966243844273	0.00627411687295858
153	0.014194764120582	0.00626866473259607
154	0.0141929150873597	0.00626324685890128
155	0.01419107715741	0.00625786998699352
156	0.0141892502054461	0.00625253196138569
157	0.0141874341082023	0.00624722686484074
158	0.0141856287443928	0.00624195429437094
159	0.014183833994672	0.00623671385432886
160	0.0141820497415947	0.00623150515623041
161	0.0141802758695784	0.00622632781858331
162	0.0141785122648653	0.0062211814667205
163	0.0141767588154861	0.00621606573263861
164	0.0141750154112244	0.00621098025484108
165	0.0141732819435818	0.0062059246781859
166	0.0141715583057436	0.00620089865373777
167	0.0141698443925459	0.00619590183862452
168	0.014168140100443	0.00619093389589769
169	0.0141664453274757	0.00618599449439699
170	0.0141647599732402	0.00618108330861872
171	0.0141630839388581	0.00617620001858786
172	0.0141614171269464	0.00617134430973372
173	0.0141597594415891	0.00616651587276909
174	0.0141581107883084	0.00616171440357276
175	0.0141564710740378	0.00615693960307526
176	0.0141548402070944	0.00615219117714772
177	0.014153218097153	0.00614746883649383
178	0.0141516046552203	0.00614277229654464
179	0.0141499997936094	0.00613810127735629
180	0.0141484034259158	0.00613345550351045
181	0.0141468154669927	0.00612884263634382
182	0.0141452358329279	0.00612425733996853
183	0.0141436644410205	0.00611969643023666
184	0.0141421012097587	0.00611515964952119
185	0.0141405460587977	0.00611064674425093
186	0.0141389989089381	0.00610615746482589
187	0.0141374596821051	0.00610169156553494
188	0.0141359283013276	0.00609724880447548
189	0.0141344046907186	0.00609282894347528
190	0.014132888775455	0.00608843174801623
191	0.0141313804817586	0.00608405698716009
192	0.0141298797368773	0.00607970443347602
193	0.0141283864690668	0.00607537386297005
194	0.0141269006075721	0.00607106505501624
195	0.0141254220826105	0.00606677779228954
196	0.0141239508253539	0.00606251186070039
197	0.0141224867679121	0.00605826704933084
198	0.0141210298433162	0.0060540431503723
199	0.0141195799855026	0.00604983995906479
200	0.0141181371292969	0.00604565727363762
201	0.0141167012103986	0.00604149489525162
202	0.0141152721653659	0.0060373526279426
203	0.0141138499316008	0.00603323027856631
204	0.0141124344473346	0.00602912765674462
205	0.0141110256516136	0.00602504457481301
206	0.0141096234842854	0.0060209808477693
207	0.0141082278859849	0.00601693629322357
208	0.0141068387981211	0.00601291073134923
209	0.0141054561628641	0.00600890398483534
210	0.014104079923132	0.00600492137435751
211	0.0141027100225788	0.00600096105199344
212	0.0141013464055815	0.0059970189839757
213	0.0140999890172285	0.00599309500300762
214	0.0140986378033076	0.00598918894407962
215	0.0140972927102946	0.00598530064442777
216	0.0140959536853416	0.00598142994349323
217	0.0140946206762663	0.00597757668288265
218	0.0140932936315407	0.00597374070632944
219	0.0140919725002808	0.00596992185965587
220	0.014090657232236	0.0059661199907361
221	0.0140893477777787	0.00596233494945988
222	0.0140880440878944	0.00595856658769721
223	0.0140867461141717	0.00595481475926364
224	0.0140854538087931	0.00595107931988639
225	0.0140841671245248	0.00594736012717119
226	0.014082886014708	0.00594365704056986
227	0.0140816104332493	0.00593996992134851
228	0.0140803403346124	0.00593629863255652
229	0.0140790756738086	0.00593264303899612
230	0.0140778164063889	0.00592900300719262
231	0.0140765624884351	0.00592537840536529
232	0.0140753138765517	0.00592176910339882
233	0.0140740705278577	0.00591817497281539
234	0.0140728323999788	0.0059145958867474
235	0.0140715994510395	0.00591103171991059
236	0.0140703716396554	0.0059074823485779
237	0.0140691489249258	0.00590394765055376
238	0.0140679312664261	0.00590042750514893
239	0.014066718624201	0.00589692179315591
240	0.0140655109587569	0.00589343039682471
241	0.0140643082310551	0.00588995319983931
242	0.0140631104025052	0.00588649008729439
243	0.0140619174349579	0.005883047789292
244	0.014060729290699	0.00587962056498238
245	0.0140595459324425	0.00587620705589389
246	0.0140583673233242	0.00587280715280642
247	0.0140571934268959	0.00586942074779832
248	0.0140560242071187	0.00586604773422592
249	0.0140548596283576	0.00586268800670344
250	0.0140536996553749	0.0058593414610833
251	0.0140525442533251	0.00585600799443681
252	0.0140513933877487	0.00585268750503524
253	0.0140502470245669	0.00584937989233126
254	0.0140491051300757	0.00584608505694072
255	0.0140479676709411	0.00584280290062477
256	0.0140468346141934	0.0058395333262724
257	0.0140457059272219	0.00583627623788319
258	0.01404458157777	0.00583303154055047
259	0.0140434615339304	0.00582979914044479
260	0.0140423457641394	0.00582657894479771
261	0.0140412342371729	0.00582337086188582
262	0.0140401269221411	0.00582017480101515
263	0.0140390237884839	0.00581699067250581
264	0.0140379248059664	0.00581381838767696
265	0.0140368299446743	0.00581065785883204
266	0.0140357391750096	0.00580750899924422
267	0.0140346524676859	0.00580437172314222
268	0.0140335697937243	0.00580124594569629
269	0.0140324911244494	0.00579813158300453
270	0.0140314164314845	0.00579502855207936
271	0.0140303456867483	0.00579193677083434
272	0.0140292788624502	0.00578885615807118
273	0.0140282159310868	0.00578578663346691
274	0.0140271568654379	0.00578272811756146
275	0.0140261016385625	0.00577968053174525
276	0.0140250502237952	0.00577664379824717
277	0.0140240025947426	0.00577361784012268
278	0.0140229587252795	0.00577060258124215
279	0.0140219185895452	0.00576759939052526
280	0.0140208821619405	0.00576461232944097
281	0.0140198494171235	0.00576163571908899
282	0.014018820330007	0.00575866948666246
283	0.0140177948757545	0.00575571356011219
284	0.0140167730297772	0.00575276786813625
285	0.0140157547677307	0.00574983234016968
286	0.014014740065512	0.00574690690637434
287	0.014013728899256	0.00574399149762897
288	0.0140127212453327	0.00574108604551947
289	0.014011717080344	0.00573819048232923
290	0.014010716381121	0.00573530474102971
291	0.0140097191247205	0.00573242875527116
292	0.0140087252884229	0.00572956245937349
293	0.0140077348497284	0.00572670578831726
294	0.014006747786355	0.00572385867773491
295	0.0140057640762355	0.00572102106390205
296	0.0140047836975146	0.00571819288372891
297	0.0140038066285462	0.00571537407475196
298	0.0140028328478913	0.00571256457512568
299	0.0140018623343146	0.00570976432361439
300	0.0140008950667827	0.00570697325958427
301	0.0139999310244611	0.00570419132299554
302	0.0139989701867119	0.00570141845439471
303	0.0139980125330914	0.00569865459490696
304	0.0139970580433475	0.00569589968622866
305	0.0139961066974178	0.00569315367062004
306	0.0139951584754266	0.0056904164908979
307	0.0139942133576832	0.00568768809042853
308	0.0139932713246793	0.00568496841312066
309	0.0139923323570871	0.00568225740341857
310	0.0139913964357565	0.00567955500629531
311	0.0139904635417138	0.00567686116724598
312	0.0139895336561587	0.0056741758322812
313	0.0139886067604631	0.00567149894792058
314	0.0139876828361681	0.00566883046118639
315	0.0139867618649827	0.00566617031959724
316	0.0139858438287815	0.00566351847116194
317	0.0139849287096027	0.00566087486437341
318	0.0139840164896463	0.00565823944820265
319	0.0139831071512721	0.00565561217209292
320	0.0139822006769977	0.0056529951517612
321	0.013981297049497	0.00565039013485306
322	0.0139803962515978	0.0056477930901443
323	0.0139794982662807	0.00564520396902681
324	0.0139786030766766	0.00564262272333545
325	0.0139777106660656	0.00564004930534268
326	0.0139768210178747	0.00563748366775332
327	0.0139759341156765	0.00563492576369931
328	0.0139750499431875	0.0056323755467346
329	0.013974168484266	0.00562983297083007
330	0.0139732897229111	0.00562729799036864
331	0.0139724136432607	0.00562477056014025
332	0.01397154022959	0.00562225063533714
333	0.0139706694663098	0.00561973817154903
334	0.0139698013379653	0.00561723312475846
335	0.0139689358292344	0.00561473545133617
336	0.0139680729249259	0.00561224510803652
337	0.0139672126099785	0.00560976205199308
338	0.0139663548694593	0.00560728624071414
339	0.0139654996885619	0.00560481763207837
340	0.0139646470526054	0.00560235618433057
341	0.0139637969470329	0.0055999018560774
342	0.0139629493574103	0.00559745460628323
343	0.0139621042694245	0.00559501439426602
344	0.0139612616688825	0.00559258117969327
345	0.0139604215417096	0.00559015492257807
346	0.0139595838739488	0.0055877355832751
347	0.0139587486517588	0.00558532312247679
348	0.0139579158614131	0.00558291750120951
349	0.0139570854892988	0.00558051868082975
350	0.0139562575219152	0.00557812662302045
351	0.0139554319458725	0.00557574128978732
352	0.0139546087478909	0.0055733626434552
353	0.0139537879147992	0.00557099064666454
354	0.0139529694335335	0.00556862526236787
355	0.0139521532911364	0.00556626645382633
356	0.0139513394747557	0.00556391418460625
357	0.0139505279716432	0.00556156841857576
358	0.0139497187691535	0.00555922911990156
359	0.0139489118547433	0.0055568962530455
360	0.01394810721597	0.00555456978276147
361	0.0139473048404905	0.00555224967409214
362	0.0139465047160606	0.00554993589236585
363	0.0139457068305336	0.00554762840319346
364	0.0139449111718595	0.00554532717246538
365	0.0139441177280837	0.00554303216634845
366	0.0139433264873462	0.00554074854014792
367	0.0139425374378808	0.00553847124475986
368	0.0139417505680138	0.00553620005958745
369	0.013940965866163	0.00553393495195246
370	0.0139401833208371	0.00553167588943806
371	0.0139394029206346	0.0055294228398859
372	0.0139386246542427	0.00552717577139354
373	0.0139378485104367	0.00552493465231158
374	0.0139370744780788	0.00552269945124111
375	0.0139363025461175	0.00552047013703101
376	0.0139355327035864	0.00551824667877538
377	0.0139347649396036	0.00551602904581097
378	0.0139339992433708	0.00551381720771463
379	0.0139332356041723	0.00551161113430082
380	0.0139324740113743	0.00550941079561917
381	0.0139317144544242	0.00550721616195198
382	0.0139309569228493	0.0055050272038119
383	0.0139302014062567	0.00550284389193949
384	0.0139294478943318	0.0055006661973009
385	0.0139286963768381	0.00549849409108557
386	0.0139279468436162	0.00549632754470393
387	0.0139271992845826	0.00549416652978515
388	0.01392645368973	0.00549201101817492
389	0.0139257100491253	0.00548986098193325
390	0.0139249683529099	0.0054877163933323
391	0.0139242285912983	0.00548557722485425
392	0.0139234907545777	0.00548344344918916
393	0.0139227548331072	0.00548131503923291
394	0.0139220208173173	0.00547919196808511
395	0.0139212886977087	0.00547707420904709
396	0.0139205584648521	0.00547496173561988
397	0.0139198301093874	0.00547285452150219
398	0.013919103622023	0.00547075254058854
399	0.0139183789935349	0.00546865576696719
400	0.0139176562147666	0.00546656417491837
401	0.0139169352766278	0.00546447773891227
402	0.0139162161700945	0.00546239643360724
403	0.0139154988862076	0.00546032023384794
404	0.0139147834160728	0.00545824911466348
405	0.0139140697508598	0.0054561830512657
406	0.0139133578818018	0.00545412201904728
407	0.0139126478001946	0.0054520659935801
408	0.0139119394973964	0.00545001495061343
409	0.0139112329648271	0.00544796886607224
410	0.0139105281939675	0.00544592771605549
411	0.013909825176359	0.00544389147683453
412	0.0139091239036029	0.00544186012485134
413	0.0139084243673596	0.00543983363671696
414	0.0139077265593488	0.00543781198920988
415	0.0139070304713482	0.00543579515927443
416	0.013906336095193	0.00543378647728423
417	0.013905643422776	0.00543178393387378
418	0.0139049524460464	0.00542978612858675
419	0.0139042631570096	0.00542779303906886
420	0.0139035755477266	0.0054258046431236
421	0.0139028896103135	0.00542382091871072
422	0.0139022053369411	0.00542184184394481
423	0.0139015227198342	0.00541986739709386
424	0.0139008417512712	0.00541789755657778
425	0.0139001624235837	0.00541593230096704
426	0.013899484729156	0.00541397160898122
427	0.0138988086604243	0.00541201545948771
428	0.0138981342098769	0.00541006383150026
429	0.0138974613700528	0.00540811670417767
430	0.0138967901335424	0.00540617405682247
431	0.0138961204929858	0.00540423586887958
432	0.0138954524410733	0.005402302119935
433	0.0138947859705447	0.00540037278971455
434	0.0138941210741885	0.00539844785808258
435	0.0138934577448419	0.00539652730504072
436	0.0138927959753902	0.00539461111072661
437	0.0138921357587663	0.0053926992554127
438	0.0138914770879504	0.00539079171950503
439	0.0138908199559697	0.005388888483542
440	0.0138901643558975	0.00538698952819321
441	0.0138895102808535	0.00538509483425828
442	0.0138888577240027	0.00538320438266566
443	0.0138882066785555	0.00538131815447152
444	0.0138875571377671	0.00537943613085857
445	0.013886909094937	0.00537755829313498
446	0.013886262543409	0.00537568462273324
447	0.0138856174765704	0.00537381510120906
448	0.0138849738878518	0.00537194971024029
449	0.0138843317707267	0.00537008843162585
450	0.0138836911187112	0.00536823124728463
451	0.0138830519253636	0.00536637813925453
452	0.0138824141842839	0.00536452908969128
453	0.0138817778891137	0.00536268408086754
454	0.0138811430335355	0.0053608430951718
455	0.0138805096112728	0.0053590061151074
456	0.0138798776160895	0.00535717312329157
457	0.0138792470417892	0.00535534410245437
458	0.0138786178822156	0.00535351903543776
459	0.0138779901312518	0.00535169790519466
460	0.0138773637828196	0.00534988069478792
461	0.0138767388308799	0.00534806738738946
462	0.0138761152694318	0.00534625796627929
463	0.0138754930925125	0.00534445241484458
464	0.0138748722941971	0.00534265071657878
465	0.0138742528685978	0.00534085285508068
466	0.0138736348098644	0.00533905881405356
467	0.0138730181121832	0.00533726857730424
468	0.013872402769777	0.00533548212874227
469	0.013871788776905	0.00533369945237904
470	0.0138711761278622	0.00533192053232689
471	0.0138705648169793	0.00533014635796485
472	0.0138699548386222	0.00532837907385793
473	0.0138693461871919	0.00532661549020089
474	0.0138687388571242	0.00532485559153861
475	0.0138681328428893	0.00532309936251257
476	0.0138675281389914	0.00532134678786002
477	0.0138669247399691	0.0053195978524132
478	0.013866322640394	0.0053178525410986
479	0.0138657218348715	0.00531611083893608
480	0.01386512231804	0.0053143727310382
481	0.0138645240845706	0.00531263820260941
482	0.0138639271291669	0.00531090723894528
483	0.013863331446565	0.0053091798254318
484	0.0138627370315328	0.00530745594754459
485	0.0138621438788703	0.00530573559084823
486	0.0138615519834085	0.00530401874099547
487	0.0138609613400102	0.00530230538372655
488	0.0138603719435687	0.00530059550486847
489	0.0138597837890086	0.00529888909033434
490	0.0138591968712846	0.0052971861261226
491	0.0138586111853818	0.00529548659831641
492	0.0138580267263154	0.00529379049308291
493	0.0138574434891304	0.00529209779667259
494	0.0138568614689013	0.00529040849541859
495	0.0138562806607319	0.00528872257573606
496	0.0138557010597552	0.0052870400241215
497	0.0138551226611331	0.0052853608271521
498	0.013854545460056	0.00528368497148511
499	0.0138539694517427	0.00528201244385721
500	0.0138533946314405	0.00528034323108386
501	0.0138528209944244	0.0052786773200587
502	0.0138522485359972	0.00527701469775293
503	0.0138516772514893	0.00527535535121467
504	0.0138511071362585	0.00527369926756841
505	0.0138505381856896	0.00527204643401436
506	0.0138499703951944	0.00527039683782788
507	0.0138494037602113	0.0052687504663589
508	0.0138488382762053	0.00526710730703131
509	0.0138482739386677	0.00526546734734244
510	0.0138477107431158	0.0052638305748624
511	0.0138471486850929	0.00526219697723363
512	0.0138465877601681	0.00526056654217024
513	0.0138460279639356	0.0052589392574575
514	0.0138454692920154	0.00525731511095129
515	0.0138449117400524	0.00525569409057758
516	0.0138443553037163	0.00525407618433184
517	0.0138437999787017	0.00525246138027853
518	0.0138432457607277	0.0052508496665506
519	0.0138426926455378	0.00524924103134894
520	0.0138421406288997	0.00524763546294185
521	0.0138415897066051	0.00524603294966456
522	0.0138410398744694	0.0052444334799187
523	0.0138404911283319	0.00524283704217181
524	0.013839943464055	0.00524124362495683
525	0.0138393968775247	0.00523965321687161
526	0.0138388513646501	0.00523806580657843
527	0.013838306921363	0.00523648138280349
528	0.0138377635436183	0.00523489993433648
529	0.0138372212273933	0.00523332145003005
530	0.0138366799686879	0.00523174591879937
531	0.013836139763524	0.00523017332962165
532	0.013835600607946	0.00522860443864965
533	0.0138350624980199	0.00522704139456465
534	0.0138345254298336	0.00522548125292982
535	0.0138339893994969	0.00522392400299173
536	0.0138334544031406	0.00522236963405657
537	0.0138329204369172	0.00522081813548972
538	0.0138323874970002	0.00521926949671532
539	0.0138318555795841	0.00521772370721584
540	0.0138313246808843	0.00521618075653167
541	0.013830794797137	0.00521464063426063
542	0.0138302659245986	0.00521310333005762
543	0.0138297380595464	0.00521156883363418
544	0.0138292111982775	0.00521003713475807
545	0.0138286853371095	0.00520850822325287
546	0.0138281604723798	0.00520698208899757
547	0.0138276366004454	0.00520545872192615
548	0.0138271137176835	0.00520393811202724
549	0.0138265918204903	0.00520242024934365
550	0.0138260709052818	0.00520090512397204
551	0.0138255509684931	0.00519939272606251
552	0.0138250320065785	0.0051978830458182
553	0.0138245140160111	0.00519637607349495
554	0.0138239969932831	0.00519487179940086
555	0.0138234809349054	0.00519337021389599
556	0.0138229658374073	0.00519187130739195
557	0.0138224516973367	0.00519037507035152
558	0.01382193851126	0.00518888149328833
559	0.0138214262757614	0.00518739056676645
560	0.0138209149874436	0.00518590228140008
561	0.0138204046429269	0.00518441662785313
562	0.0138198952388497	0.00518293359683898
563	0.0138193867718679	0.00518145317912001
564	0.0138188792386552	0.00517997536550732
565	0.0138183726359025	0.00517850014686039
566	0.0138178669603182	0.00517702751408671
567	0.0138173622086278	0.00517555745814149
568	0.0138168583775741	0.00517408997002728
569	0.0138163554639167	0.00517262504079366
570	0.013815853464432	0.00517116266153691
571	0.0138153523759135	0.0051697028233997
572	0.0138148521951708	0.00516824551757076
573	0.0138143529190305	0.00516679073528453
574	0.0138138545443353	0.00516533846782092
575	0.0138133570679444	0.0051638887065049
576	0.013812860486733	0.00516244144270626
577	0.0138123647975924	0.00516099666783929
578	0.0138118699974301	0.00515955437336245
579	0.013811376083169	0.0051581145507781
580	0.0138108830517482	0.00515667719163215
581	0.0138103909001222	0.00515524228751383
582	0.0138098996252611	0.00515380983005535
583	0.0138094092241503	0.00515237981093161
584	0.0138089196937908	0.00515095222185992
585	0.0138084310311985	0.00514952705459972
586	0.0138079432334047	0.00514810430095227
587	0.0138074562974554	0.0051466839527604
588	0.013806970220412	0.0051452660019082
589	0.0138064849993502	0.00514385044032075
590	0.0138060006313607	0.00514243725996388
591	0.0138055171135488	0.00514102645284382
592	0.0138050344430343	0.00513961801100701
593	0.0138045526169514	0.00513821192653978
594	0.0138040716324487	0.00513680819156812
595	0.0138035914866889	0.00513540679825735
596	0.0138031121768491	0.00513400773881194
597	0.0138026337001201	0.00513261100547523
598	0.013802156053707	0.00513121659052911
599	0.0138016792348285	0.0051298253001669
600	0.0138012032407173	0.00512843878074675
601	0.0138007280686195	0.00512705455134218
602	0.0138002537157952	0.00512567260440503
603	0.0137997801795177	0.00512429293242436
604	0.0137993074570737	0.00512291552792624
605	0.0137988355457635	0.00512154038347353
606	0.0137983644429003	0.00512016749166556
607	0.0137978941458107	0.005118796845138
608	0.0137974246518344	0.00511742843656251
609	0.0137969559583239	0.00511606225864661
610	0.0137964880626448	0.00511469830413336
611	0.0137960209621753	0.00511333656580119
612	0.0137955546543066	0.00511197703646364
613	0.0137950891364424	0.00511061970896914
614	0.0137946244059989	0.00510926457620078
615	0.013794160460405	0.00510791163107611
616	0.0137936972971019	0.00510656086654688
617	0.0137932349135432	0.00510521227559884
618	0.0137927733071947	0.00510386585125153
619	0.0137923124755344	0.00510252158655806
620	0.0137918524160523	0.00510117947460488
621	0.0137913931262507	0.00509983950851157
622	0.0137909346036435	0.00509850168143065
623	0.0137904768457568	0.00509716598654735
624	0.0137900198501283	0.00509583241707941
625	0.0137895636143075	0.00509450096627686
626	0.0137891081358555	0.00509317162742185
627	0.0137886534123451	0.00509184439382839
628	0.0137881994413604	0.00509051925884221
629	0.0137877462204971	0.00508919621584053
630	0.0137872937473622	0.00508787525823184
631	0.013786842019574	0.00508655637945576
632	0.0137863910347621	0.00508523957298277
633	0.0137859407905671	0.00508392483231411
634	0.0137854912846408	0.00508261215098148
635	0.0137850425146459	0.00508130152254695
636	0.0137845944782562	0.0050799929406027
637	0.0137841471731563	0.00507868639877087
638	0.0137837005970415	0.00507738189070335
639	0.013783254747618	0.00507607941008161
640	0.0137828096226027	0.00507477895061653
641	0.013782365219723	0.00507348050604818
642	0.0137819215367167	0.00507218407014566
643	0.0137814785713325	0.00507088963670695
644	0.0137810363213292	0.00506959719955866
645	0.013780594784476	0.00506830675255593
646	0.0137801539585524	0.00506701828958222
647	0.0137797138413482	0.00506573180454912
648	0.0137792744306632	0.00506444729139621
649	0.0137788357243076	0.00506316474409086
650	0.0137783977201014	0.00506188415662811
651	0.0137779604158745	0.00506060552303042
652	0.013777523809467	0.00505932883734759
653	0.0137770878987287	0.00505805409365652
654	0.0137766526815191	0.00505678128606109
655	0.0137762181557077	0.00505551040869201
656	0.0137757843191735	0.0050542414557066
657	0.0137753511698052	0.00505297442128867
658	0.013774918705501	0.00505170929964836
659	0.0137744869241686	0.00505044608502197
660	0.0137740558237253	0.0050491847716718
661	0.0137736254020976	0.005047925353886
662	0.0137731956572215	0.00504666782597844
663	0.0137727665870422	0.0050454121822885
664	0.0137723381895142	0.00504415841718096
665	0.013771910462601	0.00504290652504583
666	0.0137714834042755	0.00504165650029823
667	0.0137710570125194	0.00504040833737819
668	0.0137706312853235	0.00503916203075053
669	0.0137702062206878	0.00503791757490474
670	0.0137697818166207	0.00503667496435478
671	0.01376935807114	0.00503543419363896
672	0.0137689349822719	0.00503419525731981
673	0.0137685125480515	0.00503296105265009
674	0.0137680907665227	0.00503172869066878
675	0.0137676696357378	0.0050304981425946
676	0.013767249153758	0.00502926940309826
677	0.0137668293186528	0.00502804246687391
678	0.0137664101285003	0.00502681732863897
679	0.0137659915813871	0.00502559398313407
680	0.0137655736754081	0.00502437242512288
681	0.0137651564086665	0.00502315264939195
682	0.0137647397792739	0.00502193465075061
683	0.0137643237853503	0.00502071842403084
684	0.0137639084250237	0.00501950396408711
685	0.0137634936964302	0.00501829126579628
686	0.0137630795977142	0.00501708032405744
687	0.0137626661270281	0.0050158711337918
688	0.0137622532825322	0.00501466368994259
689	0.013761841062395	0.00501345798747485
690	0.0137614294647928	0.00501225402137542
691	0.0137610184879097	0.00501105178665269
692	0.0137606081299378	0.00500985127833658
693	0.0137601983890769	0.00500865249147838
694	0.0137597892635345	0.00500745542115057
695	0.0137593807515259	0.00500626006244683
696	0.0137589728512741	0.00500506641048177
697	0.0137585655610095	0.00500387446039093
698	0.0137581588789704	0.00500268420733058
699	0.0137577528034023	0.00500149564647765
700	0.0137573473325583	0.00500030877302961
701	0.0137569424646991	0.00499912358220431
702	0.0137565381980927	0.00499794006923993
703	0.0137561345310143	0.0049967582293948
704	0.0137557314617467	0.00499557805794735
705	0.0137553289885797	0.00499439955019593
706	0.0137549271098106	0.00499322270145875
707	0.0137545258237438	0.00499204750707376
708	0.0137541251286907	0.00499087396239851
709	0.0137537250229701	0.00498970206281006
710	0.0137533255049076	0.0049885318037049
711	0.0137529265728361	0.00498736318049877
712	0.0137525282250953	0.00498619618862663
713	0.0137521304600319	0.0049850308235425
714	0.0137517332759996	0.00498386708071938
715	0.0137513366713589	0.00498270495564912
716	0.0137509406444772	0.00498154444384235
717	0.0137505451937288	0.00498038554082835
718	0.0137501503174945	0.00497922824215496
719	0.013749756014162	0.00497807254338847
720	0.0137493622821258	0.0049769184401135
721	0.0137489691197869	0.00497576592793296
722	0.0137485765255529	0.00497461500246787
723	0.0137481844978381	0.00497346565935731
724	0.0137477930350634	0.00497231789425832
725	0.013747402135656	0.0049711717028458
726	0.0137470117980498	0.00497002708081237
727	0.0137466220206849	0.00496888402386832
728	0.0137462328020081	0.00496774252774153
729	0.0137458441404723	0.0049666025881773
730	0.013745456034537	0.00496546420093833
731	0.0137450684826678	0.00496432736180458
732	0.0137446814833367	0.00496319206657321
733	0.0137442950350218	0.00496205831105844
734	0.0137439091362074	0.00496092609109151
735	0.0137435237853843	0.00495979540252055
736	0.0137431389810489	0.0049586662412105
737	0.0137427547217043	0.00495753860304305
738	0.0137423710058591	0.00495641248391649
739	0.0137419878320283	0.00495528787974567
740	0.0137416051987328	0.00495416478646188
741	0.0137412231044995	0.00495304320001279
742	0.0137408415478612	0.00495192311636234
743	0.0137404605273566	0.00495080453149067
744	0.0137400800415304	0.004949687441394
745	0.0137397000889329	0.0049485718420846
746	0.0137393206681206	0.00494745772959066
747	0.0137389417776553	0.0049463450999562
748	0.013738563416105	0.00494523394924105
749	0.0137381855820432	0.00494412427352066
750	0.0137378082740491	0.00494301606888613
751	0.0137374314907076	0.00494190933144404
752	0.0137370552306093	0.004940804222446
753	0.0137366794923502	0.00493970302324248
754	0.013736304274532	0.00493860327618018
755	0.0137359295757621	0.00493750497743611
756	0.0137355553946532	0.00493640812320234
757	0.0137351817298236	0.00493531270968592
758	0.0137348085798969	0.00493421873310885
759	0.0137344359435023	0.00493312618970794
760	0.0137340638192744	0.00493203507573478
761	0.0137336922058531	0.00493094538745562
762	0.0137333211018836	0.00492985712115135
763	0.0137329505060166	0.00492877027311737
764	0.0137325804169079	0.00492768483966352
765	0.0137322108332187	0.00492660081711406
766	0.0137318417536153	0.00492551820180751
767	0.0137314731767693	0.00492443699009668
768	0.0137311051013574	0.00492335717834847
769	0.0137307375260617	0.00492227876294392
770	0.0137303704495692	0.00492120174027805
771	0.0137300038705719	0.00492012610675983
772	0.0137296377877672	0.00491905185881209
773	0.0137292721998572	0.00491797899287149
774	0.0137289071055494	0.00491690750538836
775	0.013728542503556	0.00491583739282674
776	0.0137281783925942	0.00491476865166422
777	0.0137278147713864	0.00491370127839191
778	0.0137274516386596	0.00491263526951439
779	0.0137270889931458	0.0049115706215496
780	0.013726726833582	0.00491050733102878
781	0.01372636515871	0.00490944539449644
782	0.0137260039672762	0.00490838480851023
783	0.0137256432580322	0.00490732556964095
784	0.013725283029734	0.0049062676744724
785	0.0137249232811425	0.0049052111196014
786	0.0137245640110234	0.00490415590163764
787	0.0137242052181469	0.00490310201720368
788	0.0137238469012882	0.00490204946293484
789	0.0137234890592268	0.00490099823547916
790	0.0137231316907471	0.00489994833149736
791	0.0137227747946379	0.00489889974766272
792	0.0137224183696927	0.00489785248066104
793	0.0137220624147096	0.00489680652719061
794	0.0137217069284911	0.00489576188396209
795	0.0137213519098444	0.0048947185476985
796	0.0137209973575811	0.00489367651513512
797	0.0137206432705172	0.00489263578301945
798	0.0137202896474732	0.00489159634811116
799	0.013719936487274	0.00489055820718198
800	0.0137195837887491	0.00488952135701572
801	0.0137192315507322	0.00488848579440811
802	0.0137188797720612	0.00488745151616684
803	0.0137185284515788	0.00488641851911143
804	0.0137181775881316	0.0048853868000732
805	0.0137178271805706	0.00488435635589522
806	0.0137174772277512	0.00488332718343222
807	0.013717127728533	0.00488229927955059
808	0.0137167786817798	0.00488127264112824
809	0.0137164300863596	0.00488024726505462
810	0.0137160819411446	0.00487922314823062
811	0.0137157342450112	0.00487820028756853
812	0.01371538699684	0.00487717867999199
813	0.0137150401955156	0.0048761583224359
814	0.0137146938399268	0.00487513921184641
815	0.0137143479289664	0.00487412134518086
816	0.0137140024615315	0.00487310471940766
817	0.0137136574365231	0.00487208933150634
818	0.013713312852846	0.00487107517846742
819	0.0137129687094095	0.00487006225729238
820	0.0137126250051265	0.0048690505649936
821	0.013712281738914	0.00486804009859432
822	0.013711938909693	0.0048670308551286
823	0.0137115965163884	0.0048660228316412
824	0.0137112545579289	0.00486501602518763
825	0.0137109130332474	0.00486401043283402
826	0.0137105719412804	0.00486300605165709
827	0.0137102312809682	0.00486200287874411
828	0.0137098910512553	0.00486100091119285
829	0.0137095512510898	0.00486000014611151
830	0.0137092118794234	0.00485900058061868
831	0.0137088729352121	0.00485800221184331
832	0.0137085344174151	0.00485700503692462
833	0.0137081963249957	0.0048560090530121
834	0.0137078586569209	0.00485501425726541
835	0.0137075214121614	0.00485402064685437
836	0.0137071845896914	0.0048530282189589
837	0.0137068481884891	0.00485203697076896
838	0.0137065122075362	0.00485104689948452
839	0.0137061766458179	0.00485005818295303
840	0.0137058415023233	0.00484907280190031
841	0.013705506776045	0.00484808858662846
842	0.013705172465979	0.00484710553438361
843	0.0137048385711253	0.0048461236424216
844	0.013704505090487	0.00484514290800798
845	0.0137041720230711	0.00484416332841796
846	0.0137038393678879	0.00484318490093636
847	0.0137035071239513	0.00484220762285755
848	0.0137031752902786	0.00484123149148543
849	0.0137028438658909	0.00484025650413335
850	0.0137025128498123	0.00483928265812414
851	0.0137021822410706	0.00483830995078995
852	0.013701852038697	0.00483733837947232
853	0.0137015222417262	0.00483636794152207
854	0.013701192849196	0.00483539863429926
855	0.013700863860148	0.0048344304551732
856	0.0137005352736267	0.00483346340152233
857	0.0137002070886804	0.00483249747073424
858	0.0136998793043604	0.00483153266020558
859	0.0136995519197215	0.00483056896734206
860	0.0136992249338217	0.00482960638955839
861	0.0136988983457224	0.00482864492427823
862	0.0136985721544881	0.00482768456893417
863	0.0136982463591868	0.00482672532096765
864	0.0136979209588894	0.00482576717782897
865	0.0136975959526704	0.00482481013697722
866	0.0136972713396072	0.00482385419588023
867	0.0136969471187807	0.00482289935201455
868	0.0136966232892747	0.00482194560286542
869	0.0136962998501763	0.00482099294592669
870	0.0136959768005757	0.00482004137870081
871	0.0136956541395664	0.0048190908986988
872	0.0136953318662449	0.00481814150344019
873	0.0136950099797107	0.00481719319045297
874	0.0136946884790665	0.00481624595727359
875	0.0136943673634182	0.0048152998014469
876	0.0136940466318747	0.0048143547205261
877	0.0136937262835478	0.00481341071207272
878	0.0136934063175524	0.00481246777365657
879	0.0136930867330067	0.00481152590285573
880	0.0136927675290315	0.00481058509725646
881	0.0136924487047509	0.00480964535445323
882	0.0136921302592919	0.00480870667204863
883	0.0136918121917843	0.00480776904765335
884	0.0136914945013612	0.00480683247888614
885	0.0136911771871583	0.00480589696337379
886	0.0136908602483146	0.00480496249875108
887	0.0136905436839716	0.00480402908266075
888	0.0136902274932739	0.00480309671275345
889	0.0136899116753692	0.00480216538668772
890	0.0136895962294078	0.00480123510212996
891	0.013689281154543	0.00480030585675437
892	0.0136889664499308	0.00479937764824295
893	0.0136886521147302	0.00479845047428543
894	0.013688338148103	0.00479752433257924
895	0.0136880245492138	0.00479659922082953
896	0.01368771131723	0.00479567513674903
897	0.0136873984513218	0.00479475207805815
898	0.0136870859506622	0.00479383004248483
899	0.0136867738144269	0.00479290902776455
900	0.0136864620417944	0.00479198903164032
901	0.0136861506319459	0.00479107005186261
902	0.0136858395840654	0.00479015208618935
903	0.0136855288973397	0.00478923513238585
904	0.013685218570958	0.00478831918822484
905	0.0136849086041124	0.00478740425148635
906	0.0136845989959979	0.00478649031995774
907	0.0136842897458117	0.00478557739143367
908	0.0136839808527539	0.00478466546371602
909	0.0136836723160275	0.00478375453461389
910	0.0136833641348376	0.00478284460194359
911	0.0136830563083923	0.00478193566352855
912	0.0136827488359023	0.00478102771719934
913	0.0136824417165807	0.00478012076079363
914	0.0136821349496433	0.00477921479215614
915	0.0136818285343086	0.00477830980913861
916	0.0136815224697975	0.00477740580959979
917	0.0136812167553336	0.0047765027914054
918	0.0136809113901428	0.00477560075242811
919	0.0136806063734537	0.00477469969054748
920	0.0136803017044976	0.00477379960364994
921	0.0136799973825079	0.0047729004896288
922	0.0136796934067209	0.00477200234638417
923	0.0136793897763751	0.00477110517182296
924	0.0136790864907117	0.00477020896385882
925	0.0136787835489741	0.00476931372041216
926	0.0136784809504086	0.00476841943941007
927	0.0136781786942634	0.00476752611878633
928	0.0136778767797896	0.00476663375648136
929	0.0136775752062404	0.00476574235044219
930	0.0136772739728717	0.00476485189862245
931	0.0136769730789416	0.00476396239898232
932	0.0136766725237105	0.00476307384948852
933	0.0136763723064416	0.00476218624811429
934	0.0136760724264	0.00476130094939542
935	0.0136757728828536	0.00476041734490438
936	0.0136754736750723	0.00475953468024351
937	0.0136751748023284	0.00475865295341656
938	0.0136748762638968	0.00475777216243366
939	0.0136745780590545	0.00475689230531122
940	0.0136742801870807	0.004756013380072
941	0.0136739826472573	0.00475513538474498
942	0.0136736854388681	0.00475425831736543
943	0.0136733885611995	0.00475338217597481
944	0.0136730920135398	0.00475250695862078
945	0.01367279579518	0.00475163266335717
946	0.013672499905413	0.00475075928824396
947	0.0136722043435342	0.00474988683134723
948	0.0136719091088411	0.00474901529073915
949	0.0136716142006334	0.00474814466449796
950	0.0136713196182132	0.00474727495070794
951	0.0136710253608846	0.00474640614745938
952	0.013670731427954	0.00474553825284856
953	0.0136704378187301	0.00474467126497772
954	0.0136701445325235	0.00474380518195504
955	0.0136698515686472	0.00474294000189461
956	0.0136695589264164	0.00474207572291642
957	0.0136692666051483	0.00474121234314631
958	0.0136689746041622	0.00474034986071596
959	0.0136686829227799	0.00473948827376289
960	0.0136683915603248	0.00473862758043037
961	0.0136681005161228	0.00473776777886748
962	0.0136678097895019	0.00473690886722903
963	0.013667519379792	0.00473605084367553
964	0.0136672292863252	0.0047351937063732
965	0.0136669395084357	0.00473433745349394
966	0.0136666500454598	0.0047334820832153
967	0.0136663608967358	0.00473262759372045
968	0.0136660720616041	0.00473177398319815
969	0.0136657835394071	0.00473092124984277
970	0.0136654953294893	0.00473006939185421
971	0.0136652074311973	0.00472921840743792
972	0.0136649198438795	0.00472836829480486
973	0.0136646325668866	0.00472751905217147
974	0.013664345599571	0.00472667067775967
975	0.0136640589412874	0.00472582316979681
976	0.0136637725913924	0.00472497652651568
977	0.0136634865492444	0.00472413074615446
978	0.013663200814204	0.0047232858269567
979	0.0136629153856336	0.00472244176717132
980	0.0136626302628978	0.00472159856505257
981	0.013662345445363	0.00472075621886002
982	0.0136620609323974	0.00471991472685851
983	0.0136617767233713	0.00471907408731817
984	0.0136614928176571	0.00471823429851438
985	0.0136612092146287	0.00471739535872774
986	0.0136609259136623	0.00471655726624405
987	0.0136606429141357	0.00471572001935431
988	0.0136603602154289	0.00471488361635466
989	0.0136600778169236	0.00471404805554642
990	0.0136597957180034	0.00471321333523601
991	0.0136595139180537	0.00471237945373495
992	0.013659232416462	0.00471154640935985
993	0.0136589512126175	0.00471071420043238
994	0.0136586703059112	0.00470988282527926
995	0.0136583896957361	0.00470905228223221
996	0.0136581093814869	0.00470822256962797
997	0.0136578293625602	0.00470739368580825
998	0.0136575496383543	0.00470656562911973
999	0.0136572702082696	0.00470573839791402
1000	0.013657108923676	0.00470491181433165
1001	0.0136567122280735	0.00470408640538212
