0.929233439252097	0.604786079066491	0	0
0.929207602433875	0.604734278698339	1.8636374140735e-05	1.8636374140735e-05
0.929181739682572	0.6046824263998	3.72727482814701e-05	3.72727482814701e-05
0.929155850946122	0.60463052206665	5.59091224222051e-05	5.59091224222051e-05
0.929129936172305	0.604578565594348	7.45454965629401e-05	7.45454965629401e-05
0.929103995308741	0.60452655687804	9.31818707036752e-05	9.31818707036752e-05
0.929078028302894	0.604474495812553	0.00011181824484441	0.00011181824484441
0.929052035102067	0.604422382292399	0.000130454618985145	0.000130454618985145
0.929026015653405	0.604370216211768	0.00014909099312588	0.00014909099312588
0.928999969903893	0.604317997464532	0.000167727367266615	0.000167727367266615
0.928973897800354	0.604265725944238	0.00018636374140735	0.00018636374140735
0.92894779928945	0.604213401544115	0.000205000115548085	0.000205000115548085
0.928921674317682	0.604161024157062	0.00022363648968882	0.00022363648968882
0.928895522831387	0.604108593675656	0.000242272863829555	0.000242272863829555
0.928869344776739	0.604056109992145	0.00026090923797029	0.00026090923797029
0.928843140099749	0.604003572998451	0.000279545612111026	0.000279545612111026
0.928816908746261	0.603950982586164	0.000298181986251761	0.000298181986251761
0.928790650661956	0.603898338646543	0.000316818360392496	0.000316818360392496
0.928764365792348	0.603845641070517	0.000335454734533231	0.000335454734533231
0.928738054082783	0.603792889748679	0.000354091108673966	0.000354091108673966
0.928711715478442	0.603740084571288	0.000372727482814701	0.000372727482814701
0.928685349924337	0.603687225428265	0.000391363856955436	0.000391363856955436
0.928658957365309	0.603634312209196	0.000410000231096171	0.000410000231096171
0.928632537746033	0.603581344803325	0.000428636605236906	0.000428636605236906
0.928606091011012	0.603528323099558	0.000447272979377641	0.000447272979377641
0.928579617104578	0.603475246986455	0.000465909353518376	0.000465909353518376
0.928553115970893	0.603422116352238	0.000484545727659111	0.000484545727659111
0.928526587553943	0.603368931084779	0.000503182101799846	0.000503182101799846
0.928500031797545	0.603315691071607	0.000521818475940581	0.000521818475940581
0.928473448645342	0.603262396199902	0.000540454850081316	0.000540454850081316
0.928446838040799	0.603209046356496	0.000559091224222051	0.000559091224222051
0.92842019992721	0.603155641427869	0.000577727598362786	0.000577727598362786
0.92839353424769	0.603102181300149	0.000596363972503521	0.000596363972503521
0.928366840945181	0.603048665859114	0.000615000346644256	0.000615000346644256
0.928340119962443	0.602995094990181	0.000633636720784991	0.000633636720784991
0.928313371242061	0.602941468578416	0.000652273094925726	0.000652273094925726
0.928286594726442	0.602887786508525	0.000670909469066461	0.000670909469066461
0.928259790357811	0.602834048664854	0.000689545843207196	0.000689545843207196
0.928232958078214	0.602780254931389	0.000708182217347931	0.000708182217347931
0.928206097829515	0.602726405191754	0.000726818591488666	0.000726818591488666
0.928179209553398	0.602672499329208	0.000745454965629401	0.000745454965629401
0.928152293191363	0.602618537226645	0.000764091339770136	0.000764091339770136
0.928125348684727	0.602564518766594	0.000782727713910872	0.000782727713910872
0.928098375974623	0.602510443831212	0.000801364088051607	0.000801364088051607
0.928071375001999	0.602456312302289	0.000820000462192342	0.000820000462192342
0.928044345707618	0.602402124061242	0.000838636836333077	0.000838636836333077
0.928017288032055	0.602347878989116	0.000857273210473812	0.000857273210473812
0.9279902019157	0.602293576966579	0.000875909584614547	0.000875909584614547
0.927963087298754	0.602239217873926	0.000894545958755282	0.000894545958755282
0.927935944121228	0.602184801591072	0.000913182332896017	0.000913182332896017
0.927908772322946	0.602130327997553	0.000931818707036752	0.000931818707036752
0.927881571843539	0.602075796972524	0.000950455081177487	0.000950455081177487
0.927854342622449	0.602021208394758	0.000969091455318222	0.000969091455318222
0.927827084598925	0.601966562142642	0.000987727829458957	0.000987727829458957
0.927799797712022	0.601911858094181	0.00100636420359969	0.00100636420359969
0.927772481900605	0.601857096126987	0.00102500057774043	0.00102500057774043
0.92774513710334	0.601802276118287	0.00104363695188116	0.00104363695188116
0.927717763258702	0.601747397944917	0.0010622733260219	0.0010622733260219
0.927690360304966	0.601692461483318	0.00108090970016263	0.00108090970016263
0.927662928180213	0.601637466609539	0.00109954607430337	0.00109954607430337
0.927635466822326	0.601582413199232	0.0011181824484441	0.0011181824484441
0.927607976168988	0.601527301127653	0.00113681882258484	0.00113681882258484
0.927580456157683	0.601472130269657	0.00115545519672557	0.00115545519672557
0.927552906725695	0.6014169004997	0.00117409157086631	0.00117409157086631
0.927525327810107	0.601361611691834	0.00119272794500704	0.00119272794500704
0.927497719347799	0.601306263719707	0.00121136431914778	0.00121136431914778
0.927470081275451	0.601250856456561	0.00123000069328851	0.00123000069328851
0.927442413529535	0.60119538977523	0.00124863706742925	0.00124863706742925
0.927414716046321	0.60113986354814	0.00126727344156998	0.00126727344156998
0.927386988761874	0.601084277647302	0.00128590981571072	0.00128590981571072
0.927359231612051	0.601028631944319	0.00130454618985145	0.00130454618985145
0.927331444532502	0.600972926310374	0.00132318256399219	0.00132318256399219
0.92730362745867	0.600917160616238	0.00134181893813292	0.00134181893813292
0.927275780325788	0.60086133473226	0.00136045531227366	0.00136045531227366
0.927247903068879	0.60080544852837	0.00137909168641439	0.00137909168641439
0.927219995622755	0.600749501874076	0.00139772806055513	0.00139772806055513
0.927192057922016	0.600693494638463	0.00141636443469586	0.00141636443469586
0.927164089901051	0.600637426690188	0.0014350008088366	0.0014350008088366
0.927136091494034	0.600581297897483	0.00145363718297733	0.00145363718297733
0.927108062634923	0.600525108128149	0.00147227355711807	0.00147227355711807
0.927080003257464	0.600468857249555	0.0014909099312588	0.0014909099312588
0.927051913295184	0.600412545128639	0.00150954630539954	0.00150954630539954
0.927023792681393	0.600356171631903	0.00152818267954027	0.00152818267954027
0.926995641349183	0.60029973662541	0.00154681905368101	0.00154681905368101
0.926967459231426	0.600243239974787	0.00156545542782174	0.00156545542782174
0.926939246260776	0.600186681545219	0.00158409180196248	0.00158409180196248
0.926911002369663	0.600130061201449	0.00160272817610321	0.00160272817610321
0.926882727490296	0.600073378807773	0.00162136455024395	0.00162136455024395
0.926854421554661	0.600016634228043	0.00164000092438468	0.00164000092438468
0.926826084494521	0.59995982732566	0.00165863729852542	0.00165863729852542
0.92679771624141	0.599902957963578	0.00167727367266615	0.00167727367266615
0.926769316726641	0.599846026004295	0.00169591004680689	0.00169591004680689
0.926740885881296	0.599789031309856	0.00171454642094762	0.00171454642094762
0.926712423636231	0.599731973741848	0.00173318279508836	0.00173318279508836
0.926683929922071	0.599674853161402	0.00175181916922909	0.00175181916922909
0.926655404669214	0.599617669429187	0.00177045554336983	0.00177045554336983
0.926626847807823	0.599560422405408	0.00178909191751056	0.00178909191751056
0.926598259267832	0.599503111949808	0.0018077282916513	0.0018077282916513
0.926569638978939	0.599445737921661	0.00182636466579203	0.00182636466579203
0.926540986870611	0.599388300179774	0.00184500103993277	0.00184500103993277
0.926512302872077	0.599330798582482	0.0018636374140735	0.0018636374140735
0.926483586912332	0.599273232987646	0.00188227378821424	0.00188227378821424
0.92645483892013	0.599215603252653	0.00190091016235497	0.00190091016235497
0.92642605882399	0.599157909234415	0.00191954653649571	0.00191954653649571
0.926397246552191	0.599100150789361	0.00193818291063644	0.00193818291063644
0.92636840203277	0.599042327773439	0.00195681928477718	0.00195681928477718
0.926339525193523	0.598984440042116	0.00197545565891791	0.00197545565891791
0.926310615962004	0.598926487450371	0.00199409203305865	0.00199409203305865
0.926281674265522	0.598868469852694	0.00201272840719938	0.00201272840719938
0.926252700031142	0.598810387103089	0.00203136478134012	0.00203136478134012
0.926223693185682	0.598752239055062	0.00205000115548085	0.00205000115548085
0.926194653655714	0.598694025561629	0.00206863752962159	0.00206863752962159
0.926165581367561	0.598635746475307	0.00208727390376232	0.00208727390376232
0.926136476247296	0.598577401648113	0.00210591027790306	0.00210591027790306
0.926107338220745	0.598518990931566	0.00212454665204379	0.00212454665204379
0.926078167213477	0.598460514176678	0.00214318302618453	0.00214318302618453
0.926048963150812	0.598401971233956	0.00216181940032526	0.00216181940032526
0.926019725957815	0.5983433619534	0.002180455774466	0.002180455774466
0.925990455559295	0.598284686184499	0.00219909214860673	0.00219909214860673
0.925961151879808	0.598225943776228	0.00221772852274747	0.00221772852274747
0.925931814843649	0.598167134577048	0.0022363648968882	0.0022363648968882
0.925902444374856	0.598108258434903	0.00225500127102894	0.00225500127102894
0.925873040397207	0.598049315197215	0.00227363764516967	0.00227363764516967
0.925843602834219	0.597990304710886	0.00229227401931041	0.00229227401931041
0.925814131609147	0.597931226822293	0.00231091039345114	0.00231091039345114
0.925784626644984	0.597872081377285	0.00232954676759188	0.00232954676759188
0.925755087864455	0.597812868221182	0.00234818314173261	0.00234818314173261
0.925725515190024	0.597753587198772	0.00236681951587335	0.00236681951587335
0.925695908543883	0.59769423815431	0.00238545589001408	0.00238545589001408
0.92566626784796	0.597634820931512	0.00240409226415482	0.00240409226415482
0.925636593023912	0.597575335373557	0.00242272863829555	0.00242272863829555
0.925606883993125	0.597515781323081	0.00244136501243629	0.00244136501243629
0.925577140676712	0.597456158622176	0.00246000138657702	0.00246000138657702
0.925547362995516	0.597396467112387	0.00247863776071776	0.00247863776071776
0.925517550870104	0.597336706634711	0.00249727413485849	0.00249727413485849
0.925487704220765	0.597276877029592	0.00251591050899923	0.00251591050899923
0.925457822967516	0.59721697813692	0.00253454688313997	0.00253454688313997
0.92542790703009	0.597157009796029	0.0025531832572807	0.0025531832572807
0.925397956327945	0.597096971845691	0.00257181963142144	0.00257181963142144
0.925367970780257	0.597036864124119	0.00259045600556217	0.00259045600556217
0.925337950305918	0.596976686468959	0.00260909237970291	0.00260909237970291
0.925307894823538	0.596916438717291	0.00262772875384364	0.00262772875384364
0.925277804251443	0.596856120705625	0.00264636512798437	0.00264636512798437
0.925247678507672	0.596795732269897	0.00266500150212511	0.00266500150212511
0.925217517509975	0.596735273245469	0.00268363787626585	0.00268363787626585
0.925187321175817	0.596674743467124	0.00270227425040658	0.00270227425040658
0.925157089422369	0.596614142769066	0.00272091062454732	0.00272091062454732
0.925126822166512	0.596553470984913	0.00273954699868805	0.00273954699868805
0.925096519324835	0.5964927279477	0.00275818337282879	0.00275818337282879
0.925066180813631	0.596431913489869	0.00277681974696952	0.00277681974696952
0.925035806548899	0.596371027443274	0.00279545612111026	0.00279545612111026
0.92500539644634	0.596310069639173	0.00281409249525099	0.00281409249525099
0.924974950421357	0.596249039908226	0.00283272886939173	0.00283272886939173
0.924944468389052	0.596187938080494	0.00285136524353246	0.00285136524353246
0.924913950264228	0.596126763985435	0.0028700016176732	0.0028700016176732
0.924883395961383	0.596065517451899	0.00288863799181393	0.00288863799181393
0.924852805394711	0.596004198308131	0.00290727436595467	0.00290727436595467
0.924822178478104	0.595942806381762	0.0029259107400954	0.0029259107400954
0.924791515125141	0.595881341499808	0.00294454711423614	0.00294454711423614
0.924760815249098	0.59581980348867	0.00296318348837687	0.00296318348837687
0.924730078762937	0.595758192174125	0.00298181986251761	0.00298181986251761
0.924699305579311	0.595696507381331	0.00300045623665834	0.00300045623665834
0.92466849561056	0.595634748934816	0.00301909261079908	0.00301909261079908
0.924637648768708	0.595572916658481	0.00303772898493981	0.00303772898493981
0.924606764965465	0.595511010375594	0.00305636535908055	0.00305636535908055
0.924575844112221	0.595449029908787	0.00307500173322128	0.00307500173322128
0.924544886120049	0.595386975080054	0.00309363810736202	0.00309363810736202
0.924513890899703	0.595324845710748	0.00311227448150275	0.00311227448150275
0.92448285836161	0.595262641621577	0.00313091085564349	0.00313091085564349
0.924451788415879	0.595200362632601	0.00314954722978422	0.00314954722978422
0.924420680972289	0.595138008563231	0.00316818360392496	0.00316818360392496
0.924389535940296	0.595075579232221	0.00318681997806569	0.00318681997806569
0.924358353229026	0.595013074457672	0.00320545635220643	0.00320545635220643
0.924327132747275	0.59495049405702	0.00322409272634716	0.00322409272634716
0.924295874403509	0.594887837847041	0.0032427291004879	0.0032427291004879
0.924264578105857	0.594825105643844	0.00326136547462863	0.00326136547462863
0.924233243762119	0.594762297262867	0.00328000184876937	0.00328000184876937
0.924201871279754	0.594699412518874	0.0032986382229101	0.0032986382229101
0.924170460565885	0.594636451225955	0.00331727459705084	0.00331727459705084
0.924139011527295	0.594573413197519	0.00333591097119157	0.00333591097119157
0.924107524070426	0.594510298246292	0.00335454734533231	0.00335454734533231
0.924075998101376	0.594447106184313	0.00337318371947304	0.00337318371947304
0.9240444335259	0.594383836822931	0.00339182009361378	0.00339182009361378
0.924012830249405	0.594320489972804	0.00341045646775451	0.00341045646775451
0.923981188176951	0.594257065443892	0.00342909284189525	0.00342909284189525
0.923949507213249	0.594193563045455	0.00344772921603598	0.00344772921603598
0.923917787262657	0.594129982586049	0.00346636559017672	0.00346636559017672
0.923886028229179	0.594066323873525	0.00348500196431745	0.00348500196431745
0.923854230016468	0.594002586715021	0.00350363833845819	0.00350363833845819
0.923822392527815	0.593938770916964	0.00352227471259892	0.00352227471259892
0.923790515666158	0.593874876285062	0.00354091108673966	0.00354091108673966
0.92375859933407	0.593810902624302	0.00355954746088039	0.00355954746088039
0.923726643433766	0.593746849738947	0.00357818383502113	0.00357818383502113
0.923694647867093	0.593682717432531	0.00359682020916186	0.00359682020916186
0.923662612535537	0.593618505507858	0.0036154565833026	0.0036154565833026
0.923630537340213	0.593554213766995	0.00363409295744333	0.00363409295744333
0.923598422181869	0.593489842011271	0.00365272933158407	0.00365272933158407
0.92356626696088	0.593425390041272	0.0036713657057248	0.0036713657057248
0.923534071577249	0.593360857656837	0.00369000207986554	0.00369000207986554
0.923501835930605	0.593296244657057	0.00370863845400627	0.00370863845400627
0.923469559920199	0.593231550840265	0.00372727482814701	0.00372727482814701
0.923437243444904	0.593166776004041	0.00374591120228774	0.00374591120228774
0.923404886403212	0.5931019199452	0.00376454757642848	0.00376454757642848
0.923372488693234	0.593036982459793	0.00378318395056921	0.00378318395056921
0.923340050212696	0.592971963343104	0.00380182032470995	0.00380182032470995
0.923307570858936	0.59290686238964	0.00382045669885068	0.00382045669885068
0.923275050528907	0.592841679393133	0.00383909307299142	0.00383909307299142
0.92324248911917	0.592776414146536	0.00385772944713215	0.00385772944713215
0.923209886525894	0.592711066442013	0.00387636582127289	0.00387636582127289
0.923177242644853	0.592645636070944	0.00389500219541362	0.00389500219541362
0.923144557371427	0.592580122823913	0.00391363856955436	0.00391363856955436
0.923111830600596	0.592514526490708	0.00393227494369509	0.00393227494369509
0.923079062226942	0.592448846860316	0.00395091131783583	0.00395091131783583
0.923046252144643	0.592383083720921	0.00396954769197656	0.00396954769197656
0.923013400247473	0.592317236859896	0.0039881840661173	0.0039881840661173
0.922980506428799	0.5922513060638	0.00400682044025803	0.00400682044025803
0.922947570581583	0.592185291118378	0.00402545681439877	0.00402545681439877
0.922914592598373	0.592119191808551	0.0040440931885395	0.0040440931885395
0.922881572371306	0.592053007918416	0.00406272956268024	0.00406272956268024
0.922848509792104	0.591986739231237	0.00408136593682097	0.00408136593682097
0.922815404752071	0.591920385529449	0.00410000231096171	0.00410000231096171
0.922782257142096	0.591853946594644	0.00411863868510244	0.00411863868510244
0.922749066852643	0.591787422207573	0.00413727505924318	0.00413727505924318
0.922715833773753	0.59172081214814	0.00415591143338391	0.00415591143338391
0.922682557795044	0.591654116195399	0.00417454780752465	0.00417454780752465
0.922649238805705	0.591587334127544	0.00419318418166538	0.00419318418166538
0.922615876694495	0.591520465721914	0.00421182055580612	0.00421182055580612
0.92258247134974	0.591453510754978	0.00423045692994685	0.00423045692994685
0.922549022659334	0.591386469002341	0.00424909330408759	0.00424909330408759
0.922515530510734	0.591319340238731	0.00426772967822832	0.00426772967822832
0.922481994790955	0.591252124237998	0.00428636605236906	0.00428636605236906
0.922448415386576	0.59118482077311	0.00430500242650979	0.00430500242650979
0.922414792183728	0.591117429616147	0.00432363880065053	0.00432363880065053
0.922381125068099	0.591049950538297	0.00434227517479126	0.00434227517479126
0.922347413924928	0.590982383309853	0.004360911548932	0.004360911548932
0.922313658639003	0.590914727700204	0.00437954792307273	0.00437954792307273
0.922279859094661	0.590846983477833	0.00439818429721347	0.00439818429721347
0.922246015175783	0.590779150410315	0.0044168206713542	0.0044168206713542
0.922212126765791	0.590711228264307	0.00443545704549494	0.00443545704549494
0.92217819374765	0.590643216805545	0.00445409341963567	0.00445409341963567
0.92214421600386	0.590575115798841	0.00447272979377641	0.00447272979377641
0.922110193416457	0.590506925008077	0.00449136616791714	0.00449136616791714
0.92207612586701	0.590438644196199	0.00451000254205788	0.00451000254205788
0.922042013236619	0.590370273125213	0.00452863891619861	0.00452863891619861
0.922007855405911	0.590301811556179	0.00454727529033935	0.00454727529033935
0.921973652255038	0.59023325924921	0.00456591166448008	0.00456591166448008
0.921939403663675	0.590164615963462	0.00458454803862082	0.00458454803862082
0.921905109511018	0.590095881457129	0.00460318441276155	0.00460318441276155
0.92187076967578	0.590027055487443	0.00462182078690229	0.00462182078690229
0.921836384036188	0.589958137810664	0.00464045716104302	0.00464045716104302
0.921801952469983	0.589889128182076	0.00465909353518376	0.00465909353518376
0.921767474854417	0.589820026355983	0.00467772990932449	0.00467772990932449
0.921732951066247	0.589750832085703	0.00469636628346523	0.00469636628346523
0.921698380981735	0.589681545123561	0.00471500265760596	0.00471500265760596
0.921663764476646	0.589612165220888	0.0047336390317467	0.0047336390317467
0.921629101426243	0.58954269212801	0.00475227540588743	0.00475227540588743
0.921594391705289	0.589473125594249	0.00477091178002817	0.00477091178002817
0.921559635188035	0.589403465367911	0.0047895481541689	0.0047895481541689
0.92152483174823	0.589333711196285	0.00480818452830964	0.00480818452830964
0.921489981259105	0.589263862825636	0.00482682090245037	0.00482682090245037
0.921455083593382	0.589193920001201	0.00484545727659111	0.00484545727659111
0.921420138623262	0.58912388246718	0.00486409365073184	0.00486409365073184
0.921385146220428	0.589053749966733	0.00488273002487258	0.00488273002487258
0.92135010625604	0.588983522241974	0.00490136639901331	0.00490136639901331
0.921315018600733	0.588913199033967	0.00492000277315405	0.00492000277315405
0.921279883124611	0.588842780082714	0.00493863914729478	0.00493863914729478
0.921244699697251	0.588772265127159	0.00495727552143552	0.00495727552143552
0.921209468187691	0.588701653905172	0.00497591189557626	0.00497591189557626
0.921174188464436	0.588630946153551	0.00499454826971699	0.00499454826971699
0.921138860395447	0.588560141608012	0.00501318464385772	0.00501318464385772
0.921103483848146	0.588489240003184	0.00503182101799846	0.00503182101799846
0.921068058689406	0.588418241072604	0.00505045739213919	0.00505045739213919
0.921032584785551	0.588347144548709	0.00506909376627993	0.00506909376627993
0.920997062002356	0.588275950162832	0.00508773014042067	0.00508773014042067
0.920961490205036	0.588204657645196	0.0051063665145614	0.0051063665145614
0.920925869258252	0.588133266724904	0.00512500288870214	0.00512500288870214
0.920890199026102	0.588061777129939	0.00514363926284287	0.00514363926284287
0.92085447937212	0.587990188587152	0.00516227563698361	0.00516227563698361
0.920818710159273	0.587918500822259	0.00518091201112434	0.00518091201112434
0.920782891249955	0.587846713559835	0.00519954838526507	0.00519954838526507
0.920747022505989	0.587774826523305	0.00521818475940581	0.00521818475940581
0.92071110378862	0.587702839434941	0.00523682113354654	0.00523682113354654
0.920675134958511	0.587630752015852	0.00525545750768728	0.00525545750768728
0.920639115875746	0.58755856398598	0.00527409388182801	0.00527409388182801
0.920603046399817	0.587486275064093	0.00529273025596875	0.00529273025596875
0.920566926389629	0.587413884967778	0.00531136663010949	0.00531136663010949
0.920530755703494	0.587341393413434	0.00533000300425022	0.00533000300425022
0.920494534199125	0.587268800116267	0.00534863937839096	0.00534863937839096
0.920458261733638	0.587196104790282	0.00536727575253169	0.00536727575253169
0.920421938163542	0.587123307148274	0.00538591212667242	0.00538591212667242
0.920385563344742	0.587050406901828	0.00540454850081316	0.00540454850081316
0.920349137132533	0.586977403761303	0.0054231848749539	0.0054231848749539
0.920312659381594	0.586904297435834	0.00544182124909463	0.00544182124909463
0.920276129945988	0.586831087633319	0.00546045762323537	0.00546045762323537
0.920239548679158	0.586757774060414	0.0054790939973761	0.0054790939973761
0.920202915433923	0.586684356422524	0.00549773037151684	0.00549773037151684
0.920166230062472	0.586610834423802	0.00551636674565757	0.00551636674565757
0.920129492416365	0.586537207767134	0.00553500311979831	0.00553500311979831
0.920092702346527	0.586463476154136	0.00555363949393904	0.00555363949393904
0.920055859703243	0.586389639285148	0.00557227586807978	0.00557227586807978
0.920018964336157	0.586315696859223	0.00559091224222051	0.00559091224222051
0.919982016094267	0.586241648574121	0.00560954861636125	0.00560954861636125
0.919945014825921	0.586167494126304	0.00562818499050198	0.00562818499050198
0.919907960378814	0.586093233210926	0.00564682136464272	0.00564682136464272
0.919870852599984	0.586018865521824	0.00566545773878345	0.00566545773878345
0.919833691335808	0.585944390751516	0.00568409411292419	0.00568409411292419
0.919796476431999	0.585869808591186	0.00570273048706492	0.00570273048706492
0.919759207733601	0.585795118730684	0.00572136686120566	0.00572136686120566
0.919721885084984	0.585720320858511	0.00574000323534639	0.00574000323534639
0.919684508329845	0.585645414661818	0.00575863960948713	0.00575863960948713
0.9196470773112	0.585570399826391	0.00577727598362786	0.00577727598362786
0.919609591871378	0.585495276036651	0.0057959123577686	0.0057959123577686
0.919572051852023	0.585420042975638	0.00581454873190933	0.00581454873190933
0.919534457094086	0.58534470032501	0.00583318510605007	0.00583318510605007
0.919496807437821	0.58526924776503	0.0058518214801908	0.0058518214801908
0.919459102722784	0.58519368497456	0.00587045785433154	0.00587045785433154
0.919421342787825	0.585118011631053	0.00588909422847227	0.00588909422847227
0.919383527471084	0.585042227410543	0.00590773060261301	0.00590773060261301
0.919345656609992	0.584966331987641	0.00592636697675374	0.00592636697675374
0.919307730041261	0.584890325035519	0.00594500335089448	0.00594500335089448
0.919269747600882	0.584814206225909	0.00596363972503521	0.00596363972503521
0.919231709124121	0.584737975229092	0.00598227609917595	0.00598227609917595
0.919193614445516	0.584661631713886	0.00600091247331668	0.00600091247331668
0.919155463398867	0.584585175347643	0.00601954884745742	0.00601954884745742
0.919117255817241	0.584508605796238	0.00603818522159815	0.00603818522159815
0.91907899153296	0.584431922724057	0.00605682159573889	0.00605682159573889
0.919040670377597	0.584355125793994	0.00607545796987962	0.00607545796987962
0.919002292181977	0.584278214667437	0.00609409434402036	0.00609409434402036
0.918963856776167	0.584201189004264	0.00611273071816109	0.00611273071816109
0.918925363989474	0.584124048462828	0.00613136709230183	0.00613136709230183
0.918886813650441	0.584046792699952	0.00615000346644256	0.00615000346644256
0.91884820558684	0.583969421370921	0.0061686398405833	0.0061686398405833
0.918809539625671	0.583891934129468	0.00618727621472403	0.00618727621472403
0.918770815593151	0.583814330627769	0.00620591258886477	0.00620591258886477
0.918732033314719	0.583736610516432	0.0062245489630055	0.0062245489630055
0.918693192615021	0.583658773444487	0.00624318533714624	0.00624318533714624
0.918654293317913	0.583580819059377	0.00626182171128697	0.00626182171128697
0.918615335246453	0.583502747006949	0.00628045808542771	0.00628045808542771
0.918576318222894	0.583424556931444	0.00629909445956844	0.00629909445956844
0.918537242068685	0.583346248475486	0.00631773083370918	0.00631773083370918
0.918498106604461	0.583267821280075	0.00633636720784991	0.00633636720784991
0.918458911650038	0.583189274984575	0.00635500358199065	0.00635500358199065
0.918419657024414	0.583110609226704	0.00637363995613138	0.00637363995613138
0.918380342545756	0.583031823642523	0.00639227633027212	0.00639227633027212
0.9183409680314	0.582952917866431	0.00641091270441285	0.00641091270441285
0.918301533297845	0.582873891531148	0.00642954907855359	0.00642954907855359
0.918262038160746	0.58279474426771	0.00644818545269432	0.00644818545269432
0.918222482434914	0.582715475705455	0.00646682182683506	0.00646682182683506
0.918182865934302	0.582636085472016	0.00648545820097579	0.00648545820097579
0.91814318847201	0.582556573193306	0.00650409457511653	0.00650409457511653
0.91810344986027	0.582476938493514	0.00652273094925726	0.00652273094925726
0.918063649910448	0.582397180995086	0.006541367323398	0.006541367323398
0.918023788433035	0.582317300318723	0.00656000369753873	0.00656000369753873
0.917983865237644	0.582237296083362	0.00657864007167947	0.00657864007167947
0.917943880133001	0.582157167906172	0.0065972764458202	0.0065972764458202
0.917903832926943	0.582076915402539	0.00661591281996094	0.00661591281996094
0.917863723426409	0.581996538186055	0.00663454919410167	0.00663454919410167
0.917823551437439	0.581916035868509	0.00665318556824241	0.00665318556824241
0.917783316765165	0.581835408059874	0.00667182194238314	0.00667182194238314
0.917743019213805	0.581754654368297	0.00669045831652388	0.00669045831652388
0.917702658586659	0.581673774400084	0.00670909469066461	0.00670909469066461
0.917662234686105	0.581592767759696	0.00672773106480535	0.00672773106480535
0.917621747313586	0.581511634049727	0.00674636743894608	0.00674636743894608
0.917581196269614	0.581430372870903	0.00676500381308682	0.00676500381308682
0.917540581353756	0.581348983822062	0.00678364018722755	0.00678364018722755
0.917499902364632	0.581267466500146	0.00680227656136829	0.00680227656136829
0.91745915909991	0.581185820500188	0.00682091293550902	0.00682091293550902
0.917418351356295	0.581104045415302	0.00683954930964976	0.00683954930964976
0.917377478929529	0.581022140836667	0.00685818568379049	0.00685818568379049
0.917336541614381	0.580940106353518	0.00687682205793123	0.00687682205793123
0.91729553920464	0.580857941553131	0.00689545843207196	0.00689545843207196
0.917254471493114	0.580775646020813	0.0069140948062127	0.0069140948062127
0.917213338271617	0.580693219339889	0.00693273118035343	0.00693273118035343
0.917172139330968	0.580610661091687	0.00695136755449417	0.00695136755449417
0.917130874460982	0.580527970855529	0.0069700039286349	0.0069700039286349
0.917089543450465	0.580445148208714	0.00698864030277564	0.00698864030277564
0.917048146087205	0.580362192726509	0.00700727667691637	0.00700727667691637
0.917006682157969	0.580279103982134	0.00702591305105711	0.00702591305105711
0.916965151448493	0.580195881546747	0.00704454942519784	0.00704454942519784
0.916923553743478	0.580112524989434	0.00706318579933858	0.00706318579933858
0.916881888826582	0.580029033877195	0.00708182217347931	0.00708182217347931
0.916840156480413	0.579945407774929	0.00710045854762005	0.00710045854762005
0.916798356486524	0.57986164624542	0.00711909492176078	0.00711909492176078
0.916756488625403	0.579777748849326	0.00713773129590152	0.00713773129590152
0.916714552676469	0.579693715145163	0.00715636767004225	0.00715636767004225
0.916672548418065	0.579609544689292	0.00717500404418299	0.00717500404418299
0.916630475627449	0.579525237035904	0.00719364041832372	0.00719364041832372
0.916588334080786	0.579440791737007	0.00721227679246446	0.00721227679246446
0.916546123553147	0.579356208342411	0.00723091316660519	0.00723091316660519
0.916503843818493	0.579271486399714	0.00724954954074593	0.00724954954074593
0.916461494649675	0.579186625454287	0.00726818591488666	0.00726818591488666
0.916419075818424	0.579101625049258	0.0072868222890274	0.0072868222890274
0.916376587095343	0.579016484725503	0.00730545866316813	0.00730545866316813
0.9163340282499	0.578931204021623	0.00732409503730887	0.00732409503730887
0.91629139905042	0.578845782473934	0.0073427314114496	0.0073427314114496
0.91624869926408	0.578760219616452	0.00736136778559034	0.00736136778559034
0.916205928656897	0.578674514980875	0.00738000415973107	0.00738000415973107
0.916163086993727	0.578588668096571	0.00739864053387181	0.00739864053387181
0.916120174038247	0.578502678490559	0.00741727690801254	0.00741727690801254
0.916077189552959	0.578416545687496	0.00743591328215328	0.00743591328215328
0.916034133299173	0.57833026920966	0.00745454965629401	0.00745454965629401
0.915991005037003	0.578243848576934	0.00747318603043475	0.00747318603043475
0.915947804525359	0.578157283306792	0.00749182240457548	0.00749182240457548
0.915904531521938	0.578070572914279	0.00751045877871622	0.00751045877871622
0.915861185783217	0.577983716911998	0.00752909515285695	0.00752909515285695
0.915817767064442	0.577896714810093	0.00754773152699769	0.00754773152699769
0.915774275119624	0.577809566116231	0.00756636790113842	0.00756636790113842
0.915730709701526	0.577722270335587	0.00758500427527916	0.00758500427527916
0.915687070561659	0.577634826970824	0.00760364064941989	0.00760364064941989
0.91564335745027	0.577547235522083	0.00762227702356063	0.00762227702356063
0.915599570116337	0.577459495486955	0.00764091339770136	0.00764091339770136
0.915555708307554	0.577371606360476	0.0076595497718421	0.0076595497718421
0.915511771770331	0.577283567635099	0.00767818614598283	0.00767818614598283
0.915467760249778	0.577195378800683	0.00769682252012357	0.00769682252012357
0.915423673489699	0.577107039344472	0.0077154588942643	0.0077154588942643
0.915379511232585	0.57701854875108	0.00773409526840504	0.00773409526840504
0.915335273219601	0.576929906502469	0.00775273164254577	0.00775273164254577
0.915290959190578	0.576841112077935	0.00777136801668651	0.00777136801668651
0.915246568884007	0.576752164954085	0.00779000439082725	0.00779000439082725
0.915202102037026	0.576663064604824	0.00780864076496798	0.00780864076496798
0.915157558385411	0.576573810501332	0.00782727713910871	0.00782727713910871
0.91511293766357	0.576484402112047	0.00784591351324945	0.00784591351324945
0.91506823960453	0.576394838902645	0.00786454988739019	0.00786454988739019
0.915023463939928	0.576305120336022	0.00788318626153092	0.00788318626153092
0.914978610400002	0.576215245872275	0.00790182263567166	0.00790182263567166
0.914933678713583	0.57612521496868	0.00792045900981239	0.00792045900981239
0.91488866860808	0.576035027079676	0.00793909538395312	0.00793909538395312
0.914843579809477	0.57594468165684	0.00795773175809386	0.00795773175809386
0.914798412042316	0.575854178148873	0.0079763681322346	0.0079763681322346
0.914753165029694	0.575763516001576	0.00799500450637533	0.00799500450637533
0.914707838493245	0.575672694657831	0.00801364088051607	0.00801364088051607
0.914662432153138	0.57558171355758	0.0080322772546568	0.0080322772546568
0.914616945728059	0.575490572137803	0.00805091362879754	0.00805091362879754
0.914571378935207	0.5753992698325	0.00806955000293827	0.00806955000293827
0.914525731490279	0.575307806072668	0.00808818637707901	0.00808818637707901
0.914480003107461	0.575216180286279	0.00810682275121974	0.00810682275121974
0.914434193499417	0.575124391898261	0.00812545912536048	0.00812545912536048
0.914388302377278	0.575032440330475	0.00814409549950121	0.00814409549950121
0.914342329450634	0.574940325001692	0.00816273187364195	0.00816273187364195
0.914296274427518	0.574848045327573	0.00818136824778268	0.00818136824778268
0.914250137014397	0.574755600720644	0.00820000462192342	0.00820000462192342
0.914203916916162	0.574662990590279	0.00821864099606415	0.00821864099606415
0.914157613836117	0.574570214342669	0.00823727737020489	0.00823727737020489
0.914111227475964	0.574477271380808	0.00825591374434562	0.00825591374434562
0.914064757535795	0.574384161104464	0.00827455011848635	0.00827455011848635
0.91401820371408	0.574290882910157	0.00829318649262709	0.00829318649262709
0.913971565707654	0.574197436191138	0.00831182286676783	0.00831182286676783
0.913924843211704	0.574103820337361	0.00833045924090856	0.00833045924090856
0.91387803591976	0.574010034735464	0.0083490956150493	0.0083490956150493
0.913831143523683	0.57391607876874	0.00836773198919003	0.00836773198919003
0.91378416571365	0.573821951817118	0.00838636836333077	0.00838636836333077
0.913737102178143	0.573727653257132	0.0084050047374715	0.0084050047374715
0.913689952603938	0.573633182461903	0.00842364111161224	0.00842364111161224
0.913642716676089	0.573538538801109	0.00844227748575297	0.00844227748575297
0.913595394077922	0.573443721640962	0.00846091385989371	0.00846091385989371
0.913547984491014	0.573348730344181	0.00847955023403444	0.00847955023403444
0.913500487595185	0.573253564269969	0.00849818660817518	0.00849818660817518
0.913452903068487	0.573158222773985	0.00851682298231591	0.00851682298231591
0.913405230587184	0.573062705208317	0.00853545935645665	0.00853545935645665
0.913357469825746	0.572967010921459	0.00855409573059738	0.00855409573059738
0.913309620456831	0.57287113925828	0.00857273210473812	0.00857273210473812
0.913261682151275	0.572775089560001	0.00859136847887885	0.00859136847887885
0.913213654578074	0.572678861164164	0.00861000485301959	0.00861000485301959
0.913165537404374	0.572582453404608	0.00862864122716032	0.00862864122716032
0.913117330295457	0.572485865611442	0.00864727760130106	0.00864727760130106
0.913069032914725	0.57238909711101	0.00866591397544179	0.00866591397544179
0.913020644923688	0.572292147225873	0.00868455034958253	0.00868455034958253
0.912972165981948	0.572195015274773	0.00870318672372326	0.00870318672372326
0.912923595747185	0.572097700572606	0.008721823097864	0.008721823097864
0.912874933875144	0.572000202430395	0.00874045947200473	0.00874045947200473
0.912826180019618	0.57190252015526	0.00875909584614547	0.00875909584614547
0.912777333832437	0.571804653050386	0.0087777322202862	0.0087777322202862
0.912728394963448	0.571706600414997	0.00879636859442694	0.00879636859442694
0.912679363060504	0.571608361544322	0.00881500496856767	0.00881500496856767
0.912630237769447	0.571509935729569	0.00883364134270841	0.00883364134270841
0.912581018734093	0.57141132225789	0.00885227771684914	0.00885227771684914
0.912531705596218	0.571312520412352	0.00887091409098988	0.00887091409098988
0.912482297995538	0.571213529471907	0.00888955046513061	0.00888955046513061
0.912432795569698	0.571114348711356	0.00890818683927135	0.00890818683927135
0.912383197954256	0.571014977401325	0.00892682321341208	0.00892682321341208
0.912333504782662	0.570915414808224	0.00894545958755282	0.00894545958755282
0.912283715686246	0.57081566019422	0.00896409596169355	0.00896409596169355
0.912233830294202	0.570715712817202	0.00898273233583429	0.00898273233583429
0.912183848233568	0.57061557193075	0.00900136870997502	0.00900136870997502
0.912133769129213	0.570515236784099	0.00902000508411576	0.00902000508411576
0.912083592603816	0.570414706622107	0.00903864145825649	0.00903864145825649
0.912033318277855	0.570313980685219	0.00905727783239723	0.00905727783239723
0.911982945769582	0.570213058209434	0.00907591420653796	0.00907591420653796
0.911932474695013	0.570111938426273	0.0090945505806787	0.0090945505806787
0.911881904667905	0.570010620562737	0.00911318695481943	0.00911318695481943
0.911831235299743	0.569909103841278	0.00913182332896017	0.00913182332896017
0.911780466199717	0.569807387479759	0.0091504597031009	0.0091504597031009
0.911729596974707	0.569705470691421	0.00916909607724164	0.00916909607724164
0.911678627229267	0.569603352684844	0.00918773245138237	0.00918773245138237
0.9116275565656	0.569501032663912	0.00920636882552311	0.00920636882552311
0.911576384583546	0.569398509827775	0.00922500519966384	0.00922500519966384
0.91152511088056	0.569295783370809	0.00924364157380458	0.00924364157380458
0.911473735051692	0.569192852482583	0.00926227794794531	0.00926227794794531
0.91142225668957	0.569089716347818	0.00928091432208605	0.00928091432208605
0.911370675384381	0.568986374146345	0.00929955069622678	0.00929955069622678
0.91131899072385	0.568882825053073	0.00931818707036752	0.00931818707036752
0.911267202293219	0.568779068237943	0.00933682344450825	0.00933682344450825
0.911215309675231	0.568675102865892	0.00935545981864899	0.00935545981864899
0.911163312450107	0.56857092809681	0.00937409619278972	0.00937409619278972
0.911111210195524	0.568466543085502	0.00939273256693046	0.00939273256693046
0.911059002486599	0.568361946981644	0.00941136894107119	0.00941136894107119
0.911006688895865	0.568257138929744	0.00943000531521193	0.00943000531521193
0.910954268993251	0.568152118069098	0.00944864168935266	0.00944864168935266
0.910901742346061	0.56804688353375	0.0094672780634934	0.0094672780634934
0.910849108518951	0.567941434452445	0.00948591443763413	0.00948591443763413
0.91079636707391	0.56783576994859	0.00950455081177487	0.00950455081177487
0.910743517570236	0.567729889140209	0.0095231871859156	0.0095231871859156
0.910690559564516	0.567623791139898	0.00954182356005634	0.00954182356005634
0.910637492610599	0.56751747505478	0.00956045993419707	0.00956045993419707
0.91058431625958	0.567410939986463	0.00957909630833781	0.00957909630833781
0.910531030059775	0.567304185030989	0.00959773268247854	0.00959773268247854
0.910477633556693	0.567197209278793	0.00961636905661928	0.00961636905661928
0.91042412629302	0.567090011814654	0.00963500543076001	0.00963500543076001
0.910370507808592	0.566982591717651	0.00965364180490075	0.00965364180490075
0.910316777640371	0.56687494806111	0.00967227817904148	0.00967227817904148
0.910262935322422	0.566767079912561	0.00969091455318222	0.00969091455318222
0.910208980385888	0.566658986333687	0.00970955092732295	0.00970955092732295
0.910154912358966	0.566550666380276	0.00972818730146369	0.00972818730146369
0.910100730766883	0.566442119102172	0.00974682367560442	0.00974682367560442
0.91004643513187	0.566333343543224	0.00976546004974516	0.00976546004974516
0.909992024973137	0.566224338741235	0.00978409642388589	0.00978409642388589
0.909937499806847	0.566115103727913	0.00980273279802663	0.00980273279802663
0.909882859146091	0.566005637528816	0.00982136917216736	0.00982136917216736
0.909828102500861	0.565895939163305	0.0098400055463081	0.0098400055463081
0.909773229378026	0.565786007644486	0.00985864192044883	0.00985864192044883
0.909718239281303	0.565675841979159	0.00987727829458957	0.00987727829458957
0.909663131711228	0.565565441167766	0.0098959146687303	0.0098959146687303
0.909607906165136	0.565454804204332	0.00991455104287104	0.00991455104287104
0.909552562137126	0.565343930076414	0.00993318741701177	0.00993318741701177
0.909497099118038	0.565232817765046	0.00995182379115251	0.00995182379115251
0.909441516595422	0.565121466244677	0.00997046016529324	0.00997046016529324
0.90938581405351	0.565009874483121	0.00998909653943398	0.00998909653943398
0.909329990973191	0.564898041441497	0.0100077329135747	0.0100077329135747
0.909274046831977	0.564785966074168	0.0100263692877154	0.0100263692877154
0.909217981103977	0.564673647328688	0.0100450056618562	0.0100450056618562
0.909161793259864	0.564561084145738	0.0100636420359969	0.0100636420359969
0.909105482766849	0.564448275459068	0.0100822784101377	0.0100822784101377
0.909049049088649	0.564335220195436	0.0101009147842784	0.0101009147842784
0.908992491685456	0.564221917274549	0.0101195511584191	0.0101195511584191
0.908935810013907	0.564108365608995	0.0101381875325599	0.0101381875325599
0.90887900352705	0.563994564104189	0.0101568239067006	0.0101568239067006
0.908822071674316	0.563880511658302	0.0101754602808413	0.0101754602808413
0.908765013901485	0.563766207162199	0.0101940966549821	0.0101940966549821
0.908707829650655	0.56365164949938	0.0102127330291228	0.0102127330291228
0.908650518360208	0.563536837545905	0.0102313694032635	0.0102313694032635
0.908593079464775	0.563421770170336	0.0102500057774043	0.0102500057774043
0.908535512395209	0.563306446233665	0.010268642151545	0.010268642151545
0.908477816578544	0.563190864589248	0.0102872785256857	0.0102872785256857
0.908419991437964	0.563075024082739	0.0103059148998265	0.0103059148998265
0.90836203639277	0.562958923552016	0.0103245512739672	0.0103245512739672
0.908303950858343	0.562842561827116	0.0103431876481079	0.0103431876481079
0.908245734246107	0.562725937730159	0.0103618240222487	0.0103618240222487
0.908187385963498	0.562609050075283	0.0103804603963894	0.0103804603963894
0.908128905413923	0.562491897668565	0.0103990967705301	0.0103990967705301
0.908070291996727	0.562374479307952	0.0104177331446709	0.0104177331446709
0.908011545107153	0.562256793783186	0.0104363695188116	0.0104363695188116
0.907952664136307	0.562138839875729	0.0104550058929524	0.0104550058929524
0.90789364847112	0.562020616358686	0.0104736422670931	0.0104736422670931
0.907834497494308	0.561902121996733	0.0104922786412338	0.0104922786412338
0.907775210584334	0.561783355546032	0.0105109150153746	0.0105109150153746
0.907715787115371	0.56166431575416	0.0105295513895153	0.0105295513895153
0.907656226457258	0.561545001360026	0.010548187763656	0.010548187763656
0.907596527975464	0.56142541109379	0.0105668241377968	0.0105668241377968
0.907536691031046	0.561305543676786	0.0105854605119375	0.0105854605119375
0.907476714980608	0.561185397821436	0.0106040968860782	0.0106040968860782
0.907416599176258	0.561064972231167	0.010622733260219	0.010622733260219
0.907356342965571	0.560944265600332	0.0106413696343597	0.0106413696343597
0.907295945691539	0.560823276614119	0.0106600060085004	0.0106600060085004
0.907235406692535	0.560702003948467	0.0106786423826412	0.0106786423826412
0.907174725302265	0.560580446269982	0.0106972787567819	0.0106972787567819
0.907113900849726	0.560458602235845	0.0107159151309226	0.0107159151309226
0.907052932659163	0.560336470493726	0.0107345515050634	0.0107345515050634
0.90699182005002	0.56021404968169	0.0107531878792041	0.0107531878792041
0.906930562336898	0.560091338428112	0.0107718242533448	0.0107718242533448
0.906869158829507	0.55996833535158	0.0107904606274856	0.0107904606274856
0.90680760883262	0.5598450390608	0.0108090970016263	0.0108090970016263
0.906745911646027	0.55972144815451	0.0108277333757671	0.0108277333757671
0.906684066564483	0.559597561221375	0.0108463697499078	0.0108463697499078
0.906622072877666	0.559473376839895	0.0108650061240485	0.0108650061240485
0.906559929870124	0.559348893578308	0.0108836424981893	0.0108836424981893
0.906497636821225	0.559224109994488	0.01090227887233	0.01090227887233
0.906435193005108	0.559099024635846	0.0109209152464707	0.0109209152464707
0.906372597690635	0.558973636039229	0.0109395516206115	0.0109395516206115
0.906309850141335	0.558847942730819	0.0109581879947522	0.0109581879947522
0.906246949615354	0.558721943226023	0.0109768243688929	0.0109768243688929
0.906183895365405	0.558595636029376	0.0109954607430337	0.0109954607430337
0.90612068663871	0.558469019634427	0.0110140971171744	0.0110140971171744
0.906057322676949	0.558342092523637	0.0110327334913151	0.0110327334913151
0.905993802716206	0.558214853168266	0.0110513698654559	0.0110513698654559
0.905930125986911	0.558087300028265	0.0110700062395966	0.0110700062395966
0.905866291713788	0.557959431552162	0.0110886426137373	0.0110886426137373
0.905802299115794	0.55783124617695	0.0111072789878781	0.0111072789878781
0.905738147406067	0.557702742327974	0.0111259153620188	0.0111259153620188
0.905673835791862	0.557573918418811	0.0111445517361596	0.0111445517361596
0.905609363474497	0.557444772851154	0.0111631881103003	0.0111631881103003
0.90554472964929	0.557315304014698	0.011181824484441	0.011181824484441
0.905479933505503	0.55718551028701	0.0112004608585818	0.0112004608585818
0.905414974226277	0.557055390033416	0.0112190972327225	0.0112190972327225
0.905349850988572	0.556924941606871	0.0112377336068632	0.0112377336068632
0.905284562963105	0.556794163347839	0.011256369981004	0.011256369981004
0.905219109314285	0.556663053584162	0.0112750063551447	0.0112750063551447
0.905153489200151	0.556531610630935	0.0112936427292854	0.0112936427292854
0.905087701772306	0.556399832790374	0.0113122791034262	0.0113122791034262
0.905021746175849	0.556267718351684	0.0113309154775669	0.0113309154775669
0.904955621549314	0.55613526559093	0.0113495518517076	0.0113495518517076
0.904889327024598	0.556002472770896	0.0113681882258484	0.0113681882258484
0.904822861726891	0.555869338140952	0.0113868245999891	0.0113868245999891
0.904756224774614	0.555735859936915	0.0114054609741298	0.0114054609741298
0.904689415279341	0.555602036380909	0.0114240973482706	0.0114240973482706
0.904622432345735	0.555467865681221	0.0114427337224113	0.0114427337224113
0.904555275071468	0.555333346032159	0.011461370096552	0.011461370096552
0.904487942547157	0.555198475613906	0.0114800064706928	0.0114800064706928
0.904420433856284	0.555063252592372	0.0114986428448335	0.0114986428448335
0.904352748075123	0.554927675119044	0.0115172792189743	0.0115172792189743
0.904284884272664	0.554791741330833	0.011535915593115	0.011535915593115
0.904216841510538	0.554655449349925	0.0115545519672557	0.0115545519672557
0.904148618842936	0.554518797283619	0.0115731883413965	0.0115731883413965
0.904080215316532	0.554381783224177	0.0115918247155372	0.0115918247155372
0.904011629970405	0.554244405248655	0.0116104610896779	0.0116104610896779
0.903942861835954	0.55410666141875	0.0116290974638187	0.0116290974638187
0.903873909936819	0.553968549780628	0.0116477338379594	0.0116477338379594
0.903804773288797	0.553830068364766	0.0116663702121001	0.0116663702121001
0.903735450899758	0.553691215185775	0.0116850065862409	0.0116850065862409
0.903665941769559	0.553551988242235	0.0117036429603816	0.0117036429603816
0.903596244889957	0.55341238551652	0.0117222793345223	0.0117222793345223
0.903526359244523	0.553272404974623	0.0117409157086631	0.0117409157086631
0.903456283808554	0.553132044565977	0.0117595520828038	0.0117595520828038
0.903386017548979	0.552991302223276	0.0117781884569445	0.0117781884569445
0.90331555942427	0.552850175862293	0.0117968248310853	0.0117968248310853
0.90324490838435	0.552708663381693	0.011815461205226	0.011815461205226
0.9031740633705	0.552566762662844	0.0118340975793667	0.0118340975793667
0.90310302331526	0.552424471569633	0.0118527339535075	0.0118527339535075
0.903031787142336	0.552281787948264	0.0118713703276482	0.0118713703276482
0.902960353766501	0.552138709627071	0.011890006701789	0.011890006701789
0.902888722093498	0.551995234416314	0.0119086430759297	0.0119086430759297
0.902816891019934	0.55185136010798	0.0119272794500704	0.0119272794500704
0.902744859433184	0.551707084475579	0.0119459158242112	0.0119459158242112
0.902672626211287	0.551562405273936	0.0119645521983519	0.0119645521983519
0.902600190222836	0.551417320238985	0.0119831885724926	0.0119831885724926
0.902527550326878	0.551271827087551	0.0120018249466334	0.0120018249466334
0.902454705372802	0.55112592351714	0.0120204613207741	0.0120204613207741
0.902381654200232	0.550979607205716	0.0120390976949148	0.0120390976949148
0.902308395638916	0.550832875811481	0.0120577340690556	0.0120577340690556
0.902234928508613	0.55068572697265	0.0120763704431963	0.0120763704431963
0.902161251618978	0.550538158307224	0.012095006817337	0.012095006817337
0.902087363769449	0.550390167412757	0.0121136431914778	0.0121136431914778
0.902013263749128	0.550241751866121	0.0121322795656185	0.0121322795656185
0.90193895033666	0.55009290922327	0.0121509159397592	0.0121509159397592
0.901864422300118	0.549943637018998	0.0121695523139	0.0121695523139
0.901789678396874	0.549793932766692	0.0121881886880407	0.0121881886880407
0.901714717373479	0.549643793958085	0.0122068250621814	0.0122068250621814
0.901639537965537	0.549493218063003	0.0122254614363222	0.0122254614363222
0.901564138897575	0.549342202529113	0.0122440978104629	0.0122440978104629
0.901488518882913	0.549190744781656	0.0122627341846037	0.0122627341846037
0.901412676623536	0.549038842223191	0.0122813705587444	0.0122813705587444
0.901336610809956	0.548886492233324	0.0123000069328851	0.0123000069328851
0.901260320121078	0.548733692168435	0.0123186433070259	0.0123186433070259
0.901183803224065	0.548580439361409	0.0123372796811666	0.0123372796811666
0.901107058774196	0.548426731121349	0.0123559160553073	0.0123559160553073
0.901030085414722	0.548272564733299	0.0123745524294481	0.0123745524294481
0.900952881776727	0.548117937457952	0.0123931888035888	0.0123931888035888
0.900875446478979	0.54796284653136	0.0124118251777295	0.0124118251777295
0.900797778127783	0.547807289164637	0.0124304615518703	0.0124304615518703
0.90071987531683	0.547651262543659	0.012449097926011	0.012449097926011
0.900641736627045	0.547494763828756	0.0124677343001517	0.0124677343001517
0.90056336062643	0.547337790154405	0.0124863706742925	0.0124863706742925
0.90048474586991	0.547180338628912	0.0125050070484332	0.0125050070484332
0.90040589089917	0.547022406334097	0.0125236434225739	0.0125236434225739
0.900326794242496	0.546863990324964	0.0125422797967147	0.0125422797967147
0.900247454414606	0.546705087629375	0.0125609161708554	0.0125609161708554
0.900167869916488	0.546545695247715	0.0125795525449961	0.0125795525449961
0.900088039235226	0.54638581015255	0.0125981889191369	0.0125981889191369
0.900007960843829	0.546225429288287	0.0126168252932776	0.0126168252932776
0.899927633201057	0.546064549570817	0.0126354616674184	0.0126354616674184
0.899847054751241	0.545903167887164	0.0126540980415591	0.0126540980415591
0.899766223924104	0.545741281095123	0.0126727344156998	0.0126727344156998
0.899685139134577	0.54557888602289	0.0126913707898406	0.0126913707898406
0.899603798782613	0.545415979468693	0.0127100071639813	0.0127100071639813
0.899522201252995	0.545252558200409	0.012728643538122	0.012728643538122
0.899440344915149	0.545088618955185	0.0127472799122628	0.0127472799122628
0.899358228122945	0.54492415843904	0.0127659162864035	0.0127659162864035
0.899275849214497	0.544759173326473	0.0127845526605442	0.0127845526605442
0.899193206511965	0.54459366026006	0.012803189034685	0.012803189034685
0.89911029832135	0.54442761585004	0.0128218254088257	0.0128218254088257
0.899027122932282	0.5442610366739	0.0128404617829664	0.0128404617829664
0.898943678617811	0.544093919275954	0.0128590981571072	0.0128590981571072
0.898859963634194	0.543926260166911	0.0128777345312479	0.0128777345312479
0.898775976220671	0.543758055823437	0.0128963709053886	0.0128963709053886
0.898691714599249	0.543589302687712	0.0129150072795294	0.0129150072795294
0.898607176974474	0.543419997166979	0.0129336436536701	0.0129336436536701
0.898522361533197	0.543250135633083	0.0129522800278108	0.0129522800278108
0.89843726644435	0.543079714422008	0.0129709164019516	0.0129709164019516
0.898351889858702	0.542908729833396	0.0129895527760923	0.0129895527760923
0.898266229908619	0.542737178130075	0.0130081891502331	0.0130081891502331
0.898180284707821	0.54256505553756	0.0130268255243738	0.0130268255243738
0.898094052351133	0.542392358243558	0.0130454618985145	0.0130454618985145
0.898007530914229	0.542219082397463	0.0130640982726553	0.0130640982726553
0.897920718453378	0.542045224109837	0.013082734646796	0.013082734646796
0.897833613005178	0.541870779451891	0.0131013710209367	0.0131013710209367
0.897746212586296	0.541695744454947	0.0131200073950775	0.0131200073950775
0.897658515193191	0.5415201151099	0.0131386437692182	0.0131386437692182
0.89757051880184	0.541343887366667	0.0131572801433589	0.0131572801433589
0.897482221367462	0.541167057133624	0.0131759165174997	0.0131759165174997
0.897393620824227	0.540989620277038	0.0131945528916404	0.0131945528916404
0.897304715084972	0.540811572620488	0.0132131892657811	0.0132131892657811
0.897215502040902	0.54063290994427	0.0132318256399219	0.0132318256399219
0.897125979561291	0.540453627984806	0.0132504620140626	0.0132504620140626
0.897036145493179	0.540273722434024	0.0132690983882033	0.0132690983882033
0.896945997661058	0.540093188938743	0.0132877347623441	0.0132877347623441
0.896855533866561	0.53991202310004	0.0133063711364848	0.0133063711364848
0.896764751888133	0.539730220472603	0.0133250075106256	0.0133250075106256
0.896673649480714	0.539547776564083	0.0133436438847663	0.0133436438847663
0.896582224375395	0.539364686834422	0.013362280258907	0.013362280258907
0.89649047427909	0.539180946695178	0.0133809166330478	0.0133809166330478
0.896398396874181	0.538996551508836	0.0133995530071885	0.0133995530071885
0.896305989818175	0.538811496588102	0.0134181893813292	0.0134181893813292
0.896213250743343	0.538625777195191	0.01343682575547	0.01343682575547
0.896120177256356	0.5384393885411	0.0134554621296107	0.0134554621296107
0.896026766937915	0.538252325784864	0.0134740985037514	0.0134740985037514
0.895933017342376	0.538064584032804	0.0134927348778922	0.0134927348778922
0.895838925997362	0.537876158337755	0.0135113712520329	0.0135113712520329
0.895744490403377	0.537687043698292	0.0135300076261736	0.0135300076261736
0.895649708033403	0.537497235057924	0.0135486440003144	0.0135486440003144
0.895554576332498	0.537306727304288	0.0135672803744551	0.0135672803744551
0.895459092717381	0.537115515268322	0.0135859167485958	0.0135859167485958
0.895363254576013	0.536923593723424	0.0136045531227366	0.0136045531227366
0.895267059267167	0.536730957384592	0.0136231894968773	0.0136231894968773
0.895170504119992	0.536537600907553	0.013641825871018	0.013641825871018
0.89507358643357	0.536343518887876	0.0136604622451588	0.0136604622451588
0.894976303476461	0.536148705860058	0.0136790986192995	0.0136790986192995
0.894878652486241	0.535953156296609	0.0136977349934402	0.0136977349934402
0.894780630669032	0.535756864607106	0.013716371367581	0.013716371367581
0.894682235199027	0.535559825137234	0.0137350077417217	0.0137350077417217
0.894583463217993	0.53536203216781	0.0137536441158625	0.0137536441158625
0.894484311834781	0.535163479913789	0.0137722804900032	0.0137722804900032
0.894384778124815	0.534964162523243	0.0137909168641439	0.0137909168641439
0.894284859129574	0.534764074076334	0.0138095532382847	0.0138095532382847
0.894184551856067	0.534563208584251	0.0138281896124254	0.0138281896124254
0.894083853276295	0.534361559988138	0.0138468259865661	0.0138468259865661
0.893982760326701	0.534159122158001	0.0138654623607069	0.0138654623607069
0.893881269907612	0.533955888891583	0.0138840987348476	0.0138840987348476
0.893779378882669	0.533751853913228	0.0139027351089883	0.0139027351089883
0.89367708407825	0.533547010872719	0.0139213714831291	0.0139213714831291
0.893574382282868	0.533341353344087	0.0139400078572698	0.0139400078572698
0.893471270246576	0.533134874824409	0.0139586442314105	0.0139586442314105
0.893367744680345	0.532927568732568	0.0139772806055513	0.0139772806055513
0.893263802255435	0.532719428407995	0.013995916979692	0.013995916979692
0.893159439602756	0.532510447109389	0.0140145533538327	0.0140145533538327
0.89305465331221	0.532300618013403	0.0140331897279735	0.0140331897279735
0.892949439932025	0.53208993421331	0.0140518261021142	0.0140518261021142
0.892843795968073	0.531878388717634	0.014070462476255	0.014070462476255
0.892737717883173	0.531665974448766	0.0140890988503957	0.0140890988503957
0.89263120209638	0.531452684241534	0.0141077352245364	0.0141077352245364
0.892524244982265	0.53123851084176	0.0141263715986772	0.0141263715986772
0.892416842870169	0.531023446904776	0.0141450079728179	0.0141450079728179
0.892308992043451	0.530807484993913	0.0141636443469586	0.0141636443469586
0.892200688738715	0.530590617578958	0.0141822807210994	0.0141822807210994
0.892091929145025	0.530372837034581	0.0142009170952401	0.0142009170952401
0.891982709403099	0.530154135638722	0.0142195534693808	0.0142195534693808
0.891873025604487	0.529934505570952	0.0142381898435216	0.0142381898435216
0.891762873790734	0.529713938910792	0.0142568262176623	0.0142568262176623
0.891652249952524	0.529492427636001	0.014275462591803	0.014275462591803
0.891541150028802	0.529269963620824	0.0142940989659438	0.0142940989659438
0.891429569905883	0.529046538634204	0.0143127353400845	0.0143127353400845
0.891317505416535	0.528822144337955	0.0143313717142252	0.0143313717142252
0.891204952339051	0.528596772284895	0.014350008088366	0.014350008088366
0.89109190639629	0.528370413916937	0.0143686444625067	0.0143686444625067
0.890978363254706	0.528143060563137	0.0143872808366474	0.0143872808366474
0.890864318523349	0.527914703437708	0.0144059172107882	0.0144059172107882
0.89074976775285	0.527685333637974	0.0144245535849289	0.0144245535849289
0.890634706434376	0.527454942142293	0.0144431899590697	0.0144431899590697
0.89051912999857	0.527223519807928	0.0144618263332104	0.0144618263332104
0.890403033814458	0.526991057368865	0.0144804627073511	0.0144804627073511
0.890286413188342	0.526757545433592	0.0144990990814919	0.0144990990814919
0.890169263362657	0.526522974482821	0.0145177354556326	0.0145177354556326
0.89005157951481	0.526287334867158	0.0145363718297733	0.0145363718297733
0.889933356755988	0.526050616804723	0.0145550082039141	0.0145550082039141
0.889814590129942	0.52581281037871	0.0145736445780548	0.0145736445780548
0.889695274611738	0.525573905534901	0.0145922809521955	0.0145922809521955
0.889575405106484	0.525333892079106	0.0146109173263363	0.0146109173263363
0.889454976448028	0.525092759674563	0.014629553700477	0.014629553700477
0.889333983397614	0.524850497839259	0.0146481900746177	0.0146481900746177
0.889212420642528	0.524607095943197	0.0146668264487585	0.0146668264487585
0.889090282794687	0.524362543205602	0.0146854628228992	0.0146854628228992
0.888967564389216	0.524116828692052	0.0147040991970399	0.0147040991970399
0.888844259882974	0.523869941311543	0.0147227355711807	0.0147227355711807
0.888720363653061	0.523621869813488	0.0147413719453214	0.0147413719453214
0.88859586999527	0.523372602784641	0.0147600083194621	0.0147600083194621
0.888470773122523	0.523122128645943	0.0147786446936029	0.0147786446936029
0.888345067163249	0.522870435649297	0.0147972810677436	0.0147972810677436
0.888218746159737	0.522617511874261	0.0148159174418844	0.0148159174418844
0.888091804066437	0.52236334522466	0.0148345538160251	0.0148345538160251
0.887964234748232	0.522107923425117	0.0148531901901658	0.0148531901901658
0.887836031978655	0.521851234017489	0.0148718265643066	0.0148718265643066
0.887707189438067	0.52159326435723	0.0148904629384473	0.0148904629384473
0.887577700711789	0.521334001609646	0.014909099312588	0.014909099312588
0.887447559288188	0.521073432746067	0.0149277356867288	0.0149277356867288
0.887316758556712	0.520811544539919	0.0149463720608695	0.0149463720608695
0.887185291805878	0.52054832356269	0.0149650084350102	0.0149650084350102
0.887053152221203	0.520283756179807	0.014983644809151	0.014983644809151
0.886920332883089	0.520017828546389	0.0150022811832917	0.0150022811832917
0.886786826764652	0.519750526602907	0.0150209175574324	0.0150209175574324
0.886652626729485	0.519481836070717	0.0150395539315732	0.0150395539315732
0.886517725529377	0.519211742447491	0.0150581903057139	0.0150581903057139
0.886382115801964	0.518940231002512	0.0150768266798546	0.0150768266798546
0.886245790068317	0.518667286771858	0.0150954630539954	0.0150954630539954
0.88610874073047	0.518392894553454	0.0151140994281361	0.0151140994281361
0.885970960068881	0.518117038901988	0.0151327358022768	0.0151327358022768
0.885832440239822	0.517839704123695	0.0151513721764176	0.0151513721764176
0.885693173272704	0.517560874271	0.0151700085505583	0.0151700085505583
0.885553151067324	0.517280533137018	0.0151886449246991	0.0151886449246991
0.88541236539104	0.516998664249895	0.0152072812988398	0.0152072812988398
0.88527080787587	0.516715250867006	0.0152259176729805	0.0152259176729805
0.885128470015507	0.516430275968987	0.0152445540471213	0.0152445540471213
0.884985343162254	0.516143722253597	0.015263190421262	0.015263190421262
0.884841418523871	0.515855572129422	0.0152818267954027	0.0152818267954027
0.884696687160343	0.515565807709389	0.0153004631695435	0.0153004631695435
0.884551139980539	0.515274410804104	0.0153190995436842	0.0153190995436842
0.884404767738797	0.514981362915005	0.0153377359178249	0.0153377359178249
0.884257561031395	0.514686645227309	0.0153563722919657	0.0153563722919657
0.884109510292931	0.514390238602766	0.0153750086661064	0.0153750086661064
0.883960605792594	0.514092123572204	0.0153936450402471	0.0153936450402471
0.883810837630329	0.513792280327851	0.0154122814143879	0.0154122814143879
0.883660195732888	0.51349068871544	0.0154309177885286	0.0154309177885286
0.883508669849769	0.513187328226078	0.0154495541626693	0.0154495541626693
0.883356249549031	0.512882177987883	0.0154681905368101	0.0154681905368101
0.883202924212986	0.512575216757357	0.0154868269109508	0.0154868269109508
0.883048683033765	0.51226642291052	0.0155054632850915	0.0155054632850915
0.882893515008748	0.511955774433766	0.0155240996592323	0.0155240996592323
0.882737408935857	0.511643248914446	0.015542736033373	0.015542736033373
0.882580353408702	0.511328823531162	0.0155613724075138	0.0155613724075138
0.88242233681159	0.511012475043774	0.0155800087816545	0.0155800087816545
0.882263347314366	0.510694179783086	0.0155986451557952	0.0155986451557952
0.882103372867102	0.510373913640218	0.015617281529936	0.015617281529936
0.881942401194624	0.510051652055656	0.0156359179040767	0.0156359179040767
0.881780419790856	0.509727370007943	0.0156545542782174	0.0156545542782174
0.881617415912999	0.509401042002022	0.0156731906523582	0.0156731906523582
0.881453376575512	0.509072642057213	0.0156918270264989	0.0156918270264989
0.881288288543916	0.508742143694794	0.0157104634006396	0.0157104634006396
0.881122138328381	0.508409519925195	0.0157290997747804	0.0157290997747804
0.88095491217712	0.508074743234766	0.0157477361489211	0.0157477361489211
0.880786596069561	0.507737785572128	0.0157663725230618	0.0157663725230618
0.880617175709298	0.50739861833406	0.0157850088972026	0.0157850088972026
0.880446636516806	0.507057212350933	0.0158036452713433	0.0158036452713433
0.880274963621913	0.506713537871657	0.015822281645484	0.015822281645484
0.880102141856032	0.506367564548121	0.0158409180196248	0.0158409180196248
0.879928155744112	0.506019261419109	0.0158595543937655	0.0158595543937655
0.879752989496334	0.505668596893679	0.0158781907679062	0.0158781907679062
0.879576626999513	0.505315538733963	0.015896827142047	0.015896827142047
0.879399051808208	0.504960054037387	0.0159154635161877	0.0159154635161877
0.879220247135524	0.504602109218266	0.0159340998903285	0.0159340998903285
0.879040195843594	0.504241669988764	0.0159527362644692	0.0159527362644692
0.878858880433728	0.503878701339185	0.0159713726386099	0.0159713726386099
0.878676283036209	0.503513167517564	0.0159900090127507	0.0159900090127507
0.878492385399734	0.503145032008539	0.0160086453868914	0.0160086453868914
0.878307168880465	0.502774257511455	0.0160272817610321	0.0160272817610321
0.878120614430699	0.502400805917688	0.0160459181351729	0.0160459181351729
0.877932702587115	0.50202463828714	0.0160645545093136	0.0160645545093136
0.877743413458593	0.501645714823869	0.0160831908834543	0.0160831908834543
0.877552726713587	0.501263994850828	0.0161018272575951	0.0161018272575951
0.877360621567024	0.500879436783658	0.0161204636317358	0.0161204636317358
0.877167076766716	0.500491998103503	0.0161391000058765	0.0161391000058765
0.876972070579255	0.500101635328797	0.0161577363800173	0.0161577363800173
0.876775580775378	0.499708303985982	0.016176372754158	0.016176372754158
0.876577584614765	0.499311958579098	0.0161950091282987	0.0161950091282987
0.876378058830252	0.498912552558204	0.0162136455024395	0.0162136455024395
0.876176979611433	0.498510038286569	0.0162322818765802	0.0162322818765802
0.875974322587613	0.498104367006574	0.016250918250721	0.016250918250721
0.875770062810092	0.497695488804271	0.0162695546248617	0.0162695546248617
0.87556417473374	0.497283352572522	0.0162881909990024	0.0162881909990024
0.875356632197836	0.496867905972668	0.0163068273731432	0.0163068273731432
0.875147408406126	0.496449095394637	0.0163254637472839	0.0163254637472839
0.87493647590607	0.496026865915428	0.0163441001214246	0.0163441001214246
0.874723806567238	0.495601161255889	0.0163627364955654	0.0163627364955654
0.874509371558799	0.495171923735691	0.0163813728697061	0.0163813728697061
0.874293141326082	0.494739094226434	0.0164000092438468	0.0164000092438468
0.874075085566138	0.494302612102759	0.0164186456179876	0.0164186456179876
0.873855173202265	0.49386241519139	0.0164372819921283	0.0164372819921283
0.87363337235744	0.493418439717982	0.016455918366269	0.016455918366269
0.8734096503266	0.492970620251674	0.0164745547404098	0.0164745547404098
0.873183973547715	0.492518889647216	0.0164931911145505	0.0164931911145505
0.872956307571581	0.492063178984548	0.0165118274886912	0.0165118274886912
0.87272661703028	0.491603417505694	0.016530463862832	0.016530463862832
0.87249486560421	0.491139532548827	0.0165491002369727	0.0165491002369727
0.872261015987641	0.490671449479344	0.0165677366111134	0.0165677366111134
0.872025029852688	0.490199091617806	0.0165863729852542	0.0165863729852542
0.871786867811622	0.489722380164545	0.0166050093593949	0.0166050093593949
0.871546489377434	0.489241234120768	0.0166236457335357	0.0166236457335357
0.871303852922543	0.488755570205963	0.0166422821076764	0.0166422821076764
0.871058915635552	0.488265302771378	0.0166609184818171	0.0166609184818171
0.870811633475927	0.487770343709375	0.0166795548559579	0.0166795548559579
0.870561961126492	0.48727060235839	0.0166981912300986	0.0166981912300986
0.870309851943608	0.486765985403269	0.0167168276042393	0.0167168276042393
0.870055257904891	0.486256396770686	0.0167354639783801	0.0167354639783801
0.869798129554336	0.48574173751936	0.0167541003525208	0.0167541003525208
0.869538415944678	0.485221905724758	0.0167727367266615	0.0167727367266615
0.869276064576827	0.484696796357942	0.0167913731008023	0.0167913731008023
0.869011021336204	0.484166301158202	0.016810009474943	0.016810009474943
0.868743230425766	0.48363030849909	0.0168286458490837	0.0168286458490837
0.868472634295537	0.483088703247446	0.0168472822232245	0.0168472822232245
0.868199173568401	0.482541366614949	0.0168659185973652	0.0168659185973652
0.867922786961928	0.48198817600175	0.0168845549715059	0.0168845549715059
0.86764341120598	0.481429004831634	0.0169031913456467	0.0169031913456467
0.867360980955807	0.480863722378183	0.0169218277197874	0.0169218277197874
0.867075428700345	0.480292193581335	0.0169404640939281	0.0169404640939281
0.866786684665386	0.479714278853687	0.0169591004680689	0.0169591004680689
0.866494676711289	0.479129833875865	0.0169777368422096	0.0169777368422096
0.866199330224828	0.478538709380187	0.0169963732163504	0.0169963732163504
0.865900568004802	0.477940750921832	0.0170150095904911	0.0170150095904911
0.865598310140949	0.477335798636621	0.0170336459646318	0.0170336459646318
0.865292473885695	0.47672368698446	0.0170522823387726	0.0170522823387726
0.864982973518223	0.47610424447743	0.0170709187129133	0.0170709187129133
0.864669720200302	0.475477293391387	0.017089555087054	0.017089555087054
0.864352621823275	0.474842649459871	0.0171081914611948	0.0171081914611948
0.864031582845532	0.474200121549003	0.0171268278353355	0.0171268278353355
0.863706504119774	0.473549511311929	0.0171454642094762	0.0171454642094762
0.863377282709262	0.472890612821262	0.017164100583617	0.017164100583617
0.863043811692216	0.472223212177795	0.0171827369577577	0.0171827369577577
0.862705979953424	0.471547087093649	0.0172013733318984	0.0172013733318984
0.862363671962055	0.470862006447808	0.0172200097060392	0.0172200097060392
0.862016767534554	0.470167729811821	0.0172386460801799	0.0172386460801799
0.861665141581403	0.469464006943236	0.0172572824543206	0.0172572824543206
0.861308663836426	0.4687505772441	0.0172759188284614	0.0172759188284614
0.860947198567146	0.468027169181579	0.0172945552026021	0.0172945552026021
0.860580604264617	0.467293499667494	0.0173131915767429	0.0173131915767429
0.860208733310918	0.466549273393204	0.0173318279508836	0.0173318279508836
0.859831431622392	0.465794182115946	0.0173504643250243	0.0173504643250243
0.859448538266445	0.465027903892296	0.0173691006991651	0.0173691006991651
0.85905988504953	0.464250102253996	0.0173877370733058	0.0173877370733058
0.858665296073678	0.463460425320857	0.0174063734474465	0.0174063734474465
0.858264587258646	0.462658504844889	0.0174250098215873	0.0174250098215873
0.857857565826432	0.461843955179152	0.017443646195728	0.017443646195728
0.857444029744547	0.46101637216411	0.0174622825698687	0.0174622825698687
0.857023767124021	0.460175331923432	0.0174809189440095	0.0174809189440095
0.85659655556764	0.459320389560256	0.0174995553181502	0.0174995553181502
0.856162161463419	0.458451077743885	0.0175181916922909	0.0175181916922909
0.855720339217665	0.457566905175669	0.0175368280664317	0.0175368280664317
0.855270830421349	0.456667354921464	0.0175554644405724	0.0175554644405724
0.854813362942686	0.455751882596503	0.0175741008147131	0.0175741008147131
0.854347649937955	0.454819914386713	0.0175927371888539	0.0175927371888539
0.853873388771556	0.453870844888475	0.0176113735629946	0.0176113735629946
0.85339025983511	0.452904034746454	0.0176300099371353	0.0176300099371353
0.852897925254078	0.451918808066427	0.0176486463112761	0.0176486463112761
0.852396027468782	0.450914449576882	0.0176672826854168	0.0176672826854168
0.851884187674908	0.449890201509534	0.0176859190595575	0.0176859190595575
0.851362004106443	0.448845260164677	0.0177045554336983	0.0177045554336983
0.850829050141563	0.447778772122387	0.017723191807839	0.017723191807839
0.850284872209097	0.446689830054806	0.0177418281819798	0.0177418281819798
0.849728987469818	0.445577468088052	0.0177604645561205	0.0177604645561205
0.849160881242879	0.444440656654314	0.0177791009302612	0.0177791009302612
0.848580004143002	0.443278296765405	0.017797737304402	0.017797737304402
0.847985768888527	0.442089213627933	0.0178163736785427	0.0178163736785427
0.847377546733829	0.440872149507122	0.0178350100526834	0.0178350100526834
0.846754663471785	0.43962575573061	0.0178536464268242	0.0178536464268242
0.846116394942567	0.438348583704787	0.0178722828009649	0.0178722828009649
0.845461961973745	0.437039074793607	0.0178909191751056	0.0178909191751056
0.844790524663053	0.435695548882556	0.0179095555492464	0.0179095555492464
0.844101175898574	0.434316191417288	0.0179281919233871	0.0179281919233871
0.843392933990974	0.432899038666128	0.0179468282975278	0.0179468282975278
0.842664734267606	0.431441960906083	0.0179654646716686	0.0179654646716686
0.841915419447882	0.429942643171097	0.0179841010458093	0.0179841010458093
0.841143728581514	0.428398563125708	0.01800273741995	0.01800273741995
0.840348284284171	0.426806965533162	0.0180213737940908	0.0180213737940908
0.839527577946079	0.425164832668944	0.0180400101682315	0.0180400101682315
0.838679952514557	0.42346884988165	0.0180586465423722	0.0180586465423722
0.837803582356749	0.421715365313624	0.018077282916513	0.018077282916513
0.836896449587456	0.41990034255102	0.0180959192906537	0.0180959192906537
0.83595631609026	0.418019304659553	0.0181145556647945	0.0181145556647945
0.834980690256102	0.416067267654066	0.0181331920389352	0.0181331920389352
0.833966787195349	0.414038660913734	0.0181518284130759	0.0181518284130759
0.832911480823607	0.411927231343148	0.0181704647872167	0.0181704647872167
0.831811245744527	0.409725927125375	0.0181891011613574	0.0181891011613574
0.830662086205982	0.407426755619288	0.0182077375354981	0.0182077375354981
0.829459448518147	0.405020608177567	0.0182263739096389	0.0182263739096389
0.828198112087085	0.402497042191792	0.0182450102837796	0.0182450102837796
0.826872052475148	0.399844007186123	0.0182636466579203	0.0182636466579203
0.825474267402292	0.397047496786256	0.0182822830320611	0.0182822830320611
0.823996552961343	0.394091101107786	0.0183009194062018	0.0183009194062018
0.82242921190989	0.390955423286412	0.0183195557803425	0.0183195557803425
0.820760667691495	0.387617307451462	0.0183381921544833	0.0183381921544833
0.818976945086429	0.384048799937392	0.018356828528624	0.018356828528624
0.817060958058042	0.380215724857	0.0183754649027647	0.0183754649027647
0.8149915119643	0.376075688362642	0.0183941012769055	0.0183941012769055
0.812741870574394	0.371575212455344	0.0184127376510462	0.0184127376510462
0.810277638157739	0.36664549884441	0.018431374025187	0.018431374025187
0.807553521871098	0.361195953255434	0.0184500103993277	0.0184500103993277
0.804508179183383	0.355103879572152	0.0184686467734684	0.0184686467734684
0.801055606538533	0.348197256039692	0.0184872831476092	0.0184872831476092
0.797069844803806	0.340224144281504	0.0185059195217499	0.0185059195217499
0.792355613597005	0.330793954579833	0.0185245558958906	0.0185245558958906
0.786585759231507	0.319252335124136	0.0185431922700314	0.0185431922700314
0.779146975977377	0.304372599650051	0.0185618286441721	0.0185618286441721
0.768662357839091	0.283400790309241	0.0185804650183128	0.0185804650183128
0.750738262201178	0.247549245310909	0.0185991013924536	0.0185991013924536
0	0	0.0186177377665943	0.0186177377665943
