1	7.86616614469573e-07	4.31498324354577e-11
2	2.2455055483663e-06	8.93517897350958e-11
3	4.0080468893466e-06	1.35998740401098e-10
4	5.95318854398022e-06	1.71363637213478e-10
5	8.01852533096713e-06	2.13267755277801e-10
6	1.09466330172392e-05	2.41407706223684e-10
7	1.33208515295795e-05	2.66172430488657e-10
8	1.5737900033854e-05	2.88122041078126e-10
9	1.81841976694882e-05	3.07692788760769e-10
10	2.06496880093391e-05	3.43048912269313e-10
11	2.31267818201546e-05	3.59700390487215e-10
12	2.56096682568662e-05	3.74746091794871e-10
13	2.80938484373874e-05	3.8838684007941e-10
14	3.0575809786027e-05	4.0079087082127e-10
15	3.30527929170213e-05	4.12100378533829e-10
16	3.5522621256419e-05	4.44962438897466e-10
17	3.79835743031587e-05	4.54933882542466e-10
18	4.04342919116693e-05	4.64083979115708e-10
19	4.28737010428655e-05	4.72494770308885e-10
20	4.53009590558854e-05	4.80237859341715e-10
21	4.77154093525617e-05	4.87376038055073e-10
22	5.01165463651385e-05	4.93964613798532e-10
23	5.25039876918445e-05	5.00052499982133e-10
24	5.48774517571268e-05	5.05683118803941e-10
25	5.7236739781742e-05	5.10895153415118e-10
26	5.95817211435258e-05	5.42509503178451e-10
27	6.19123214263396e-05	5.47216948006841e-10
28	6.4228512615343e-05	5.51582364098397e-10
29	6.6530305017143e-05	5.55632184455347e-10
30	6.88177405744432e-05	5.59390301600113e-10
31	7.10908873143436e-05	5.6287836403951e-10
32	7.33498347229862e-05	5.66116031972062e-10
33	7.55946898807181e-05	5.69121198679042e-10
34	7.7825574224423e-05	5.71910182892026e-10
35	8.00426208291328e-05	5.74497896509496e-10
36	8.224597212125e-05	5.76897991292045e-10
37	8.44357779517766e-05	5.79122987563484e-10
38	8.6612193970795e-05	5.81184387453397e-10
39	8.8775380254815e-05	5.83092774814078e-10
40	9.09255001469606e-05	6.14466265961905e-10
41	9.3062719276773e-05	6.16179702814012e-10
42	9.51872047319648e-05	6.17760828747011e-10
43	9.7299124358976e-05	6.19217734615306e-10
44	9.93986461729609e-05	6.20557918480999e-10
45	0.00010148593786089	6.21788337763469e-10
46	0.000103561166364031	6.2291545600607e-10
47	0.000105624497528176	6.23945284897685e-10
48	0.000107676095811784	6.24883422101753e-10
49	0.000109716124043662	6.25735085372816e-10
50	0.000111744743223077	6.26505143378663e-10
51	0.000113762112356222	6.27198143593112e-10
52	0.000115768388323856	6.27818337578767e-10
53	0.000117763725775656	6.28369703940025e-10
54	0.000119748277047507	6.28855969192458e-10
55	0.000121722192098425	6.29280626765604e-10
56	0.000123685618464324	6.29646954330543e-10
57	0.000125638701226202	6.29958029621592e-10
58	0.000127581582990641	6.30216744902223e-10
59	0.000129514403880841	6.61553275936649e-10
60	0.000131437301536633	6.6172327054808e-10
61	0.000133350411122092	6.61846390563031e-10
62	0.000135253865339629	6.61925020463575e-10
63	0.000137147794449533	6.61961409050488e-10
64	0.000139032326294081	6.61957678541635e-10
65	0.000140907586325483	6.61915832959262e-10
66	0.000142773697636998	6.61837765869981e-10
67	0.00014463078099664	6.61725267534496e-10
68	0.000146478954883005	6.61580031518721e-10
69	0.000148318335522784	6.61403660812629e-10
70	0.000150149036929587	6.6119767349886e-10
71	0.000151971170943769	6.60963508008944e-10
72	0.000153784847272988	6.60702528001446e-10
73	0.000155590173533236	6.60416026893192e-10
74	0.000157387255290175	6.60105232071717e-10
75	0.000159176196100558	6.59771308814639e-10
76	0.00016095709755363	6.59415363939216e-10
77	0.000162730059312342	6.59038449203353e-10
78	0.000164495179154299	6.58641564477347e-10
79	0.000166252553012332	6.582256607041e-10
80	0.000168002275014618	6.57791642663833e-10
81	0.000169744437524285	6.57340371558108e-10
82	0.000171479131178459	6.56872667426581e-10
83	0.000173206444926679	6.56389311408916e-10
84	0.00017492646606868	6.558910478631e-10
85	0.000176639280291486	6.86958579882844e-10
86	0.000178344971705809	6.86407252501748e-10
87	0.000180043622881725	6.85842428772846e-10
88	0.000181735314883621	6.85264754263679e-10
89	0.000183420127304412	6.84674845184586e-10
90	0.000185098138299004	6.84073289906646e-10
91	0.000186769424617021	6.83460650389341e-10
92	0.000188434061634788	6.82837463524027e-10
93	0.000190092123386581	6.82204242398881e-10
94	0.000191743682595128	6.81561477490542e-10
95	0.000193388810701415	6.80909637787294e-10
96	0.000195027577893739	6.80249171848238e-10
97	0.000196660053136091	6.79580508802644e-10
98	0.00019828630419581	6.78904059293285e-10
99	0.000199906397670585	6.78220216367331e-10
100	0.000206832978909777	6.80940445266606e-10
101	0.000203128372564984	6.76831839481055e-10
102	0.000204730381565248	6.7612801098583e-10
103	0.000206326488191243	6.7541820146881e-10
104	0.000207916753574125	6.74702727746853e-10
105	0.000209501237823683	6.73981893455593e-10
106	0.000211080000050899	6.73255989654123e-10
107	0.000212653098389945	6.72525295398074e-10
108	0.000214220590019614	6.71790078282978e-10
109	0.000215782531184202	6.71050594959694e-10
110	0.00021733897721386	6.70307091623475e-10
111	0.000218889982544415	6.69559804478208e-10
112	0.000220435600736699	6.68808960177329e-10
113	0.000221975884495371	6.68054776242621e-10
114	0.000223510885687264	6.67297461462226e-10
115	0.000225040655359264	6.66537216269065e-10
116	0.000226565243755733	6.65774233100656e-10
117	0.000228084700335478	6.65008696741462e-10
118	0.000229599073788319	6.64240784648674e-10
119	0.000231108412051195	6.63470667262361e-10
120	0.000232612762323895	6.93880073986391e-10
121	0.000234112171084378	6.93069610347989e-10
122	0.000235606684103711	6.92257331962885e-10
123	0.000237096346460631	6.91443390851339e-10
124	0.000238581202555738	6.90627933093568e-10
125	0.000240061296125336	6.89811099073039e-10
126	0.000241536670254941	6.88993023708681e-10
127	0.000243007367392426	6.88173836676398e-10
128	0.000244473429360872	6.87353662620615e-10
129	0.000245934897371071	6.86532621356238e-10
130	0.000247391812033754	6.85710828061562e-10
131	0.000248844213371488	6.84888393462594e-10
132	0.000250292140830298	6.84065424009198e-10
133	0.000251735633291016	6.83242022043469e-10
134	0.000253174729080323	6.82418285960767e-10
135	0.000254609465981557	6.81594310363688e-10
136	0.000256039881245245	6.80770186209399e-10
137	0.000257466011599381	6.79946000950611e-10
138	0.000258887893259461	6.79121838670513e-10
139	0.000260305561938273	6.78297780211964e-10
140	0.00026171905285548	6.77473903301206e-10
141	0.00026312840074693	6.76650282666345e-10
142	0.000264533639873794	6.75826990150893e-10
143	0.000265934804031459	6.75004094822555e-10
144	0.000267331926558227	6.74181663077496e-10
145	0.000268725040343799	6.73359758740322e-10
146	0.000270114177837583	6.72538443159929e-10
147	0.000271499371056789	6.71717775301468e-10
148	0.000272880651594345	6.70897811834524e-10
149	0.000274258050626642	6.70078607217775e-10
150	0.000275631598921085	6.69260213780206e-10
151	0.000277001326843482	6.68442681799085e-10
152	0.000278367264365262	6.67626059574819e-10
153	0.000279729441070541	6.66810393502842e-10
154	0.000281087886163014	6.6599572814268e-10
155	0.000282442628472697	6.6518210628426e-10
156	0.000283793696462525	6.64369569011662e-10
157	0.000285141118234807	6.63558155764367e-10
158	0.000286484921537515	6.62747904396127e-10
159	0.000287825133770468	6.61938851231584e-10
160	0.000289161781991356	6.61131031120665e-10
161	0.000290494892921637	6.60324477490954e-10
162	0.000291824492952314	6.5951922239802e-10
163	0.000293150608149586	6.5871529657387e-10
164	0.000294473264260366	6.57912729473519e-10
165	0.000295792486717684	6.57111549319882e-10
166	0.000297108300645997	6.86483119043671e-10
167	0.000298420730866352	6.85648092969265e-10
168	0.00029972980190145	6.84814598870956e-10
169	0.000301035537980633	6.83982661549107e-10
170	0.000302337963044713	6.83152304724918e-10
171	0.000303637100750749	6.82323551077806e-10
172	0.000304932974476691	6.81496422281446e-10
173	0.000306225607325953	6.80670939038464e-10
174	0.00030751502213186	6.7984712111389e-10
175	0.000308801241462047	6.79024987367411e-10
176	0.000310084287622719	6.78204555784429e-10
177	0.000311364182662865	6.77385843506033e-10
178	0.000312640948378365	6.76568866857883e-10
179	0.000313914606316013	6.75753641378082e-10
180	0.000315185177777462	6.74940181844025e-10
181	0.000316452683823115	6.74128502298347e-10
182	0.000317717145275884	6.73318616073899e-10
183	0.000318978582724924	6.72510535817895e-10
184	0.000320237016529267	6.71704273515177e-10
185	0.000321492466821393	6.70899840510696e-10
186	0.000322744953510732	6.70097247531197e-10
187	0.000323994496287089	6.6929650470614e-10
188	0.000325241114624013	6.68497621587927e-10
189	0.000326484827782084	6.67700607171405e-10
190	0.000327725654812165	6.66905469912711e-10
191	0.000328963614558553	6.66112217747478e-10
192	0.000330198725662105	6.65320858108399e-10
193	0.000331431006563283	6.64531397942212e-10
194	0.000332660475505152	6.63743843726118e-10
195	0.000333887150536303	6.62958201483592e-10
196	0.00033511104951375	6.62174476799734e-10
197	0.000336332190105745	6.61392674836042e-10
198	0.000337550589794558	6.60612800344722e-10
199	0.000338766265879191	6.59834857682515e-10
200	0.000364247431283705	6.59058850824049e-10
201	0.000365544127656944	6.58284783374762e-10
202	0.000366837960466003	6.57512658583395e-10
203	0.000368128947487044	6.56742479354056e-10
204	0.000369417106313697	6.55974248257909e-10
205	0.000370702454359641	6.55207967544456e-10
206	0.00037198500886118	6.54443639152472e-10
207	0.000373264786879738	6.53681264720545e-10
208	0.000374541805304347	6.5292084559732e-10
209	0.000375816080854056	6.5216238285138e-10
210	0.000377087630080319	6.51405877280785e-10
211	0.000378356469369333	6.50651329422362e-10
212	0.000379622614944332	6.49898739560632e-10
213	0.000380886082867832	6.49148107736477e-10
214	0.000382146889043879	6.48399433755547e-10
215	0.000383405049220184	6.47652717196345e-10
216	0.000384660578990292	6.46907957418106e-10
217	0.00038591349379567	6.4616515356838e-10
218	0.00038716380892778	6.45424304590417e-10
219	0.000388411539530097	6.44685409230269e-10
220	0.000389656700600114	6.4394846604369e-10
221	0.000390899306991298	6.43213473402837e-10
222	0.000392139373415009	6.42480429502709e-10
223	0.000393376914442406	6.41749332367431e-10
224	0.0003946119445063	6.41020179856302e-10
225	0.000395844477902988	6.69066613034285e-10
226	0.000397074528794037	6.68308750410578e-10
227	0.000398302111208083	6.67552912114658e-10
228	0.000399527239042534	6.66799095280196e-10
229	0.000400749926065313	6.66047296897446e-10
230	0.000401970185916507	6.65297513818476e-10
231	0.000403188032110049	6.64549742762243e-10
232	0.000404403478035325	6.63803980319489e-10
233	0.000405616536958783	6.63060222957505e-10
234	0.000406827222025506	6.62318467024747e-10
235	0.000408035546260753	6.61578708755269e-10
236	0.000409241522571481	6.60840944273094e-10
237	0.000410445163747849	6.60105169596364e-10
238	0.000411646482464692	6.59371380641428e-10
239	0.000412845491282965	6.58639573226758e-10
240	0.000414042202651167	6.5790974307678e-10
241	0.000415236628906755	6.57181885825555e-10
242	0.000416428782277508	6.5645599702036e-10
243	0.000417618674882909	6.55732072125181e-10
244	0.00041880631873546	6.55010106524038e-10
245	0.000419991725742012	6.5429009552428e-10
246	0.000421174907705059	6.53572034359723e-10
247	0.000422355876324004	6.52855918193719e-10
248	0.000423534643196426	6.52141742122127e-10
249	0.000424711219819313	6.51429501176175e-10
250	0.000425885617590278	6.50719190325266e-10
251	0.000427057847808749	6.50010804479666e-10
252	0.000428227921677159	6.49304338493127e-10
253	0.000429395850302106	6.48599787165429e-10
254	0.000430561644695485	6.47897145244836e-10
255	0.000431725315775635	6.47196407430476e-10
256	0.000432886874368429	6.46497568374661e-10
257	0.00043404633120837	6.45800622685124e-10
258	0.00043520369693968	6.45105564927188e-10
259	0.000436358982117335	6.44412389625869e-10
260	0.000437512197208136	6.43721091267926e-10
261	0.000438663352591709	6.43031664303818e-10
262	0.000439812458561537	6.42344103149649e-10
263	0.000440959525325963	6.41658402188989e-10
264	0.000442104563009147	6.40974555774706e-10
265	0.000443247581652049	6.40292558230698e-10
266	0.000444388591213393	6.39612403853568e-10
267	0.000445527601570591	6.38934086914294e-10
268	0.000446664622520671	6.38257601659786e-10
269	0.000447799663781202	6.37582942314446e-10
270	0.000448932734991173	6.36910103081644e-10
271	0.000450063845711901	6.36239078145168e-10
272	0.000451193005427893	6.35569861670629e-10
273	0.000452320223547709	6.34902447806812e-10
274	0.000453445509404802	6.3423683068698e-10
275	0.000454568872258371	6.33573004430167e-10
276	0.000455690321294177	6.32910963142394e-10
277	0.000456809865625346	6.3225070091788e-10
278	0.000457927514293197	6.31592211840173e-10
279	0.000459043276268003	6.30935489983298e-10
280	0.00046015716044978	6.30280529412831e-10
281	0.000461269175669068	6.29627324186943e-10
282	0.000462379330687669	6.2897586835743e-10
283	0.000463487634199405	6.28326155970694e-10
284	0.000464594094830846	6.27678181068698e-10
285	0.000465698721142043	6.27031937689884e-10
286	0.000466801521627247	6.26387419870075e-10
287	0.000467902504715605	6.25744621643342e-10
288	0.00046900167877186	6.25103537042831e-10
289	0.000470099052097037	6.2446416010159e-10
290	0.000471194632929132	6.23826484853337e-10
291	0.000472288429443762	6.23190505333228e-10
292	0.000473380449754831	6.225562155786e-10
293	0.000474470701915196	6.2192360962966e-10
294	0.000475559193917279	6.21292681530192e-10
295	0.000476645933693715	6.20663425328219e-10
296	0.000477730929117988	6.20035835076627e-10
297	0.000478814188005026	6.19409904833819e-10
298	0.000479895718111827	6.18785628664279e-10
299	0.000480975527138035	6.18163000639186e-10
300	0.000482053622726561	6.17542014836952e-10
301	0.000483130012464146	6.1692266534377e-10
302	0.000484204703881941	6.43392061311847e-10
303	0.000485277704456084	6.42748888896854e-10
304	0.000486349021608249	6.42107406240718e-10
305	0.000487418662706214	6.41467607207499e-10
306	0.000488486635064387	6.4082948567194e-10
307	0.000489552945944367	6.40193035519924e-10
308	0.000490617602555473	6.39558250648899e-10
309	0.000491680612055247	6.3892512496832e-10
310	0.000492741981550005	6.38293652400067e-10
311	0.000493801718095322	6.37663826878818e-10
312	0.000494859828696566	6.37035642352449e-10
313	0.000495916320309364	6.36409092782402e-10
314	0.000496971199840119	6.35784172144035e-10
315	0.000498024474146491	6.35160874426953e-10
316	0.000499076150037869	6.34539193635361e-10
317	0.000500126234275855	6.33919123788356e-10
318	0.000501174733574736	6.33300658920252e-10
319	0.000502221654601927	6.32683793080855e-10
320	0.000503267003978446	6.32068520335751e-10
321	0.000504310788279359	6.3145483476658e-10
322	0.000505353014034225	6.30842730471284e-10
323	0.000506393687727536	6.30232201564376e-10
324	0.000507432815799158	6.29623242177148e-10
325	0.000508470404644734	6.29015846457936e-10
326	0.000509506460616151	6.28410008572302e-10
327	0.000510540990021911	6.27805722703277e-10
328	0.000511573999127589	6.27202983051539e-10
329	0.00051260549415621	6.26601783835621e-10
330	0.000513635481288659	6.26002119292073e-10
331	0.000514663966664088	6.25403983675668e-10
332	0.000515690956380304	6.24807371259543e-10
333	0.000516716456494158	6.24212276335367e-10
334	0.000517740473021924	6.236186932135e-10
335	0.000518763011939691	6.23026616223125e-10
336	0.000519784079183731	6.22436039712397e-10
337	0.000520803680650861	6.2184695804857e-10
338	0.000521821822198821	6.2125936561811e-10
339	0.000522838509646634	6.20673256826832e-10
340	0.000523853748774962	6.20088626099993e-10
341	0.000524867545326461	6.19505467882411e-10
342	0.00052587990500611	6.18923776638551e-10
343	0.000526890833481594	6.18343546852623e-10
344	0.000527900336383614	6.17764773028675e-10
345	0.000528908419306237	6.17187449690669e-10
346	0.000529915087807226	6.16611571382556e-10
347	0.000530920347408363	6.16037132668352e-10
348	0.000531924203595788	6.154641281322e-10
349	0.000532926661820308	6.14892552378435e-10
350	0.000533927727497717	6.14322400031641e-10
351	0.00053492740600912	6.13753665736696e-10
352	0.000535925702701231	6.13186344158835e-10
353	0.000536922622886679	6.12620429983677e-10
354	0.000537918171844321	6.12055917917268e-10
355	0.000538912354819543	6.11492802686132e-10
356	0.000539905177024547	6.10931079037277e-10
357	0.000540896643638648	6.10370741738241e-10
358	0.000541886759808562	6.09811785577112e-10
359	0.000542875530648695	6.09254205362544e-10
360	0.000543862961241426	6.08697995923772e-10
361	0.000544849056637393	6.08143152110643e-10
362	0.000545833821855755	6.07589668793594e-10
363	0.000546817261884484	6.07037540863695e-10
364	0.000547799381680614	6.06486763232625e-10
365	0.000548780186170531	6.0593733083269e-10
366	0.000549759680250223	6.05389238616804e-10
367	0.000550737868785554	6.04842481558512e-10
368	0.000551714756612509	6.04297054651948e-10
369	0.000552690348537455	6.03752952911855e-10
370	0.000553664649337404	6.03210171373552e-10
371	0.000554637663760247	6.02668705092931e-10
372	0.000555609396525022	6.02128549146434e-10
373	0.000556579852322135	6.01589698631032e-10
374	0.000557549035813625	6.01052148664211e-10
375	0.000558516951633384	6.00515894383939e-10
376	0.000559483604387411	5.99980930948639e-10
377	0.000560448998654041	5.99447253537176e-10
378	0.000561413138984168	5.98914857348805e-10
379	0.000562376029901495	5.9838373760316e-10
380	0.000563337675902728	5.97853889540196e-10
381	0.000564298081457842	5.97325308420182e-10
382	0.000565257251010269	5.96797989523643e-10
383	0.000566215188977129	5.96271928151323e-10
384	0.000567171899749467	5.95747119624152e-10
385	0.00056812738769243	5.95223559283203e-10
386	0.000569081657145516	5.94701242489641e-10
387	0.000570034712422756	5.94180164624684e-10
388	0.000570986557812953	5.93660321089557e-10
389	0.000571937197579854	5.93141707305442e-10
390	0.000572886635962385	5.92624318713425e-10
391	0.000573834877174829	5.92108150774457e-10
392	0.00057478192540705	5.91593198969297e-10
393	0.000575727784824654	5.91079458798446e-10
394	0.000576672459569239	5.90566925782115e-10
395	0.000577615953758528	5.90055595460167e-10
396	0.000578558271486611	5.89545463392035e-10
397	0.00057949941682411	5.8903652515671e-10
398	0.000580439393818361	5.8852877635264e-10
399	0.000581378206493621	6.13310619843876e-10
400	0.000582315858851238	6.12783502357132e-10
401	0.000583252354869829	6.1225761180278e-10
402	0.00058418769850548	6.11732943670621e-10
403	0.000585121893691897	6.11209493470444e-10
404	0.000586054944340607	6.10687256731976e-10
405	0.000586986854341125	6.10166229004812e-10
406	0.000587917627561122	6.09646405858351e-10
407	0.000588847267846588	6.09127782881719e-10
408	0.000589775779022029	6.08610355683707e-10
409	0.000590703164890613	6.08094119892701e-10
410	0.000591629429234342	6.07579071156624e-10
411	0.000592554575814202	6.07065205142849e-10
412	0.000593478608370371	6.06552517538133e-10
413	0.000594401530622322	6.06041004048554e-10
414	0.000595323346269023	6.05530660399431e-10
415	0.000596244058989079	6.05021482335264e-10
416	0.000597163672440892	6.0451346561964e-10
417	0.000598082190262807	6.04006606035188e-10
418	0.000598999616073293	6.03500899383479e-10
419	0.000599915953471066	6.02996341484977e-10
420	0.000600831206035232	6.02492928178947e-10
421	0.000601745377325491	6.01990655323392e-10
422	0.000602658470882218	6.01489518794967e-10
423	0.000603570490226638	6.00989514488922e-10
424	0.000604481438860985	6.00490638319012e-10
425	0.000605391320268622	5.99992886217426e-10
426	0.000606300137914198	5.99496254134713e-10
427	0.000607207895243773	5.99000738039705e-10
428	0.000608114595684968	5.9850633391945e-10
429	0.000609020242647112	5.98013037779113e-10
430	0.000609924839521353	5.97520845641936e-10
431	0.000610828389680817	5.97029753549121e-10
432	0.000611730896480737	5.96539757559787e-10
433	0.000612632363258559	5.96050853750873e-10
434	0.000613532793334129	5.95563038217075e-10
435	0.000614432190009759	5.95076307070759e-10
436	0.000615330556570402	5.94590656441886e-10
437	0.000616227896283767	5.94106082477945e-10
438	0.000617124212400431	5.93622581343867e-10
439	0.000618019508153983	5.93140149221948e-10
440	0.000618913786761142	5.92658782311768e-10
441	0.000619807051421882	5.92178476830138e-10
442	0.000620699305319536	5.9169922901099e-10
443	0.000621590551620944	5.91221035105321e-10
444	0.000622480793476565	5.90743891381114e-10
445	0.000623370034020571	5.90267794123255e-10
446	0.000624258276371005	5.89792739633456e-10
447	0.000625145523629857	5.89318724230193e-10
448	0.000626031778883211	5.8884574424861e-10
449	0.000626917045201343	5.88373796040451e-10
450	0.000627801325638828	5.8790287597399e-10
451	0.000628684623234674	5.87432980433937e-10
452	0.000629566941012415	5.86964105821384e-10
453	0.000630448281980225	5.86496248553711e-10
454	0.000631328649131032	5.86029405064521e-10
455	0.000632208045442606	5.85563571803553e-10
456	0.000633086473877703	5.85098745236626e-10
457	0.000633963937384137	5.84634921845536e-10
458	0.000634840438894904	5.84172098128004e-10
459	0.000635715981328278	5.83710270597586e-10
460	0.00063659056758791	5.83249435783609e-10
461	0.000637464200562942	5.82789590231091e-10
462	0.000638336883128116	5.82330730500654e-10
463	0.000639208618143822	5.81872853168478e-10
464	0.000640079408456291	5.81415954826195e-10
465	0.000640949256897586	5.80960032080836e-10
466	0.000641818166285789	5.80505081554751e-10
467	0.000642686139425047	5.80051099885529e-10
468	0.000643553179105685	5.79598083725935e-10
469	0.000644419288104304	5.79146029743827e-10
470	0.000645284469183857	5.78694934622082e-10
471	0.000646148725093773	5.78244795058543e-10
472	0.000647012058570013	5.77795607765909e-10
473	0.000647874472335206	5.77347369471704e-10
474	0.000648735969098696	5.7690007691817e-10
475	0.00064959655155665	5.76453726862214e-10
476	0.000650456222392159	5.76008316075333e-10
477	0.00065131498427532	5.7556384134354e-10
478	0.000652172839863314	5.7512029946729e-10
479	0.000653029791800494	5.74677687261412e-10
480	0.000653885842718486	5.74236001555043e-10
481	0.00065474099523626	5.73795239191543e-10
482	0.000655595251960231	5.73355397028438e-10
483	0.000656448615484319	5.72916471937345e-10
484	0.000657301088390052	5.72478460803905e-10
485	0.000658152673246658	5.72041360527702e-10
486	0.0006590033726111	5.71605168022206e-10
487	0.000659853189028211	5.71169880214703e-10
488	0.000660702125030759	5.70735494046219e-10
489	0.000661550183139506	5.70302006471451e-10
490	0.000662397365863303	5.69869414458709e-10
491	0.000663243675699182	5.69437714989835e-10
492	0.000664089115132402	5.69006905060145e-10
493	0.000664933686636558	5.68576981678357e-10
494	0.000665777392673632	5.68147941866521e-10
495	0.0006666202356941	5.67719782659963e-10
496	0.000667462218136956	5.67292501107198e-10
497	0.00066830334242985	5.66866094269885e-10
498	0.000669143610989111	5.66440559222747e-10
499	0.00066998302621985	5.66015893053512e-10
500	0.000670821590516021	5.65592092862844e-10
501	0.000671659306260493	5.65169155764275e-10
502	0.000672496175825128	5.64747078884151e-10
503	0.000673332201570841	5.64325859361548e-10
504	0.000674167385847675	5.63905494348228e-10
505	0.00067500173099489	5.63485981008562e-10
506	0.000675835239341006	5.63067316519467e-10
507	0.000676667913203869	5.62649498070347e-10
508	0.000677499754890756	5.62232522863032e-10
509	0.000678330766698398	5.61816388111701e-10
510	0.000679160950913064	5.61401091042833e-10
511	0.000679990309810661	5.60986628895143e-10
512	0.000680818845656731	5.6057299891951e-10
513	0.000681646560706578	5.60160198378921e-10
514	0.00068247345720531	5.5974822454842e-10
515	0.000683299537387879	5.59337074715024e-10
516	0.000684124803479216	5.58926746177681e-10
517	0.000684949257694195	5.58517236247202e-10
518	0.000685772902237779	5.58108542246198e-10
519	0.000686595739305044	5.57700661509024e-10
520	0.000687417771081248	5.80756032463828e-10
521	0.000688238999741894	5.80332666401215e-10
522	0.000689059427452784	5.79910139580526e-10
523	0.000689879056370088	5.79488449272211e-10
524	0.000690697888640407	5.79067592758657e-10
525	0.000691515926400816	5.78647567334108e-10
526	0.000692333171778942	5.78228370304627e-10
527	0.000693149626892993	5.77809998988007e-10
528	0.000693965293851867	5.77392450713742e-10
529	0.000694780174755152	5.76975722822938e-10
530	0.000695594271693224	5.76559812668277e-10
531	0.000696407586747282	5.7614471761394e-10
532	0.000697220121989411	5.75730435035561e-10
533	0.000698031879482654	5.75316962320161e-10
534	0.000698842861281029	5.74904296866093e-10
535	0.000699653069429613	5.74492436082986e-10
536	0.000700462505964605	5.74081377391676e-10
537	0.000701271172913347	5.73671118224163e-10
538	0.000702079072294396	5.73261656023549e-10
539	0.000702886206117583	5.72852988243976e-10
540	0.000703692576384058	5.72445112350574e-10
541	0.000704498185086339	5.72038025819403e-10
542	0.000705303034208383	5.71631726137405e-10
543	0.000706107125725602	5.71226210802331e-10
544	0.000706910461604944	5.70821477322702e-10
545	0.000707713043804938	5.70417523217748e-10
546	0.000708514874275731	5.70014346017353e-10
547	0.000709315954959171	5.69611943262e-10
548	0.000710116287788802	5.69210312502712e-10
549	0.000710915874689971	5.68809451301015e-10
550	0.000711714717579831	5.68409357228861e-10
551	0.000712512818367425	5.68010027868594e-10
552	0.000713310178953707	5.67611460812886e-10
553	0.000714106801231614	5.67213653664686e-10
554	0.000714902687086081	5.66816604037173e-10
555	0.00071569783839412	5.66420309553696e-10
556	0.000716492257024852	5.66024767847727e-10
557	0.000717285944839552	5.65629976562804e-10
558	0.000718078903691703	5.65235933352493e-10
559	0.000718871135427029	5.64842635880315e-10
560	0.000719662641883559	5.64450081819719e-10
561	0.000720453424891652	5.64058268854007e-10
562	0.000721243486274055	5.63667194676311e-10
563	0.000722032827845931	5.63276856989517e-10
564	0.000722821451414936	5.62887253506228e-10
565	0.000723609358781217	5.62498381948715e-10
566	0.000724396551737504	5.62110240048869e-10
567	0.000725183032069102	5.61722825548146e-10
568	0.000725968801553975	5.61336136197516e-10
569	0.000726753861962784	5.60950169757424e-10
570	0.000727538215058897	5.6056492399774e-10
571	0.000728321862598452	5.60180396697703e-10
572	0.000729104806330419	5.59796585645877e-10
573	0.000729887047996605	5.59413488640117e-10
574	0.000730668589331715	5.59031103487496e-10
575	0.000731449432063375	5.58649428004276e-10
576	0.000732229577912201	5.58268460015865e-10
577	0.000733009028591824	5.57888197356755e-10
578	0.000733787785808913	5.57508637870484e-10
579	0.00073456585126324	5.57129779409594e-10
580	0.000735343226647706	5.56751619835576e-10
581	0.000736119913648382	5.56374157018839e-10
582	0.00073689591394455	5.55997388838642e-10
583	0.000737671229208729	5.5562131318308e-10
584	0.000738445861106738	5.55245927949006e-10
585	0.00073921981129771	5.54871231042014e-10
586	0.000739993081434137	5.54497220376379e-10
587	0.000740765673161917	5.54123893875013e-10
588	0.000741537588120366	5.53751249469437e-10
589	0.000742308827942277	5.53379285099719e-10
590	0.00074307939425396	5.53007998714444e-10
591	0.000743849288675255	5.52637388270658e-10
592	0.000744618512819575	5.52267451733838e-10
593	0.000745387068293981	5.51898187077842e-10
594	0.000746154956699128	5.5152959228487e-10
595	0.000746922179629401	5.51161665345422e-10
596	0.000747688738672891	5.50794404258256e-10
597	0.000748454635411435	5.50427807030343e-10
598	0.000749219871420665	5.5006187167683e-10
599	0.000749984448270028	5.49696596220997e-10
600	0.000750748367522834	5.49331978694216e-10
601	0.000751511630736282	5.48968017135911e-10
602	0.000752274239461495	5.48604709593516e-10
603	0.000753036195243535	5.48242054122444e-10
604	0.000753797499621473	5.47880048786029e-10
605	0.000754558154128394	5.47518691655503e-10
606	0.000755318160291439	5.47157980809945e-10
607	0.000756077519631828	5.46797914336256e-10
608	0.000756836233664902	5.46438490329096e-10
609	0.000757594303900144	5.46079706890879e-10
610	0.000758351731841244	5.45721562131694e-10
611	0.000759108518986077	5.45364054169311e-10
612	0.00075986466682677	5.45007181129097e-10
613	0.000760620176849724	5.44650941144012e-10
614	0.00076137505053565	5.44295332354565e-10
615	0.000762129289359591	5.4394035290876e-10
616	0.000762882894790949	5.43586000962076e-10
617	0.000763635868293529	5.43232274677427e-10
618	0.000764388211325565	5.42879172225111e-10
619	0.000765139925339737	5.42526691782795e-10
620	0.000765891011783219	5.42174831535461e-10
621	0.000766641472097686	5.41823589675378e-10
622	0.000767391307719368	5.41472964402071e-10
623	0.00076814052007906	5.41122953922263e-10
624	0.000768889110602161	5.40773556449872e-10
625	0.000769637080708692	5.40424770205942e-10
626	0.000770384431813342	5.40076593418634e-10
627	0.000771131165325478	5.39729024323178e-10
628	0.000771877282649177	5.39382061161838e-10
629	0.000772622785183259	5.39035702183888e-10
630	0.000773367674321319	5.38689945645555e-10
631	0.000774111951451732	5.38344789810009e-10
632	0.000774855617957716	5.38000232947321e-10
633	0.000775598675217318	5.37656273334422e-10
634	0.000776341124603473	5.37312909255071e-10
635	0.000777082967484011	5.36970138999833e-10
636	0.000777824205221713	5.36627960866029e-10
637	0.000778564839174276	5.36286373157715e-10
638	0.000779304870694414	5.35945374185646e-10
639	0.000780044301129834	5.35604962267241e-10
640	0.000780783131823273	5.35265135726546e-10
641	0.000781521364112532	5.34925892894216e-10
642	0.000782258999330499	5.34587232107469e-10
643	0.000782996038805158	5.34249151710058e-10
644	0.000783732483859646	5.33911650052237e-10
645	0.000784468335812237	5.33574725490739e-10
646	0.000785203595976408	5.33238376388732e-10
647	0.000785938265660843	5.32902601115795e-10
648	0.000786672346169438	5.32567398047883e-10
649	0.000787405838801369	5.32232765567299e-10
650	0.000788138744851081	5.31898702062658e-10
651	0.000788871065608332	5.31565205928871e-10
652	0.0007896028023582	5.31232275567085e-10
653	0.000790333956381126	5.30899909384689e-10
654	0.00079106452895291	5.30568105795256e-10
655	0.000791794521344769	5.30236863218527e-10
656	0.00079252393482333	5.29906180080371e-10
657	0.000793252770650669	5.2957605481277e-10
658	0.000793981030084343	5.29246485853775e-10
659	0.000794708714377368	5.28917471647487e-10
660	0.000795435824778298	5.28589010644015e-10
661	0.000796162362531231	5.28261101299465e-10
662	0.000796888328875794	5.27933742075894e-10
663	0.000797613725047211	5.27606931441292e-10
664	0.000798338552276314	5.27280667869552e-10
665	0.00079906281178955	5.26954949840436e-10
666	0.00079978650480901	5.26629775839549e-10
667	0.000800509632552452	5.26305144358318e-10
668	0.000801232196233335	5.25981053893958e-10
669	0.000801954197060811	5.25657502949433e-10
670	0.000802675636239772	5.46995507852368e-10
671	0.000803396514970868	5.46659734878709e-10
672	0.00080411683445051	5.46324519030228e-10
673	0.000804836595870904	5.45989858771874e-10
674	0.000805555800420087	5.45655752574456e-10
675	0.000806274449281904	5.45322198914616e-10
676	0.000806992543636077	5.44989196274791e-10
677	0.000807710084658193	5.44656743143192e-10
678	0.000808427073519746	5.44324838013774e-10
679	0.000809143511388129	5.43993479386214e-10
680	0.000809859399426681	5.43662665765871e-10
681	0.000810574738794692	5.43332395663775e-10
682	0.000811289530647441	5.43002667596589e-10
683	0.000812003776136173	5.42673480086592e-10
684	0.000812717476408172	5.42344831661635e-10
685	0.000813430632606749	5.42016720855137e-10
686	0.000814143245871257	5.41689146206041e-10
687	0.000814855317337142	5.41362106258797e-10
688	0.000815566848135903	5.41035599563333e-10
689	0.000816277839395187	5.40709624675031e-10
690	0.00081698829223874	5.4038418015469e-10
691	0.000817698207786483	5.40059264568526e-10
692	0.000818407587154468	5.39734876488118e-10
693	0.000819116431454959	5.39411014490401e-10
694	0.000819824741796398	5.39087677157638e-10
695	0.00082053251928346	5.38764863077383e-10
696	0.000821239765017062	5.38442570842474e-10
697	0.000821946480094357	5.38120799050995e-10
698	0.000822652665608777	5.37799546306257e-10
699	0.000823358322650063	5.37478811216772e-10
700	0.000824063452304245	5.37158592396229e-10
701	0.000824768055653682	5.36838888463475e-10
702	0.000825472133777082	5.36519698042473e-10
703	0.000826175687749492	5.36201019762308e-10
704	0.000826878718642367	5.3588285225713e-10
705	0.000827581227523536	5.35565194166158e-10
706	0.000828283215457247	5.35248044133636e-10
707	0.000828984683504177	5.34931400808823e-10
708	0.000829685632721433	5.34615262845967e-10
709	0.000830386064162604	5.34299628904274e-10
710	0.00083108597887774	5.33984497647894e-10
711	0.000831785377913403	5.33669867745895e-10
712	0.000832484262312647	5.3335573787224e-10
713	0.000833182633115067	5.33042106705766e-10
714	0.000833880491356781	5.32728972930153e-10
715	0.000834577838070496	5.32416335233916e-10
716	0.000835274674285475	5.32104192310372e-10
717	0.000835971001027558	5.3179254285762e-10
718	0.000836666819319231	5.31481385578519e-10
719	0.000837362130179561	5.31170719180673e-10
720	0.000838056934624277	5.30860542376396e-10
721	0.000838751233665762	5.30550853882698e-10
722	0.000839445028313051	5.30241652421268e-10
723	0.000840138319571878	5.2993293671844e-10
724	0.000840831108444664	5.29624705505186e-10
725	0.00084152339593056	5.29316957517081e-10
726	0.000842215183025429	5.29009691494298e-10
727	0.000842906470721891	5.28702906181563e-10
728	0.000843597260009308	5.2839660032816e-10
729	0.000844287551873848	5.28090772687898e-10
730	0.000844977347298433	5.27785422019086e-10
731	0.000845666647262798	5.27480547084519e-10
732	0.000846355452743517	5.2717614665146e-10
733	0.000847043764713966	5.26872219491612e-10
734	0.000847731584144384	5.26568764381103e-10
735	0.00084841891200186	5.26265780100464e-10
736	0.000849105749250373	5.25963265434605e-10
737	0.000849792096850774	5.2566121917281e-10
738	0.000850477955760832	5.253596401087e-10
739	0.000851163326935228	5.25058527040213e-10
740	0.000851848211325553	5.24757878769607e-10
741	0.000852532609880378	5.24457694103412e-10
742	0.000853216523545202	5.24157971852429e-10
743	0.000853899953262516	5.23858710831705e-10
744	0.000854582899971786	5.23559909860511e-10
745	0.000855265364609478	5.23261567762331e-10
746	0.000855947348109074	5.22963683364835e-10
747	0.000856628851401073	5.22666255499861e-10
748	0.000857309875413012	5.22369283003403e-10
749	0.000857990421069491	5.22072764715584e-10
750	0.000858670489292176	5.21776699480644e-10
751	0.000859350080999785	5.21481086146917e-10
752	0.000860029197108162	5.21185923566813e-10
753	0.000860707838530229	5.20891210596805e-10
754	0.000861386006176035	5.20596946097401e-10
755	0.000862063700952747	5.20303128933135e-10
756	0.000862740923764697	5.20009757972553e-10
757	0.000863417675513347	5.19716832088172e-10
758	0.000864093957097333	5.1942435015649e-10
759	0.000864769769412474	5.19132311057955e-10
760	0.00086544511335178	5.18840713676944e-10
761	0.000866119989805464	5.18549556901756e-10
762	0.000866794399660949	5.18258839624584e-10
763	0.000867468343802888	5.17968560741505e-10
764	0.000868141823113188	5.17678719152458e-10
765	0.000868814838470991	5.17389313761238e-10
766	0.00086948739075271	5.17100343475455e-10
767	0.000870159480832025	5.16811807206545e-10
768	0.000870831109579917	5.16523703869734e-10
769	0.000871502277864668	5.16236032384027e-10
770	0.000872172986551855	5.15948791672197e-10
771	0.000872843236504395	5.15661980660758e-10
772	0.000873513028582523	5.15375598279955e-10
773	0.000874182363643832	5.15089643463749e-10
774	0.000874851242543276	5.14804115149794e-10
775	0.000875519666133154	5.14519012279422e-10
776	0.000876187635263173	5.1423433379764e-10
777	0.000876855150780413	5.13950078653093e-10
778	0.00087752221352936	5.13666245798064e-10
779	0.000878188824351934	5.13382834188448e-10
780	0.000878854984087432	5.13099842783744e-10
781	0.000879520693572637	5.12817270547036e-10
782	0.000880185953641751	5.12535116444973e-10
783	0.00088085076512644	5.12253379447761e-10
784	0.000881515128855825	5.11972058529143e-10
785	0.000882179045656545	5.11691152666386e-10
786	0.000882842516352672	5.11410660840263e-10
787	0.000883505541765825	5.11130582035036e-10
788	0.000884168122715103	5.10850915238448e-10
789	0.000884830260017148	5.10571659441703e-10
790	0.000885491954486126	5.10292813639448e-10
791	0.000886153206933743	5.10014376829766e-10
792	0.000886814018169252	5.09736348014156e-10
793	0.000887474388999482	5.09458726197515e-10
794	0.000888134320228831	5.09181510388129e-10
795	0.000888793812659264	5.08904699597662e-10
796	0.00088945286709036	5.08628292841129e-10
797	0.000890111484319299	5.08352289136889e-10
798	0.000890769665140858	5.08076687506634e-10
799	0.000891427410347456	5.07801486975367e-10
800	0.000892084720729133	5.07526686571394e-10
801	0.000892741597073579	5.07252285326307e-10
802	0.000893398040166136	5.06978282274966e-10
803	0.000894054050789797	5.06704676455494e-10
804	0.000894709629725254	5.06431466909256e-10
805	0.000895364777750845	5.06158652680848e-10
806	0.00089601949564263	5.05886232818079e-10
807	0.000896673784174368	5.05614206371962e-10
808	0.000897327644117495	5.05342572396703e-10
809	0.000897981076241211	5.0507132994968e-10
810	0.000898634081312418	5.04800478091429e-10
811	0.000899286660095767	5.04530015885643e-10
812	0.000899938813353654	5.04259942399135e-10
813	0.000900590541846233	5.03990256701854e-10
814	0.000901241846331428	5.03720957866853e-10
815	0.000901892727564927	5.03452044970275e-10
816	0.000902543186300221	5.03183517091347e-10
817	0.000903193223288576	5.02915373312368e-10
818	0.000903842839279077	5.0264761271869e-10
819	0.000904492035018604	5.02380234398708e-10
820	0.000905140811251885	5.02113237443841e-10
821	0.000905789168721437	5.01846620948535e-10
822	0.000906437108167655	5.01580384010233e-10
823	0.00090708463032876	5.01314525729372e-10
824	0.000907731735940834	5.01049045209368e-10
825	0.000908378425737818	5.00783941556601e-10
826	0.000909024700451541	5.00519213880409e-10
827	0.000909670560811691	5.00254861293066e-10
828	0.000910316007545866	4.99990882909779e-10
829	0.000910961041379558	4.99727277848669e-10
830	0.000911605663036163	4.99464045230765e-10
831	0.000912249873236992	4.99201184179984e-10
832	0.00091289367270128	4.98938693823124e-10
833	0.000913537062146208	4.98676573289855e-10
834	0.000914180042286876	4.98414821712694e-10
835	0.00091482261383635	4.98153438227014e-10
836	0.000915464777505637	4.97892421971009e-10
837	0.000916106534003728	4.97631772085702e-10
838	0.000916747884037573	4.97371487714918e-10
839	0.000917388828312115	4.97111568005284e-10
840	0.00091802936753028	4.96852012106206e-10
841	0.000918669502392986	4.96592819169874e-10
842	0.000919309233599162	4.96333988351226e-10
843	0.000919948561845759	4.96075518807965e-10
844	0.000920587487827733	4.95817409700525e-10
845	0.000921226012238092	4.95559660192064e-10
846	0.000921864135767847	4.95302269448467e-10
847	0.000922501859106083	4.95045236638318e-10
848	0.000923139182939931	4.94788560932897e-10
849	0.000923776107954564	4.94532241506163e-10
850	0.000924412634833252	4.94276277534752e-10
851	0.000925048764257328	4.9402066819796e-10
852	0.000925684496906197	4.93765412677729e-10
853	0.000926319833457351	4.93510510158645e-10
854	0.000926954774586416	4.9325595982792e-10
855	0.000927589320967085	5.12919028746228e-10
856	0.000928223473271172	5.12654924895277e-10
857	0.000928857232168633	5.12391184940498e-10
858	0.000929490598327521	5.12127808047092e-10
859	0.000930123572414047	5.11864793382936e-10
860	0.00093075615509255	5.11602140118576e-10
861	0.000931388347025514	5.1133984742722e-10
862	0.000932020148873607	5.11077914484712e-10
863	0.000932651561295631	5.10816340469539e-10
864	0.000933282584948573	5.10555124562813e-10
865	0.000933913220487591	5.1029426594825e-10
866	0.000934543468566036	5.1003376381218e-10
867	0.000935173329835433	5.09773617343514e-10
868	0.000935802804945534	5.0951382573376e-10
869	0.00093643189454427	5.09254388176984e-10
870	0.000937060599277808	5.08995303869818e-10
871	0.000937688919790513	5.08736572011443e-10
872	0.000938316856724983	5.08478191803584e-10
873	0.000938944410722062	5.08220162450492e-10
874	0.000939571582420812	5.07962483158938e-10
875	0.000940198372458569	5.07705153138202e-10
876	0.000940824781470886	5.07448171600066e-10
877	0.000941450810091621	5.07191537758799e-10
878	0.000942076458952856	5.06935250831148e-10
879	0.000942701728684968	5.06679310036333e-10
880	0.000943326619916615	5.06423714596033e-10
881	0.000943951133274729	5.06168463734371e-10
882	0.00094457526938456	5.05913556677913e-10
883	0.000945199028869617	5.05658992655653e-10
884	0.00094582241235176	5.05404770899011e-10
885	0.000946445420451124	5.05150890641808e-10
886	0.000947068053786186	5.04897351120273e-10
887	0.000947690312973729	5.04644151573021e-10
888	0.000948312198628897	5.04391291241049e-10
889	0.000948933711365135	5.04138769367733e-10
890	0.000949554851794261	5.03886585198802e-10
891	0.000950175620526424	5.0363473798234e-10
892	0.000950796018170141	5.03383226968778e-10
893	0.000951416045332292	5.0313205141088e-10
894	0.000952035702618114	5.0288121056373e-10
895	0.000952654990631231	5.02630703684739e-10
896	0.000953273909973628	5.02380530033609e-10
897	0.000953892461245717	5.02130688872356e-10
898	0.000954510645046262	5.0188117946527e-10
899	0.000955128461972437	5.01632001078927e-10
900	0.000955745912619838	5.01383152982177e-10
901	0.000956362997582449	5.01134634446119e-10
902	0.000956979717452689	5.00886444744118e-10
903	0.000957596072821379	5.0063858315177e-10
904	0.000958212064277789	5.00391048946915e-10
905	0.000958827692409621	5.00143841409611e-10
906	0.000959442957802998	4.99896959822141e-10
907	0.000960057861042516	4.9965040346899e-10
908	0.000960672402711194	4.99404171636842e-10
909	0.000961286583390535	4.99158263614577e-10
910	0.000961900403660484	4.98912678693252e-10
911	0.00096251386409947	4.98667416166098e-10
912	0.000963126965284387	4.98422475328516e-10
913	0.000963739707790614	4.98177855478059e-10
914	0.000964352092192005	4.97933555914431e-10
915	0.00096496411906092	4.97689575939469e-10
916	0.000965575788968208	4.9744591485715e-10
917	0.000966187102483222	4.97202571973569e-10
918	0.000966798060173819	4.96959546596941e-10
919	0.000967408662606365	4.96716838037578e-10
920	0.000968018910345766	4.96474445607901e-10
921	0.000968628803955427	4.96232368622413e-10
922	0.000969238343997293	4.95990606397703e-10
923	0.000969847531031842	4.95749158252431e-10
924	0.000970456365618089	4.95508023507328e-10
925	0.000971064848313608	4.95267201485178e-10
926	0.000971672979674503	4.95026691510816e-10
927	0.000972280760255451	4.94786492911121e-10
928	0.000972888190609674	4.94546605015005e-10
929	0.000973495271288972	4.94307027153401e-10
930	0.000974102002843718	4.94067758659269e-10
931	0.000974708385822849	4.93828798867574e-10
932	0.000975314420773896	4.93590147115282e-10
933	0.000975920108242971	4.93351802741363e-10
934	0.000976525448774784	4.93113765086766e-10
935	0.000977130442912621	4.92876033494418e-10
936	0.000977735091198403	4.92638607309227e-10
937	0.000978339394172633	4.9240148587806e-10
938	0.000978943352374431	4.9216466854974e-10
939	0.000979546966341542	4.91928154675043e-10
940	0.000980150236610322	4.9169194360668e-10
941	0.000980753163715761	4.91456034699308e-10
942	0.000981355748191479	4.91220427309501e-10
943	0.000981957990569724	4.90985120795756e-10
944	0.0009825598913814	4.90750114518484e-10
945	0.000983161451156057	4.9051540784e-10
946	0.000983762670421878	4.90281000124517e-10
947	0.000984363549705726	4.90046890738137e-10
948	0.000984964089533096	4.89813079048846e-10
949	0.000985564290428174	4.89579564426509e-10
950	0.00098616415291381	4.89346346242858e-10
951	0.000986763677511516	4.89113423871484e-10
952	0.000987362864741502	4.88880796687841e-10
953	0.000987961715122639	4.8864846406922e-10
954	0.000988560229172513	4.88416425394766e-10
955	0.000989158407407389	4.88184680045443e-10
956	0.00098975625034223	4.87953227404053e-10
957	0.000990353758490696	4.87722066855215e-10
958	0.000990950932365173	4.87491197785359e-10
959	0.000991547772476733	4.87260619582729e-10
960	0.000992144279335193	4.87030331637355e-10
961	0.000992740453449069	4.8680033334107e-10
962	0.000993336295325607	4.86570624087493e-10
963	0.000993931805470784	4.86341203272018e-10
964	0.000994526984389318	4.86112070291813e-10
965	0.000995121832584651	4.85883224545813e-10
966	0.000995716350558981	4.85654665434708e-10
967	0.000996310538813241	4.8542639236095e-10
968	0.00099690439784713	4.85198404728727e-10
969	0.000997497928159095	4.84970701943972e-10
970	0.000998091130246339	4.8474328341435e-10
971	0.000998684004604833	4.84516148549253e-10
972	0.000999276551729323	4.8428929675979e-10
973	0.000999868772113309	4.8406272745879e-10
974	0.00100046066624909	4.83836440060783e-10
975	0.00100105223462775	4.83610433982005e-10
976	0.00100164347773914	4.83384708640382e-10
977	0.0010022343960719	4.8315926345553e-10
978	0.00100282499011347	4.82934097848751e-10
979	0.0010034152603501	4.82709211243015e-10
980	0.00100400520726684	4.82484603062969e-10
981	0.00100459483134751	4.82260272734917e-10
982	0.0010051841330748	4.82036219686827e-10
983	0.00100577311293016	4.81812443348311e-10
984	0.0010063617713939	4.81588943150634e-10
985	0.00100695010894513	4.8136571852669e-10
986	0.00100753812606179	4.81142768911014e-10
987	0.00100812582322065	4.80920093739765e-10
988	0.00100871320089732	4.80697692450721e-10
989	0.00100930025956625	4.80475564483279e-10
990	0.00100988699970072	4.80253709278439e-10
991	0.00101047342177288	4.80032126278809e-10
992	0.00101105952625369	4.79810814928593e-10
993	0.00101164531361302	4.79589774673584e-10
994	0.00101223078431954	4.79369004961162e-10
995	0.00101281593884083	4.79148505240287e-10
996	0.00101340077764332	4.78928274961491e-10
997	0.00101398530119229	4.78708313576873e-10
998	0.00101456950995192	4.78488620540099e-10
999	0.00101515340438525	4.78269195306391e-10
1000	0.00100658994218745	4.78725845654089e-10
1001	0.00101632025211962	4.77831146076785e-10
