1	0.0379634242030803	692.068973036384
2	0.0520266586075817	1307.48528834892
3	0.0642227187873403	1892.72097301647
4	0.0753570881955202	2617.91218631997
5	0.0857814045109111	3225.24314142428
6	0.0888661360393792	4029.63515167066
7	0.0976966344126005	4889.32065413635
8	0.106231187516421	5802.59602269612
9	0.114521694867261	6768.06611327578
10	0.122606231112955	7380.23159360972
11	0.130513658988594	8391.31954205248
12	0.138266449518492	9448.95218590185
13	0.145882489946584	10552.3672259083
14	0.153376288487934	11700.8758529961
15	0.160759803516457	12893.8500709829
16	0.168043030163111	13415.3546309573
17	0.175234425244053	14630.7629902846
18	0.182341221501844	15886.8620972104
19	0.189369664259827	17183.2131956847
20	0.196325192550608	18519.4051996754
21	0.203212579766247	19895.0516070322
22	0.210036044307799	21309.7879055671
23	0.21679933766576	22763.2693703358
24	0.223505815291002	24255.169176064
25	0.2301584941805	25785.1767665194
26	0.236760100091043	26002.4463698613
27	0.243313106571043	27528.5319947351
28	0.249819767476234	29090.0382812946
29	0.256282144249828	30686.7199280439
30	0.26270212896144	32318.341786601
31	0.269081463883998	33984.6781284582
32	0.275421758224424	35685.5119868302
33	0.281724502498863	37420.6345636609
34	0.287991080946265	39189.844693475
35	0.294222782298847	40992.9483570352
36	0.300420809168543	42829.7582388549
37	0.306586286261632	44700.0933234571
38	0.312720267596398	46603.778526019
39	0.318823742868548	48540.6443536253
40	0.324897643084991	48076.6517716419
41	0.330942845566844	49982.8880974027
42	0.336960178406445	51920.2513269565
43	0.34295042445011	53888.5986821187
44	0.348914324867286	55887.7914362201
45	0.354852582357925	57917.6947134254
46	0.360765864042279	59978.1773020922
47	0.3666548040711	62069.1114809088
48	0.372520005988955	64190.3728566855
49	0.378362044878878	66341.8402127975
50	0.384181469312868	68523.3953673762
51	0.389978803129551	70734.9230404454
52	0.39575454705754	72976.3107292811
53	0.401509180200808	75247.4485913306
54	0.407243161400275	77548.2293341133
55	0.412956930484155	79878.5481115592
56	0.418650909418158	82238.3024263046
57	0.424325503365244	84627.3920375098
58	0.429981101663673	87045.7188737852
59	0.435618078730971	85282.3466208058
60	0.441236794900644	87642.3366710049
61	0.446837597197832	90029.9195413744
62	0.452420820059253	92445.0093007266
63	0.457986786002341	94887.5217323442
64	0.463535806248031	97357.3742739093
65	0.469068181301032	99854.4859604229
66	0.47458420149116	102378.7773699
67	0.480084147478993	104930.170571691
68	0.485568290728631	107508.589077245
69	0.491036893950246	110113.957793183
70	0.496490211514775	112746.202976528
71	0.501928489842916	115405.252191976
72	0.50735196777033	118091.034271083
73	0.512760876890931	120803.47927325
74	0.518155441879746	123542.518448424
75	0.523535880796996	126308.084201391
76	0.528902405374584	129100.110057602
77	0.534255221286368	131918.530630423
78	0.539594528403251	134763.281589747
79	0.5449205210342	137634.299631889
80	0.550233388154131	140531.5224507
81	0.555533313619534	143454.888709835
82	0.560820476372629	146404.338016114
83	0.566095050634865	149379.810893918
84	0.57135720609039	152381.248760582
85	0.576607108060147	148264.346004776
86	0.581844917667212	151177.183807893
87	0.587070791993865	154114.630189534
88	0.592284884230974	157076.63245016
89	0.597487343820079	160063.138637303
90	0.602678316588679	163074.097526839
91	0.60785794487908	166109.458604936
92	0.613026367671222	169169.172050626
93	0.618183720699768	172253.188718998
94	0.623330136565903	175361.460124966
95	0.628465744843963	178493.938427582
96	0.633590672183377	181650.576414899
97	0.638705042406024	184831.327489316
98	0.643808976599379	188036.145653431
99	0.648902593205564	191264.985496344
100	0.637188140877681	193543.388735139
101	0.659059334706125	197794.551428403
102	0.664122684007444	201095.189511133
103	0.669176164688623	204419.673235389
104	0.674219883174309	207767.95993231
105	0.679253943704666	211140.007446093
106	0.684278448401559	214535.774123054
107	0.689293497332059	217955.218801014
108	0.694299188569463	221398.300799017
109	0.69929561825192	224864.97990734
110	0.704282880638758	228355.216377809
111	0.709261068164715	231868.970914398
112	0.714230271492023	235406.204664087
113	0.719190579560593	238966.879208005
114	0.724142079636298	242550.956552812
115	0.729084857357479	246158.399122323
116	0.734018996779739	249789.169749375
117	0.738944580419146	253443.231667918
118	0.743861689293793	257120.548505318
119	0.748770402964	260821.084274875
120	0.753670799570989	252656.695506297
121	0.758562955874264	256235.185978995
122	0.763446947287654	259835.751005363
123	0.768322847914158	263458.357622569
124	0.773190730579552	267102.973203412
125	0.778050666864914	270769.56545026
126	0.782902727137978	274458.10238911
127	0.787746980583543	278168.552363833
128	0.792583495232774	281900.884030542
129	0.797412337991657	285655.066352109
130	0.802233574668398	289431.068592828
131	0.807047270000067	293228.860313197
132	0.811853487678304	297048.411364839
133	0.816652290374233	300889.691885544
134	0.821443739762616	304752.67229443
135	0.826227896545233	308637.323287219
136	0.831004820473506	312543.615831637
137	0.835774570370497	316471.521162911
138	0.840537204152179	320421.010779377
139	0.845292778848107	324392.056438194
140	0.850041350621382	328384.630151148
141	0.854782974788157	332398.704180573
142	0.859517705836428	336434.251035339
143	0.86424559744436	340491.243466954
144	0.868966702498039	344569.65446574
145	0.873681073108754	348669.457257105
146	0.878388760629691	352790.625297893
147	0.883089815672265	356933.132272809
148	0.887784288121911	361096.952090941
149	0.892472227153435	365282.058882339
150	0.897153681245982	369488.426994673
151	0.901828698197543	373716.030989976
152	0.906497325139101	377964.845641439
153	0.911159608548323	382234.84593029
154	0.915815594262953	386526.007042719
155	0.920465327493834	390838.304366895
156	0.92510885283752	395171.713490022
157	0.929746214288598	399526.210195464
158	0.93437745525172	403901.770459941
159	0.939002618553215	408298.370450752
160	0.943621746452499	412715.986523101
161	0.948234880653143	417154.595217424
162	0.95284206231366	421614.173256818
163	0.957443332057991	426094.697544481
164	0.962038729985783	430596.145161245
165	0.966628295682375	435118.493363111
166	0.971212068228487	420338.329018537
167	0.975790086209746	424701.816696959
168	0.980362387725959	429085.22211587
169	0.984929010400068	433488.524178372
170	0.98948999138704	437911.701944048
171	0.994045367382378	442354.734626888
172	0.998595174630566	446817.60159324
173	1.00313944893319	451300.282359829
174	1.007678225657	455802.756591791
175	1.01221153974158	460325.004100741
176	1.01673942570709	464867.004842899
177	1.02126191766163	469428.738917232
178	1.02577904930845	474010.186563633
179	1.03029085395314	478611.328161139
180	1.03479736451051	483232.144226176
181	1.03929861351127	487872.615410834
182	1.04379463310877	492532.722501185
183	1.04828545508539	497212.446415614
184	1.05277111085887	501911.768203196
185	1.05725163148845	506630.669042086
186	1.06172704768094	511369.130237948
187	1.06619738979661	516127.133222413
188	1.07066268785494	520904.659551551
189	1.07512297154028	525701.690904385
190	1.07957827020737	530518.209081421
191	1.08402861288672	535354.196003199
192	1.0884740282899	540209.633708891
193	1.09291454481471	545084.504354891
194	1.09735019055024	549978.790213442
195	1.10178099328179	554892.473671313
196	1.10620698049578	559825.537228447
197	1.11062817938441	564777.963496668
198	1.11504461685035	569749.735198406
199	1.11945631951131	574740.835165425
200	1.04898527033801	579751.246337588
201	1.05309420402828	584780.951761645
202	1.0571987912911	589829.934590013
203	1.06129905594824	594898.17807962
204	1.06539502157538	599985.665590721
205	1.06948671150585	605092.380585769
206	1.07357414883433	610218.306628283
207	1.07765735642048	615363.427381749
208	1.08173635689238	620527.72660852
209	1.08581117265006	625711.188168736
210	1.08988182586887	630913.7960193
211	1.09394833850278	636135.534212796
212	1.09801073228767	641376.386896497
213	1.10206902874452	646636.33831135
214	1.10612324918249	651915.372790963
215	1.11017341470208	657213.47476066
216	1.11421954619808	662530.628736487
217	1.11826166436254	667866.819324294
218	1.12229978968766	673222.031218765
219	1.12633394246867	678596.24920253
220	1.13036414280658	683989.458145252
221	1.13439041061096	689401.643002712
222	1.13841276560258	694832.788815958
223	1.14243122731608	700282.880710417
224	1.14644581510257	705751.903895052
225	1.15045654813211	680652.513178226
226	1.15446344539632	685922.529533034
227	1.15846652571069	691210.621031953
228	1.1624658077171	696516.773831857
229	1.1664613098861	701840.974165655
230	1.17045305051931	707183.208341527
231	1.17444104775162	712543.462742187
232	1.17842531955347	717921.723824166
233	1.18240588373304	723317.978117082
234	1.1863827579384	728732.212222922
235	1.19035595965965	734164.412815381
236	1.19432550623101	739614.566639124
237	1.19829141483283	745082.660509146
238	1.2022537024936	750568.681310078
239	1.20621238609198	756072.615995543
240	1.21016748235873	761594.451587487
241	1.21411900787855	767134.175175553
242	1.21806697909206	772691.773916442
243	1.22201141229756	778267.235033268
244	1.22595232365291	783860.545814976
245	1.22988972917726	789471.693615701
246	1.23382364475283	795100.665854187
247	1.23775408612665	800747.450013184
248	1.24168106891222	806412.03363886
249	1.2456046085912	812094.40434024
250	1.24952472051503	817794.549788616
251	1.25344141990659	823512.457716997
252	1.25735472186174	829248.11591955
253	1.26126464135088	835001.512251048
254	1.26517119322053	840772.634626336
255	1.26907439219479	846561.471019794
256	1.27297425287686	852368.009464811
257	1.27687078975049	858192.238053256
258	1.28076401718139	864034.144934978
259	1.28465394941874	869893.718317291
260	1.28854060059646	875770.946464462
261	1.29242398473468	881665.817697249
262	1.29630411574103	887578.320392361
263	1.30018100741199	893508.442982038
264	1.30405467343422	899456.173953517
265	1.30792512738582	905421.501848589
266	1.31179238273759	911404.415263151
267	1.31565645285431	917404.902846696
268	1.31951735099594	923422.953301916
269	1.32337509031885	929458.55538421
270	1.32722968387702	935511.697901269
271	1.33108114462318	941582.369712631
272	1.33492948540998	947670.559729235
273	1.33877471899113	953776.256913012
274	1.34261685802257	959899.450276464
275	1.34645591506348	966040.128882229
276	1.35029190257744	972198.281842689
277	1.35412483293348	978373.898319538
278	1.35795471840712	984566.967523423
279	1.36178157118144	990777.478713498
280	1.36560540334811	997005.421197057
281	1.36942622690834	1003250.78432915
282	1.37324405377395	1009513.55751218
283	1.3770588957683	1015793.73019554
284	1.3808707646273	1022091.29187523
285	1.38467967200031	1028406.23209348
286	1.38848562945113	1034738.54043843
287	1.39228864845887	1041088.20654367
288	1.39608874041894	1047455.22008798
289	1.39988591664389	1053839.57079494
290	1.40368018836428	1060241.24843257
291	1.40747156672961	1066660.24281297
292	1.41126006280919	1073096.54379204
293	1.41504568759289	1079550.14126907
294	1.41882845199208	1086021.02518644
295	1.42260836684045	1092509.1855293
296	1.42638544289474	1099014.61232521
297	1.43015969083564	1105537.29564383
298	1.4339311212685	1112077.22559664
299	1.43769974472422	1118634.39233654
300	1.44146557165989	1125208.78605762
301	1.44522861245963	1131800.39699479
302	1.44898887743534	1090481.64022457
303	1.45274637682742	1096828.69792846
304	1.45650112080549	1103192.22016497
305	1.46025311946911	1109572.19773371
306	1.46400238284855	1115968.62147201
307	1.4677489209054	1122381.48225457
308	1.47149274353331	1128810.77099327
309	1.4752338605587	1135256.47863682
310	1.47897228174134	1141718.59617052
311	1.48270801677515	1148197.11461603
312	1.48644107528869	1154692.02503105
313	1.49017146684598	1161203.31850906
314	1.493899200947	1167730.98617911
315	1.49762428702839	1174275.01920555
316	1.50134673446406	1180835.40878773
317	1.5050665525658	1187412.14615981
318	1.50878375058387	1194005.22259046
319	1.51249833770763	1200614.62938267
320	1.51621032306611	1207240.35787345
321	1.5199197157286	1213882.39943364
322	1.52362652470521	1220540.74546765
323	1.52733075894745	1227215.38741319
324	1.53103242734878	1233906.31674113
325	1.53473153874523	1240613.52495514
326	1.53842810191581	1247337.0035916
327	1.5421221255832	1254076.74421925
328	1.54581361841418	1260832.73843908
329	1.54950258902017	1267604.97788398
330	1.55318904595783	1274393.45421865
331	1.55687299772946	1281198.15913931
332	1.56055445278358	1288019.08437346
333	1.56423341951541	1294856.22167977
334	1.56790990626737	1301709.56284775
335	1.57158392132957	1308579.09969763
336	1.57525547294025	1315464.82408009
337	1.57892456928634	1322366.72787611
338	1.58259121850388	1329284.80299674
339	1.58625542867847	1336219.04138287
340	1.58991720784575	1343169.4350051
341	1.59357656399184	1350135.97586347
342	1.59723350505387	1357118.65598732
343	1.60088803892029	1364117.46743508
344	1.60454017343139	1371132.40229406
345	1.60818991637973	1378163.45268028
346	1.61183727551053	1385210.61073828
347	1.61548225852215	1392273.86864092
348	1.61912487306644	1399353.21858922
349	1.62276512674922	1406448.65281215
350	1.62640302713064	1413560.16356646
351	1.63003858172558	1420687.74313655
352	1.63367179800408	1427831.38383416
353	1.63730268339175	1434991.07799837
354	1.64093124527011	1442166.81799527
355	1.64455749097695	1449358.59621788
356	1.64818142780682	1456566.40508595
357	1.65180306301129	1463790.2370458
358	1.65542240379941	1471030.08457013
359	1.65903945733802	1478285.94015787
360	1.66265423075215	1485557.79633402
361	1.66626673112533	1492845.64564946
362	1.66987696550001	1500149.48068085
363	1.67348494087782	1507469.29403037
364	1.67709066422006	1514805.07832567
365	1.68069414244789	1522156.82621962
366	1.68429538244277	1529524.53039023
367	1.68789439104675	1536908.18354042
368	1.69149117506279	1544307.77839794
369	1.69508574125516	1551723.30771517
370	1.69867809634967	1559154.76426896
371	1.70226824703409	1566602.14086055
372	1.70585619995835	1574065.43031533
373	1.70944196173497	1581544.62548278
374	1.71302553893929	1589039.71923624
375	1.71660693810981	1596550.70447283
376	1.7201861657485	1604077.5741133
377	1.72376322832107	1611620.32110184
378	1.7273381322573	1619178.93840601
379	1.7309108839513	1626753.41901651
380	1.73448148976187	1634343.75594717
381	1.73804995601266	1641949.94223468
382	1.74161628899259	1649571.97093852
383	1.74518049495609	1657209.83514084
384	1.74874258012329	1664863.52794629
385	1.75230255068042	1672533.04248191
386	1.75586041278001	1680218.37189698
387	1.75941617254121	1687919.50936292
388	1.76296983604997	1695636.44807311
389	1.76652140935941	1703369.18124281
390	1.77007089849001	1711117.70210905
391	1.7736183094299	1718882.00393042
392	1.77716364813507	1726662.079987
393	1.78070692052973	1734457.92358029
394	1.7842481325064	1742269.52803297
395	1.78778728992632	1750096.88668883
396	1.79132439861958	1757939.99291274
397	1.7948594643854	1765798.84009035
398	1.79839249299241	1773673.42162814
399	1.80192349017883	1708105.18041506
400	1.80545246165272	1715685.22451778
401	1.80897941309225	1723280.33536472
402	1.81250435014586	1730890.50671268
403	1.81602727843258	1738515.73233784
404	1.81954820354214	1746156.0060356
405	1.82306713103531	1753811.32162049
406	1.82658406644404	1761481.67292606
407	1.83009901527175	1769167.0538048
408	1.83361198299346	1776867.45812801
409	1.83712297505606	1784582.87978571
410	1.84063199687852	1792313.31268648
411	1.84413905385213	1800058.75075746
412	1.8476441513406	1807819.18794416
413	1.85114729468039	1815594.61821042
414	1.85464848918084	1823385.03553826
415	1.8581477401244	1831190.4339278
416	1.86164505276682	1839010.8073972
417	1.8651404323374	1846846.14998248
418	1.86863388403905	1854696.45573751
419	1.87212541304862	1862561.71873384
420	1.87561502451711	1870441.93306067
421	1.87910272356966	1878337.09282471
422	1.88258851530597	1886247.1921501
423	1.8860724048004	1894172.22517831
424	1.88955439710211	1902112.18606806
425	1.89303449723528	1910067.06899524
426	1.8965127101993	1918036.86815278
427	1.89998904096896	1926021.57775059
428	1.9034634944946	1934021.19201544
429	1.90693607570229	1942035.70519094
430	1.91040678949401	1950065.11153735
431	1.91387564074783	1958109.4053316
432	1.91734263431807	1966168.5808671
433	1.92080777503551	1974242.63245374
434	1.92427106770746	1982331.55441773
435	1.92773251711805	1990435.3411016
436	1.93119212802831	1998553.98686404
437	1.93464990517636	2006687.48607985
438	1.93810585327757	2014835.83313982
439	1.94155997702474	2022999.02245074
440	1.94501228108821	2031177.04843522
441	1.94846277011606	2039369.90553164
442	1.95191144873428	2047577.58819408
443	1.95535832154689	2055800.09089226
444	1.95880339313604	2064037.40811139
445	1.96224666806232	2072289.53435217
446	1.96568815086473	2080556.46413067
447	1.96912784606099	2088838.19197826
448	1.97256575814756	2097134.71244153
449	1.97600189159983	2105446.02008221
450	1.97943625087232	2113772.1094771
451	1.98286884039873	2122112.97521802
452	1.98629966459215	2130468.61191168
453	1.98972872784516	2138839.01417965
454	1.99315603453	2147224.17665825
455	1.99658158899874	2155624.09399855
456	2.0000053955833	2164038.76086616
457	2.00342745859571	2172468.17194133
458	2.00684778232817	2180912.32191872
459	2.01026637105321	2189371.20550747
460	2.01368322902386	2197844.81743099
461	2.01709836047371	2206333.15242698
462	2.02051176961702	2214836.20524738
463	2.02392346064905	2223353.97065818
464	2.02733343774586	2231886.44343952
465	2.03074170506477	2240433.61838545
466	2.03414826674422	2248995.490304
467	2.03755312690407	2257572.05401703
468	2.04095628964565	2266163.30436019
469	2.04435775905185	2274769.23618286
470	2.04775753918735	2283389.8443481
471	2.05115563409861	2292025.1237325
472	2.05455204781413	2300675.06922625
473	2.05794678434437	2309339.67573293
474	2.0613398476821	2318018.93816957
475	2.06473124180236	2326712.85146653
476	2.06812097066263	2335421.41056742
477	2.0715090382029	2344144.61042906
478	2.07489544834583	2352882.44602141
479	2.07828020499689	2361634.91232755
480	2.08166331204437	2370402.00434353
481	2.08504477335959	2379183.7170784
482	2.08842459279694	2387980.04555409
483	2.09180277419404	2396790.98480538
484	2.09517932137182	2405616.52987982
485	2.09855423813458	2414456.67583768
486	2.10192752827025	2423311.4177519
487	2.10529919555032	2432180.75070802
488	2.10866924373	2441064.6698041
489	2.11203767654837	2449963.17015072
490	2.11540449772848	2458876.24687087
491	2.11876971097735	2467803.89509992
492	2.12213331998621	2476746.10998554
493	2.12549532843047	2485702.88668766
494	2.12885573996993	2494674.22037844
495	2.13221455824879	2503660.10624213
496	2.13557178689584	2512660.53947512
497	2.13892742952444	2521675.51528581
498	2.14228148973271	2530705.0288946
499	2.14563397110359	2539749.0755338
500	2.14898487720492	2548807.65044759
501	2.15233421158957	2557880.74889199
502	2.1556819777955	2566968.36613475
503	2.15902817934588	2576070.49745539
504	2.16237281974915	2585187.13814503
505	2.16571590249912	2594318.28350642
506	2.16905743107505	2603463.9288539
507	2.17239740894182	2612624.06951327
508	2.17573583954985	2621798.70082179
509	2.17907272633537	2630987.81812815
510	2.18240807272044	2640191.41679237
511	2.1857418821129	2649409.49218577
512	2.18907415790671	2658642.03969093
513	2.19240490348184	2667889.05470166
514	2.1957341222044	2677150.53262286
515	2.19906181742682	2686426.4688706
516	2.20238799248769	2695716.85887196
517	2.20571265071219	2705021.69806505
518	2.20903579541186	2714340.98189894
519	2.21235742988486	2723674.70583361
520	2.21567755741596	2622609.2245516
521	2.21899618127668	2631593.56805379
522	2.22231330472534	2640591.75527161
523	2.22562893100713	2649603.78188991
524	2.2289430633542	2658629.64360374
525	2.23225570498573	2667669.33611841
526	2.23556685910802	2676722.85514933
527	2.2388765289146	2685790.19642206
528	2.24218471758616	2694871.35567222
529	2.24549142829083	2703966.32864546
530	2.24879666418409	2713075.11109741
531	2.25210042840894	2722197.69879366
532	2.25540272409592	2731334.08750969
533	2.25870355436317	2740484.27303084
534	2.2620029223166	2749648.25115228
535	2.26530083104985	2758826.01767891
536	2.26859728364438	2768017.56842545
537	2.27189228316962	2777222.89921625
538	2.27518583268294	2786442.00588531
539	2.2784779352298	2795674.88427628
540	2.28176859384374	2804921.53024236
541	2.28505781154652	2814181.93964629
542	2.2883455913481	2823456.10836029
543	2.29163193624685	2832744.03226606
544	2.29491684922948	2842045.70725471
545	2.29820033327115	2851361.12922669
546	2.30148239133558	2860690.29409181
547	2.30476302637499	2870033.1977692
548	2.30804224133037	2879389.83618723
549	2.31132003913132	2888760.20528348
550	2.3145964226963	2898144.30100473
551	2.31787139493254	2907542.1193069
552	2.32114495873624	2916953.65615502
553	2.32441711699248	2926378.90752321
554	2.32768787257546	2935817.86939458
555	2.33095722834843	2945270.53776127
556	2.33422518716378	2954736.9086244
557	2.33749175186313	2964216.97799398
558	2.34075692527734	2973710.74188891
559	2.34402071022664	2983218.19633698
560	2.34728310952061	2992739.33737473
561	2.3505441259583	3002274.16104757
562	2.35380376232825	3011822.66340957
563	2.35706202140859	3021384.84052357
564	2.36031890596703	3030960.68846108
565	2.36357441876101	3040550.20330224
566	2.36682856253764	3050153.38113577
567	2.37008134003388	3059770.218059
568	2.37333275397651	3069400.7101778
569	2.37658280708217	3079044.85360655
570	2.37983150205751	3088702.64446806
571	2.38307884159922	3098374.07889361
572	2.38632482839396	3108059.15302292
573	2.38956946511856	3117757.86300398
574	2.39281275444002	3127470.20499321
575	2.39605469901559	3137196.17515533
576	2.39929530149274	3146935.76966328
577	2.4025345645093	3156688.98469827
578	2.40577249069348	3166455.81644974
579	2.40900908266393	3176236.26111527
580	2.41224434302976	3186030.31490063
581	2.41547827439063	3195837.97401964
582	2.41871087933678	3205659.23469429
583	2.42194216044912	3215494.0931545
584	2.42517212029916	3225342.54563834
585	2.42840076144923	3235204.58839178
586	2.4316280864524	3245080.21766877
587	2.43485409785255	3254969.42973122
588	2.43807879818449	3264872.22084889
589	2.44130218997395	3274788.58729943
590	2.44452427573759	3284718.52536831
591	2.44774505798314	3294662.03134884
592	2.45096453920939	3304619.10154208
593	2.45418272190617	3314589.73225685
594	2.45739960855465	3324573.91980969
595	2.46061520162702	3334571.66052479
596	2.46382950358682	3344582.95073406
597	2.46704251688887	3354607.78677699
598	2.47025424397934	3364646.1650007
599	2.47346468729579	3374698.08175987
600	2.4766738492672	3384763.53341674
601	2.47988173231404	3394842.51634106
602	2.48308833884827	3404935.02691007
603	2.4862936712735	3415041.06150844
604	2.48949773198486	3425160.6165283
605	2.49270052336916	3435293.6883692
606	2.49590204780489	3445440.27343805
607	2.49910230766233	3455600.36814907
608	2.50230130530348	3465773.9689239
609	2.50549904308223	3475961.07219135
610	2.50869552334422	3486161.67438763
611	2.51189074842708	3496375.77195606
612	2.51508472066038	3506603.36134728
613	2.51827744236565	3516844.43901909
614	2.52146891585645	3527099.00143639
615	2.5246591434384	3537367.0450713
616	2.52784812740926	3547648.56640301
617	2.5310358700589	3557943.56191777
618	2.53422237366937	3568252.02810895
619	2.53740764051498	3578573.96147689
620	2.54059167286226	3588909.35852899
621	2.54377447297008	3599258.21577959
622	2.54695604308962	3609620.52974997
623	2.55013638546445	3619996.29696841
624	2.55331550233057	3630385.51397001
625	2.55649339591641	3640788.17729683
626	2.55967006844288	3651204.28349775
627	2.56284552212345	3661633.82912845
628	2.56601975916415	3672076.81075147
629	2.56919278176359	3682533.22493607
630	2.57236459211303	3693003.06825835
631	2.57553519239641	3703486.3373011
632	2.57870458479036	3713983.02865378
633	2.58187277146427	3724493.13891257
634	2.58503975458032	3735016.66468036
635	2.5882055362935	3745553.60256658
636	2.59137011875159	3756103.94918736
637	2.59453350409539	3766667.7011654
638	2.59769569445849	3777244.85512991
639	2.60085669196748	3787835.40771671
640	2.60401649874198	3798439.35556814
641	2.60717511689457	3809056.69533299
642	2.61033254853091	3819687.42366657
643	2.61348879574978	3830331.53723062
644	2.61664386064301	3840989.03269333
645	2.61979774529569	3851659.90672929
646	2.62295045178601	3862344.15601944
647	2.62610198218538	3873041.77725115
648	2.62925233855855	3883752.76711807
649	2.63240152296348	3894477.1223202
650	2.63554953745147	3905214.83956386
651	2.63869638406717	3915965.91556156
652	2.64184206484861	3926730.34703218
653	2.64498658182722	3937508.13070075
654	2.64812993702793	3948299.26329851
655	2.65127213246906	3959103.74156294
656	2.65441317016251	3969921.56223767
657	2.65755305211368	3980752.72207244
658	2.6606917803215	3991597.21782316
659	2.66382935677862	4002455.04625179
660	2.6669657834712	4013326.20412647
661	2.67010106237906	4024210.6882213
662	2.6732351954758	4035108.49531649
663	2.67636818472866	4046019.62219823
664	2.67950003209863	4056944.06565874
665	2.68263073954049	4067881.8224962
666	2.68576030900284	4078832.88951478
667	2.68888874242811	4089797.26352456
668	2.69201604175253	4100774.94134153
669	2.69514220890632	4111765.91978767
670	2.69826724581355	3959508.52829101
671	2.70139115439222	3970089.80274242
672	2.70451393655437	3980683.84199513
673	2.70763559420602	3991290.6430194
674	2.71075612924716	4001910.20279105
675	2.71387554357192	4012542.51829144
676	2.71699383906848	4023187.58650747
677	2.72011101761913	4033845.40443156
678	2.72322708110026	4044515.96906164
679	2.7263420313825	4055199.27740109
680	2.72945587033063	4065895.32645881
681	2.73256859980366	4076604.1132491
682	2.73568022165479	4087325.63479167
683	2.73879073773159	4098059.88811167
684	2.74190014987586	4108806.87023966
685	2.74500845992371	4119566.57821151
686	2.74811566970565	4130339.0090685
687	2.75122178104649	4141124.15985722
688	2.75432679576556	4151922.02762958
689	2.75743071567649	4162732.6094428
690	2.76053354258743	4173555.90235942
691	2.76363527830094	4184391.90344718
692	2.76673592461417	4195240.60977911
693	2.7698354833187	4206102.01843349
694	2.77293395620073	4216976.12649374
695	2.77603134504099	4227862.93104859
696	2.7791276516148	4238762.42919187
697	2.78222287769215	4249674.61802261
698	2.78531702503766	4260599.49464498
699	2.78841009541054	4271537.0561683
700	2.79150209056478	4282487.29970698
701	2.79459301224906	4293450.22238053
702	2.79768286220677	4304425.82131359
703	2.80077164217614	4315414.0936358
704	2.8038593538901	4326415.0364819
705	2.80694599907641	4337428.64699164
706	2.81003157945768	4348454.92230982
707	2.81311609675134	4359493.85958622
708	2.81619955266975	4370545.45597557
709	2.81928194892012	4381609.70863764
710	2.8223632872046	4392686.61473712
711	2.82544356922024	4403776.17144364
712	2.82852279665914	4414878.37593177
713	2.83160097120829	4425993.22538095
714	2.83467809454981	4437120.71697557
715	2.83775416836069	4448260.84790484
716	2.84082919431309	4459413.61536287
717	2.84390317407425	4470579.01654861
718	2.84697610930639	4481757.04866585
719	2.85004800166698	4492947.70892315
720	2.85311885280853	4504150.99453391
721	2.85618866437874	4515366.90271634
722	2.85925743802049	4526595.43069337
723	2.86232517537187	4537836.57569273
724	2.86539187806617	4549090.33494685
725	2.86845754773191	4560356.70569293
726	2.8715221859929	4571635.68517282
727	2.87458579446821	4582927.27063314
728	2.87764837477225	4594231.45932518
729	2.88070992851465	4605548.24850484
730	2.88377045730048	4616877.63543274
731	2.88682996273016	4628219.61737412
732	2.88988844639941	4639574.19159882
733	2.89294590989943	4650941.35538132
734	2.89600235481681	4662321.10600069
735	2.89905778273359	4673713.44074058
736	2.90211219522724	4685118.35688924
737	2.90516559387075	4696535.8517394
738	2.90821798023253	4707965.92258839
739	2.91126935587656	4719408.5667381
740	2.9143197223624	4730863.78149485
741	2.91736908124505	4742331.5641695
742	2.92041743407517	4753811.91207741
743	2.92346478239895	4765304.8225384
744	2.92651112775821	4776810.29287675
745	2.9295564716904	4788328.32042117
746	2.93260081572861	4799858.90250481
747	2.9356441614016	4811402.03646529
748	2.93868651023381	4822957.71964454
749	2.94172786374535	4834525.94938896
750	2.94476822345205	4846106.72304929
751	2.94780759086553	4857700.03798066
752	2.95084596749307	4869305.89154253
753	2.95388335483779	4880924.28109872
754	2.95691975439855	4892555.20401738
755	2.95995516767008	4904198.65767096
756	2.96298959614282	4915854.63943615
757	2.96602304130315	4927523.14669409
758	2.96905550463325	4939204.17683004
759	2.9720869876112	4950897.72723359
760	2.97511749171093	4962603.79529859
761	2.9781470184023	4974322.37842307
762	2.9811755691511	4986053.47400936
763	2.98420314541907	4997797.07946397
764	2.98722974866382	5009553.19219759
765	2.99025538033903	5021321.80962509
766	2.99328004189431	5033102.9291656
767	2.99630373477534	5044896.5482423
768	2.99932646042373	5056702.6642826
769	3.00234822027716	5068521.27471805
770	3.00536901576939	5080352.37698425
771	3.00838884833021	5092195.968521
772	3.01140771938552	5104052.04677216
773	3.01442563035731	5115920.60918569
774	3.01744258266365	5127801.65321362
775	3.02045857771884	5139695.17631211
776	3.02347361693319	5151601.17594125
777	3.02648770171329	5163519.64956528
778	3.02950083346183	5175450.59465243
779	3.03251301357768	5187394.00867496
780	3.03552424345605	5199349.88910914
781	3.03853452448819	5211318.23343523
782	3.04154385806169	5223299.03913748
783	3.04455224556038	5235292.3037041
784	3.04755968836439	5247298.02462732
785	3.05056618784999	5259316.19940323
786	3.05357174538996	5271346.8255319
787	3.0565763623532	5283389.90051738
788	3.05958004010507	5295445.42186758
789	3.06258278000718	5307513.3870943
790	3.06558458341751	5319593.79371331
791	3.06858545169044	5331686.63924418
792	3.07158538617674	5343791.92121041
793	3.07458438822351	5355909.63713935
794	3.07758245917431	5368039.78456219
795	3.08057960036915	5380182.36101396
796	3.08357581314443	5392337.36403352
797	3.086571098833	5404504.79116358
798	3.08956545876422	5416684.63995059
799	3.09255889426389	5428876.90794489
800	3.09555140665432	5441081.59270051
801	3.09854299725433	5453298.69177531
802	3.10153366737925	5465528.20273093
803	3.10452341834097	5477770.12313272
804	3.10751225144787	5490024.45054979
805	3.11050016800498	5502291.18255498
806	3.11348716931381	5514570.3167249
807	3.11647325667248	5526861.85063982
808	3.1194584313758	5539165.7818837
809	3.12244269471507	5551482.10804422
810	3.12542604797829	5563810.82671277
811	3.12840849245008	5576151.93548433
812	3.1313900294117	5588505.43195767
813	3.13437066014109	5600871.31373509
814	3.13735038591285	5613249.57842255
815	3.14032920799832	5625640.22362971
816	3.14330712766546	5638043.2469698
817	3.14628414617904	5650458.64605965
818	3.14926026480046	5662886.41851971
819	3.15223548478797	5675326.56197402
820	3.15520980739642	5687779.07405024
821	3.15818323387763	5700243.95237954
822	3.16115576548	5712721.19459668
823	3.16412740344882	5725210.79833995
824	3.16709814902617	5737712.76125122
825	3.17006800345096	5750227.08097588
826	3.17303696795886	5762753.75516281
827	3.17600504378246	5775292.78146446
828	3.17897223215115	5787844.15753674
829	3.18193853429116	5800407.88103907
830	3.18490395142566	5812983.94963435
831	3.18786848477464	5825572.36098895
832	3.19083213555504	5838173.11277274
833	3.19379490498065	5850786.20265899
834	3.19675679426222	5863411.6283245
835	3.19971780460741	5876049.38744942
836	3.20267793722087	5888699.47771737
837	3.20563719330413	5901361.89681539
838	3.20859557405572	5914036.64243394
839	3.21155308067115	5926723.71226684
840	3.21450971434289	5939423.10401138
841	3.21746547626047	5952134.81536812
842	3.22042036761037	5964858.84404113
843	3.22337438957609	5977595.1877377
844	3.22632754333821	5990343.84416856
845	3.22927983007426	6003104.81104784
846	3.23223125095896	6015878.0860929
847	3.23518180716399	6028663.66702447
848	3.2381314998581	6041461.55156659
849	3.24108033020722	6054271.73744668
850	3.24402829937425	6067094.22239537
851	3.24697540851926	6079929.00414661
852	3.24992165879945	6092776.08043771
853	3.25286705136919	6105635.44900915
854	3.25581158737983	6118507.1076047
855	3.25875526798002	5893301.70419365
856	3.26169809431554	5905697.15971419
857	3.26464006752925	5918104.42153523
858	3.26758118876131	5930523.48750065
859	3.27052145914898	5942954.35545746
860	3.27346087982677	5955397.02325574
861	3.2763994519264	5967851.48874863
862	3.27933717657674	5980317.7497924
863	3.28227405490398	5992795.80424636
864	3.28521008803148	6005285.64997282
865	3.28814527707991	6017787.2848373
866	3.29107962316714	6030300.70670818
867	3.29401312740839	6042825.91345706
868	3.29694579091604	6055362.90295837
869	3.29987761479988	6067911.67308971
870	3.30280860016688	6080472.22173163
871	3.30573874812144	6093044.54676774
872	3.3086680597652	6105628.64608455
873	3.31159653619713	6118224.51757163
874	3.31452417851358	6130832.15912153
875	3.31745098780817	6143451.56862978
876	3.32037696517199	6156082.74399484
877	3.32330211169334	6168725.68311815
878	3.32622642845805	6181380.38390411
879	3.32914991654926	6194046.84426004
880	3.33207257704748	6206725.06209618
881	3.33499441103067	6219415.03532576
882	3.33791541957414	6232116.76186492
883	3.34083560375072	6244830.23963268
884	3.34375496463054	6257555.46655093
885	3.34667350328129	6270292.44054459
886	3.34959122076802	6283041.15954133
887	3.35250811815331	6295801.62147179
888	3.3554241964971	6308573.82426948
889	3.35833945685693	6321357.7658707
890	3.36125390028772	6334153.44421472
891	3.36416752784194	6346960.85724362
892	3.36708034056953	6359780.00290231
893	3.36999233951794	6372610.87913856
894	3.37290352573216	6385453.48390302
895	3.37581390025469	6398307.81514902
896	3.37872346412562	6411173.87083291
897	3.38163221838242	6424051.64891369
898	3.38454016406029	6436941.14735323
899	3.38744730219194	6449842.36411625
900	3.39035363380758	6462755.2971701
901	3.39325915993508	6475679.94448513
902	3.39616388159984	6488616.30403427
903	3.39906779982491	6501564.37379338
904	3.40197091563089	6514524.15174097
905	3.40487323003597	6527495.63585838
906	3.40777474405606	6540478.82412963
907	3.41067545870456	6553473.71454154
908	3.41357537499264	6566480.30508367
909	3.41647449392901	6579498.59374825
910	3.41937281652009	6592528.57853029
911	3.42227034376992	6605570.25742751
912	3.42516707668023	6618623.62844031
913	3.42806301625041	6631688.6895718
914	3.43095816347757	6644765.43882779
915	3.43385251935646	6657853.87421684
916	3.43674608487955	6670953.99375009
917	3.439638861037	6684065.79544141
918	3.44253084881672	6697189.27730731
919	3.44542204920434	6710324.43736706
920	3.44831246318315	6723471.27364243
921	3.45120209173424	6736629.78415797
922	3.45409093583644	6749799.96694081
923	3.45697899646632	6762981.82002078
924	3.45986627459822	6776175.34143024
925	3.46275277120421	6789380.52920424
926	3.46563848725419	6802597.38138046
927	3.46852342371578	6815825.89599915
928	3.47140758155447	6829066.07110318
929	3.47429096173348	6842317.90473806
930	3.47717356521384	6855581.39495182
931	3.48005539295443	6868856.53979514
932	3.48293644591191	6882143.33732127
933	3.48581672504078	6895441.78558597
934	3.48869623129336	6908751.88264761
935	3.49157496561987	6922073.62656721
936	3.49445292896828	6935407.01540819
937	3.4973301222845	6948752.04723661
938	3.50020654651225	6962108.72012106
939	3.50308220259314	6975477.03213265
940	3.50595709146665	6988856.98134508
941	3.50883121407017	7002248.56583447
942	3.51170457133892	7015651.78367957
943	3.5145771642061	7029066.63296158
944	3.51744899360273	7042493.1117642
945	3.52032006045777	7055931.21817366
946	3.52319036569813	7069380.95027866
947	3.52605991024859	7082842.30617044
948	3.52892869503194	7096315.28394268
949	3.53179672096882	7109799.88169153
950	3.53466398897784	7123296.09751563
951	3.53753049997562	7136803.92951612
952	3.54039625487663	7150323.37579649
953	3.54326125459345	7163854.43446284
954	3.54612550003648	7177397.10362353
955	3.54898899211418	7190951.38138959
956	3.55185173173298	7204517.26587431
957	3.55471371979734	7218094.75519346
958	3.55757495720964	7231683.84746527
959	3.56043544487034	7245284.54081028
960	3.56329518367782	7258896.83335165
961	3.56615417452857	7272520.72321476
962	3.56901241831706	7286156.20852742
963	3.57186991593579	7299803.28741993
964	3.5747266682753	7313461.95802491
965	3.57758267622417	7327132.21847737
966	3.58043794066904	7340814.06691477
967	3.5832924624946	7354507.50147679
968	3.58614624258359	7368212.52030566
969	3.5889992818168	7381929.12154585
970	3.59185158107316	7395657.30334425
971	3.59470314122962	7409397.06385005
972	3.59755396316123	7423148.40121487
973	3.60040404774118	7436911.31359258
974	3.60325339584067	7450685.79913946
975	3.60610200832904	7464471.85601405
976	3.60894988607376	7478269.48237729
977	3.61179702994044	7492078.67639241
978	3.61464344079276	7505899.43622491
979	3.61748911949253	7519731.7600427
980	3.62033406689969	7533575.64601588
981	3.62317828387242	7547431.09231697
982	3.62602177126689	7561298.09712067
983	3.62886452993752	7575176.65860406
984	3.63170656073688	7589066.77494638
985	3.63454786451569	7602968.44432935
986	3.6373884421228	7616881.66493676
987	3.64022829440531	7630806.43495478
988	3.64306742220846	7644742.75257182
989	3.64590582637568	7658690.61597851
990	3.64874350774857	7672650.02336782
991	3.65158046716699	7686620.97293489
992	3.65441670546894	7700603.46287711
993	3.65725222349066	7714597.49139413
994	3.6600870220666	7728603.05668785
995	3.66292110202942	7742620.15696235
996	3.66575446420998	7756648.79042394
997	3.66858710943747	7770688.95528125
998	3.67141903853922	7784740.64974494
999	3.67425025234085	7798803.87202795
1000	3.71049496879936	7801849.32573983
1001	3.67991053733735	7826964.89291503
