1	0.0597466775550251	0.0420728102227531
2	0.0806719995962138	0.0556924176224147
3	0.0941586144133145	0.0641545086182384
4	0.104172174736035	0.0702690436509502
5	0.112109144054133	0.0750032899536099
6	0.11864866878474	0.0788235535745151
7	0.124180010133135	0.0819916557927385
8	0.128949521037679	0.0846725415246564
9	0.133123811767424	0.086977316396949
10	0.136821075698778	0.0889842612923397
11	0.140128365648098	0.0907493352744316
12	0.143111909190026	0.0923152477592573
13	0.145822102041472	0.0937148488202985
14	0.148299193378693	0.0949739344037756
15	0.150575488539007	0.0961139474107164
16	0.15267728282325	0.0971505397282184
17	0.154626242394931	0.0980973136955177
18	0.156440411989277	0.0989655282016609
19	0.15813496427326	0.0997645928382783
20	0.159722766380554	0.100502439926253
21	0.161214814545174	0.101185808752576
22	0.162620571932134	0.101820841303094
23	0.163948234331207	0.102412471263124
24	0.165204941352088	0.10296464061905
25	0.166396945932324	0.103481096397743
26	0.167529751595815	0.103965118572348
27	0.16860822450429	0.104419591638843
28	0.169636685618902	0.104847063268667
29	0.170618987029871	0.105249792707415
30	0.171558575582096	0.105629790971778
31	0.172458546229996	0.105988854436606
32	0.173321687030648	0.106328673707512
33	0.174150517285004	0.106651083749553
34	0.174947320030003	0.106956911892602
35	0.175714169846565	0.107247338395335
36	0.176452956762659	0.107523433213102
37	0.177165406884502	0.107786168717118
38	0.177853100273157	0.108036430678441
39	0.178517486491521	0.108275027788764
40	0.179159898172669	0.108502699942067
41	0.179781562900778	0.108720125462555
42	0.180383613647457	0.108927927433098
43	0.180967097966774	0.109126679252964
44	0.181532986119963	0.109316909532861
45	0.182082178274108	0.10949910641825
46	0.182615510897131	0.10967379028936
47	0.183133762453097	0.109841659070721
48	0.183637658486594	0.110002746715928
49	0.184127876172241	0.110157413912871
50	0.184605048394592	0.110305996241839
51	0.185069767414716	0.110448806336898
52	0.185522588172078	0.110586135826364
53	0.18596403126385	0.110718257078421
54	0.186394585638272	0.110845424774447
55	0.186814711033953	0.110967877329679
56	0.187224840192991	0.111085838178304
57	0.187625380872274	0.11119951693792
58	0.188016717674403	0.111309110466433
59	0.188399213717026	0.111414803822865
60	0.188773212157211	0.111516771142162
61	0.189139037585491	0.111615176432894
62	0.189496997302565	0.111710174305707
63	0.189847382490163	0.111801910639448
64	0.190190469286287	0.111890523191165
65	0.190526519773935	0.111976350619687
66	0.190855782891423	0.112059417041034
67	0.191178495271544	0.112139726325009
68	0.191494882016067	0.112217388964838
69	0.191805157411368	0.112292509709504
70	0.192109525590427	0.112365187933061
71	0.192408181145877	0.112435517975703
72	0.192701309698325	0.112503589459064
73	0.192989088423759	0.112569487578031
74	0.193271686543481	0.112633293371067
75	0.193549265779669	0.112695083970891
76	0.193821980779389	0.112754932837167
77	0.194089979509612	0.112812909972688
78	0.194353403625542	0.112869082124416
79	0.194612388814378	0.112923512970602
80	0.194867065116408	0.11297626329511
81	0.195117557225197	0.113027391149945
82	0.195363984768452	0.113076952006924
83	0.19560646257102	0.113124998899317
84	0.19584510090135	0.113171582554232
85	0.196080005702634	0.113216751516446
86	0.196311278809741	0.113260552264319
87	0.196539018152969	0.113303029318377
88	0.196763317949542	0.113344225343103
89	0.196984268883736	0.113384309657408
90	0.197201958276395	0.11342331030661
91	0.197416470244597	0.113461145757224
92	0.197627885852123	0.113497852179701
93	0.197836283251351	0.113533464310647
94	0.198041737817157	0.11356801552292
95	0.19824432227334	0.113601537891653
96	0.198444106812064	0.113634062256467
97	0.19864115920677	0.11366561828013
98	0.198835544918977	0.113696234503911
99	0.199027327199351	0.113725938399825
100	0.199216301637458	0.113754667743582
101	0.199403323982256	0.113782714043235
102	0.199587654768412	0.113809835819263
103	0.199769614857468	0.113836145410314
104	0.19994925778538	0.113861665630682
105	0.200126635381924	0.113886418484115
106	0.200301797840457	0.113910425199247
107	0.200474793784213	0.113933706263195
108	0.200645670329335	0.113956281453417
109	0.200814473144824	0.113978169867944
110	0.200981246509601	0.113999389954077
111	0.201146033366825	0.114019959535647
112	0.201308875375631	0.11403989583891
113	0.201469812960436	0.114059215517165
114	0.201628885357935	0.114077934674165
115	0.20178613066193	0.114096068886391
116	0.201941585866091	0.114113633224252
117	0.202095286904781	0.114130642272269
118	0.202247268692029	0.114147110148304
119	0.202397565158761	0.114163050521879
120	0.202546209288381	0.114178573604677
121	0.202693233150783	0.114193689277672
122	0.202838667934871	0.114208314759652
123	0.202982543979681	0.114222462108568
124	0.203124890804154	0.114236143013411
125	0.203265737135648	0.114249368808053
126	0.203405110937234	0.114262150484466
127	0.203543039433853	0.114274498705353
128	0.203679549137379	0.114286423816231
129	0.20381466587065	0.114297935856982
130	0.203948414790504	0.114309044572907
131	0.204080820409886	0.1143197594253
132	0.204211906619056	0.114330089601578
133	0.204341696705947	0.114340044024977
134	0.204470213375713	0.114349631363838
135	0.204597478769499	0.114358860040513
136	0.204723514482486	0.114367738239893
137	0.204848341581216	0.114376273917589
138	0.204971980620261	0.114384474807777
139	0.205094451658244	0.114392348430726
140	0.205215774273253	0.11439990210002
141	0.205335967577664	0.11440714292949
142	0.205455050232414	0.114414077839872
143	0.205573040460739	0.114420713565201
144	0.205689956061398	0.114427056658953
145	0.205805814421416	0.114433113499944
146	0.205920632528354	0.114438890298008
147	0.206034426982139	0.11444439309945
148	0.20614721400646	0.114449627792289
149	0.206259009459764	0.114454600111309
150	0.206369828845852	0.114459315642907
151	0.206479687324105	0.114463779829773
152	0.206588599719345	0.114467997975383
153	0.20669658053136	0.114471975248331
154	0.206803643944087	0.1144757166865
155	0.206909803834491	0.114479227201083
156	0.207015073781126	0.11448251158045
157	0.207119467072417	0.114485574493883
158	0.207222996714652	0.114488420495171
159	0.20732567543971	0.114491075813672
160	0.207427515712531	0.114493651139398
161	0.207528529738336	0.11449602183323
162	0.207628729469607	0.114498192027684
163	0.207728126612842	0.114500165755833
164	0.207826732635087	0.114501946954205
165	0.207924558770258	0.114503539465587
166	0.208021616025253	0.11450494704173
167	0.208117915185882	0.114506173345959
168	0.208213466822589	0.1145072219557
169	0.208308281296011	0.114508096364915
170	0.208402368762349	0.114508799986463
171	0.208495739178579	0.114509336154373
172	0.208588402307497	0.114509708126048
173	0.208680367722608	0.114509919084395
174	0.208771644812863	0.114509972139882
175	0.208862242787259	0.114509870332533
176	0.208952170679289	0.11450961663385
177	0.209041437351262	0.114509213948683
178	0.209130051498495	0.114508665117031
179	0.209218021653377	0.114507972915789
180	0.209305356189312	0.11450714006044
181	0.209392063324543	0.114506169206692
182	0.209478151125874	0.114505062952067
183	0.209563627512269	0.11450382383743
184	0.209648500258355	0.114502454348484
185	0.209732776997821	0.114500956917209
186	0.209816465226721	0.114499333923259
187	0.209899572306679	0.114497587695318
188	0.209982105468008	0.114495720512412
189	0.210064071812733	0.114493734605183
190	0.210145478317535	0.114491632157121
191	0.210226331836612	0.114489415305765
192	0.210306639104457	0.114487086143861
193	0.21038640673856	0.114484646720493
194	0.21046564124204	0.11448209904217
195	0.210544349006194	0.114479445073893
196	0.21062253631299	0.11447668674018
197	0.210700209337482	0.11447382592607
198	0.210777374150162	0.114470864478091
199	0.210854036719252	0.1144678042052
200	0.21093020291293	0.114464646879705
201	0.211005878501501	0.114461394238145
202	0.211081069159508	0.114458047982162
203	0.211155780467787	0.114454609779333
204	0.211230017915466	0.114451081263988
205	0.211303786901921	0.114447464038003
206	0.211377092738669	0.114443759671568
207	0.211449940651219	0.114439969703936
208	0.211522335780875	0.11443609564415
209	0.21159428318649	0.114432229760519
210	0.21166578784618	0.11442831002844
211	0.211736854658985	0.114424310111966
212	0.211807488446503	0.11442023140968
213	0.211877693954467	0.114416075293261
214	0.211947475854295	0.114411843108104
215	0.212016838744591	0.114407536173913
216	0.212085787152618	0.11440315578529
217	0.212154325535732	0.114398703212301
218	0.212222458282772	0.114394179701031
219	0.212290189715433	0.114389586474117
220	0.212357524089586	0.11438492473128
221	0.212424465596585	0.114380195649828
222	0.212491018364527	0.114375400385156
223	0.21255718645949	0.114370540071231
224	0.212622973886741	0.114365615821062
225	0.21268838459191	0.114360628727158
226	0.212753422462145	0.114355579861979
227	0.212818091327228	0.114350470278367
228	0.212882394960679	0.114345301009976
229	0.212946337080818	0.114340073071682
230	0.213009921351819	0.114334787459987
231	0.213073151384726	0.114329445153416
232	0.21313603073845	0.114324047112894
233	0.213198562920749	0.114318594282126
234	0.213260751389177	0.114313087587956
235	0.213322599552014	0.114307527940729
236	0.213384110769177	0.11430191623463
237	0.213445288353112	0.114296253348027
238	0.213506135569657	0.114290540143802
239	0.213566655638895	0.114284777469668
240	0.213626851735985	0.114278966158485
241	0.213686726991973	0.114273107028567
242	0.213746284494587	0.114267200883982
243	0.213805527289013	0.114261248514839
244	0.213864458378654	0.114255250697579
245	0.213923080725875	0.114249208195247
246	0.213981397252727	0.114243121757767
247	0.214039410841659	0.114236992122205
248	0.214097124336217	0.114230820013028
249	0.214154540541717	0.114224606142357
250	0.214211662225921	0.114218351210213
251	0.21426849211968	0.114212055904759
252	0.214325032917576	0.114205720902532
253	0.214381287278548	0.114199346868676
254	0.214437257826498	0.114192934457165
255	0.214492947150895	0.114186484311022
256	0.21454835780736	0.114179997062534
257	0.214603492318235	0.114173473333461
258	0.21465835317315	0.11416691373524
259	0.214712942829572	0.114160318869184
260	0.214767263713341	0.114153689326682
261	0.214821318219201	0.114147025689383
262	0.214875108711317	0.114140328529389
263	0.214928637523778	0.114133598409432
264	0.214981906961096	0.114126835883057
265	0.215034919298692	0.114120041494795
266	0.215087676783371	0.114113215780331
267	0.215140181633791	0.114106359266675
268	0.215192436040917	0.114099472472321
269	0.215244442168471	0.114092555907411
270	0.215296202153375	0.114085654774954
271	0.215347718106174	0.114078774290775
272	0.215398992111465	0.114071865237264
273	0.215450026228308	0.114064928094418
274	0.215500822490632	0.114057963334613
275	0.215551382907633	0.11405097142274
276	0.215601709464165	0.114043952816342
277	0.215651804121123	0.114036907965753
278	0.215701668815814	0.114029837314224
279	0.215751305462333	0.114022741298052
280	0.215800715951916	0.11401562034671
281	0.215849902153299	0.114008474882966
282	0.215898865913064	0.114001305323005
283	0.21594760905598	0.113994112076547
284	0.215996133385335	0.113986895546963
285	0.21604444068327	0.113979656131388
286	0.216092532711096	0.11397239422083
287	0.216140411209609	0.113965110200283
288	0.216188077899405	0.113957804448829
289	0.216235534481181	0.113950477339742
290	0.216282782636034	0.113943129240595
291	0.216329824025754	0.113935760513353
292	0.216376660293114	0.113928371514476
293	0.21642329306215	0.113920962595015
294	0.21646972393844	0.113913534100701
295	0.216515954509374	0.113906086372043
296	0.216561986344424	0.113898619744413
297	0.216607820995406	0.113891134548139
298	0.216653459996739	0.113883631108589
299	0.216698904865695	0.113876109746255
300	0.216744157102649	0.113868570776839
301	0.216789218191327	0.113861014511334
302	0.21683408959904	0.1138534412561
303	0.216878772776923	0.11384585131295
304	0.216923269160169	0.113838244979219
305	0.21696758016825	0.113830622547843
306	0.217011707205147	0.113822984307434
307	0.217055651659566	0.113815330542351
308	0.217099414905155	0.11380766153277
309	0.217142998300715	0.113799977554755
310	0.217186403190411	0.113792278880328
311	0.217229630903972	0.11378456577753
312	0.217272682756899	0.113776838510495
313	0.217315560050656	0.113769097339508
314	0.217358264072869	0.113761342521071
315	0.217400796097516	0.113753574307964
316	0.217443157385115	0.113745792949308
317	0.217485349182907	0.113737998690621
318	0.21752737272504	0.11373019177388
319	0.217569229232747	0.113722372437577
320	0.217610919914521	0.113714540916775
321	0.217652445966288	0.113706697443165
322	0.217693808571575	0.113698842245117
323	0.217735008901683	0.113690975547737
324	0.217776048115842	0.11368309757292
325	0.217816927361381	0.113675208539394
326	0.21785764777388	0.113667308662781
327	0.217898210477333	0.113659398155637
328	0.217938616584297	0.113651477227508
329	0.217978867196042	0.113643546084971
330	0.218018963402706	0.113635604931687
331	0.218058906283435	0.113627653968442
332	0.218098696906531	0.113619693393195
333	0.21813833632959	0.113611723401123
334	0.218177825599645	0.113603744184661
335	0.218217165753302	0.113595755933548
336	0.218256357816873	0.113587758834866
337	0.218295402806513	0.113579753073086
338	0.218334301728346	0.113571738830103
339	0.218373055578597	0.113563716285279
340	0.218411665343717	0.113555685615482
341	0.218450132000507	0.113547646995122
342	0.218488456516244	0.113539600596191
343	0.218526639848798	0.113531546588301
344	0.218564682946753	0.113523485138716
345	0.218602586749524	0.113515426803706
346	0.21864035218747	0.113507426536229
347	0.218677980182011	0.113499419135667
348	0.218715471645738	0.113491404761147
349	0.218752827482521	0.113483383569617
350	0.218790048587621	0.113475355715877
351	0.218827135847794	0.113467321352614
352	0.218864090141396	0.113459280630432
353	0.21890091233849	0.113451233697883
354	0.218937603300943	0.113443180701497
355	0.218974163882529	0.113435121785814
356	0.219010594929028	0.113427057093413
357	0.219046897278322	0.11341898676494
358	0.219083071760493	0.113410910939137
359	0.219119119197913	0.113402829752871
360	0.219155040405343	0.113394743341159
361	0.219190836190021	0.1133866518372
362	0.219226507351754	0.113378555372396
363	0.219262054683005	0.113370454076383
364	0.219297478968981	0.113362348077053
365	0.219332780987722	0.113354237500583
366	0.219367961510184	0.113346122471457
367	0.219403021300323	0.113338003112491
368	0.219437961115176	0.113329879544859
369	0.219472781704949	0.113321751888115
370	0.219507483813087	0.113313620260216
371	0.219542068176363	0.113305484777548
372	0.21957653552495	0.113297345554945
373	0.2196108865825	0.113289202705711
374	0.219645122066219	0.113281056341647
375	0.219679242686942	0.113272906573066
376	0.219713249149209	0.113264753508818
377	0.219747142151331	0.11325659725631
378	0.219780922385471	0.113248437921527
379	0.219814590537704	0.11324027560905
380	0.219848147288097	0.113232110422079
381	0.219881593310768	0.113223942462448
382	0.219914946415019	0.11321577183065
383	0.219948192978991	0.113207598625853
384	0.219981330748227	0.113199422945914
385	0.220014360374017	0.113191244887408
386	0.220047282502027	0.113183064545634
387	0.220080097772372	0.113174882014642
388	0.220112806819674	0.113166697387245
389	0.220145410273124	0.11315851075504
390	0.220177908756539	0.113150322208419
391	0.22021030288843	0.113142131836593
392	0.220242593282051	0.113133939727604
393	0.220274780545465	0.113125745968341
394	0.220306865281598	0.113117550644557
395	0.220338848088293	0.113109353840885
396	0.22037072955837	0.113101155640851
397	0.22040251027968	0.113092956126894
398	0.220434190835157	0.113084755380373
399	0.220465771802873	0.113076553481591
400	0.220497253756092	0.113068350509802
401	0.22052863726332	0.113060146543229
402	0.220559922888356	0.113051941659075
403	0.220591111190346	0.113043735933542
404	0.220622202723831	0.11303552944184
405	0.220653198038795	0.113027322258199
406	0.220684097680714	0.113019114455889
407	0.220714902190608	0.113010906107226
408	0.220745612105085	0.113002697283588
409	0.220776227956386	0.112994488055428
410	0.220806750272435	0.112986278492284
411	0.220837179576886	0.112978068662793
412	0.22086751638916	0.112969858634705
413	0.220897761224499	0.112961648474889
414	0.220927914594003	0.112953438249349
415	0.220957977004678	0.112945228023237
416	0.220987948959475	0.112937017860858
417	0.221017830957335	0.112928807825688
418	0.221047623493227	0.112920597980382
419	0.221077327058196	0.112912388386782
420	0.221106942139395	0.112904179105933
421	0.221136469220131	0.112895970198091
422	0.221165908779904	0.112887761722731
423	0.221195261294442	0.112879553738563
424	0.221224527235745	0.112871346303534
425	0.22125370707212	0.112863139474846
426	0.221282801268219	0.112854933308961
427	0.221311810285076	0.112846727861612
428	0.221340734580145	0.11283852318781
429	0.221369574607335	0.112830319341859
430	0.221398330817045	0.11282211637736
431	0.221427003656202	0.112813914347221
432	0.221455593568294	0.112805713303667
433	0.221484100993402	0.11279751329825
434	0.221512526368241	0.112789314381855
435	0.221540870126187	0.112781116604709
436	0.221569132697313	0.112772920016391
437	0.221597314508421	0.112764747824628
438	0.221625415983076	0.112756614808195
439	0.221653437541636	0.112748483009374
440	0.221681379601283	0.112740352475694
441	0.221709242576059	0.112732223254071
442	0.221737026876891	0.112724095390817
443	0.221764732911624	0.112715968931651
444	0.221792361085052	0.1127078439217
445	0.221819911798947	0.112699720405512
446	0.221847385452088	0.112691598427062
447	0.221874782440289	0.112683478029755
448	0.22190210315643	0.112675359256441
449	0.221929347990486	0.112667242149416
450	0.221956517329551	0.112659126750429
451	0.221983611557869	0.112651013100693
452	0.222010631056859	0.112642901240888
453	0.222037576205147	0.112634791211168
454	0.222064447378585	0.11262668305117
455	0.222091244950284	0.112618576800018
456	0.222117969290637	0.112610472496329
457	0.222144620767346	0.112602370178223
458	0.222171199745446	0.112594269883325
459	0.222197706587332	0.112586171648772
460	0.222224141652782	0.112578075511223
461	0.222250505298984	0.112569981506857
462	0.222276797880557	0.112561889671387
463	0.222303019749579	0.112553800040062
464	0.222329171255608	0.112545712647671
465	0.222355252745706	0.112537627528554
466	0.222381264564462	0.112529544716602
467	0.222407207054018	0.112521464245264
468	0.222433080554085	0.112513386147555
469	0.222458885401972	0.112505310456058
470	0.222484621932607	0.112497237202932
471	0.222510290478555	0.112489166419915
472	0.222535891370044	0.11248109813833
473	0.222561424934985	0.112473032389091
474	0.222586891498991	0.112464969202704
475	0.222612291385401	0.112456908609279
476	0.222637624915301	0.112448850638528
477	0.222662892407542	0.112440795319773
478	0.222688094178761	0.112432742681951
479	0.222713230543402	0.112424692753618
480	0.222738301813735	0.112416645562952
481	0.222763308299876	0.112408601137761
482	0.222788250309806	0.112400559505484
483	0.222813128149391	0.112392520693198
484	0.2228379421224	0.11238448472762
485	0.222862692530522	0.112376451635114
486	0.222887379673391	0.112368421441692
487	0.222912003848596	0.112360394173022
488	0.222936565351705	0.112352369854429
489	0.22296106447628	0.112344348510901
490	0.222985501513896	0.112336330167092
491	0.223009876754158	0.112328314847324
492	0.223034190484719	0.112320302575597
493	0.223058442991298	0.112312293375587
494	0.223082634557692	0.112304287270651
495	0.223106765465801	0.112296284283833
496	0.223130835995636	0.112288284437865
497	0.223154846425344	0.112280287755174
498	0.223178797031215	0.112272294257882
499	0.223202688087706	0.112264303967811
500	0.223226519867454	0.112256316906489
501	0.223250292641289	0.112248333095147
502	0.223274006678255	0.112240352554732
503	0.223297662245621	0.1122323753059
504	0.223321259608899	0.112224401369029
505	0.223344799031855	0.112216430764213
506	0.22336828077653	0.112208463511274
507	0.223391705103249	0.112200499629759
508	0.223415072270642	0.112192539138947
509	0.223438382535649	0.112184582057849
510	0.223461636153545	0.112176628405214
511	0.223484833377947	0.11216867819953
512	0.223507974460829	0.112160731459027
513	0.223531059652539	0.112152788201683
514	0.22355408920181	0.112144848445222
515	0.223577063355774	0.112136912207123
516	0.223599982359975	0.112128979504617
517	0.223622846458384	0.112121050354692
518	0.223645655893411	0.112113124774099
519	0.223668410905918	0.112105202779349
520	0.223691111735233	0.11209728438672
521	0.22371375861916	0.112089369612259
522	0.223736351793995	0.112081458471782
523	0.223758891494536	0.112073550980883
524	0.223781377954097	0.112065647154927
525	0.223803811404519	0.112057747009061
526	0.223826192076183	0.112049850558214
527	0.223848520198022	0.112041957817097
528	0.223870795997531	0.112034068800209
529	0.223893019700784	0.112026183521836
530	0.223915191532437	0.112018301996058
531	0.223937311715748	0.112010424236746
532	0.223959380472585	0.11200255025757
533	0.223981398023434	0.111994680071996
534	0.224003364587418	0.111986813693291
535	0.224025280382298	0.111978951134526
536	0.224047145624495	0.111971092408577
537	0.224068960529091	0.111963237528127
538	0.224090725309845	0.111955386505669
539	0.224112440179204	0.111947539353508
540	0.224134105348312	0.111939696083762
541	0.224155721027019	0.111931856708367
542	0.224177287423894	0.111924021239074
543	0.224198804746233	0.111916189687458
544	0.224220273200072	0.111908362064914
545	0.224241692990193	0.111900538382661
546	0.22426306432014	0.111892718651746
547	0.22428438739222	0.111884902883043
548	0.224305662407522	0.111877119132468
549	0.224326889565919	0.111869361008092
550	0.224348069066084	0.11186160680124
551	0.224369201105494	0.111853856522365
552	0.224390285880442	0.111846110181755
553	0.224411323586048	0.111838367789536
554	0.224432314416264	0.111830629355678
555	0.224453258563887	0.111822894889987
556	0.224474156220563	0.111815164402118
557	0.224495007576804	0.111807437901569
558	0.224515812821987	0.111799715397686
559	0.224536572144373	0.111791996899663
560	0.224557285731105	0.111784282416545
561	0.224577953768225	0.111776571957231
562	0.224598576440681	0.111768865530472
563	0.22461915393233	0.111761163144875
564	0.224639686425954	0.111753464808906
565	0.224660174103261	0.111745770530886
566	0.2246806171449	0.111738080319001
567	0.224701015730464	0.111730394181295
568	0.2247213700385	0.111722712125678
569	0.224741680246516	0.111715034159924
570	0.224761946530992	0.111707360291674
571	0.224782169067384	0.111699690528436
572	0.224802348030133	0.11169202487759
573	0.224822483592672	0.111684363346383
574	0.224842575927438	0.111676705941938
575	0.224862625205872	0.11166905267125
576	0.224882631598433	0.11166140354119
577	0.224902595274601	0.111653758558504
578	0.224922516402888	0.111646117729818
579	0.224942395150841	0.111638481061635
580	0.224962231685054	0.111630848560342
581	0.224982026171171	0.111623220232205
582	0.225001778773896	0.111615596083373
583	0.225021489656998	0.111607976119883
584	0.225041158983318	0.111600360347654
585	0.225060786914777	0.111592748772495
586	0.225080373612383	0.111585141400101
587	0.225099919236236	0.111577538236058
588	0.225119423945535	0.111569939285844
589	0.225138887898588	0.111562344554825
590	0.225158311252814	0.111554754048264
591	0.22517769416475	0.111547167771318
592	0.225197036790061	0.111539585729038
593	0.225216339283543	0.111532007926372
594	0.225235601799132	0.111524434368167
595	0.225254824489905	0.111516865059168
596	0.225274007508094	0.11150930000402
597	0.225293151005087	0.111501739207271
598	0.225312255131433	0.111494182673368
599	0.225331320036852	0.111486630406665
600	0.22535034587024	0.111479082411418
601	0.225369332779672	0.111471538691789
602	0.225388280912411	0.111463999251846
603	0.225407190414914	0.111456464095568
604	0.225426061432834	0.111448933226837
605	0.22544489411103	0.111441406649449
606	0.225463688593572	0.111433884367109
607	0.225482445023743	0.111426366383433
608	0.22550116354405	0.111418852701951
609	0.225519844296224	0.111411343326105
610	0.22553848742123	0.111403838259253
611	0.22555709305927	0.111396337504666
612	0.22557566134979	0.111388841065535
613	0.225594192431483	0.111381348944965
614	0.225612686442296	0.11137386114598
615	0.225631143519436	0.111366377671524
616	0.225649563799372	0.11135889852446
617	0.225667947417844	0.111351423707573
618	0.225686294509867	0.111343953223568
619	0.225704605209732	0.111336487075074
620	0.225722879651019	0.111329025264643
621	0.225741117966594	0.11132156779475
622	0.225759320288619	0.111314114667798
623	0.225777486748555	0.111306665886113
624	0.225795617477166	0.11129922145195
625	0.225813712604526	0.11129178136749
626	0.225831772260024	0.111284345634842
627	0.225849796572365	0.111276914256046
628	0.225867785669578	0.111269487233071
629	0.225885739679019	0.111262064567816
630	0.225903658727379	0.111254646262112
631	0.225921542940684	0.111247232317723
632	0.225939392444301	0.111239822736344
633	0.225957207362944	0.111232417519607
634	0.225974987820677	0.111225016669074
635	0.225992733940919	0.111217620186246
636	0.226010445846448	0.111210228072558
637	0.226028123659406	0.111202840329382
638	0.226045767501303	0.111195456958026
639	0.226063377493021	0.111188077959739
640	0.226080953754817	0.111180703335705
641	0.226098496406331	0.111173333087051
642	0.226116005566587	0.11116596721484
643	0.226133481353996	0.11115860572008
644	0.226150923886365	0.111151248603717
645	0.226168333280896	0.111143895866639
646	0.226185709654193	0.111136547509679
647	0.226203053122264	0.111129203533612
648	0.226220363800528	0.111121863939156
649	0.226237641803816	0.111114528726974
650	0.226254887246374	0.111107197897676
651	0.226272100241873	0.111099871451814
652	0.226289280903404	0.111092549389889
653	0.22630642934349	0.111085231712349
654	0.226323545674085	0.111077918419589
655	0.226340630006577	0.11107060951195
656	0.226357682451796	0.111063304989725
657	0.226374703120016	0.111056004853154
658	0.226391692120955	0.111048709102428
659	0.226408649563784	0.111041417737688
660	0.226425575557127	0.111034130759025
661	0.226442470209067	0.111026848166483
662	0.226459333627146	0.111019569960056
663	0.226476165918374	0.111012296139693
664	0.226492967189227	0.111005026705294
665	0.226509737545653	0.110997761656714
666	0.226526477093076	0.110990500993761
667	0.226543185936397	0.110983244716197
668	0.226559864180001	0.110975992823742
669	0.226576511927757	0.110968745316069
670	0.226593129283023	0.110961502192807
671	0.226609716348648	0.110954263453543
672	0.226626273226978	0.110947029097821
673	0.226642800019856	0.110939799125142
674	0.226659296828626	0.110932573534965
675	0.226675763754139	0.110925352326708
676	0.226692200896752	0.110918135499746
677	0.226708608356333	0.110910923053418
678	0.226724986232265	0.110903714987017
679	0.226741334623449	0.110896511299801
680	0.226757653628306	0.110889311990987
681	0.226773943344778	0.110882149322055
682	0.226790203870337	0.110874999494134
683	0.226806435301982	0.110867853991198
684	0.226822637736246	0.110860712812445
685	0.226838811269195	0.110853575957034
686	0.226854955996435	0.11084644342409
687	0.226871072013114	0.110839315212697
688	0.226887159413922	0.110832191321906
689	0.226903218293096	0.110825071750731
690	0.226919248744425	0.110817956498151
691	0.226935250861247	0.110810845563109
692	0.226951224736459	0.110803738944513
693	0.226967170462514	0.110796636641239
694	0.226983088131425	0.110789538652126
695	0.226998977834771	0.110782444975982
696	0.227014839663695	0.11077535561158
697	0.22703067370891	0.110768270557663
698	0.227046480060702	0.110761189812937
699	0.227062258808928	0.11075411337608
700	0.227078010043025	0.110747041245737
701	0.227093733852007	0.110739973420522
702	0.227109430324472	0.110732909899017
703	0.227125099548602	0.110725850679775
704	0.227140741612166	0.110718795761316
705	0.227156356602522	0.110711745142135
706	0.227171944606622	0.110704698820691
707	0.22718750571101	0.11069765679542
708	0.227203040001831	0.110690619064725
709	0.227218547564826	0.110683585626982
710	0.227234028485341	0.110676556480539
711	0.227249482848323	0.110669531623716
712	0.227264910738329	0.110662511054804
713	0.227280312239524	0.110655494772068
714	0.227295687435685	0.110648482773747
715	0.227311036410203	0.110641475058052
716	0.227326359246084	0.110634471623168
717	0.227341656025954	0.110627472467253
718	0.227356926832059	0.110620477588443
719	0.227372171746269	0.110613486984843
720	0.227387390850078	0.110606500654538
721	0.227402584224611	0.110599518595585
722	0.227417751950618	0.110592540806018
723	0.227432894108485	0.110585567283846
724	0.22744801077823	0.110578598027055
725	0.227463102039509	0.110571633033607
726	0.227478167971616	0.110564672301439
727	0.227493208653485	0.110557715828468
728	0.227508224163693	0.110550763612585
729	0.227523214580464	0.110543815651661
730	0.227538179981667	0.110536871943544
731	0.227553120444821	0.110529932486058
732	0.227568036047095	0.110522997277009
733	0.227582926865313	0.110516066314177
734	0.227597792975955	0.110509139595325
735	0.227612634455154	0.110502217118193
736	0.227627451378708	0.1104952988805
737	0.227642243822073	0.110488384879945
738	0.227657011860368	0.110481475114208
739	0.22767175556838	0.110474569580946
740	0.22768647502056	0.110467668277799
741	0.227701170291031	0.110460771202386
742	0.227715841453585	0.110453878352308
743	0.227730488581688	0.110446989725147
744	0.227745111748481	0.110440105318464
745	0.227759711026781	0.110433225129803
746	0.227774286489085	0.110426349156691
747	0.227788838207569	0.110419477396635
748	0.227803366254092	0.110412609847124
749	0.227817870700198	0.11040574650563
750	0.227832351617116	0.110398887369608
751	0.227846809075763	0.110392032436496
752	0.227861243146745	0.110385181703713
753	0.227875653900361	0.110378335168663
754	0.227890041406601	0.110371492828733
755	0.227904405735151	0.110364654681295
756	0.227918746955395	0.110357820723701
757	0.227933065136412	0.110350990953291
758	0.227947360346985	0.110344165367387
759	0.227961632655595	0.110337343963297
760	0.227975882130429	0.110330526738311
761	0.227990108839378	0.110323713689708
762	0.228004312850041	0.110316904814749
763	0.228018494229724	0.11031010011068
764	0.228032653045444	0.110303299574733
765	0.228046789363929	0.110296503204128
766	0.22806090325162	0.110289710996066
767	0.228074994774676	0.110282922947739
768	0.228089063998969	0.110276139056322
769	0.22810311099009	0.110269359318977
770	0.228117135813352	0.110262583732853
771	0.228131138533786	0.110255812295085
772	0.228145119216147	0.110249045002796
773	0.228159077924916	0.110242281853095
774	0.228173014724299	0.110235522843078
775	0.228186929678228	0.11022876796983
776	0.228200822850366	0.110222017230422
777	0.228214694304105	0.110215270621913
778	0.22822854410257	0.110208528141351
779	0.228242372308618	0.11020178978577
780	0.228256178984844	0.110195055552195
781	0.228269964193576	0.110188325437636
782	0.228283727996882	0.110181599439095
783	0.228297470456567	0.11017487755356
784	0.22831119163418	0.11016815977801
785	0.228324891591009	0.110161446109411
786	0.228338570388088	0.11015473654472
787	0.228352228086194	0.110148031080881
788	0.228365864745851	0.110141329714831
789	0.228379480427331	0.110134632443492
790	0.228393075190656	0.110127939263781
791	0.228406649095596	0.1101212501726
792	0.228420202201675	0.110114565166844
793	0.22843373456817	0.110107884243398
794	0.228447246254112	0.110101207399137
795	0.228460737318287	0.110094534630925
796	0.228474207819239	0.110087865935619
797	0.228487657815272	0.110081201310065
798	0.228501087364446	0.110074540751101
799	0.228514496524587	0.110067884255555
800	0.228527885353279	0.110061231820248
801	0.228541253907871	0.11005458344199
802	0.228554602245479	0.110047939117583
803	0.228567930422982	0.110041298843822
804	0.228581238497028	0.110034662617492
805	0.228594526524035	0.110028030435371
806	0.228607794560188	0.110021402294228
807	0.228621042661446	0.110014778190825
808	0.228634270883537	0.110008158121915
809	0.228647479281966	0.110001542084244
810	0.228660667912011	0.109994930074552
811	0.228673836828726	0.109988322089567
812	0.228686986086942	0.109981718126015
813	0.22870011574127	0.109975118180612
814	0.228713225846099	0.109968522250066
815	0.228726316455598	0.10996193033108
816	0.22873938762372	0.10995534242035
817	0.228752439404199	0.109948758514564
818	0.228765471850553	0.109942178610404
819	0.228778485016088	0.109935602704545
820	0.228791478953893	0.109929030793657
821	0.228804453716847	0.109922462874402
822	0.228817409357615	0.109915898943436
823	0.228830345928656	0.10990933899741
824	0.228843263482215	0.109902783032968
825	0.228856162070332	0.109896231046749
826	0.228869041744839	0.109889683035385
827	0.228881902557362	0.109883138995503
828	0.228894744559322	0.109876598923725
829	0.228907567801937	0.109870062816665
830	0.228920372336221	0.109863530670936
831	0.228933158212989	0.109857002483141
832	0.228945925482851	0.10985047824988
833	0.228958674196221	0.109843957967749
834	0.228971404403314	0.109837441633338
835	0.228984116154146	0.10983092924323
836	0.228996809498537	0.109824420794006
837	0.229009484486111	0.109817916282242
838	0.2290221411663	0.109811415704508
839	0.229034779588339	0.109804948910647
840	0.229047399801273	0.109798489803252
841	0.229060001853955	0.109792034585224
842	0.229072585795045	0.109785583253188
843	0.229085151673018	0.109779135803767
844	0.229097699536156	0.109772692233579
845	0.229110229432555	0.109766252539237
846	0.229122741410126	0.10975981671735
847	0.229135235516591	0.109753384764524
848	0.22914771179949	0.109746956677359
849	0.229160170306177	0.109740532452454
850	0.229172611083825	0.1097341120864
851	0.229185034179423	0.109727695575789
852	0.229197439639781	0.109721282917206
853	0.229209827511526	0.109714874107233
854	0.229222197841109	0.109708469142449
855	0.229234550674801	0.10970206801943
856	0.229246886058694	0.109695670734747
857	0.229259204038707	0.10968927728497
858	0.229271504660579	0.109682887666663
859	0.229283787969878	0.10967650187639
860	0.229296054011996	0.109670119910709
861	0.229308302832153	0.109663741766176
862	0.229320534475395	0.109657367439346
863	0.229332748986599	0.109650996926767
864	0.229344946410469	0.109644630224989
865	0.229357126791541	0.109638267330557
866	0.229369290174182	0.109631908240012
867	0.229381436602591	0.109625552949894
868	0.2293935661208	0.109619201456741
869	0.229405678772674	0.109612853757087
870	0.229417774601912	0.109606509847466
871	0.22942985365205	0.109600169724407
872	0.22944191596646	0.109593833384438
873	0.229453961588349	0.109587500824085
874	0.229465990560763	0.109581172039871
875	0.229478002926587	0.10957484702832
876	0.229489998728546	0.109568525785949
877	0.229501978009202	0.109562208309277
878	0.229513940810961	0.109555894594819
879	0.229525887176069	0.109549584639091
880	0.229537817146616	0.109543278438603
881	0.229549730764533	0.109536975989868
882	0.229561628071598	0.109530677289393
883	0.22957350910943	0.109524382333687
884	0.229585373919497	0.109518091119256
885	0.22959722254311	0.109511803642604
886	0.229609055021431	0.109505519900235
887	0.229620871395466	0.10949923988865
888	0.229632671706071	0.10949296360435
889	0.229644455993953	0.109486691043835
890	0.229656224299664	0.109480422203603
891	0.229667976663613	0.109474157080151
892	0.229679713126055	0.109467895669975
893	0.229691433727101	0.10946163796957
894	0.229703138506711	0.109455383975431
895	0.229714827504703	0.109449133684051
896	0.229726500760745	0.109442887091923
897	0.229738158314363	0.109436644195538
898	0.229749800204937	0.109430404991387
899	0.229761426471703	0.10942416947596
900	0.229773037153756	0.109417937645748
901	0.229784632290046	0.109411709497238
902	0.229796211919384	0.109405485026921
903	0.229807776080439	0.109399264231284
904	0.229819324811738	0.109393047106814
905	0.22983085815167	0.109386833649998
906	0.229842376138487	0.109380623857324
907	0.229853878810298	0.109374417725279
908	0.229865366205078	0.109368215250347
909	0.229876838360664	0.109362016429017
910	0.229888295314757	0.109355821257773
911	0.229899737104921	0.109349629733101
912	0.229911163768586	0.109343441851487
913	0.229922575343047	0.109337257609418
914	0.229933971865466	0.109331077003378
915	0.229945353372872	0.109324900029853
916	0.229956719902159	0.109318726685329
917	0.229968071490092	0.109312556966293
918	0.229979408173303	0.109306390869231
919	0.229990729988295	0.109300228390628
920	0.230002036971439	0.109294069526972
921	0.230013329158977	0.109287914274749
922	0.230024606587022	0.109281762630447
923	0.23003586929156	0.109275614590554
924	0.230047117308449	0.109269470151558
925	0.230058350673418	0.109263329309947
926	0.230069569422071	0.10925719206221
927	0.230080773589886	0.109251058404838
928	0.230091963212217	0.109244928334319
929	0.23010313832429	0.109238801847146
930	0.230114298961209	0.109232678939809
931	0.230125445157955	0.1092265596088
932	0.230136576949385	0.109220443850612
933	0.230147694370233	0.10921433166174
934	0.230158797455111	0.109208223038676
935	0.230169886238512	0.109202117977917
936	0.230180960754806	0.109196016475958
937	0.230192021038243	0.109189918529296
938	0.230203067122953	0.10918382413443
939	0.23021409904295	0.109177733287857
940	0.230225116832124	0.109171645986078
941	0.230236120524251	0.109165562225593
942	0.23024711015299	0.109159482002905
943	0.230258085751879	0.109153405314516
944	0.230269047354343	0.10914733215693
945	0.230279994993691	0.109141262526652
946	0.230290928703114	0.109135196420189
947	0.230301848515692	0.109129133834049
948	0.230312754464386	0.109123074764739
949	0.230323646582048	0.109117019208771
950	0.230334524901413	0.109110967162655
951	0.230345389455105	0.109104918622904
952	0.230356240275635	0.109098873586033
953	0.230367077395403	0.109092832048557
954	0.230377900846698	0.109086794006992
955	0.230388710661696	0.109080759457856
956	0.230399506872464	0.10907472839767
957	0.230410289510962	0.109068700822955
958	0.230421058609035	0.109062676730234
959	0.230431814198425	0.10905665611603
960	0.230442556310761	0.109050638976871
961	0.230453284977567	0.109044625309282
962	0.23046400023026	0.109038615109793
963	0.230474702100147	0.109032608374936
964	0.230485390618432	0.109026605101242
965	0.230496065816211	0.109020605285246
966	0.230506727724476	0.109014608923483
967	0.230517376374113	0.109008616012491
968	0.230528011795903	0.10900262654881
969	0.230538634020524	0.10899664052898
970	0.230549243078551	0.108990657949545
971	0.230559839000454	0.10898467880705
972	0.230570421816601	0.108978703098041
973	0.23058099155726	0.108972730819067
974	0.230591548252594	0.108966761966678
975	0.230602091932665	0.108960796537427
976	0.230612622627437	0.108954834527868
977	0.230623140366771	0.108948875934558
978	0.230633645180428	0.108942920754055
979	0.230644137098071	0.108936968982919
980	0.230654616149263	0.108931020617714
981	0.230665082363468	0.108925075655003
982	0.230675535770053	0.108919134091354
983	0.230685976398284	0.108913195923334
984	0.230696404277335	0.108907261147516
985	0.230706819436277	0.108901329760471
986	0.230717221904089	0.108895401758775
987	0.230727611709652	0.108889477139006
988	0.230737988881751	0.108883555897743
989	0.230748353449077	0.108877638031568
990	0.230758705440225	0.108871723537064
991	0.230769044883695	0.108865812410819
992	0.230779371807895	0.108859904649421
993	0.230789686241138	0.10885400024946
994	0.230799988211644	0.10884809920753
995	0.230810277747539	0.108842201520227
996	0.230820554876859	0.108836307184148
997	0.230830819627545	0.108830416195894
998	0.230841072027449	0.108824528552067
999	0.230851312104331	0.108818644249273
1000	0.23086265462159	0.108813117347021
1001	0.23087175539961	0.108806885653214
