0.864281546877296	0.453977954282999	0	0
0.864257634118025	0.453926153736965	6.29098462634978e-05	6.29098462634978e-05
0.864233696677731	0.453874301260544	0.000125819692526996	0.000125819692526996
0.864209734506323	0.453822396749512	0.000188729538790493	0.000188729538790493
0.86418574755356	0.453770440099328	0.000251639385053991	0.000251639385053991
0.864161735769047	0.453718431205137	0.000314549231317489	0.000314549231317489
0.864137699102237	0.453666369961768	0.000377459077580987	0.000377459077580987
0.864113637502426	0.453614256263732	0.000440368923844484	0.000440368923844484
0.864089550918761	0.453562090005219	0.000503278770107982	0.000503278770107982
0.864065439300229	0.4535098710801	0.00056618861637148	0.00056618861637148
0.864041302595665	0.453457599381925	0.000629098462634978	0.000629098462634978
0.864017140753745	0.453405274803919	0.000692008308898475	0.000692008308898475
0.86399295372299	0.453352897238984	0.000754918155161973	0.000754918155161973
0.863968741451763	0.453300466579695	0.000817828001425471	0.000817828001425471
0.863944503888269	0.453247982718303	0.000880737847688969	0.000880737847688969
0.863920240980553	0.453195445546726	0.000943647693952466	0.000943647693952466
0.863895952676502	0.453142854956557	0.00100655754021596	0.00100655754021596
0.863871638923843	0.453090210839054	0.00106946738647946	0.00106946738647946
0.863847299670141	0.453037513085146	0.00113237723274296	0.00113237723274296
0.8638229348628	0.452984761585426	0.00119528707900646	0.00119528707900646
0.863798544449063	0.452931956230152	0.00125819692526996	0.00125819692526996
0.863774128376009	0.452879096909247	0.00132110677153345	0.00132110677153345
0.863749686590554	0.452826183512296	0.00138401661779695	0.00138401661779695
0.863725219039449	0.452773215928543	0.00144692646406045	0.00144692646406045
0.863700725669283	0.452720194046893	0.00150983631032395	0.00150983631032395
0.863676206426477	0.452667117755909	0.00157274615658744	0.00157274615658744
0.863651661257286	0.452613986943809	0.00163565600285094	0.00163565600285094
0.863627090107799	0.452560801498468	0.00169856584911444	0.00169856584911444
0.863602492923938	0.452507561307414	0.00176147569537794	0.00176147569537794
0.863577869651456	0.452454266257827	0.00182438554164144	0.00182438554164144
0.863553220235937	0.452400916236538	0.00188729538790493	0.00188729538790493
0.863528544622795	0.452347511130029	0.00195020523416843	0.00195020523416843
0.863503842757276	0.452294050824428	0.00201311508043193	0.00201311508043193
0.863479114584452	0.45224053520551	0.00207602492669543	0.00207602492669543
0.863454360049226	0.452186964158695	0.00213893477295892	0.00213893477295892
0.863429579096326	0.452133337569048	0.00220184461922242	0.00220184461922242
0.863404771670309	0.452079655321274	0.00226475446548592	0.00226475446548592
0.863379937715556	0.452025917299721	0.00232766431174942	0.00232766431174942
0.863355077176277	0.451972123388374	0.00239057415801292	0.00239057415801292
0.863330189996502	0.451918273470857	0.00245348400427641	0.00245348400427641
0.863305276120089	0.451864367430429	0.00251639385053991	0.00251639385053991
0.863280335490716	0.451810405149984	0.00257930369680341	0.00257930369680341
0.863255368051887	0.45175638651205	0.00264221354306691	0.00264221354306691
0.863230373746924	0.451702311398786	0.0027051233893304	0.0027051233893304
0.863205352518973	0.451648179691981	0.0027680332355939	0.0027680332355939
0.863180304310998	0.451593991273052	0.0028309430818574	0.0028309430818574
0.863155229065784	0.451539746023044	0.0028938529281209	0.0028938529281209
0.863130126725934	0.451485443822625	0.0029567627743844	0.0029567627743844
0.863104997233868	0.45143108455209	0.00301967262064789	0.00301967262064789
0.863079840531826	0.451376668091353	0.00308258246691139	0.00308258246691139
0.863054656561862	0.451322194319952	0.00314549231317489	0.00314549231317489
0.863029445265845	0.451267663117041	0.00320840215943839	0.00320840215943839
0.863004206585462	0.451213074361392	0.00327131200570188	0.00327131200570188
0.862978940462211	0.451158427931395	0.00333422185196538	0.00333422185196538
0.862953646837404	0.451103723705051	0.00339713169822888	0.00339713169822888
0.862928325652167	0.451048961559975	0.00346004154449238	0.00346004154449238
0.862902976847436	0.450994141373393	0.00352295139075588	0.00352295139075588
0.862877600363958	0.450939263022141	0.00358586123701937	0.00358586123701937
0.862852196142292	0.450884326382659	0.00364877108328287	0.00364877108328287
0.862826764122802	0.450829331330998	0.00371168092954637	0.00371168092954637
0.862801304245666	0.450774277742809	0.00377459077580987	0.00377459077580987
0.862775816450865	0.450719165493348	0.00383750062207336	0.00383750062207336
0.862750300678189	0.45066399445747	0.00390041046833686	0.00390041046833686
0.862724756867234	0.450608764509631	0.00396332031460036	0.00396332031460036
0.8626991849574	0.450553475523883	0.00402623016086386	0.00402623016086386
0.862673584887892	0.450498127373873	0.00408914000712735	0.00408914000712735
0.862647956597719	0.450442719932845	0.00415204985339085	0.00415204985339085
0.862622300025691	0.450387253073633	0.00421495969965435	0.00421495969965435
0.862596615110422	0.45033172666866	0.00427786954591785	0.00427786954591785
0.862570901790325	0.45027614058994	0.00434077939218135	0.00434077939218135
0.862545160003614	0.450220494709075	0.00440368923844484	0.00440368923844484
0.862519389688301	0.450164788897248	0.00446659908470834	0.00446659908470834
0.862493590782198	0.450109023025229	0.00452950893097184	0.00452950893097184
0.862467763222913	0.450053196963369	0.00459241877723534	0.00459241877723534
0.862441906947852	0.449997310581597	0.00465532862349883	0.00465532862349883
0.862416021894216	0.449941363749421	0.00471823846976233	0.00471823846976233
0.862390107998999	0.449885356335926	0.00478114831602583	0.00478114831602583
0.862364165198992	0.449829288209769	0.00484405816228933	0.00484405816228933
0.862338193430776	0.449773159239182	0.00490696800855283	0.00490696800855283
0.862312192630728	0.449716969291965	0.00496987785481632	0.00496987785481632
0.862286162735011	0.44966071823549	0.00503278770107982	0.00503278770107982
0.862260103679583	0.449604405936691	0.00509569754734332	0.00509569754734332
0.862234015400188	0.449548032262073	0.00515860739360682	0.00515860739360682
0.862207897832361	0.449491597077698	0.00522151723987031	0.00522151723987031
0.862181750911423	0.449435100249193	0.00528442708613381	0.00528442708613381
0.862155574572481	0.449378541641743	0.00534733693239731	0.00534733693239731
0.862129368750429	0.44932192112009	0.00541024677866081	0.00541024677866081
0.862103133379944	0.449265238548532	0.0054731566249243	0.0054731566249243
0.86207686839549	0.44920849379092	0.0055360664711878	0.0055360664711878
0.862050573731311	0.449151686710655	0.0055989763174513	0.0055989763174513
0.862024249321433	0.449094817170691	0.0056618861637148	0.0056618861637148
0.861997895099663	0.449037885033526	0.0057247960099783	0.0057247960099783
0.861971510999588	0.448980890161204	0.0057877058562418	0.0057877058562418
0.861945096954576	0.448923832415315	0.00585061570250529	0.00585061570250529
0.861918652897769	0.448866711656987	0.00591352554876879	0.00591352554876879
0.861892178762088	0.448809527746889	0.00597643539503229	0.00597643539503229
0.861865674480232	0.448752280545228	0.00603934524129579	0.00603934524129579
0.861839139984671	0.448694969911746	0.00610225508755928	0.00610225508755928
0.861812575207651	0.448637595705717	0.00616516493382278	0.00616516493382278
0.861785980081192	0.448580157785948	0.00622807478008628	0.00622807478008628
0.861759354537084	0.448522656010773	0.00629098462634978	0.00629098462634978
0.861732698506888	0.448465090238055	0.00635389447261327	0.00635389447261327
0.861706011921937	0.448407460325181	0.00641680431887677	0.00641680431887677
0.86167929471333	0.44834976612906	0.00647971416514027	0.00647971416514027
0.861652546811935	0.448292007506124	0.00654262401140377	0.00654262401140377
0.861625768148389	0.44823418431232	0.00660553385766727	0.00660553385766727
0.861598958653091	0.448176296403115	0.00666844370393076	0.00666844370393076
0.861572118256206	0.448118343633487	0.00673135355019426	0.00673135355019426
0.861545246887665	0.448060325857929	0.00679426339645776	0.00679426339645776
0.861518344477158	0.448002242930441	0.00685717324272126	0.00685717324272126
0.861491410954138	0.447944094704532	0.00692008308898475	0.00692008308898475
0.861464446247819	0.447885881033217	0.00698299293524825	0.00698299293524825
0.861437450287174	0.447827601769013	0.00704590278151175	0.00704590278151175
0.861410423000934	0.447769256763937	0.00710881262777525	0.00710881262777525
0.861383364317586	0.447710845869508	0.00717172247403875	0.00717172247403875
0.861356274165375	0.447652368936737	0.00723463232030224	0.00723463232030224
0.8613291524723	0.447593825816133	0.00729754216656574	0.00729754216656574
0.861301999166114	0.447535216357696	0.00736045201282924	0.00736045201282924
0.861274814174323	0.447476540410912	0.00742336185909274	0.00742336185909274
0.861247597424183	0.447417797824759	0.00748627170535623	0.00748627170535623
0.861220348842702	0.447358988447697	0.00754918155161973	0.00754918155161973
0.861193068356636	0.44730011212767	0.00761209139788323	0.00761209139788323
0.861165755892492	0.4472411687121	0.00767500124414673	0.00767500124414673
0.86113841137652	0.447182158047889	0.00773791109041023	0.00773791109041023
0.861111034734719	0.447123079981414	0.00780082093667372	0.00780082093667372
0.86108362589283	0.447063934358523	0.00786373078293722	0.00786373078293722
0.861056184776341	0.447004721024538	0.00792664062920072	0.00792664062920072
0.861028711310478	0.446945439824246	0.00798955047546422	0.00798955047546422
0.861001205420211	0.446886090601902	0.00805246032172771	0.00805246032172771
0.86097366703025	0.446826673201222	0.00811537016799121	0.00811537016799121
0.860946096065042	0.446767187465385	0.00817828001425471	0.00817828001425471
0.860918492448772	0.446707633237026	0.00824118986051821	0.00824118986051821
0.860890856105363	0.446648010358239	0.0083040997067817	0.0083040997067817
0.860863186958472	0.446588318670568	0.0083670095530452	0.0083670095530452
0.860835484931488	0.44652855801501	0.0084299193993087	0.0084299193993087
0.860807749947535	0.446468728232009	0.0084928292455722	0.0084928292455722
0.860779981929468	0.446408829161455	0.0085557390918357	0.0085557390918357
0.860752180799871	0.446348860642682	0.00861864893809919	0.00861864893809919
0.860724346481058	0.446288822514462	0.00868155878436269	0.00868155878436269
0.86069647889507	0.446228714615008	0.00874446863062619	0.00874446863062619
0.860668577963675	0.446168536781966	0.00880737847688969	0.00880737847688969
0.860640643608364	0.446108288852416	0.00887028832315319	0.00887028832315319
0.860612675750355	0.446047970662867	0.00893319816941668	0.00893319816941668
0.860584674310586	0.445987582049257	0.00899610801568018	0.00899610801568018
0.860556639209717	0.445927122846947	0.00905901786194368	0.00905901786194368
0.860528570368127	0.44586659289072	0.00912192770820718	0.00912192770820718
0.860500467705915	0.44580599201478	0.00918483755447067	0.00918483755447067
0.860472331142896	0.445745320052745	0.00924774740073417	0.00924774740073417
0.860444160598602	0.445684576837649	0.00931065724699767	0.00931065724699767
0.860415955992278	0.445623762201937	0.00937356709326117	0.00937356709326117
0.860387717242883	0.44556287597746	0.00943647693952467	0.00943647693952467
0.860359444269088	0.445501917995476	0.00949938678578816	0.00949938678578816
0.860331136989275	0.445440888086647	0.00956229663205166	0.00956229663205166
0.860302795321533	0.445379786081033	0.00962520647831516	0.00962520647831516
0.86027441918366	0.445318611808092	0.00968811632457866	0.00968811632457866
0.860246008493162	0.445257365096674	0.00975102617084215	0.00975102617084215
0.860217563167247	0.445196045775024	0.00981393601710565	0.00981393601710565
0.860189083122827	0.445134653670773	0.00987684586336915	0.00987684586336915
0.860160568276519	0.445073188610937	0.00993975570963265	0.00993975570963265
0.860132018544637	0.445011650421916	0.0100026655558961	0.0100026655558961
0.860103433843195	0.44495003892949	0.0100655754021596	0.0100655754021596
0.860074814087907	0.444888353958814	0.0101284852484231	0.0101284852484231
0.860046159194182	0.444826595334417	0.0101913950946866	0.0101913950946866
0.860017469077122	0.4447647628802	0.0102543049409501	0.0102543049409501
0.859988743651526	0.44470285641943	0.0103172147872136	0.0103172147872136
0.859959982831883	0.444640875774741	0.0103801246334771	0.0103801246334771
0.859931186532371	0.444578820768126	0.0104430344797406	0.0104430344797406
0.85990235466686	0.444516691220938	0.0105059443260041	0.0105059443260041
0.859873487148905	0.444454486953885	0.0105688541722676	0.0105688541722676
0.859844583891749	0.444392207787027	0.0106317640185311	0.0106317640185311
0.859815644808318	0.444329853539774	0.0106946738647946	0.0106946738647946
0.859786669811221	0.444267424030883	0.0107575837110581	0.0107575837110581
0.859757658812749	0.444204919078451	0.0108204935573216	0.0108204935573216
0.859728611724872	0.444142338499917	0.0108834034035851	0.0108834034035851
0.85969952845924	0.444079682112057	0.0109463132498486	0.0109463132498486
0.859670408927177	0.444016949730977	0.0110092230961121	0.0110092230961121
0.859641253039685	0.443954141172118	0.0110721329423756	0.0110721329423756
0.859612060707437	0.443891256250243	0.0111350427886391	0.0111350427886391
0.859582831840779	0.443828294779442	0.0111979526349026	0.0111979526349026
0.859553566349729	0.443765256573124	0.0112608624811661	0.0112608624811661
0.85952426414397	0.443702141444015	0.0113237723274296	0.0113237723274296
0.859494925132856	0.443638949204153	0.0113866821736931	0.0113866821736931
0.859465549225403	0.44357567966489	0.0114495920199566	0.0114495920199566
0.859436136330295	0.443512332636881	0.0115125018662201	0.0115125018662201
0.859406686355873	0.443448907930087	0.0115754117124836	0.0115754117124836
0.859377199210142	0.443385405353767	0.0116383215587471	0.0116383215587471
0.859347674800766	0.44332182471648	0.0117012314050106	0.0117012314050106
0.859318113035064	0.443258165826073	0.0117641412512741	0.0117641412512741
0.859288513820011	0.443194428489687	0.0118270510975376	0.0118270510975376
0.859258877062238	0.443130612513748	0.0118899609438011	0.0118899609438011
0.859229202668026	0.443066717703964	0.0119528707900646	0.0119528707900646
0.859199490543305	0.443002743865322	0.0120157806363281	0.0120157806363281
0.859169740593657	0.442938690802084	0.0120786904825916	0.0120786904825916
0.859139952724307	0.442874558317787	0.0121416003288551	0.0121416003288551
0.859110126840129	0.442810346215232	0.0122045101751186	0.0122045101751186
0.859080262845637	0.442746054296487	0.0122674200213821	0.0122674200213821
0.859050360644988	0.442681682362881	0.0123303298676456	0.0123303298676456
0.859020420141978	0.442617230215	0.0123932397139091	0.0123932397139091
0.858990441240042	0.442552697652683	0.0124561495601726	0.0124561495601726
0.85896042384225	0.44248808447502	0.0125190594064361	0.0125190594064361
0.858930367851306	0.442423390480346	0.0125819692526996	0.0125819692526996
0.858900273169548	0.44235861546624	0.0126448790989631	0.0126448790989631
0.858870139698943	0.442293759229517	0.0127077889452265	0.0127077889452265
0.858839967341088	0.442228821566229	0.01277069879149	0.01277069879149
0.858809755997205	0.442163802271657	0.0128336086377535	0.0128336086377535
0.858779505568142	0.442098701140311	0.012896518484017	0.012896518484017
0.858749215954371	0.442033517965922	0.0129594283302805	0.0129594283302805
0.858718887055984	0.441968252541443	0.013022338176544	0.013022338176544
0.858688518772691	0.441902904659038	0.0130852480228075	0.0130852480228075
0.858658111003823	0.441837474110087	0.013148157869071	0.013148157869071
0.858627663648322	0.441771960685173	0.0132110677153345	0.0132110677153345
0.858597176604745	0.441706364174086	0.013273977561598	0.013273977561598
0.858566649771262	0.441640684365813	0.0133368874078615	0.0133368874078615
0.858536083045651	0.441574921048536	0.013399797254125	0.013399797254125
0.858505476325297	0.441509074009628	0.0134627071003885	0.0134627071003885
0.858474829507192	0.441443143035651	0.013525616946652	0.013525616946652
0.858444142487928	0.441377127912347	0.0135885267929155	0.0135885267929155
0.858413415163703	0.441311028424638	0.013651436639179	0.013651436639179
0.858382647430311	0.44124484435662	0.0137143464854425	0.0137143464854425
0.858351839183144	0.44117857549156	0.013777256331706	0.013777256331706
0.85832099031719	0.441112221611889	0.0138401661779695	0.0138401661779695
0.858290100727029	0.441045782499202	0.013903076024233	0.013903076024233
0.858259170306833	0.440979257934249	0.0139659858704965	0.0139659858704965
0.858228198950361	0.440912647696934	0.01402889571676	0.01402889571676
0.858197186550961	0.44084595156631	0.0140918055630235	0.0140918055630235
0.858166133001564	0.440779169320574	0.014154715409287	0.014154715409287
0.858135038194685	0.440712300737061	0.0142176252555505	0.0142176252555505
0.858103902022418	0.440645345592244	0.014280535101814	0.014280535101814
0.858072724376435	0.440578303661725	0.0143434449480775	0.0143434449480775
0.858041505147984	0.440511174720232	0.014406354794341	0.014406354794341
0.858010244227888	0.440443958541617	0.0144692646406045	0.0144692646406045
0.85797894150654	0.440376654898847	0.014532174486868	0.014532174486868
0.857947596873902	0.440309263564002	0.0145950843331315	0.0145950843331315
0.857916210219504	0.440241784308271	0.014657994179395	0.014657994179395
0.85788478143244	0.440174216901944	0.0147209040256585	0.0147209040256585
0.857853310401366	0.440106561114413	0.014783813871922	0.014783813871922
0.857821797014501	0.440038816714161	0.0148467237181855	0.0148467237181855
0.857790241159617	0.439970983468761	0.014909633564449	0.014909633564449
0.857758642724045	0.43990306114487	0.0149725434107125	0.0149725434107125
0.857727001594668	0.439835049508226	0.015035453256976	0.015035453256976
0.85769531765792	0.439766948323641	0.0150983631032395	0.0150983631032395
0.857663590799782	0.439698757354994	0.015161272949503	0.015161272949503
0.857631820905783	0.439630476365234	0.0152241827957665	0.0152241827957665
0.857600007860995	0.439562105116366	0.01528709264203	0.01528709264203
0.857568151550029	0.43949364336945	0.0153500024882935	0.0153500024882935
0.857536251857038	0.439425090884599	0.015412912334557	0.015412912334557
0.85750430866571	0.439356447420969	0.0154758221808205	0.0154758221808205
0.857472321859264	0.439287712736754	0.0155387320270839	0.0155387320270839
0.857440291320456	0.439218886589186	0.0156016418733474	0.0156016418733474
0.857408216931565	0.439149968734525	0.0156645517196109	0.0156645517196109
0.857376098574399	0.439080958928055	0.0157274615658744	0.0157274615658744
0.857343936130291	0.43901185692408	0.0157903714121379	0.0157903714121379
0.857311729480091	0.438942662475918	0.0158532812584014	0.0158532812584014
0.857279478504172	0.438873375335894	0.0159161911046649	0.0159161911046649
0.85724718308242	0.438803995255339	0.0159791009509284	0.0159791009509284
0.857214843094236	0.438734521984579	0.0160420107971919	0.0160420107971919
0.857182458418531	0.438664955272936	0.0161049206434554	0.0161049206434554
0.857150028933724	0.438595294868715	0.0161678304897189	0.0161678304897189
0.85711755451774	0.438525540519208	0.0162307403359824	0.0162307403359824
0.857085035048006	0.438455691970677	0.0162936501822459	0.0162936501822459
0.857052470401449	0.43838574896836	0.0163565600285094	0.0163565600285094
0.857019860454494	0.438315711256456	0.0164194698747729	0.0164194698747729
0.856987205083061	0.438245578578127	0.0164823797210364	0.0164823797210364
0.856954504162561	0.438175350675487	0.0165452895672999	0.0165452895672999
0.856921757567894	0.438105027289597	0.0166081994135634	0.0166081994135634
0.856888965173446	0.438034608160463	0.0166711092598269	0.0166711092598269
0.856856126853088	0.437964093027025	0.0167340191060904	0.0167340191060904
0.856823242480169	0.437893481627156	0.0167969289523539	0.0167969289523539
0.856790311927519	0.437822773697653	0.0168598387986174	0.0168598387986174
0.856757335067441	0.437751968974232	0.0169227486448809	0.0169227486448809
0.856724311771709	0.437681067191522	0.0169856584911444	0.0169856584911444
0.856691241911568	0.43761006808306	0.0170485683374079	0.0170485683374079
0.85665812535773	0.437538971381283	0.0171114781836714	0.0171114781836714
0.856624961980367	0.437467776817525	0.0171743880299349	0.0171743880299349
0.856591751649114	0.437396484122006	0.0172372978761984	0.0172372978761984
0.856558494233062	0.437325093023832	0.0173002077224619	0.0173002077224619
0.856525189600756	0.437253603250985	0.0173631175687254	0.0173631175687254
0.856491837620194	0.437182014530316	0.0174260274149889	0.0174260274149889
0.85645843815882	0.437110326587541	0.0174889372612524	0.0174889372612524
0.856424991083525	0.437038539147235	0.0175518471075159	0.0175518471075159
0.856391496260641	0.436966651932823	0.0176147569537794	0.0176147569537794
0.856357953555938	0.436894664666577	0.0176776668000429	0.0176776668000429
0.856324362834624	0.436822577069606	0.0177405766463064	0.0177405766463064
0.856290723961338	0.436750388861852	0.0178034864925699	0.0178034864925699
0.856257036800148	0.436678099762083	0.0178663963388334	0.0178663963388334
0.856223301214549	0.436605709487886	0.0179293061850969	0.0179293061850969
0.85618951706746	0.43653321775566	0.0179922160313604	0.0179922160313604
0.856155684221218	0.436460624280611	0.0180551258776239	0.0180551258776239
0.856121802537577	0.436387928776743	0.0181180357238874	0.0181180357238874
0.856087871877704	0.436315130956854	0.0181809455701509	0.0181809455701509
0.856053892102177	0.436242230532525	0.0182438554164144	0.0182438554164144
0.856019863070979	0.436169227214119	0.0183067652626778	0.0183067652626778
0.855985784643496	0.436096120710768	0.0183696751089413	0.0183696751089413
0.855951656678515	0.436022910730371	0.0184325849552048	0.0184325849552048
0.855917479034219	0.435949596979584	0.0184954948014683	0.0184954948014683
0.855883251568183	0.435876179163812	0.0185584046477318	0.0185584046477318
0.855848974137372	0.435802656987208	0.0186213144939953	0.0186213144939953
0.855814646598138	0.435729030152658	0.0186842243402588	0.0186842243402588
0.855780268806213	0.435655298361778	0.0187471341865223	0.0187471341865223
0.85574584061671	0.435581461314908	0.0188100440327858	0.0188100440327858
0.855711361884116	0.435507518711101	0.0188729538790493	0.0188729538790493
0.855676832462291	0.435433470248117	0.0189358637253128	0.0189358637253128
0.855642252204461	0.435359315622418	0.0189987735715763	0.0189987735715763
0.85560762096322	0.435285054529158	0.0190616834178398	0.0190616834178398
0.855572938590518	0.435210686662174	0.0191245932641033	0.0191245932641033
0.855538204937666	0.435136211713984	0.0191875031103668	0.0191875031103668
0.855503419855327	0.435061629375772	0.0192504129566303	0.0192504129566303
0.855468583193514	0.434986939337388	0.0193133228028938	0.0193133228028938
0.855433694801585	0.434912141287333	0.0193762326491573	0.0193762326491573
0.855398754528241	0.434837234912758	0.0194391424954208	0.0194391424954208
0.855363762221521	0.434762219899449	0.0195020523416843	0.0195020523416843
0.855328717728797	0.434687095931827	0.0195649621879478	0.0195649621879478
0.855293620896774	0.434611862692932	0.0196278720342113	0.0196278720342113
0.855258471571481	0.434536519864422	0.0196907818804748	0.0196907818804748
0.855223269598272	0.43446106712656	0.0197536917267383	0.0197536917267383
0.855188014821818	0.434385504158208	0.0198166015730018	0.0198166015730018
0.855152707086105	0.434309830636819	0.0198795114192653	0.0198795114192653
0.85511734623443	0.434234046238427	0.0199424212655288	0.0199424212655288
0.855081932109397	0.434158150637643	0.0200053311117923	0.0200053311117923
0.85504646455291	0.434082143507639	0.0200682409580558	0.0200682409580558
0.855010943406175	0.434006024520147	0.0201311508043193	0.0201311508043193
0.854975368509689	0.433929793345448	0.0201940606505828	0.0201940606505828
0.854939739703242	0.43385344965236	0.0202569704968463	0.0202569704968463
0.854904056825906	0.433776993108235	0.0203198803431098	0.0203198803431098
0.854868319716038	0.433700423378948	0.0203827901893733	0.0203827901893733
0.854832528211271	0.433623740128885	0.0204457000356368	0.0204457000356368
0.854796682148511	0.43354694302094	0.0205086098819003	0.0205086098819003
0.854760781363933	0.433470031716502	0.0205715197281638	0.0205715197281638
0.854724825692974	0.433393005875446	0.0206344295744273	0.0206344295744273
0.854688814970335	0.433315865156128	0.0206973394206908	0.0206973394206908
0.85465274902997	0.43323860921537	0.0207602492669543	0.0207602492669543
0.854616627705083	0.433161237708457	0.0208231591132178	0.0208231591132178
0.854580450828126	0.433083750289122	0.0208860689594813	0.0208860689594813
0.854544218230792	0.433006146609542	0.0209489788057448	0.0209489788057448
0.854507929744013	0.432928426320322	0.0210118886520083	0.0210118886520083
0.854471585197953	0.432850589070495	0.0210747984982717	0.0210747984982717
0.854435184422002	0.432772634507503	0.0211377083445352	0.0211377083445352
0.854398727244777	0.432694562277193	0.0212006181907987	0.0212006181907987
0.85436221349411	0.432616372023806	0.0212635280370622	0.0212635280370622
0.85432564299705	0.432538063389967	0.0213264378833257	0.0213264378833257
0.854289015579854	0.432459636016674	0.0213893477295892	0.0213893477295892
0.854252331067983	0.432381089543292	0.0214522575758527	0.0214522575758527
0.854215589286098	0.432302423607538	0.0215151674221162	0.0215151674221162
0.854178790058054	0.432223637845476	0.0215780772683797	0.0215780772683797
0.854141933206897	0.432144731891501	0.0216409871146432	0.0216409871146432
0.854105018554856	0.432065705378337	0.0217038969609067	0.0217038969609067
0.854068045923341	0.431986557937017	0.0217668068071702	0.0217668068071702
0.854031015132937	0.43190728919688	0.0218297166534337	0.0218297166534337
0.853993926003397	0.431827898785558	0.0218926264996972	0.0218926264996972
0.853956778353638	0.431748386328967	0.0219555363459607	0.0219555363459607
0.85391957200174	0.431668751451292	0.0220184461922242	0.0220184461922242
0.853882306764934	0.431588993774983	0.0220813560384877	0.0220813560384877
0.853844982459599	0.431509112920737	0.0221442658847512	0.0221442658847512
0.85380759890126	0.431429108507495	0.0222071757310147	0.0222071757310147
0.85377015590458	0.431348980152423	0.0222700855772782	0.0222700855772782
0.853732653283353	0.431268727470908	0.0223329954235417	0.0223329954235417
0.853695090850501	0.431188350076542	0.0223959052698052	0.0223959052698052
0.853657468418071	0.431107847581114	0.0224588151160687	0.0224588151160687
0.853619785797222	0.431027219594597	0.0225217249623322	0.0225217249623322
0.853582042798227	0.430946465725138	0.0225846348085957	0.0225846348085957
0.853544239230464	0.430865585579044	0.0226475446548592	0.0226475446548592
0.853506374902409	0.430784578760773	0.0227104545011227	0.0227104545011227
0.853468449621634	0.430703444872922	0.0227733643473862	0.0227733643473862
0.853430463194799	0.430622183516216	0.0228362741936497	0.0228362741936497
0.853392415427646	0.430540794289493	0.0228991840399132	0.0228991840399132
0.853354306124995	0.430459276789695	0.0229620938861767	0.0229620938861767
0.853316135090735	0.430377630611856	0.0230250037324402	0.0230250037324402
0.853277902127823	0.430295855349088	0.0230879135787037	0.0230879135787037
0.853239607038273	0.430213950592571	0.0231508234249672	0.0231508234249672
0.853201249623152	0.430131915931539	0.0232137332712307	0.0232137332712307
0.853162829682576	0.43004975095327	0.0232766431174942	0.0232766431174942
0.853124347015699	0.429967455243071	0.0233395529637577	0.0233395529637577
0.853085801420714	0.429885028384264	0.0234024628100212	0.0234024628100212
0.85304719269484	0.429802469958181	0.0234653726562847	0.0234653726562847
0.853008520634318	0.42971977954414	0.0235282825025482	0.0235282825025482
0.852969785034408	0.429636956719444	0.0235911923488117	0.0235911923488117
0.852930985689376	0.429554001059357	0.0236541021950752	0.0236541021950752
0.852892122392495	0.4294709121371	0.0237170120413387	0.0237170120413387
0.852853194936035	0.429387689523831	0.0237799218876022	0.0237799218876022
0.852814203111253	0.429304332788636	0.0238428317338657	0.0238428317338657
0.852775146708393	0.429220841498515	0.0239057415801292	0.0239057415801292
0.852736025516677	0.429137215218367	0.0239686514263926	0.0239686514263926
0.852696839324295	0.429053453510976	0.0240315612726561	0.0240315612726561
0.852657587918405	0.428969555937	0.0240944711189196	0.0240944711189196
0.852618271085118	0.428885522054955	0.0241573809651831	0.0241573809651831
0.852578888609498	0.428801351421202	0.0242202908114466	0.0242202908114466
0.852539440275554	0.428717043589932	0.0242832006577101	0.0242832006577101
0.852499925866229	0.428632598113153	0.0243461105039736	0.0243461105039736
0.852460345163396	0.428548014540676	0.0244090203502371	0.0244090203502371
0.852420697947854	0.428463292420097	0.0244719301965006	0.0244719301965006
0.852380983999313	0.428378431296787	0.0245348400427641	0.0245348400427641
0.852341203096395	0.428293430713877	0.0245977498890276	0.0245977498890276
0.852301355016623	0.42820829021224	0.0246606597352911	0.0246606597352911
0.852261439536412	0.428123009330477	0.0247235695815546	0.0247235695815546
0.852221456431064	0.428037587604907	0.0247864794278181	0.0247864794278181
0.852181405474763	0.427952024569543	0.0248493892740816	0.0248493892740816
0.852141286440563	0.427866319756084	0.0249122991203451	0.0249122991203451
0.852101099100381	0.427780472693898	0.0249752089666086	0.0249752089666086
0.852060843224994	0.427694482910004	0.0250381188128721	0.0250381188128721
0.852020518584024	0.427608349929059	0.0251010286591356	0.0251010286591356
0.851980124945939	0.427522073273341	0.0251639385053991	0.0251639385053991
0.851939662078037	0.427435652462733	0.0252268483516626	0.0252268483516626
0.851899129746444	0.427349087014709	0.0252897581979261	0.0252897581979261
0.851858527716103	0.427262376444314	0.0253526680441896	0.0253526680441896
0.851817855750766	0.427175520264152	0.0254155778904531	0.0254155778904531
0.85177711361299	0.427088517984365	0.0254784877367166	0.0254784877367166
0.851736301064122	0.427001369112621	0.0255413975829801	0.0255413975829801
0.851695417864297	0.426914073154094	0.0256043074292436	0.0256043074292436
0.851654463772428	0.42682662961145	0.0256672172755071	0.0256672172755071
0.851613438546196	0.426739037984826	0.0257301271217706	0.0257301271217706
0.851572341942041	0.426651297771817	0.0257930369680341	0.0257930369680341
0.851531173715158	0.426563408467456	0.0258559468142976	0.0258559468142976
0.851489933619486	0.426475369564197	0.0259188566605611	0.0259188566605611
0.851448621407696	0.426387180551899	0.0259817665068246	0.0259817665068246
0.851407236831189	0.426298840917807	0.0260446763530881	0.0260446763530881
0.851365779640082	0.426210350146533	0.0261075861993516	0.0261075861993516
0.851324249583201	0.42612170772004	0.0261704960456151	0.0261704960456151
0.851282646408072	0.426032913117623	0.0262334058918786	0.0262334058918786
0.851240969860913	0.425943965815891	0.0262963157381421	0.0262963157381421
0.851199219686623	0.425854865288749	0.0263592255844056	0.0263592255844056
0.851157395628774	0.425765611007375	0.0264221354306691	0.0264221354306691
0.851115497429602	0.425676202440207	0.0264850452769326	0.0264850452769326
0.851073524829997	0.425586639052924	0.0265479551231961	0.0265479551231961
0.851031477569496	0.425496920308419	0.0266108649694596	0.0266108649694596
0.850989355386268	0.42540704566679	0.0266737748157231	0.0266737748157231
0.850947158017112	0.425317014585314	0.0267366846619866	0.0267366846619866
0.85090488519744	0.425226826518427	0.02679959450825	0.02679959450825
0.850862536661273	0.425136480917709	0.0268625043545135	0.0268625043545135
0.850820112141228	0.42504597723186	0.026925414200777	0.026925414200777
0.850777611368509	0.424955314906682	0.0269883240470405	0.0269883240470405
0.850735034072899	0.424864493385055	0.027051233893304	0.027051233893304
0.850692379982745	0.424773512106922	0.0271141437395675	0.0271141437395675
0.850649648824953	0.424682370509263	0.027177053585831	0.027177053585831
0.850606840324977	0.424591068026078	0.0272399634320945	0.0272399634320945
0.850563954206804	0.424499604088363	0.027302873278358	0.027302873278358
0.850520990192949	0.424407978124093	0.0273657831246215	0.0273657831246215
0.850477948004443	0.424316189558193	0.027428692970885	0.027428692970885
0.850434827360822	0.424224237812525	0.0274916028171485	0.0274916028171485
0.850391627980114	0.424132122305861	0.027554512663412	0.027554512663412
0.850348349578834	0.424039842453859	0.0276174225096755	0.0276174225096755
0.850304991871967	0.423947397669049	0.027680332355939	0.027680332355939
0.85026155457296	0.423854787360801	0.0277432422022025	0.0277432422022025
0.850218037393712	0.42376201093531	0.027806152048466	0.027806152048466
0.85017444004456	0.423669067795567	0.0278690618947295	0.0278690618947295
0.850130762234269	0.423575957341341	0.027931971740993	0.027931971740993
0.850087003670023	0.423482678969152	0.0279948815872565	0.0279948815872565
0.850043164057408	0.423389232072251	0.02805779143352	0.02805779143352
0.849999243100405	0.423295616040592	0.0281207012797835	0.0281207012797835
0.849955240501379	0.423201830260813	0.028183611126047	0.028183611126047
0.849911155961063	0.423107874116208	0.0282465209723105	0.0282465209723105
0.849866989178549	0.423013746986703	0.028309430818574	0.028309430818574
0.849822739851275	0.422919448248836	0.0283723406648375	0.0283723406648375
0.849778407675013	0.422824977275725	0.028435250511101	0.028435250511101
0.849733992343858	0.422730333437049	0.0284981603573645	0.0284981603573645
0.849689493550214	0.42263551609902	0.028561070203628	0.028561070203628
0.849644910984782	0.422540524624357	0.0286239800498915	0.0286239800498915
0.849600244336548	0.422445358372263	0.028686889896155	0.028686889896155
0.849555493292769	0.422350016698397	0.0287497997424185	0.0287497997424185
0.849510657538963	0.422254498954848	0.028812709588682	0.028812709588682
0.849465736758892	0.422158804490108	0.0288756194349455	0.0288756194349455
0.849420730634553	0.422062932649047	0.028938529281209	0.028938529281209
0.849375638846162	0.421966882772885	0.0290014391274725	0.0290014391274725
0.849330461072141	0.421870654199167	0.029064348973736	0.029064348973736
0.849285196989107	0.421774246261729	0.0291272588199995	0.0291272588199995
0.849239846271855	0.421677658290681	0.029190168666263	0.029190168666263
0.849194408593347	0.421580889612367	0.0292530785125265	0.0292530785125265
0.849148883624699	0.421483939549348	0.02931598835879	0.02931598835879
0.849103271035161	0.421386807420366	0.0293788982050535	0.0293788982050535
0.849057570492112	0.421289492540317	0.029441808051317	0.029441808051317
0.849011781661037	0.421191994220225	0.0295047178975805	0.0295047178975805
0.848965904205521	0.421094311767207	0.029567627743844	0.029567627743844
0.848919937787227	0.420996444484452	0.0296305375901074	0.0296305375901074
0.848873882065886	0.420898391671181	0.0296934474363709	0.0296934474363709
0.848827736699281	0.420800152622625	0.0297563572826344	0.0297563572826344
0.848781501343232	0.42070172662999	0.0298192671288979	0.0298192671288979
0.848735175651582	0.420603112980428	0.0298821769751614	0.0298821769751614
0.84868875927618	0.420504310957009	0.0299450868214249	0.0299450868214249
0.848642251866866	0.420405319838681	0.0300079966676884	0.0300079966676884
0.848595653071459	0.420306138900249	0.0300709065139519	0.0300709065139519
0.848548962535735	0.420206767412336	0.0301338163602154	0.0301338163602154
0.848502179903417	0.420107204641353	0.0301967262064789	0.0301967262064789
0.848455304816158	0.420007449849467	0.0302596360527424	0.0302596360527424
0.848408336913522	0.419907502294567	0.0303225458990059	0.0303225458990059
0.848361275832969	0.419807361230234	0.0303854557452694	0.0303854557452694
0.848314121209842	0.419707025905701	0.0304483655915329	0.0304483655915329
0.848266872677347	0.419606495565826	0.0305112754377964	0.0305112754377964
0.848219529866535	0.419505769451056	0.0305741852840599	0.0305741852840599
0.84817209240629	0.41940484679739	0.0306370951303234	0.0306370951303234
0.848124559923307	0.419303726836347	0.0307000049765869	0.0307000049765869
0.84807693204208	0.419202408794929	0.0307629148228504	0.0307629148228504
0.848029208384878	0.419100891895588	0.0308258246691139	0.0308258246691139
0.847981388571735	0.418999175356187	0.0308887345153774	0.0308887345153774
0.847933472220425	0.418897258389967	0.0309516443616409	0.0309516443616409
0.84788545894645	0.418795140205509	0.0310145542079044	0.0310145542079044
0.847837348363018	0.418692820006695	0.0310774640541679	0.0310774640541679
0.847789140081028	0.418590296992675	0.0311403739004314	0.0311403739004314
0.847740833709049	0.418487570357828	0.0312032837466949	0.0312032837466949
0.847692428853302	0.41838463929172	0.0312661935929584	0.0312661935929584
0.847643925117643	0.418281502979073	0.0313291034392219	0.0313291034392219
0.847595322103539	0.418178160599718	0.0313920132854854	0.0313920132854854
0.847546619410058	0.418074611328564	0.0314549231317489	0.0314549231317489
0.847497816633839	0.417970854335553	0.0315178329780124	0.0315178329780124
0.84744891336908	0.41786688878562	0.0315807428242759	0.0315807428242759
0.847399909207516	0.417762713838656	0.0316436526705394	0.0316436526705394
0.847350803738398	0.417658328649466	0.0317065625168029	0.0317065625168029
0.847301596548473	0.417553732367726	0.0317694723630664	0.0317694723630664
0.847252287221966	0.417448924137944	0.0318323822093299	0.0318323822093299
0.847202875340557	0.417343903099417	0.0318952920555934	0.0318952920555934
0.847153360483361	0.417238668386186	0.0319582019018569	0.0319582019018569
0.847103742226907	0.417133219126999	0.0320211117481204	0.0320211117481204
0.847054020145117	0.417027554445263	0.0320840215943839	0.0320840215943839
0.847004193809284	0.416921673459	0.0321469314406474	0.0321469314406474
0.846954262788052	0.416815575280807	0.0322098412869109	0.0322098412869109
0.846904226647391	0.416709259017808	0.0322727511331743	0.0322727511331743
0.846854084950579	0.416602723771608	0.0323356609794378	0.0323356609794378
0.846803837258177	0.416495968638252	0.0323985708257013	0.0323985708257013
0.846753483128006	0.416388992708174	0.0324614806719648	0.0324614806719648
0.846703022115126	0.416281795066154	0.0325243905182283	0.0325243905182283
0.846652453771812	0.416174374791269	0.0325873003644918	0.0325873003644918
0.846601777647531	0.416066730956846	0.0326502102107553	0.0326502102107553
0.84655099328892	0.415958862630415	0.0327131200570188	0.0327131200570188
0.846500100239758	0.415850768873659	0.0327760299032823	0.0327760299032823
0.846449098040947	0.415742448742366	0.0328389397495458	0.0328389397495458
0.846397986230485	0.415633901286381	0.0329018495958093	0.0329018495958093
0.846346764343441	0.415525125549551	0.0329647594420728	0.0329647594420728
0.846295431911933	0.41541612056968	0.0330276692883363	0.0330276692883363
0.8462439884651	0.415306885378476	0.0330905791345998	0.0330905791345998
0.846192433529079	0.415197419001497	0.0331534889808633	0.0331534889808633
0.846140766626977	0.415087720458105	0.0332163988271268	0.0332163988271268
0.846088987278849	0.414977788761404	0.0332793086733903	0.0332793086733903
0.846037095001666	0.414867622918195	0.0333422185196538	0.0333422185196538
0.845985089309297	0.41475722192892	0.0334051283659173	0.0334051283659173
0.845932969712472	0.414646584787604	0.0334680382121808	0.0334680382121808
0.845880735718765	0.414535710481804	0.0335309480584443	0.0335309480584443
0.84582838683256	0.414424597992554	0.0335938579047078	0.0335938579047078
0.845775922555027	0.414313246294303	0.0336567677509713	0.0336567677509713
0.845723342384092	0.414201654354866	0.0337196775972348	0.0337196775972348
0.845670645814411	0.41408982113536	0.0337825874434983	0.0337825874434983
0.845617832337338	0.413977745590149	0.0338454972897618	0.0338454972897618
0.845564901440902	0.413865426666787	0.0339084071360253	0.0339084071360253
0.845511852609772	0.413752863305955	0.0339713169822888	0.0339713169822888
0.845458685325232	0.413640054441403	0.0340342268285523	0.0340342268285523
0.845405399065148	0.41352699899989	0.0340971366748158	0.0340971366748158
0.84535199330394	0.41341369590112	0.0341600465210793	0.0341600465210793
0.845298467512553	0.413300144057685	0.0342229563673428	0.0342229563673428
0.845244821158421	0.413186342374997	0.0342858662136063	0.0342858662136063
0.845191053705443	0.413072289751228	0.0343487760598698	0.0343487760598698
0.845137164613945	0.412957985077244	0.0344116859061333	0.0344116859061333
0.845083153340654	0.412843427236543	0.0344745957523968	0.0344745957523968
0.845029019338661	0.412728615105186	0.0345375055986603	0.0345375055986603
0.844974762057394	0.412613547551735	0.0346004154449238	0.0346004154449238
0.844920380942578	0.412498223437182	0.0346633252911873	0.0346633252911873
0.844865875436209	0.412382641614883	0.0347262351374508	0.0347262351374508
0.844811244976517	0.412266800930492	0.0347891449837143	0.0347891449837143
0.844756488997931	0.412150700221888	0.0348520548299778	0.0348520548299778
0.844701606931049	0.412034338319105	0.0349149646762413	0.0349149646762413
0.844646598202597	0.411917714044267	0.0349778745225048	0.0349778745225048
0.844591462235399	0.411800826211509	0.0350407843687683	0.0350407843687683
0.844536198448342	0.411683673626909	0.0351036942150317	0.0351036942150317
0.844480806256335	0.411566255088414	0.0351666040612953	0.0351666040612953
0.844425285070278	0.411448569385766	0.0352295139075587	0.0352295139075587
0.844369634297023	0.411330615300427	0.0352924237538222	0.0352924237538222
0.844313853339336	0.411212391605503	0.0353553336000857	0.0353553336000857
0.84425794159586	0.411093897065668	0.0354182434463492	0.0354182434463492
0.84420189846108	0.410975130437085	0.0354811532926127	0.0354811532926127
0.844145723325281	0.410856090467332	0.0355440631388762	0.0355440631388762
0.844089415574509	0.410736775895315	0.0356069729851397	0.0356069729851397
0.844032974590536	0.410617185451198	0.0356698828314032	0.0356698828314032
0.843976399750813	0.410497317856312	0.0357327926776667	0.0357327926776667
0.843919690428438	0.41037717182308	0.0357957025239302	0.0357957025239302
0.843862845992109	0.41025674605493	0.0358586123701937	0.0358586123701937
0.843805865806086	0.410136039246213	0.0359215222164572	0.0359215222164572
0.84374874923015	0.410015050082118	0.0359844320627207	0.0359844320627207
0.843691495619556	0.409893777238584	0.0360473419089842	0.0360473419089842
0.843634104324996	0.409772219382217	0.0361102517552477	0.0361102517552477
0.843576574692554	0.409650375170199	0.0361731616015112	0.0361731616015112
0.84351890606366	0.409528243250197	0.0362360714477747	0.0362360714477747
0.84346109777505	0.40940582226028	0.0362989812940382	0.0362989812940382
0.843403149158719	0.40928311082882	0.0363618911403017	0.0363618911403017
0.843345059541874	0.409160107574406	0.0364248009865652	0.0364248009865652
0.843286828246891	0.409036811105745	0.0364877108328287	0.0364877108328287
0.843228454591268	0.408913220021573	0.0365506206790922	0.0365506206790922
0.84316993788758	0.408789332910556	0.0366135305253557	0.0366135305253557
0.843111277443426	0.408665148351194	0.0366764403716192	0.0366764403716192
0.843052472561386	0.408540664911725	0.0367393502178827	0.0367393502178827
0.842993522538972	0.408415881150023	0.0368022600641462	0.0368022600641462
0.842934426668577	0.408290795613499	0.0368651699104097	0.0368651699104097
0.842875184237425	0.408165406839001	0.0369280797566732	0.0369280797566732
0.842815794527524	0.408039713352708	0.0369909896029367	0.0369909896029367
0.842756256815611	0.407913713670031	0.0370538994492002	0.0370538994492002
0.842696570373102	0.407787406295502	0.0371168092954637	0.0371168092954637
0.842636734466041	0.407660789722671	0.0371797191417272	0.0371797191417272
0.842576748355045	0.407533862434	0.0372426289879907	0.0372426289879907
0.842516611295251	0.407406622900747	0.0373055388342542	0.0373055388342542
0.842456322536264	0.407279069582864	0.0373684486805177	0.0373684486805177
0.842395881322099	0.407151200928879	0.0374313585267812	0.0374313585267812
0.842335286891127	0.407023015375786	0.0374942683730447	0.0374942683730447
0.842274538476018	0.406894511348928	0.0375571782193082	0.0375571782193082
0.842213635303686	0.406765687261882	0.0376200880655717	0.0376200880655717
0.842152576595228	0.406636541516345	0.0376829979118352	0.0376829979118352
0.842091361565871	0.406507072502006	0.0377459077580987	0.0377459077580987
0.842029989424905	0.406377278596437	0.0378088176043622	0.0378088176043622
0.841968459375632	0.406247158164961	0.0378717274506256	0.0378717274506256
0.841906770615297	0.406116709560534	0.0379346372968892	0.0379346372968892
0.841844922335033	0.40598593112362	0.0379975471431526	0.0379975471431526
0.841782913719797	0.405854821182062	0.0380604569894161	0.0380604569894161
0.841720743948304	0.405723378050953	0.0381233668356796	0.0381233668356796
0.841658412192969	0.40559160003251	0.0381862766819431	0.0381862766819431
0.841595917619836	0.405459485415938	0.0382491865282066	0.0382491865282066
0.841533259388517	0.405327032477302	0.0383120963744701	0.0383120963744701
0.841470436652126	0.405194239479386	0.0383750062207336	0.0383750062207336
0.841407448557208	0.40506110467156	0.0384379160669971	0.0384379160669971
0.841344294243676	0.404927626289642	0.0385008259132606	0.0385008259132606
0.841280972844738	0.404793802555754	0.0385637357595241	0.0385637357595241
0.841217483486828	0.404659631678184	0.0386266456057876	0.0386266456057876
0.84115382528954	0.404525111851241	0.0386895554520511	0.0386895554520511
0.841089997365548	0.404390241255106	0.0387524652983146	0.0387524652983146
0.841025998820541	0.40425501805569	0.0388153751445781	0.0388153751445781
0.840961828753147	0.40411944040448	0.0388782849908416	0.0388782849908416
0.840897486254857	0.403983506438387	0.0389411948371051	0.0389411948371051
0.840832970409951	0.403847214279597	0.0390041046833686	0.0390041046833686
0.840768280295422	0.40371056203541	0.0390670145296321	0.0390670145296321
0.840703414980899	0.403573547798086	0.0391299243758956	0.0391299243758956
0.840638373528566	0.403436169644682	0.0391928342221591	0.0391928342221591
0.840573154993085	0.403298425636895	0.0392557440684226	0.0392557440684226
0.840507758421514	0.403160313820892	0.0393186539146861	0.0393186539146861
0.840442182853226	0.403021832227147	0.0393815637609496	0.0393815637609496
0.840376427319828	0.402882978870275	0.0394444736072131	0.0394444736072131
0.840310490845072	0.402743751748853	0.0395073834534766	0.0395073834534766
0.840244372444776	0.402604148845256	0.0395702932997401	0.0395702932997401
0.840178071126735	0.402464168125477	0.0396332031460036	0.0396332031460036
0.840111585890634	0.40232380753895	0.0396961129922671	0.0396961129922671
0.840044915727957	0.402183065018367	0.0397590228385306	0.0397590228385306
0.839978059621902	0.402041938479503	0.0398219326847941	0.0398219326847941
0.839911016547288	0.40190042582102	0.0398848425310576	0.0398848425310576
0.839843785470462	0.40175852492429	0.0399477523773211	0.0399477523773211
0.839776365349206	0.401616233653197	0.0400106622235846	0.0400106622235846
0.839708755132642	0.401473549853947	0.0400735720698481	0.0400735720698481
0.839640953761138	0.401330471354872	0.0401364819161116	0.0401364819161116
0.839572960166206	0.401186995966233	0.0401993917623751	0.0401993917623751
0.839504773270408	0.401043121480017	0.0402623016086386	0.0402623016086386
0.839436391987256	0.400898845669734	0.0403252114549021	0.0403252114549021
0.839367815221104	0.40075416629021	0.0403881213011656	0.0403881213011656
0.839299041867053	0.400609081077377	0.0404510311474291	0.0404510311474291
0.839230070810843	0.400463587748061	0.0405139409936926	0.0405139409936926
0.839160900928745	0.400317683999768	0.0405768508399561	0.0405768508399561
0.839091531087457	0.400171367510462	0.0406397606862196	0.0406397606862196
0.839021960143996	0.400024635938345	0.0407026705324831	0.0407026705324831
0.838952186945581	0.399877486921633	0.0407655803787466	0.0407655803787466
0.838882210329531	0.399729918078325	0.04082849022501	0.04082849022501
0.83881202912314	0.399581927005976	0.0408914000712735	0.0408914000712735
0.838741642143572	0.399433511281458	0.040954309917537	0.040954309917537
0.838671048197738	0.399284668460726	0.0410172197638005	0.0410172197638005
0.838600246082177	0.399135396078572	0.041080129610064	0.041080129610064
0.838529234582941	0.398985691648384	0.0411430394563275	0.0411430394563275
0.838458012475466	0.398835552661895	0.041205949302591	0.041205949302591
0.838386578524455	0.398684976588932	0.0412688591488545	0.0412688591488545
0.838314931483747	0.39853396087716	0.041331768995118	0.041331768995118
0.83824307009619	0.398382502951821	0.0413946788413815	0.0413946788413815
0.838170993093515	0.398230600215475	0.041457588687645	0.041457588687645
0.838098699196202	0.398078250047725	0.0415204985339085	0.0415204985339085
0.838026187113347	0.397925449804955	0.041583408380172	0.041583408380172
0.837953455542527	0.397772196820047	0.0416463182264355	0.0416463182264355
0.837880503169663	0.397618488402105	0.041709228072699	0.041709228072699
0.837807328668881	0.397464321836173	0.0417721379189625	0.0417721379189625
0.837733930702369	0.397309694382945	0.041835047765226	0.041835047765226
0.837660307920234	0.397154603278471	0.0418979576114895	0.0418979576114895
0.83758645896036	0.396999045733867	0.041960867457753	0.041960867457753
0.837512382448253	0.396843018935007	0.0420237773040165	0.0420237773040165
0.837438076996898	0.396686520042222	0.04208668715028	0.04208668715028
0.8373635412066	0.396529546189989	0.0421495969965435	0.0421495969965435
0.837288773664837	0.396372094486615	0.042212506842807	0.042212506842807
0.837213772946096	0.396214162013918	0.0422754166890705	0.0422754166890705
0.837138537611716	0.396055745826903	0.042338326535334	0.042338326535334
0.837063066209727	0.395896842953432	0.0424012363815975	0.0424012363815975
0.836987357274684	0.39573745039389	0.042464146227861	0.042464146227861
0.836911409327501	0.395577565120844	0.0425270560741245	0.0425270560741245
0.836835220875282	0.395417184078699	0.042589965920388	0.042589965920388
0.836758790411146	0.395256304183347	0.0426528757666515	0.0426528757666515
0.836682116414055	0.395094922321813	0.042715785612915	0.042715785612915
0.836605197348634	0.39493303535189	0.0427786954591785	0.0427786954591785
0.836528031664995	0.394770640101775	0.042841605305442	0.042841605305442
0.836450617798546	0.394607733369696	0.0429045151517055	0.0429045151517055
0.836372954169813	0.394444311923531	0.042967424997969	0.042967424997969
0.836295039184244	0.394280372500424	0.0430303348442325	0.0430303348442325
0.836216871232021	0.394115911806397	0.043093244690496	0.043093244690496
0.836138448687866	0.393950926515949	0.0431561545367595	0.0431561545367595
0.836059769910835	0.393785413271655	0.043219064383023	0.043219064383023
0.835980833244127	0.393619368683753	0.0432819742292865	0.0432819742292865
0.83590163701487	0.393452789329731	0.04334488407555	0.04334488407555
0.835822179533918	0.393285671753904	0.0434077939218135	0.0434077939218135
0.835742459095639	0.393118012466979	0.043470703768077	0.043470703768077
0.835662473977697	0.392949807945623	0.0435336136143405	0.0435336136143405
0.835582222440837	0.392781054632016	0.0435965234606039	0.0435965234606039
0.835501702728663	0.392611748933401	0.0436594333068674	0.0436594333068674
0.835420913067407	0.392441887221624	0.0437223431531309	0.0437223431531309
0.835339851665707	0.392271465832666	0.0437852529993944	0.0437852529993944
0.835258516714369	0.392100481066174	0.0438481628456579	0.0438481628456579
0.835176906386132	0.391928929184971	0.0439110726919214	0.0439110726919214
0.835095018835423	0.391756806414574	0.0439739825381849	0.0439739825381849
0.835012852198118	0.39158410894269	0.0440368923844484	0.0440368923844484
0.834930404591288	0.391410832918713	0.0440998022307119	0.0440998022307119
0.83484767411295	0.391236974453206	0.0441627120769754	0.0441627120769754
0.834764658841803	0.391062529617377	0.0442256219232389	0.0442256219232389
0.834681356836971	0.390887494442552	0.0442885317695024	0.0442885317695024
0.834597766137736	0.390711864919623	0.0443514416157659	0.0443514416157659
0.834513884763266	0.390535636998508	0.0444143514620294	0.0444143514620294
0.834429710712337	0.390358806587584	0.0444772613082929	0.0444772613082929
0.834345241963058	0.390181369553116	0.0445401711545564	0.0445401711545564
0.83426047647258	0.390003321718684	0.0446030810008199	0.0446030810008199
0.83417541217681	0.389824658864585	0.0446659908470834	0.0446659908470834
0.834090046990115	0.389645376727239	0.0447289006933469	0.0447289006933469
0.834004378805017	0.389465470998575	0.0447918105396104	0.0447918105396104
0.833918405491896	0.389284937325413	0.0448547203858739	0.0448547203858739
0.83383212489867	0.389103771308827	0.0449176302321374	0.0449176302321374
0.833745534850486	0.388921968503509	0.0449805400784009	0.0449805400784009
0.833658633149393	0.388739524417107	0.0450434499246644	0.0450434499246644
0.833571417574015	0.388556434509565	0.0451063597709279	0.0451063597709279
0.833483885879221	0.388372694192439	0.0451692696171914	0.0451692696171914
0.833396035795779	0.388188298828215	0.0452321794634549	0.0452321794634549
0.833307865030018	0.388003243729599	0.0452950893097184	0.0452950893097184
0.83321937126347	0.387817524158807	0.0453579991559819	0.0453579991559819
0.833130552152514	0.387631135326834	0.0454209090022454	0.0454209090022454
0.833041405328012	0.387444072392717	0.0454838188485089	0.0454838188485089
0.832951928394936	0.387256330462774	0.0455467286947724	0.0455467286947724
0.832862118931992	0.387067904589844	0.0456096385410359	0.0456096385410359
0.832771974491234	0.386878789772499	0.0456725483872994	0.0456725483872994
0.83268149259767	0.386688980954249	0.0457354582335629	0.0457354582335629
0.832590670748868	0.386498473022732	0.0457983680798264	0.0457983680798264
0.832499506414541	0.386307260808884	0.0458612779260899	0.0458612779260899
0.832407997036142	0.386115339086104	0.0459241877723534	0.0459241877723534
0.832316140026434	0.38592270256939	0.0459870976186169	0.0459870976186169
0.832223932769066	0.38572934591447	0.0460500074648804	0.0460500074648804
0.83213137261813	0.385535263716911	0.0461129173111439	0.0461129173111439
0.832038456897721	0.385340450511212	0.0461758271574074	0.0461758271574074
0.831945182901476	0.385144900769881	0.0462387370036709	0.0462387370036709
0.831851547892112	0.384948608902496	0.0463016468499344	0.0463016468499344
0.831757549100959	0.384751569254742	0.0463645566961979	0.0463645566961979
0.831663183727473	0.384553776107437	0.0464274665424613	0.0464274665424613
0.831568448938746	0.384355223675534	0.0464903763887248	0.0464903763887248
0.831473341869009	0.384155906107107	0.0465532862349883	0.0465532862349883
0.831377859619121	0.383955817482316	0.0466161960812518	0.0466161960812518
0.83128199925605	0.38375495181235	0.0466791059275153	0.0466791059275153
0.831185757812341	0.383553303038356	0.0467420157737788	0.0467420157737788
0.831089132285579	0.383350865030337	0.0468049256200423	0.0468049256200423
0.830992119637836	0.383147631586038	0.0468678354663058	0.0468678354663058
0.830894716795111	0.382943596429801	0.0469307453125693	0.0469307453125693
0.830796920646757	0.38273875321141	0.0469936551588328	0.0469936551588328
0.830698728044896	0.382533095504897	0.0470565650050963	0.0470565650050963
0.830600135803824	0.382326616807337	0.0471194748513598	0.0471194748513598
0.830501140699403	0.382119310537614	0.0471823846976233	0.0471823846976233
0.830401739468443	0.381911170035159	0.0472452945438868	0.0472452945438868
0.830301928808064	0.381702188558672	0.0473082043901503	0.0473082043901503
0.830201705375059	0.381492359284804	0.0473711142364138	0.0473711142364138
0.830101065785226	0.381281675306829	0.0474340240826773	0.0474340240826773
0.830000006612704	0.381070129633272	0.0474969339289408	0.0474969339289408
0.829898524389282	0.380857715186522	0.0475598437752043	0.0475598437752043
0.829796615603703	0.380644424801408	0.0476227536214678	0.0476227536214678
0.829694276700945	0.380430251223753	0.0476856634677313	0.0476856634677313
0.829591504081496	0.380215187108887	0.0477485733139948	0.0477485733139948
0.829488294100605	0.379999225020142	0.0478114831602583	0.0478114831602583
0.829384643067528	0.379782357427306	0.0478743930065218	0.0478743930065218
0.829280547244743	0.379564576705047	0.0479373028527853	0.0479373028527853
0.829176002847166	0.379345875131307	0.0480002126990488	0.0480002126990488
0.829071006041335	0.379126244885655	0.0480631225453123	0.0480631225453123
0.828965552944587	0.378905678047613	0.0481260323915758	0.0481260323915758
0.82885963962421	0.37868416659494	0.0481889422378393	0.0481889422378393
0.828753262096585	0.378461702401881	0.0482518520841028	0.0482518520841028
0.8286464163263	0.37823827723738	0.0483147619303663	0.0483147619303663
0.828539098225251	0.378013882763249	0.0483776717766298	0.0483776717766298
0.828431303651721	0.377788510532308	0.0484405816228933	0.0484405816228933
0.828323028409443	0.377562151986467	0.0485034914691568	0.0485034914691568
0.828214268246633	0.377334798454786	0.0485664013154203	0.0485664013154203
0.828105018855014	0.377106441151475	0.0486293111616838	0.0486293111616838
0.827995275868806	0.37687707117386	0.0486922210079473	0.0486922210079473
0.827885034863703	0.376646679500297	0.0487551308542108	0.0487551308542108
0.827774291355823	0.37641525698805	0.0488180407004743	0.0488180407004743
0.827663040800634	0.376182794371105	0.0488809505467378	0.0488809505467378
0.827551278591857	0.375949282257951	0.0489438603930013	0.0489438603930013
0.827439000060341	0.375714711129299	0.0490067702392648	0.0490067702392648
0.827326200472921	0.375479071335754	0.0490696800855283	0.0490696800855283
0.827212875031239	0.375242353095437	0.0491325899317918	0.0491325899317918
0.827099018870541	0.375004546491543	0.0491954997780553	0.0491954997780553
0.826984627058455	0.374765641469851	0.0492584096243188	0.0492584096243188
0.826869694593726	0.374525627836175	0.0493213194705822	0.0493213194705822
0.826754216404933	0.374284495253751	0.0493842293168457	0.0493842293168457
0.826638187349169	0.374042233240564	0.0494471391631092	0.0494471391631092
0.826521602210697	0.373798831166621	0.0495100490093727	0.0495100490093727
0.826404455699567	0.373554278251145	0.0495729588556362	0.0495729588556362
0.8262867424502	0.373308563559712	0.0496358687018997	0.0496358687018997
0.826168457019948	0.373061676001322	0.0496987785481632	0.0496987785481632
0.826049593887608	0.372813604325385	0.0497616883944267	0.0497616883944267
0.825930147451905	0.372564337118656	0.0498245982406902	0.0498245982406902
0.825810112029939	0.372313862802077	0.0498875080869537	0.0498875080869537
0.825689481855592	0.372062169627549	0.0499504179332172	0.0499504179332172
0.8255682510779	0.371809245674631	0.0500133277794807	0.0500133277794807
0.825446413759377	0.371555078847149	0.0500762376257442	0.0500762376257442
0.825323963874307	0.371299656869724	0.0501391474720077	0.0501391474720077
0.825200895306988	0.371042967284215	0.0502020573182712	0.0502020573182712
0.825077201849931	0.370784997446074	0.0502649671645347	0.0502649671645347
0.824952877202019	0.370525734520608	0.0503278770107982	0.0503278770107982
0.824827914966617	0.370265165479148	0.0503907868570617	0.0503907868570617
0.82470230864963	0.370003277095118	0.0504536967033252	0.0504536967033252
0.824576051657519	0.369740055940008	0.0505166065495887	0.0505166065495887
0.824449137295261	0.369475488379243	0.0505795163958522	0.0505795163958522
0.824321558764257	0.369209560567943	0.0506424262421157	0.0506424262421157
0.824193309160189	0.368942258446579	0.0507053360883792	0.0507053360883792
0.824064381470817	0.368673567736508	0.0507682459346427	0.0507682459346427
0.823934768573723	0.3684034739354	0.0508311557809062	0.0508311557809062
0.823804463233991	0.368131962312539	0.0508940656271697	0.0508940656271697
0.823673458101827	0.367859017904004	0.0509569754734332	0.0509569754734332
0.823541745710119	0.367584625507719	0.0510198853196967	0.0510198853196967
0.82340931847193	0.367308769678371	0.0510827951659602	0.0510827951659602
0.823276168677921	0.367031434722196	0.0511457050122237	0.0511457050122237
0.823142288493706	0.36675260469162	0.0512086148584872	0.0512086148584872
0.823007669957141	0.366472263379755	0.0512715247047507	0.0512715247047507
0.822872304975527	0.366190394314751	0.0513344345510142	0.0513344345510142
0.822736185322749	0.36590698075398	0.0513973443972777	0.0513973443972777
0.822599302636326	0.365622005678079	0.0514602542435412	0.0514602542435412
0.822461648414387	0.365335451784808	0.0515231640898047	0.0515231640898047
0.822323214012557	0.365047301482751	0.0515860739360682	0.0515860739360682
0.822183990640759	0.364757536884836	0.0516489837823317	0.0516489837823317
0.822043969359921	0.36446613980167	0.0517118936285952	0.0517118936285952
0.8219031410786	0.364173091734689	0.0517748034748587	0.0517748034748587
0.821761496549496	0.363878373869111	0.0518377133211222	0.0518377133211222
0.821619026365876	0.363581967066687	0.0519006231673857	0.0519006231673857
0.821475720957893	0.363283851858243	0.0519635330136492	0.0519635330136492
0.821331570588793	0.362984008436009	0.0520264428599127	0.0520264428599127
0.82118656535102	0.362682416645716	0.0520893527061762	0.0520893527061762
0.821040695162196	0.362379055978473	0.0521522625524396	0.0521522625524396
0.820893949760994	0.362073905562396	0.0522151723987031	0.0522151723987031
0.820746318702877	0.361766944153988	0.0522780822449666	0.0522780822449666
0.820597791355719	0.36145815012927	0.0523409920912301	0.0523409920912301
0.820448356895287	0.361147501474634	0.0524039019374936	0.0524039019374936
0.820298004300594	0.360834975777432	0.0524668117837571	0.0524668117837571
0.820146722349102	0.360520550216267	0.0525297216300206	0.0525297216300206
0.819994499611785	0.360204201550997	0.0525926314762841	0.0525926314762841
0.819841324448035	0.359885906112427	0.0526555413225476	0.0526555413225476
0.819687185000415	0.359565639791678	0.0527184511688111	0.0527184511688111
0.819532069189245	0.359243378029234	0.0527813610150746	0.0527813610150746
0.819375964707018	0.358919095803639	0.0528442708613381	0.0528442708613381
0.819218859012639	0.358592767619837	0.0529071807076016	0.0529071807076016
0.819060739325487	0.358264367497146	0.0529700905538651	0.0529700905538651
0.818901592619278	0.357933868956846	0.0530330004001286	0.0530330004001286
0.818741405615735	0.357601245009364	0.0530959102463921	0.0530959102463921
0.818580164778056	0.357266468141054	0.0531588200926556	0.0531588200926556
0.818417856304163	0.356929510300534	0.0532217299389191	0.0532217299389191
0.818254466119731	0.356590342884584	0.0532846397851826	0.0532846397851826
0.818089979870993	0.356248936723576	0.0533475496314461	0.0533475496314461
0.817924382917293	0.355905262066419	0.0534104594777096	0.0534104594777096
0.817757660323402	0.355559288565001	0.0534733693239731	0.0534733693239731
0.817589796851569	0.355210985258107	0.0535362791702366	0.0535362791702366
0.817420776953303	0.354860320554796	0.0535991890165001	0.0535991890165001
0.817250584760875	0.354507262217199	0.0536620988627636	0.0536620988627636
0.817079204078524	0.354151777342741	0.0537250087090271	0.0537250087090271
0.816906618373366	0.353793832345738	0.0537879185552906	0.0537879185552906
0.816732810765978	0.353433392938355	0.0538508284015541	0.0538508284015541
0.816557764020656	0.353070424110894	0.0539137382478176	0.0539137382478176
0.816381460535325	0.352704890111391	0.0539766480940811	0.0539766480940811
0.816203882331093	0.352336754424484	0.0540395579403446	0.0540395579403446
0.816025011041428	0.351965979749519	0.0541024677866081	0.0541024677866081
0.815844827900945	0.351592527977871	0.0541653776328716	0.0541653776328716
0.815663313733782	0.351216360169441	0.0542282874791351	0.0542282874791351
0.815480448941555	0.350837436528288	0.0542911973253986	0.0542911973253986
0.815296213490861	0.350455716377366	0.0543541071716621	0.0543541071716621
0.815110586900322	0.350071158132314	0.0544170170179256	0.0544170170179256
0.814923548227141	0.349683719274277	0.0544799268641891	0.0544799268641891
0.81473507605315	0.34929335632169	0.0545428367104526	0.0545428367104526
0.814545148470325	0.348900024800993	0.0546057465567161	0.0546057465567161
0.81435374306575	0.348503679216227	0.0546686564029796	0.0546686564029796
0.814160836905996	0.348104273017451	0.0547315662492431	0.0547315662492431
0.81396640652089	0.347701758567935	0.0547944760955066	0.0547944760955066
0.813770427886654	0.347296087110058	0.0548573859417701	0.0548573859417701
0.81357287640837	0.346887208729873	0.0549202957880335	0.0549202957880335
0.813373726901746	0.346475072320243	0.0549832056342971	0.0549832056342971
0.813172953574153	0.346059625542507	0.0550461154805605	0.0550461154805605
0.812970530004892	0.345640814786595	0.055109025326824	0.055109025326824
0.812766429124649	0.345218585129505	0.0551719351730875	0.0551719351730875
0.812560623194115	0.344792880292084	0.055234845019351	0.055234845019351
0.812353083781704	0.344363642594004	0.0552977548656145	0.0552977548656145
0.812143781740352	0.343930812906866	0.055360664711878	0.055360664711878
0.811932687183323	0.343494330605309	0.0554235745581415	0.0554235745581415
0.811719769458994	0.343054133516058	0.055486484404405	0.055486484404405
0.811504997124551	0.342610157864769	0.0555493942506685	0.0555493942506685
0.811288337918549	0.342162338220579	0.055612304096932	0.055612304096932
0.811069758732267	0.34171060743824	0.0556752139431955	0.0556752139431955
0.810849225579806	0.34125489659769	0.055738123789459	0.055738123789459
0.810626703566852	0.340795134940955	0.0558010336357225	0.0558010336357225
0.810402156858039	0.340331249806205	0.055863943481986	0.055863943481986
0.810175548642835	0.339863166558841	0.0559268533282495	0.0559268533282495
0.809946841099864	0.339390808519422	0.055989763174513	0.055989763174513
0.809715995359585	0.338914096888279	0.0560526730207765	0.0560526730207765
0.809482971465236	0.33843295066662	0.05611558286704	0.05611558286704
0.809247728331934	0.337947286573933	0.0561784927133035	0.0561784927133035
0.809010223703848	0.337457018961467	0.056241402559567	0.056241402559567
0.808770414109305	0.336962059721582	0.0563043124058305	0.0563043124058305
0.80852825481374	0.336462318192716	0.056367222252094	0.056367222252094
0.808283699770334	0.335957701059714	0.0564301320983575	0.0564301320983575
0.808036701568231	0.335448112249249	0.056493041944621	0.056493041944621
0.807787211378168	0.334933452820041	0.0565559517908845	0.0565559517908845
0.807535178895373	0.334413620847558	0.056618861637148	0.056618861637148
0.807280552279559	0.33388851130286	0.0566817714834115	0.0566817714834115
0.807023278091842	0.333358015925238	0.056744681329675	0.056744681329675
0.806763301228382	0.332822023088245	0.0568075911759385	0.0568075911759385
0.80650056485055	0.332280417658719	0.056870501022202	0.056870501022202
0.806235010311397	0.331733080848341	0.0569334108684655	0.0569334108684655
0.80596657707818	0.33117989005726	0.056996320714729	0.056996320714729
0.805695202650706	0.330620718709263	0.0570592305609925	0.0570592305609925
0.805420822475203	0.33005543607793	0.057122140407256	0.057122140407256
0.805143369853428	0.3294839071032	0.0571850502535195	0.0571850502535195
0.804862775846696	0.328905992197671	0.057247960099783	0.057247960099783
0.804578969174473	0.328321547041967	0.0573108699460465	0.0573108699460465
0.804291876107185	0.327730422368407	0.05737377979231	0.05737377979231
0.804001420352805	0.327132463732171	0.0574366896385735	0.0574366896385735
0.803707522936815	0.326527511269078	0.057499599484837	0.057499599484837
0.803410102075053	0.325915399439036	0.0575625093311005	0.0575625093311005
0.803109073038939	0.325295956754124	0.057625419177364	0.057625419177364
0.802804348012528	0.3246690054902	0.0576883290236275	0.0576883290236275
0.802495835940778	0.324034361380802	0.057751238869891	0.057751238869891
0.802183442368393	0.323391833292052	0.0578141487161545	0.0578141487161545
0.801867069268516	0.322741222877097	0.0578770585624179	0.0578770585624179
0.801546614860495	0.322082324208548	0.0579399684086814	0.0579399684086814
0.801221973415895	0.3214149233872	0.0580028782549449	0.0580028782549449
0.800893035051806	0.320738798125172	0.0580657881012084	0.0580657881012084
0.800559685510453	0.320053717301449	0.0581286979474719	0.0581286979474719
0.800221805924006	0.31935944048758	0.0581916077937354	0.0581916077937354
0.799879272563367	0.318655717441114	0.0582545176399989	0.0582545176399989
0.799531956569625	0.317942287564096	0.0583174274862624	0.0583174274862624
0.799179723666706	0.317218879323694	0.0583803373325259	0.0583803373325259
0.79882243385363	0.316485209631727	0.0584432471787894	0.0584432471787894
0.798459941074605	0.315740983179556	0.0585061570250529	0.0585061570250529
0.798092092865016	0.314985891724417	0.0585690668713164	0.0585690668713164
0.797718729971175	0.314219613322885	0.0586319767175799	0.0586319767175799
0.79733968594144	0.313441811506703	0.0586948865638434	0.0586948865638434
0.796954786686109	0.312652134395683	0.0587577964101069	0.0587577964101069
0.796563850003156	0.311850213741833	0.0588207062563704	0.0588207062563704
0.796166685066588	0.311035663898215	0.0588836161026339	0.0588836161026339
0.795763091873842	0.310208080705291	0.0589465259488974	0.0589465259488974
0.795352860648201	0.309367040286731	0.0590094357951609	0.0590094357951609
0.794935771191795	0.308512097745674	0.0590723456414244	0.0590723456414244
0.794511592184161	0.307642785751421	0.0591352554876879	0.0591352554876879
0.794080080420819	0.306758613005323	0.0591981653339514	0.0591981653339514
0.793640979985559	0.305859062573237	0.0592610751802149	0.0592610751802149
0.793194021349421	0.304943590070394	0.0593239850264784	0.0593239850264784
0.79273892038843	0.304011621682723	0.0593868948727419	0.0593868948727419
0.792275377311125	0.303062552006603	0.0594498047190054	0.0594498047190054
0.791803075485776	0.302095741686701	0.0595127145652689	0.0595127145652689
0.791321680155796	0.301110514828792	0.0595756244115324	0.0595756244115324
0.790830837030332	0.300106156161366	0.0596385342577959	0.0596385342577959
0.790330170735176	0.299081907916136	0.0597014441040594	0.0597014441040594
0.789819283107063	0.298036966393398	0.0597643539503229	0.0597643539503229
0.789297751311965	0.296970478173226	0.0598272637965864	0.0598272637965864
0.788765125765125	0.295881535927764	0.0598901736428499	0.0598901736428499
0.788220927827235	0.294769173783128	0.0599530834891134	0.0599530834891134
0.787664647247218	0.293632362171508	0.0600159933353769	0.0600159933353769
0.787095739317409	0.292470002104718	0.0600789031816404	0.0600789031816404
0.78651362170145	0.291280918789365	0.0601418130279039	0.0601418130279039
0.78591767088864	0.290063854490672	0.0602047228741674	0.0602047228741674
0.785307218220703	0.288817460536278	0.0602676327204309	0.0602676327204309
0.784681545427564	0.287540288332573	0.0603305425666944	0.0603305425666944
0.784039879597504	0.286230779243512	0.0603934524129579	0.0603934524129579
0.783381387493446	0.284887253154579	0.0604563622592214	0.0604563622592214
0.78270516911069	0.28350789551143	0.0605192721054848	0.0605192721054848
0.782010250351269	0.282090742582388	0.0605821819517484	0.0605821819517484
0.781295574665502	0.280633664644462	0.0606450917980118	0.0606450917980118
0.780559993480955	0.279134346731594	0.0607080016442753	0.0607080016442753
0.779802255201423	0.277590266508323	0.0607709114905388	0.0607709114905388
0.779020992511682	0.275998668737896	0.0608338213368023	0.0608338213368023
0.778214707664989	0.274356535695796	0.0608967311830658	0.0608967311830658
0.777381755356066	0.272660552730622	0.0609596410293293	0.0609596410293293
0.776520322687987	0.270907067984714	0.0610225508755928	0.0610225508755928
0.775628405620468	0.269092045044228	0.0610854607218563	0.0610854607218563
0.77470378113102	0.267211006974879	0.0611483705681198	0.0611483705681198
0.773743974117128	0.265258969791511	0.0612112804143833	0.0612112804143833
0.772746217800541	0.263230362873297	0.0612741902606468	0.0612741902606468
0.771707406040308	0.26111893312483	0.0613371001069103	0.0613371001069103
0.770624035485912	0.258917628729175	0.0614000099531738	0.0614000099531738
0.769492134857325	0.256618457045207	0.0614629197994373	0.0614629197994373
0.768307177754063	0.254212309425604	0.0615258296457008	0.0615258296457008
0.767063974164696	0.251688743261948	0.0615887394919643	0.0615887394919643
0.765756534111782	0.249035708078397	0.0616516493382278	0.0616516493382278
0.764377894378282	0.246239197500649	0.0617145591844913	0.0617145591844913
0.76291989563214	0.243282801644297	0.0617774690307548	0.0617774690307548
0.761372891872346	0.240147123645041	0.0618403788770183	0.0618403788770183
0.759725365934938	0.23680900763221	0.0619032887232818	0.0619032887232818
0.757963412082832	0.233240499940259	0.0619661985695453	0.0619661985695453
0.756070026427979	0.229407424681985	0.0620291084158088	0.0620291084158088
0.754024112631225	0.225267388009746	0.0620920182620723	0.0620920182620723
0.751799053749012	0.220766911924566	0.0621549281083358	0.0621549281083358
0.749360601184738	0.21583719813575	0.0622178379545993	0.0622178379545993
0.746663647124827	0.210387652368893	0.0622807478008628	0.0622807478008628
0.743647087218965	0.204295578507729	0.0623436576471263	0.0623436576471263
0.740225233438474	0.197388954797388	0.0624065674933898	0.0624065674933898
0.73627256004232	0.189415842861318	0.0624694773396533	0.0624694773396533
0.731594410635123	0.179985652981765	0.0625323871859168	0.0625323871859168
0.725864589287391	0.168444033348187	0.0625952970321803	0.0625952970321803
0.718471402647691	0.15356429769622	0.0626582068784438	0.0626582068784438
0.708041088844019	0.132592488177529	0.0627211167247073	0.0627211167247073
0.690188123075821	0.0967409430013156	0.0627840265709708	0.0627840265709708
0	0	0.0628469364172343	0.0628469364172343
