1	0.000954477216235275	0.311290992879043
2	0.00112302559355668	0.461727451036185
3	0.00128005661083602	0.605407123657472
4	0.00141487288527892	0.740413013883874
5	0.00153497616921985	0.868479435419997
6	0.0015961345865478	0.990576490698621
7	0.00169410402617734	1.10734970311127
8	0.0017856370832485	1.21927784040595
9	0.00187184901797866	1.34961656246886
10	0.00195356357435948	1.45429680625523
11	0.00203141022708189	1.58134837102236
12	0.00210588316810964	1.67948513898001
13	0.0021773790083182	1.80357867458405
14	0.00224622191302124	1.89571236581442
15	0.00231268095248549	2.01708218003307
16	0.00237698243301341	2.1036585466475
17	0.00243931888100335	2.22248588595447
18	0.00249985573007764	2.34104762885129
19	0.00255873639222642	2.42032118986427
20	0.0026160861670669	2.53652032844133
21	0.00259635229239536	2.65249701081045
22	0.00264934125100733	2.72500740811275
23	0.002701130297485	2.83876326269604
24	0.0027517949817976	2.95232756645029
25	0.00280140325099469	3.06570784071959
26	0.00285001648087331	3.13000466417104
27	0.00289769033403489	3.24129804768328
28	0.00294447547881042	3.35242903607382
29	0.00299041819571108	3.46340298210112
30	0.00303556089222048	3.52006995380571
31	0.00307994254233429	3.62906754059595
32	0.00312359906388774	3.73792423499983
33	0.00316656364411898	3.84664405939314
34	0.00320886702190229	3.89619751135362
35	0.00325053773350535	4.00303596685996
36	0.00329160232747834	4.10975015741468
37	0.00333208555329036	4.21634322601194
38	0.00337201052753358	4.32281815312505
39	0.003411398880875	4.36404281158745
40	0.00345027088841608	4.46872735544499
41	0.00348864558569558	4.57330346690691
42	0.0035265408722243	4.67777355832796
43	0.00356397360415238	4.78213993428302
44	0.00360095967743304	4.81558734703482
45	0.00363751410264824	4.91824316708714
46	0.0036736510724966	5.02080302159942
47	0.00370938402280504	5.12326882427214
48	0.00374472568780824	5.22564241335007
49	0.00377968815034125	5.32792555623804
50	0.00381428288750636	5.35254682021974
51	0.00384852081230311	5.45319543481287
52	0.00388241231165014	5.55375974283458
53	0.0039159672811733	5.65424124559279
54	0.00394919515709067	5.75464139234129
55	0.00398210494548523	5.85496158305763
56	0.00401470524922201	5.95520317101805
57	0.00404700429273772	5.97008060804082
58	0.00407900994490467	6.06875918139488
59	0.00411072974014901	6.16736400822317
60	0.00414217089798329	6.26589626056124
61	0.00417334034109685	6.36435707467546
62	0.00420424471213166	6.4627475527265
63	0.00423489038925917	6.56106876432719
64	0.00426528350066059	6.56683117660686
65	0.00429542993800412	6.66365324999289
66	0.00432533536900243	6.76041000462847
67	0.00435500524912601	6.85710238044237
68	0.00438444483254108	6.95373129165235
69	0.00441365918233323	7.05029762782685
70	0.00444265318007375	7.14680225488685
71	0.00447143153477902	7.14402347620571
72	0.00449999879130957	7.23908686800447
73	0.00452835933825123	7.33409182734002
74	0.0045565174153165	7.42903912382169
75	0.00445948037079952	7.52392950792829
76	0.00448646604278173	7.61876371171982
77	0.00451326646418893	7.71354244951328
78	0.00453988524159295	7.80826641852481
79	0.00456632586690797	7.90293629948037
80	0.00459259172241514	7.8894777281396
81	0.0046186860855078	7.98276352445715
82	0.00464461213317608	8.07599788621307
83	0.00467037294624826	8.1691814253326
84	0.00469597151340463	8.26231474008264
85	0.00472141073497886	8.35539841552369
86	0.00474669342656017	8.44843302394171
87	0.00477182232240919	8.54141912526085
88	0.00479680007869886	8.6343572674382
89	0.00482162927659142	8.61088468843969
90	0.00484631242516152	8.70249059258592
91	0.00487085196417451	8.79405073180346
92	0.00489525026672879	8.88556560308722
93	0.00491950964177019	8.97703569333838
94	0.00494363233648607	9.06846147966609
95	0.00496762053858553	9.15984342967687
96	0.00499147637847298	9.2511820017527
97	0.00501520193132067	9.34247764531816
98	0.00503879921904596	9.43373080109709
99	0.00506227021219863	9.3996137264259
100	0.00510800155641418	9.51326526573408
101	0.00510884095088103	9.57951279438947
102	0.00513194439649574	9.66940172166518
103	0.00515492895092772	9.75925077424943
104	0.00517779635337948	9.84906034035819
105	0.00520054830137697	9.93883080114735
106	0.00522318645214937	10.0285625309001
107	0.005245712423951	10.1182558972075
108	0.00526812779732787	10.2079112611436
109	0.00529043411633212	10.2975289774327
110	0.00531263288968651	10.252211877879
111	0.00533472559190172	10.3405924363733
112	0.00535671366434878	10.4289368504824
113	0.00537859851628866	10.5172454468087
114	0.00540038152586112	10.6055185464381
115	0.00542206404103492	10.6937564650754
116	0.00544364738052112	10.7819595131749
117	0.00546513283465107	10.8701279960676
118	0.00548652166622103	10.9582622140837
119	0.00550781511130469	11.0463624626712
120	0.00552901438003529	11.1344290325116
121	0.00555012065735846	11.2224622096306
122	0.0055711351037574	11.1654563566637
123	0.00559205885595142	11.2522958033108
124	0.00561289302756902	11.3391031059004
125	0.00563363870979687	11.4258785294428
126	0.00565429697200546	11.5126223348542
127	0.00567486886235247	11.599334779048
128	0.0056953554083651	11.6860161150243
129	0.00571575761750191	11.7726665919553
130	0.00573607647769513	11.8592864552694
131	0.00575631295787451	11.9458759467324
132	0.00577646800847302	12.0324353045267
133	0.00579654256191565	12.1189647633274
134	0.00581653753309159	12.05096501072
135	0.00583645381981076	12.1363408004945
136	0.00585629230324506	12.2216877448084
137	0.00587605384835531	12.3070060622319
138	0.00589573930430403	12.3922959682208
139	0.00591534950485495	12.4775576751807
140	0.00593488526875965	12.5627913925289
141	0.00595434740013179	12.6479973267552
142	0.00597373668880938	12.7331756814806
143	0.00599305391070594	12.8183266575154
144	0.00601229982815017	12.9034504529142
145	0.00603147519021557	12.9885472630313
146	0.00605058073303948	13.0736172805728
147	0.00606961718013253	13.1586606956491
148	0.00608858524267865	13.0781317321906
149	0.00610748561982591	13.1620601179041
150	0.00612631899896868	13.2459627819944
151	0.00614508605602141	13.3298399024259
152	0.00616378745568412	13.4136916548356
153	0.00618242385170025	13.4975182125774
154	0.00620099588710687	13.5813197467644
155	0.00621950419447756	13.6650964263104
156	0.00623794939615832	13.7488484179712
157	0.00625633210449679	13.8325758863837
158	0.00627465292206472	13.9162789941049
159	0.00629291244187432	13.9999579016494
160	0.00631111124758837	14.0836127675267
161	0.00632924991372452	14.1672437482771
162	0.00634732900585395	14.0749145738921
163	0.00636534908079431	14.1574663491164
164	0.0063833106867977	14.2399949865882
165	0.00640121436373311	14.3225006334746
166	0.00641906064326422	14.4049834351638
167	0.00643685004902229	14.4874435352955
168	0.00645458309677432	14.5698810757918
169	0.00647226029458682	14.6522961968859
170	0.00648988214298523	14.7346890371518
171	0.00650744913510907	14.817059733532
172	0.00652496175686309	14.8994084213654
173	0.00654242048706442	14.9817352344138
174	0.00655982579758588	15.0640403048891
175	0.00657717815349573	15.1463237634784
176	0.0065944780131937	15.2285857393697
177	0.00661172582854356	15.3108263602762
178	0.00662892204500237	15.2053256896794
179	0.00664606710174656	15.2865215598289
180	0.00666316143179459	15.3676967053853
181	0.00668020546212687	15.4488512469121
182	0.00669719961380237	15.5299853036311
183	0.0067141443020727	15.6110989934432
184	0.00673103993649314	15.6921924329499
185	0.00674788692103102	15.7732657374736
186	0.00676468565417151	15.8543190210781
187	0.00678143652902083	15.9353523965881
188	0.00679813993340702	16.0163659756084
189	0.00681479624997823	16.0973598685435
190	0.00683140585629869	16.1783341846152
191	0.00684796912494248	16.2592890318818
192	0.00686448642358503	16.3402245172552
193	0.00688095811509246	16.4211407465188
194	0.00689738455760896	16.5020378243443
195	0.00691376610464195	16.3831216946659
196	0.0069301031051455	16.4630065734295
197	0.00694639590360162	16.5428728353029
198	0.0069626448400999	16.6227205794671
199	0.00697885025041517	16.7025499040846
200	0.00699501246608354	16.7823609063147
201	0.0070111318144766	16.8621536823283
202	0.00702720861887414	16.9419283273219
203	0.00704324319853501	17.0216849355323
204	0.00705923586876667	17.1014236002503
205	0.00707518694099299	17.1811444138346
206	0.00709109672282071	17.2608474677247
207	0.00710696551810438	17.3405328524546
208	0.00712279362700989	17.4202006576655
209	0.00713858134607668	17.4998509721183
210	0.00715432896827849	17.5794838837063
211	0.00717003678308303	17.6590994794675
212	0.00718570507651012	17.738697845596
213	0.00720133413118874	17.6061567047889
214	0.00721692422641289	17.6847736745135
215	0.00723247563819621	17.7633738703393
216	0.0072479886393255	17.8419573742152
217	0.00726346349941307	17.9205242673124
218	0.00727890048494817	17.9990746300355
219	0.00729429985934706	18.0776085420329
220	0.00730966188300231	18.1561260822066
221	0.0073249868133311	18.2346273287232
222	0.00734027490482224	18.3131123590228
223	0.00735552640908264	18.3915812498293
224	0.00737074157488254	18.4700340771598
225	0.00738592064819993	18.5484709163339
226	0.00740106387226418	18.6268918419833
227	0.00741617148759858	18.7052969280602
228	0.00743124373206225	18.783686247847
229	0.00744628084089111	18.8620598739644
230	0.00746128304673815	18.9404178783803
231	0.00747625057971264	19.0187603324184
232	0.00749118366741904	18.8724156984881
233	0.00750608253499464	18.9498059506792
234	0.00752094740514686	19.0271810431526
235	0.00753577849818968	19.1045410439267
236	0.00755057603207932	19.1818860204229
237	0.00756534022244935	19.2592160394731
238	0.00758007128264512	19.3365311673274
239	0.00759476942375742	19.4138314696612
240	0.00760943485465565	19.4911170115822
241	0.00762406778202027	19.5683878576381
242	0.0076386684103748	19.645644071823
243	0.00765323694211687	19.7228857175846
244	0.00766777357754922	19.8001128578306
245	0.00768227851490959	19.8773255549359
246	0.0076967519504005	19.9545238707483
247	0.00771119407821812	20.0317078665959
248	0.00772560509058098	20.1088776032927
249	0.00773998517775778	20.1860331411451
250	0.00775433452809504	20.263174539958
251	0.00776865332804401	20.3403018590408
252	0.00778294176218716	20.1800033600678
253	0.00779720001326433	20.2562061917641
254	0.0078114282621982	20.3323952804276
255	0.00782562668811944	20.4085706827772
256	0.00783979546839142	20.4847324550705
257	0.00785393477863446	20.5608806531091
258	0.00786804479274955	20.6370153322445
259	0.00788212568294189	20.7131365473829
260	0.00789617761974377	20.7892443529902
261	0.00791020077203728	20.8653388030979
262	0.00792419530707638	20.9414199513073
263	0.00793816139050884	21.0174878507949
264	0.0079520991863977	21.0935425543172
265	0.00796600885724223	21.1695841142155
266	0.00797989056399877	21.2456125824207
267	0.00799374446610108	21.3216280104579
268	0.00800757072148036	21.3976304494507
269	0.00802136948658493	21.4736199501266
270	0.00803514091639962	21.5495965628204
271	0.00804888516446486	21.6255603374794
272	0.00806260238289527	21.7015113236674
273	0.00807629272239818	21.7774495705689
274	0.00787833915028046	21.6021869140653
275	0.00789161300267359	21.6772272662175
276	0.00790486112287987	21.7522551691621
277	0.00791808365229943	21.82727067006
278	0.00793128073104774	21.9022738157179
279	0.00794445249797172	21.9772646525914
280	0.00795759909066586	22.0522432267893
281	0.0079707206454879	22.1272095840775
282	0.00798381729757426	22.2021637698822
283	0.00799688918085529	22.277105829294
284	0.00800993642807022	22.3520358070715
285	0.00802295917078193	22.4269537476444
286	0.00803595753939146	22.5018596951176
287	0.00804893166315221	22.5767536932744
288	0.00806188167018415	22.6516357855796
289	0.00807480768748746	22.7265060151836
290	0.00808770984095628	22.8013644249251
291	0.00810058825539209	22.8762110573344
292	0.00811344305451689	22.9510459546372
293	0.0081262743609862	23.025869158757
294	0.00813908229640182	23.1006807113189
295	0.00815186698132446	23.1754806536524
296	0.00816462853528623	23.2502690267944
297	0.00817736707680268	23.0599885388816
298	0.00819008272338492	23.1339042892699
299	0.00820277559155152	23.2078087219413
300	0.0082154457968401	23.2817018763391
301	0.00822809345381885	23.355583791632
302	0.00824071867609787	23.4294545067168
303	0.00825332157634029	23.5033140602214
304	0.00826590226627327	23.5771624905071
305	0.00827846085669887	23.6509998356715
306	0.00829099745750462	23.7248261335513
307	0.00830351217767408	23.7986414217246
308	0.00831600512529723	23.8724457375137
309	0.00832847640758057	23.9462391179877
310	0.00834092613085734	24.0200215999648
311	0.00835335440059717	24.0937932200146
312	0.00836576132141609	24.1675540144614
313	0.00837814699708603	24.2413040193856
314	0.00839051153054432	24.3150432706267
315	0.00840285502390298	24.3887718037854
316	0.00841517757845808	24.4624896542262
317	0.00842747929469867	24.5361968570792
318	0.0084397602723158	24.6098934472429
319	0.00845202061021134	24.6835794593863
320	0.00846426040650665	24.7572549279508
321	0.00847647975855121	24.5519207940528
322	0.00848867876293104	24.6247476994152
323	0.00850085751547702	24.6975642805021
324	0.00851301611127313	24.7703705704899
325	0.00852515464466456	24.843166602341
326	0.00853727320926577	24.9159524088055
327	0.0085493718979682	24.9887280224232
328	0.0085614508029482	25.0614934755255
329	0.0085735100156747	25.1342488002377
330	0.00858554962691661	25.2069940284807
331	0.00859756972675048	25.2797291919726
332	0.00860957040456771	25.3524543222314
333	0.00862155174908192	25.425169450576
334	0.00863351384833598	25.4978746081286
335	0.00864545678970921	25.5705698258161
336	0.00865738065992424	25.6432551343725
337	0.00866928554505391	25.7159305643399
338	0.00868117153052815	25.7885961460709
339	0.00869303870114049	25.86125190973
340	0.00870488714105483	25.9338978852954
341	0.00871671693381185	26.0065341025606
342	0.0087285281623354	26.0791605911364
343	0.00874032090893904	26.151777380452
344	0.00875209525533212	26.2243844997572
345	0.00876385128262596	26.2969819781235
346	0.00877558907134007	26.3695698444463
347	0.00878730870140805	26.1483464882603
348	0.00879901025218358	26.2201088972808
349	0.00881069380244629	26.291861885749
350	0.00882235943040752	26.3636054815567
351	0.00883400721371601	26.4353397124284
352	0.0088456372294636	26.5070646059235
353	0.00885724955419074	26.5787801894373
354	0.00886884426389207	26.6504864902026
355	0.00888042143402167	26.7221835352912
356	0.00889198113949864	26.7938713516151
357	0.00890352345471223	26.865549965928
358	0.00891504845352706	26.9372194048268
359	0.00892655620928838	27.0088796947526
360	0.00893804679482709	27.0805308619925
361	0.00894952028246476	27.1521729326806
362	0.0089609767440186	27.2238059327994
363	0.00897241625080638	27.2954298881812
364	0.00898383887365127	27.3670448245091
365	0.00899524468288658	27.4386507673186
366	0.00900663374836055	27.5102477419987
367	0.00901800613944093	27.5818357737932
368	0.00902936192501966	27.6534148878018
369	0.00904070117351739	27.7249851089815
370	0.00905202395288798	27.7965464621474
371	0.00906333033062284	27.8680989719747
372	0.0090746203737555	27.939642662999
373	0.00908589414886585	28.0111775596178
374	0.00909715172208435	27.7741025532803
375	0.00910839315909635	27.8448340284545
376	0.00911961852514623	27.9155568774455
377	0.00913082788504158	27.9862711238478
378	0.00914202130315713	28.0569767911249
379	0.00915319884343894	28.1276739026103
380	0.00916436056940837	28.1983624815088
381	0.00917550654416582	28.2690425508973
382	0.00918663683039493	28.3397141337259
383	0.00919775149036607	28.410377252819
384	0.0092088505859404	28.4810319308764
385	0.00921993417857355	28.5516781904739
386	0.00923100232931928	28.6223160540651
387	0.00924205509883313	28.6929455439814
388	0.00925309254737616	28.7635666824336
389	0.00926411473481835	28.834179491513
390	0.00927512172064233	28.9047839931916
391	0.00928611356394672	28.9753802093241
392	0.00929709032344964	29.0459681616478
393	0.00930805205749217	29.1165478717842
394	0.00931899882404162	29.1871193612398
395	0.00932993068069503	29.2576826514069
396	0.00934084768468225	29.3282377635643
397	0.00935174989286941	29.3987847188786
398	0.00936263736176205	29.4693235384051
399	0.00937351014750829	29.5398542430882
400	0.00938436830590197	29.6103768537626
401	0.00939521189238588	29.6808913911541
402	0.0094060409620547	29.7513978758804
403	0.00941685556965819	29.4977452879224
404	0.009427655769604	29.5674695282997
405	0.00943844161596086	29.6371858640888
406	0.00944921316246143	29.706894315264
407	0.00945997046250516	29.7765949016965
408	0.00947071356916129	29.8462876431561
409	0.00948144253517163	29.9159725593107
410	0.00949215741295333	29.9856496697282
411	0.00950285825460176	30.0553189938764
412	0.00951354511189322	30.1249805511245
413	0.00952421803628768	30.194634360743
414	0.00953487707893145	30.2642804419054
415	0.00954552229065984	30.3339188136883
416	0.00955615372199985	30.4035494950722
417	0.00956677142317275	30.4731725049423
418	0.0095773754440966	30.5427878620893
419	0.00958796583438892	30.61239558521
420	0.00959854264336912	30.681995692908
421	0.00960910592006101	30.7515882036945
422	0.00961965571319533	30.8211731359888
423	0.0096301920712121	30.8907505081192
424	0.0096407150422632	30.9603203383232
425	0.0096512246742145	31.0298826447491
426	0.00966172101464849	31.0994374454556
427	0.00967220411086647	31.1689847584132
428	0.00968267400989089	31.2385246015043
429	0.00969313075846771	31.3080569925244
430	0.00970357440306862	31.3775819491824
431	0.00971400498989322	31.4470994891011
432	0.00972442256487131	31.5166096298183
433	0.0097348271736652	31.5861123887868
434	0.00974521886167157	31.3152249104268
435	0.00975559767402404	31.3839657746146
436	0.00976596365559489	31.4526993877266
437	0.00977631685099745	31.5214257666991
438	0.00978665730458809	31.5901449283875
439	0.00979698506046825	31.6588568895668
440	0.00980730016248652	31.7275616669327
441	0.00981760265424071	31.7962592771015
442	0.00982789257907975	31.8649497366112
443	0.00983816998010582	31.9336330619216
444	0.00984843490017601	32.0023092694152
445	0.00985868738190469	32.0709783753977
446	0.0098689274676651	32.1396403960984
447	0.00987915519959137	32.2082953476706
448	0.00988937061958035	32.2769432461928
449	0.0098995737692936	32.3455841076681
450	0.00990976469015908	32.4142179480259
451	0.00991994342337307	32.4828447831217
452	0.00993011000990197	32.5514646287378
453	0.00994026449048403	32.6200775005838
454	0.0099504069056312	32.6886834142972
455	0.00996053729563085	32.7572823854436
456	0.00997065570054743	32.8258744295176
457	0.00998076216022437	32.8944595619431
458	0.00999085671428565	32.9630377980735
459	0.0100009394021375	33.0316091531927
460	0.01001101026297	33.1001736425153
461	0.010021069335759	33.168731281187
462	0.0100311166592674	33.2372820842851
463	0.010041152272047	33.3058260668194
464	0.0100511762124401	33.3743632437319
465	0.010061188518581	33.4428936298977
466	0.0100711892283975	33.1549128077688
467	0.0100811783796128	33.2227007541518
468	0.0100911560097467	33.2904820257878
469	0.0101011221561171	33.3582566371331
470	0.0101110768558418	33.4260246025801
471	0.01012102014584	33.4937859364575
472	0.0101309520628333	33.5615406530305
473	0.0101408726433478	33.629288766502
474	0.010150781923715	33.6970302910122
475	0.0101606799400738	33.7647652406393
476	0.0101705667283715	33.8324936294002
477	0.0101804423243652	33.9002154712504
478	0.0101903067636236	33.9679307800849
479	0.0102001600815281	34.035639569738
480	0.0102100023132741	34.1033418539845
481	0.0102198334938726	34.1710376465392
482	0.0102296536581513	34.2387269610579
483	0.0102394628407562	34.3064098111378
484	0.0102492610761527	34.3740862103174
485	0.0102590483986271	34.4417561720772
486	0.0102688248422878	34.5094197098402
487	0.0102785904410664	34.577076836972
488	0.0102883452287194	34.6447275667813
489	0.0102980892388292	34.7123719125203
490	0.0103078225048053	34.7800098873848
491	0.0103175450598857	34.8476415045151
492	0.0103272569371379	34.9152667769957
493	0.0103369581694606	34.9828857178563
494	0.0103466487895843	35.0504983400715
495	0.0103563288300727	35.1181046565617
496	0.0103659983233244	35.1857046801931
497	0.0103756573015732	35.2532984237781
498	0.0103853057968899	35.320885900076
499	0.0103949438411833	35.3884671217926
500	0.0104045714662011	35.0828206120701
501	0.0104141887035314	35.1496781125268
502	0.0104237955846036	35.2165294616452
503	0.0104333921406896	35.2833746717905
504	0.0104429784029048	35.3502137552776
505	0.0104525544022093	35.4170467243705
506	0.010462120169409	35.4838735912829
507	0.0104716757351565	35.5506943681787
508	0.0104812211299522	35.6175090671722
509	0.0104907563841458	35.6843177003281
510	0.0105002815279365	35.7511202796624
511	0.0105097965913749	35.8179168171422
512	0.0105193016043634	35.8847073246862
513	0.0105287965966576	35.9514918141648
514	0.010538281597867	36.0182702974009
515	0.0105477566374562	36.0850427861697
516	0.0105572217447461	36.1518092921989
517	0.0105666769489143	36.2185698271696
518	0.0105761222789965	36.2853244027161
519	0.0105855577638875	36.3520730304261
520	0.0105949834323418	36.4188157218415
521	0.0106043993129751	36.485552488458
522	0.0106138054342645	36.5522833417261
523	0.0106232018245502	36.6190082930506
524	0.0106325885120358	36.6857273537916
525	0.0106419655247898	36.7524405352644
526	0.0106513328907458	36.8191478487396
527	0.0106606906377041	36.8858493054437
528	0.0106700387933322	36.9525449165593
529	0.0106793773851656	37.0192346932253
530	0.0106887064406091	37.085918646537
531	0.0106980259869372	37.1525967875466
532	0.0107073360512954	37.2192691272635
533	0.0107166366607006	37.2859356766543
534	0.0107259278420423	37.352596446643
535	0.0107352096220832	37.0294675850836
536	0.0107444820274604	37.0954225659161
537	0.0107537450846858	37.1613718597303
538	0.010762998820147	37.2273154771712
539	0.0107722432601084	37.2932534288428
540	0.0107814784307117	37.3591857253087
541	0.0107907043579769	37.4251123770922
542	0.0107999210678028	37.4910333946763
543	0.0108091285859684	37.5569487885046
544	0.0108183269381328	37.6228585689808
545	0.0108275161498367	37.6887627464691
546	0.0108366962465029	37.7546613312948
547	0.010845867253437	37.8205543337442
548	0.0108550291958281	37.8864417640648
549	0.0108641820987501	37.9523236324658
550	0.0108733259871615	38.0181999491178
551	0.0108824608859069	38.0840707241538
552	0.0108915868197174	38.1499359676686
553	0.0109007038132116	38.2157956897196
554	0.0109098118908957	38.2816499003266
555	0.010918911077165	38.3474986094725
556	0.0109280013963041	38.4133418271028
557	0.0109370828724877	38.4791795631267
558	0.0109461555297813	38.5450118274163
559	0.010955219392142	38.6108386298079
560	0.010964274483419	38.6766599801012
561	0.0109733208273544	38.7424758880602
562	0.010982358447584	38.8082863634129
563	0.0109913873676375	38.8740914158521
564	0.0110004076109397	38.9398910550348
565	0.0110094192008109	39.0056852905833
566	0.0110184221604675	39.0714741320845
567	0.0110274165130227	39.1372575890909
568	0.0110364022814873	39.20303567112
569	0.0110453794887702	39.2688083876553
570	0.0110543481576787	39.3345757481458
571	0.01106330831092	39.4003377620067
572	0.0110722599711008	39.0592274917966
573	0.0110812031607285	39.1243009915526
574	0.0110901379022119	39.1893692275529
575	0.0110990642178614	39.2544322089826
576	0.0111079821298899	39.3194899449943
577	0.0111168916604131	39.3845424447078
578	0.0111257928314507	39.4495897172105
579	0.0111346856649262	39.5146317715578
580	0.011143570182668	39.5796686167729
581	0.0111524464064098	39.6447002618469
582	0.0111613143577914	39.7097267157396
583	0.0111701740583587	39.774747987379
584	0.0111790255295651	39.8397640856618
585	0.0111878687927712	39.9047750194534
586	0.011196703869246	39.9697807975883
587	0.0112055307801671	40.0347814288701
588	0.0112143495466215	40.0997769220718
589	0.0112231601896058	40.1647672859355
590	0.011231962730027	40.2297525291733
591	0.0112407571887033	40.2947326604669
592	0.0112495435863637	40.359707688468
593	0.0112583219436497	40.4246776217983
594	0.0112670922811148	40.48964246905
595	0.0112758546192258	40.5546022387854
596	0.0112846089783629	40.6195569395375
597	0.0112933553788202	40.6845065798102
598	0.0113020938408064	40.7494511680779
599	0.0113108243844452	40.8143907127864
600	0.0113195470297757	40.8793252223525
601	0.0113282617967532	40.9442547051644
602	0.0113369687052494	41.0091791695816
603	0.0113456677750528	41.0740986239355
604	0.0113543590258697	41.139013076529
605	0.011363042477324	41.2039225356372
606	0.0113717181489584	41.2688270095071
607	0.0113803860602341	41.3337265063578
608	0.011389046230532	41.398621034381
609	0.0113976986791526	41.4635106017408
610	0.011406343425317	41.5283952165738
611	0.0114149804881665	41.1688537207569
612	0.0114236098867643	41.2330664677552
613	0.0114322316400947	41.2972743367628
614	0.0114408457670645	41.3614773357262
615	0.0114494522865028	41.4256754725658
616	0.0114580512171618	41.4898687551757
617	0.0114666425777172	41.5540571914238
618	0.0114752263867685	41.618240789152
619	0.0114838026628396	41.6824195561763
620	0.011492371424379	41.7465935002871
621	0.0115009326897606	41.810762629249
622	0.0115094864772836	41.8749269508013
623	0.0115180328051734	41.9390864726578
624	0.0115265716915818	42.0032412025073
625	0.0115351031545874	42.067391148013
626	0.0115436272121963	42.1315363168137
627	0.0115521438823419	42.195676716523
628	0.0115606531828858	42.25981235473
629	0.0115691551316183	42.323943238999
630	0.0115776497462582	42.3880693768698
631	0.011586137044454	42.4521907758581
632	0.0115946170437834	42.516307443455
633	0.0116030897617546	42.5804193871278
634	0.0116115552158059	42.6445266143197
635	0.0116200134233067	42.7086291324498
636	0.0116284644015574	42.7727269489138
637	0.0116369081677901	42.8368200710835
638	0.0116453447391689	42.9009085063072
639	0.0116537741327902	42.9649922619098
640	0.0116621963656832	43.029071345193
641	0.01167061145481	43.093145763435
642	0.0116790194170664	43.1572155238914
643	0.0116874202692819	43.2212806337944
644	0.0116958140282202	43.2853411003536
645	0.0117042007105795	43.3493969307556
646	0.011712580332993	43.4134481321648
647	0.011720952912029	43.4774947117225
648	0.0117293184641917	43.5415366765482
649	0.0117376770059208	43.6055740337386
650	0.0117460285535928	43.6696067903684
651	0.0117543731235206	43.7336349534901
652	0.0117627107319539	43.3552579449366
653	0.0117710413950802	43.4186302855749
654	0.0117793651290243	43.4819980999182
655	0.0117876819498491	43.5453613948611
656	0.0117959918735559	43.6087201772774
657	0.0118042949160846	43.6720744540193
658	0.0118125910933142	43.735424231918
659	0.0118208804210628	43.7987695177834
660	0.0118291629150883	43.8621103184048
661	0.0118374385910886	43.9254466405503
662	0.0118457074647019	43.9887784909676
663	0.0118539695515069	44.0521058763834
664	0.0118622248670232	44.115428803504
665	0.0118704734267118	44.1787472790152
666	0.011878715245975	44.2420613095826
667	0.0118869503401573	44.3053709018513
668	0.0118951787245449	44.3686760624462
669	0.0119034004143669	44.4319767979723
670	0.0119116154247948	44.4952731150145
671	0.0119198237709435	44.5585650201377
672	0.0119280254678711	44.6218525198873
673	0.0119362205305793	44.6851356207888
674	0.0119444089740139	44.7484143293479
675	0.0119525908130647	44.811688652051
676	0.0119607660625664	44.874958595365
677	0.0119689347372982	44.9382241657375
678	0.0119770968519845	45.0014853695966
679	0.0119852524212953	45.0647422133515
680	0.0119934014598461	45.1279947033922
681	0.0120015439821982	45.1912428460897
682	0.0120096800028596	45.2544866477961
683	0.0120178095362843	45.3177261148445
684	0.0120259325968734	45.3809612535497
685	0.0120340491989751	45.4441920702072
686	0.0120421593568847	45.5074185710946
687	0.0120502630848453	45.5706407624704
688	0.0120583603970479	45.6338586505752
689	0.0120664513076314	45.697072241631
690	0.0120745358306834	45.7602815418416
691	0.01208261398024	45.8234865573926
692	0.0120906857702863	45.8866872944516
693	0.0120987512147564	45.9498837591684
694	0.0121068103275343	46.0130759576743
695	0.0121148631224532	46.0762638960834
696	0.0121229096132965	46.1394475804918
697	0.0121309498137979	46.2026270169777
698	0.0121389837376413	46.2658022116021
699	0.0121470113984616	46.3289731704083
700	0.0121550328098444	46.3921398994219
701	0.0121630479853268	46.4553024046518
702	0.012171056938397	46.5184606920888
703	0.0121790596824952	46.5816147677071
704	0.0121870562310133	46.6447646374636
705	0.0121950465972957	46.7079103072979
706	0.0122030307946388	46.771051783133
707	0.0122110088362919	46.8341890708748
708	0.0122189807354572	46.8973221764122
709	0.01222694650529	46.9604511056178
710	0.0122349061588989	47.0235758643469
711	0.012242859709346	47.0866964584387
712	0.0122508071696475	47.1498128937157
713	0.0122587485527733	47.2129251759837
714	0.0122666838716478	47.2760333110325
715	0.0122746131391499	47.3391373046354
716	0.012282536368113	47.4022371625493
717	0.0122904535713258	47.4653328905151
718	0.0122983647615318	47.5284244942573
719	0.01230626995143	47.5915119794849
720	0.0123141691536752	47.6545953518904
721	0.0123220623808776	47.7176746171506
722	0.0123299496456039	47.7807497809265
723	0.0123378309603768	47.8438208488632
724	0.0123457063376754	47.9068878265903
725	0.0123535757899356	47.9699507197215
726	0.0123614393295501	48.0330095338551
727	0.0123692969688688	48.0960642745739
728	0.0123771487201988	48.1591149474451
729	0.0123849945958046	48.2221615580209
730	0.0123928346079087	48.2852041118377
731	0.0124006687686913	48.3482426144169
732	0.0124084970902907	48.4112770712649
733	0.0124163195848036	48.4743074878727
734	0.0124241362642853	48.5373338697164
735	0.0124319471407495	48.600356222257
736	0.0124397522261691	48.6633745509408
737	0.0124475515324761	48.7263888611989
738	0.0124553450715616	48.789399158448
739	0.0124631328552764	48.8524054480897
740	0.0124709148954309	48.9154077355113
741	0.0124786912037954	48.978406026085
742	0.0124864617921002	49.0414003251689
743	0.012494226672036	49.1043906381064
744	0.0125019858552538	49.1673769702266
745	0.0125097393533654	49.2303593268439
746	0.0125174871779432	49.2933377132588
747	0.0125252293405208	49.3563121347574
748	0.012532965852593	49.4192825966115
749	0.0125406967256157	49.4822491040789
750	0.0125484219710068	49.5452116624032
751	0.0125561416001454	49.6081702768142
752	0.012563855624373	49.6711249525274
753	0.0125715640549929	49.7340756947448
754	0.0125792669032708	49.7970225086543
755	0.0125869641804347	49.85996539943
756	0.0125946558976754	49.9229043722323
757	0.0126023420661463	49.9858394322081
758	0.012610022696964	50.0487705844904
759	0.012617697801208	50.1116978341989
760	0.0126253673899213	50.1746211864396
761	0.0126330314741102	50.2375406463052
762	0.0126406900647447	50.3004562188747
763	0.0126483431727588	50.3633679092142
764	0.0126559908090503	50.4262757223761
765	0.012663632984481	50.4891796633999
766	0.0126712697098774	50.5520797373117
767	0.0126789009960301	50.6149759491244
768	0.0126865268536945	50.6778683038382
769	0.012694147293591	50.7407568064398
770	0.0127017623264045	50.8036414619032
771	0.0127093719627854	50.8665222751896
772	0.0127169762133492	50.9293992512469
773	0.012724575088677	50.9922723950107
774	0.0127321685993152	51.0551417114034
775	0.0127397567557763	51.1180072053349
776	0.0127473395685386	51.1808688817024
777	0.0127549170480461	51.2437267453906
778	0.0127624892047096	51.3065808012713
779	0.0127700560489059	51.3694310542043
780	0.0127776175909784	51.4322775090363
781	0.0127851738412371	51.4951201706022
782	0.012792724809959	51.5579590437241
783	0.0128002705073879	51.620794133212
784	0.0128078109437348	51.6836254438636
785	0.012815346129178	51.7464529804643
786	0.0128228760738629	51.8092767477874
787	0.012830400787903	51.872096750594
788	0.0128379202813791	51.9349129936332
789	0.0128454345643399	51.9977254816421
790	0.0128529436468022	52.0605342193458
791	0.0128604475387508	52.1233392114572
792	0.012867946250139	52.1861404626778
793	0.0128754397908882	52.2489379776968
794	0.0128829281708886	52.3117317611918
795	0.012890411399999	52.3745218178287
796	0.012897889488047	52.4373081522617
797	0.0129053624448293	52.5000907691331
798	0.0129128302801115	52.5628696730739
799	0.0129202930036285	52.6256448687034
800	0.0129277506250848	52.6884163606292
801	0.0129352031541542	52.7511841534476
802	0.0129426506004801	52.8139482517435
803	0.0129500929736759	52.8767086600904
804	0.0129575302833246	52.9394653830503
805	0.0129649625389796	53.002218425174
806	0.0129723897501642	53.0649677910009
807	0.0129798119263721	53.1277134850594
808	0.0129872290770675	53.1904555118668
809	0.012994641211685	53.2531938759288
810	0.01300204833963	53.3159285817404
811	0.0130094504702787	53.3786596337854
812	0.0130168476129783	53.4413870365367
813	0.0130242397770469	53.5041107944561
814	0.0130316269717739	53.5668309119945
815	0.0130390092064202	53.629547393592
816	0.0130463864902178	53.6922602436779
817	0.0130537588323704	53.7549694666704
818	0.0130611262420535	53.8176750669773
819	0.0130684887284143	53.8803770489955
820	0.0130758463005719	53.9430754171111
821	0.0130831989676176	54.0057701756999
822	0.0130905467386146	54.0684613291266
823	0.0130978896225988	54.131148881746
824	0.0131052276285781	54.1938328379016
825	0.0131125607655331	54.2565132019273
826	0.0131198890424171	54.3191899781457
827	0.013127212468156	54.3818631708695
828	0.0131345310516488	54.4445327844009
829	0.0131418448017672	54.5071988230318
830	0.0131491537273562	54.5698612910437
831	0.013156457837234	54.6325201927081
832	0.0131637571401922	54.695175532286
833	0.0131710516449956	54.7578273140283
834	0.0131783413603827	54.820475542176
835	0.0131856262950658	54.8831202209597
836	0.0131929064577307	54.9457613545999
837	0.0132001818570374	55.0083989473075
838	0.0132074525016196	55.0710330032828
839	0.0132147184000852	55.1336635267167
840	0.0132219795610166	55.1962905217899
841	0.01322923599297	55.2589139926732
842	0.0132364877044765	55.3215339435277
843	0.0132437347040414	55.3841503785046
844	0.0132509770001449	55.4467633017453
845	0.0132582146012419	55.5093727173815
846	0.0132654475157619	55.5719786295353
847	0.0132726757521096	55.6345810423188
848	0.0132798993186648	55.6971799598349
849	0.0132871182237824	55.7597753861767
850	0.0132943324757924	55.8223673254277
851	0.0133015420830004	55.8849557816618
852	0.0133087470536875	55.9475407589436
853	0.01331594739611	56.0101222613282
854	0.0133231431185003	56.0727002928611
855	0.0133303342290665	56.1352748575787
856	0.0133375207359923	56.1978459595077
857	0.0133447026474377	56.2604136026657
858	0.0133518799715385	56.322977791061
859	0.0133590527164069	56.3855385286925
860	0.0133662208901312	56.4480958195501
861	0.0133733845007761	56.5106496676143
862	0.0133805435563829	56.5732000768565
863	0.0133876980649693	56.6357470512391
864	0.0133948480345297	56.6982905947151
865	0.0134019934730352	56.7608307112288
866	0.0134091343884339	56.8233674047152
867	0.0134162707886505	56.8859006791005
868	0.0134234026815872	56.9484305383017
869	0.0134305300751229	57.0109569862271
870	0.0134376529771139	57.0734800267759
871	0.0134447713953938	57.1359996638386
872	0.0134518853377737	57.1985159012967
873	0.013458994812042	57.261028743023
874	0.0134660998259646	57.3235381928815
875	0.0134732003872855	57.3860442547275
876	0.013480296503726	57.4485469324073
877	0.0134873881829856	57.511046229759
878	0.0134944754327413	57.5735421506115
879	0.0135015582606487	57.6360346987856
880	0.013508636674341	57.6985238780931
881	0.0135157106814298	57.7610096923374
882	0.0135227802895052	57.8234921453134
883	0.0135298455061353	57.8859712408072
884	0.0135369063388669	57.9484469825969
885	0.0135439627952252	58.0109193744518
886	0.0135510148827142	58.073388420133
887	0.0135580626088165	58.1358541233929
888	0.0135651059809935	58.1983164879758
889	0.0135721450066856	58.2607755176176
890	0.013579179693312	58.323231216046
891	0.013586210048271	58.38568358698
892	0.01359323607894	58.448132634131
893	0.0136002577926759	58.5105783612017
894	0.0136072751968145	58.5730207718866
895	0.0136142882986712	58.6354598698725
896	0.0136212971055408	58.6978956588375
897	0.0136283016246977	58.7603281424519
898	0.0136353018633958	58.8227573243779
899	0.0136422978288688	58.8851832082696
900	0.0136492895283302	58.947605797773
901	0.0136562769689732	59.0100250965262
902	0.0136632601579711	59.0724411081595
903	0.0136702391024772	59.1348538362949
904	0.0136772138096249	59.1972632845465
905	0.0136841842865275	59.2596694565208
906	0.0136911505402791	59.3220723558164
907	0.0136981125779535	59.3844719860238
908	0.0137050704066053	59.4468683507259
909	0.0137120240332696	59.5092614534977
910	0.0137189734649617	59.5716512979065
911	0.0137259187086778	59.634037887512
912	0.0137328597713949	59.6964212258659
913	0.0137397966600706	59.7588013165124
914	0.0137467293816431	59.8211781629879
915	0.0137536579430321	59.8835517688215
916	0.0137605823511379	59.9459221375344
917	0.0137675026128419	60.0082892726403
918	0.0137744187350069	60.0706531776453
919	0.0137813307244764	60.133013856048
920	0.0137882385880758	60.1953713113396
921	0.0137951423326113	60.2577255470036
922	0.013802041964871	60.3200765665163
923	0.0138089374916243	60.3824243733464
924	0.013815828919622	60.4447689709552
925	0.0138227162555967	60.5071103627967
926	0.0138295995062628	60.5694485523174
927	0.0138364786783164	60.6317835429568
928	0.0138433537784355	60.6941153381466
929	0.0138502248132797	60.7564439413116
930	0.013857091789491	60.8187693558691
931	0.0138639547136933	60.8810915852294
932	0.0138708135924926	60.9434106327954
933	0.013877668432477	61.0057265019629
934	0.013884519240217	61.0680391961205
935	0.0138913660222655	61.1303487186496
936	0.0138982087851575	61.1926550729245
937	0.0139050475354107	61.2549582623126
938	0.0139118822795251	61.317258290174
939	0.0139187130239836	61.3795551598617
940	0.0139255397752516	61.4418488747219
941	0.013932362539777	61.5041394380937
942	0.0139391813239908	61.5664268533092
943	0.0139459961343066	61.6287111236935
944	0.0139528069771212	61.6909922525647
945	0.013959613858814	61.7532702432342
946	0.0139664167857477	61.8155450990064
947	0.0139732157642682	61.8778168231788
948	0.0139800108007041	61.940085419042
949	0.0139868019013677	62.00235088988
950	0.0139935890725544	62.0646132389697
951	0.0140003723205428	62.1268724695814
952	0.0140071516515951	62.1891285849786
953	0.0140139270719571	62.251381588418
954	0.0140206985878577	62.3136314831498
955	0.0140274662055099	62.3758782724171
956	0.0140342299311099	62.4381219594567
957	0.0140409897708378	62.5003625474987
958	0.0140477457308577	62.5626000397663
959	0.0140544978173171	62.6248344394762
960	0.0140612460363477	62.6870657498388
961	0.014067990394065	62.7492939740576
962	0.0140747308965686	62.8115191153296
963	0.0140814675499422	62.8737411768452
964	0.0140882003602534	62.9359601617888
965	0.0140949293335542	62.9981760733375
966	0.0141016544758809	63.0603889146626
967	0.0141083757932537	63.1225986889286
968	0.0141150932916777	63.1848053992936
969	0.014121806977142	63.2470090489096
970	0.0141285168556204	63.3092096409218
971	0.0141352229330711	63.3714071784692
972	0.0141419252154369	63.4336016646847
973	0.0141486237086451	63.4957931026943
974	0.0141553184186081	63.5579814956182
975	0.0141620093512226	63.6201668465702
976	0.0141686965123704	63.6823491586577
977	0.014175379907918	63.7445284349819
978	0.0141820595437168	63.8067046786379
979	0.0141887354256034	63.8688778927144
980	0.014195407559399	63.9310480802939
981	0.0142020759509102	63.993215244453
982	0.0142087406059288	64.0553793882619
983	0.0142154015302314	64.1175405147848
984	0.0142220587295801	64.1796986270795
985	0.0142287122097223	64.2418537281981
986	0.0142353619763906	64.3040058211865
987	0.0142420080353032	64.3661549090842
988	0.0142486503921634	64.4283009949253
989	0.0142552890526603	64.4904440817373
990	0.0142619240224684	64.5525841725419
991	0.014268555307248	64.614721270355
992	0.0142751829126446	64.6768553781862
993	0.0142818068442899	64.7389864990394
994	0.0142884271078011	64.8011146359125
995	0.0142950437087812	64.8632397917974
996	0.0143016566528191	64.9253619696802
997	0.0143082659454895	64.9874811725412
998	0.0143148715923532	65.0495974033547
999	0.0143214735989569	65.1117106650892
1000	0.0142087003194142	61.1348799800267
1001	0.0143346667135016	65.2359282931658
