1	0.839302598572788	0.58233743095635
2	0.830609626492457	0.559917592015135
3	0.824715734346271	0.544919431300416
4	0.820200068075915	0.533540537842163
5	0.816520183206997	0.524339882987076
6	0.813405969109446	0.516604168148184
7	0.810701922100799	0.509924851717701
8	0.808309786749898	0.504044971626575
9	0.806163292332762	0.498791926475673
10	0.804215518380464	0.494043971366142
11	0.802431971996336	0.489711916959823
12	0.800786523098595	0.485728414748016
13	0.799258884313179	0.482041331973578
14	0.797832978262811	0.47860947034605
15	0.796495840598057	0.47539969650627
16	0.795236860073965	0.472384958707355
17	0.794047238178335	0.46954287957306
18	0.792919596104029	0.46685473469826
19	0.791847683194705	0.46430469646467
20	0.790826156873051	0.461879264343496
21	0.789850413941204	0.459566828983769
22	0.788916459463414	0.4573573340077
23	0.788020803584472	0.45524201031488
24	0.787160379413971	0.453213164977518
25	0.786332477004146	0.451264011777455
26	0.785534689769265	0.449388533887801
27	0.78476487062819	0.447581371639696
28	0.784021095821668	0.445837730061794
29	0.783301634843312	0.444153302149408
30	0.782604925282234	0.442524204754011
31	0.781929551642782	0.440946924678723
32	0.78127422740829	0.439418273088211
33	0.780637779768993	0.437935346738533
34	0.780019136551892	0.436495494837072
35	0.779417314981436	0.435096290578231
36	0.778831411971013	0.433735506584271
37	0.778260595701155	0.432411093625013
38	0.777704098284669	0.431121162104336
39	0.77716120935427	0.429863965892406
40	0.7766312704366	0.428637888155537
41	0.776113669999466	0.427441428894442
42	0.775607839077681	0.426273193949361
43	0.775113247398104	0.425131885269511
44	0.774629399936897	0.424016292276204
45	0.774155833852304	0.422925284175292
46	0.773692115744757	0.421857803096344
47	0.773237839203195	0.420812857954055
48	0.772792622602378	0.4197895189425
49	0.772356107120952	0.418786912585478
50	0.771927954954198	0.417804217276851
51	0.771507847698904	0.416840659253789
52	0.771095484890822	0.415895508953409
53	0.770690582677702	0.414968077709835
54	0.77029287261306	0.414057714754176
55	0.76990210055772	0.413163804484676
56	0.769518025677765	0.412285763978362
57	0.769140419528879	0.411423040718967
58	0.768769065218307	0.410575110518976
59	0.768403756636631	0.409741475616196
60	0.768044297752506	0.408921662927569
61	0.767690501964245	0.408115222444877
62	0.767342191502823	0.407321725758723
63	0.766999196881501	0.406540764698676
64	0.766661356387736	0.405771950078771
65	0.766328515613546	0.405014910538728
66	0.766000527020878	0.404269291472238
67	0.765677249538896	0.403534754034603
68	0.765358548190403	0.402810974222762
69	0.765044293744912	0.40209764202147
70	0.764734362396099	0.401394460609993
71	0.764428635461623	0.400701145624255
72	0.764126999103461	0.400017424469837
73	0.763829344067104	0.399343035681684
74	0.763535565438105	0.398677728326768
75	0.763245562414604	0.398021261446281
76	0.762959238094597	0.397373403534269
77	0.762676499276798	0.396733932049884
78	0.762397256274091	0.396102632960688
79	0.76212142273859	0.395479300314663
80	0.76184891549749	0.394863735838792
81	0.761579654398888	0.39425574856225
82	0.761313562166867	0.393655154462433
83	0.76105056426519	0.393061776132154
84	0.760790588768976	0.39247544246654
85	0.760533566243825	0.391895988368219
86	0.760279429631865	0.391323254469548
87	0.760028114144254	0.390757086870699
88	0.759779557159699	0.390197336892543
89	0.759533698128601	0.389643860843332
90	0.759290478482449	0.389096519798263
91	0.75904984154811	0.388555179391087
92	0.758811732466731	0.388019709616977
93	0.758576098116926	0.387489984645932
94	0.758342887041995	0.386965882646053
95	0.758112049380923	0.386447285616067
96	0.757883536802921	0.385934079226529
97	0.757657302445294	0.385426152669156
98	0.757433300854441	0.38492339851382
99	0.757211487929786	0.384425712572716
100	0.756991820870479	0.383932993771286
101	0.756774258124702	0.383445144025506
102	0.756558759341422	0.38296206812515
103	0.75634528532446	0.382483673622702
104	0.756133797988729	0.382009870727571
105	0.755924260318543	0.381540572205325
106	0.755716636327852	0.381075693281657
107	0.755510891022323	0.38061515155081
108	0.755306990363141	0.380158866888229
109	0.755104901232461	0.379706761367194
110	0.754904591400405	0.379258759179232
111	0.75470602949352	0.37881478655809
112	0.754509184964638	0.378374771707095
113	0.754314028064045	0.377938644729705
114	0.754120529811897	0.3775063375631
115	0.753928661971826	0.377077783914646
116	0.753738397025666	0.37665291920108
117	0.753549708149242	0.376231680490291
118	0.753362569189182	0.375814006445557
119	0.753176954640678	0.375399837272103
120	0.752992839626173	0.374989114665896
121	0.752810199874911	0.374581781764532
122	0.752629011703321	0.374177783100134
123	0.752449251996178	0.373777064554155
124	0.752270898188528	0.373379573314002
125	0.752093928248318	0.372985257831378
126	0.751918320659707	0.37259406778228
127	0.751744054407031	0.372205954028563
128	0.751571108959382	0.371820868580998
129	0.751399464255781	0.371438764563757
130	0.751229100690911	0.371059596180265
131	0.751059999101393	0.370683318680339
132	0.750892140752569	0.370309888328578
133	0.750725507325784	0.369939262373934
134	0.750560080906126	0.36957139902041
135	0.750395843970628	0.369206257398846
136	0.750232779376888	0.368843797539736
137	0.750070870352105	0.368483980347033
138	0.749910100482503	0.368126767572899
139	0.749750453703139	0.367772121793366
140	0.749591914288061	0.367420006384856
141	0.749434466840818	0.367070385501536
142	0.749278096285298	0.366723224053466
143	0.749122787856881	0.366378487685509
144	0.7489685270939	0.366036142756971
145	0.74881529982939	0.36569615632194
146	0.748663092183112	0.3653584961103
147	0.748511890553858	0.365023130509383
148	0.748361681611998	0.364690028546243
149	0.748212452292287	0.364359159870525
150	0.748064189786898	0.364030494737896
151	0.747916881538693	0.363704003994032
152	0.747770515234705	0.363379659059123
153	0.747625078799839	0.363057431912889
154	0.747480560390762	0.362737295080074
155	0.747336948390006	0.362419221616417
156	0.747194231400241	0.362103185095059
157	0.747052398238738	0.361789159593392
158	0.746911437932002	0.361477119680317
159	0.746771339710576	0.361167040403908
160	0.746632093003997	0.360858897279449
161	0.746493687435918	0.360552666277857
162	0.746356112819369	0.360248323814448
163	0.746219359152166	0.359945846738055
164	0.746083416612464	0.359645212320471
165	0.74594827555443	0.359346398246219
166	0.745813926504059	0.35904938260262
167	0.745680360155105	0.358754143870166
168	0.745547567365134	0.358460660913172
169	0.745415539151695	0.35816891297071
170	0.7452842666886	0.357878879647804
171	0.74515374130231	0.357590540906888
172	0.74502395446843	0.3573038770595
173	0.744894897808299	0.357018868758234
174	0.744766563085681	0.356735496988902
175	0.744638942203547	0.356453743062938
176	0.744512027200948	0.356173588610002
177	0.744385810249977	0.355895015570805
178	0.744260283652813	0.355618006190128
179	0.744135439838847	0.355342543010035
180	0.744011271361891	0.355068608863278
181	0.743887770897458	0.354796186866884
182	0.743764931240117	0.354525260415914
183	0.743642745300924	0.354255813177393
184	0.743521206104917	0.35398782908441
185	0.743400306788678	0.353721292330368
186	0.743280040597966	0.353456187363399
187	0.743160400885405	0.353192498880918
188	0.743041381108236	0.352930211824327
189	0.742922974826131	0.352669311373858
190	0.742805175699058	0.352409782943554
191	0.742687977485207	0.352151612176373
192	0.742571374038965	0.351894784939429
193	0.742455359308945	0.351639287319352
194	0.742339927336065	0.351385105617764
195	0.742225072251677	0.351132226346878
196	0.742110788275741	0.3508806362252
197	0.741997069715047	0.350630322173352
198	0.741883910961479	0.350381271309987
199	0.741771306490325	0.350133470947816
200	0.741659250858627	0.349886908589731
201	0.741547738703571	0.349641571925022
202	0.741436764740919	0.349397448825694
203	0.741326323763479	0.349154527342866
204	0.741216410639608	0.348912795703265
205	0.741107020311755	0.348672242305802
206	0.740998147795041	0.348432855718232
207	0.740889788175865	0.348194624673897
208	0.740781936610553	0.34795753806854
209	0.740674588324033	0.347721584957201
210	0.740567738608539	0.34748675455119
211	0.740461382822357	0.34725303621512
212	0.740355516388581	0.347020419464025
213	0.740250134793921	0.346788893960531
214	0.740145233587519	0.346558449512102
215	0.740040808379802	0.346329076068349
216	0.73993685484136	0.346100763718398
217	0.739833368701848	0.345873502688321
218	0.739730345748916	0.345647283338627
219	0.739627781827159	0.345422096161804
220	0.739525672837094	0.345197931779925
221	0.739424014734156	0.344974780942305
222	0.739322803527723	0.344752634523208
223	0.739222035280158	0.344531483519606
224	0.739121706105868	0.344311319048994
225	0.739021812170397	0.344092132347244
226	0.738922349689524	0.343873914766515
227	0.738823314928387	0.343656657773203
228	0.738724704200632	0.34344035294594
229	0.73862651386757	0.343224991973634
230	0.738528740337357	0.34301056665355
231	0.738431380064192	0.342797068889442
232	0.738334429547535	0.342584490689708
233	0.738237885331331	0.342372824165604
234	0.738141744003263	0.342162061529482
235	0.738046002194016	0.341952195093071
236	0.737950656576549	0.341743217265793
237	0.737855703865398	0.341535120553117
238	0.737761140815979	0.341327897554945
239	0.73766696422391	0.341121540964032
240	0.737573170924353	0.340916043564439
241	0.737479757791359	0.340711398230018
242	0.737386721737236	0.340507597922932
243	0.737294059711924	0.340304635692198
244	0.737201768702385	0.340102504672265
245	0.737109845732002	0.339901198081621
246	0.737018287859999	0.339700709221427
247	0.736927092180861	0.339501031474179
248	0.736836255823772	0.339302158302394
249	0.736745775952067	0.33910408324733
250	0.736655649762687	0.338906799927722
251	0.736565874485651	0.338710302038551
252	0.736476447383535	0.338514583349833
253	0.736387365750965	0.338319637705434
254	0.736298626914114	0.338125459021907
255	0.736210228230215	0.337932041287352
256	0.736122167087081	0.337739378560298
257	0.73603444090263	0.337547464968609
258	0.735947047124426	0.33735629470841
259	0.735859983229228	0.33716586204303
260	0.73577324672254	0.33697616130197
261	0.735686835138179	0.336787186879891
262	0.735600746037845	0.336598933235618
263	0.735514977010703	0.336411394891163
264	0.735429525672968	0.336224566430773
265	0.735344389667507	0.336038442499984
266	0.735259566663434	0.335853017804706
267	0.735175054355726	0.335668287110313
268	0.735090850464842	0.335484245240763
269	0.735006952736344	0.335300887077719
270	0.734923358940529	0.335118207559702
271	0.734840066872072	0.334936201681246
272	0.734757074349667	0.334754864492077
273	0.734674379215678	0.334574191096307
274	0.734591979335802	0.334394176651635
275	0.734509872598727	0.334214816368573
276	0.734428056915805	0.334036105509677
277	0.734346530220731	0.333858039388797
278	0.734265290469216	0.333680613370342
279	0.734184335638685	0.33350382286855
280	0.734103663727963	0.333327663346779
281	0.734023272756974	0.33315213031681
282	0.733943160766447	0.332977219338156
283	0.733863325817624	0.332802926017393
284	0.733783765991975	0.33262924600749
285	0.733704479390912	0.332456175007167
286	0.733625464135521	0.332283708760246
287	0.733546718366282	0.332111843055031
288	0.733468240242808	0.331940573723683
289	0.733390027943583	0.331769896641619
290	0.733312079665699	0.331599807726912
291	0.733234393624608	0.331430302939707
292	0.73315696805387	0.331261378281641
293	0.733079801204911	0.331093029795281
294	0.733002891346778	0.330925253563567
295	0.732926236765908	0.330758045709261
296	0.732849835765889	0.330591402394412
297	0.732773686667238	0.330425319819827
298	0.73269778780717	0.330259794224548
299	0.73262213753938	0.330094821885346
300	0.732546734233826	0.329930399116211
301	0.732471576276511	0.329766522267864
302	0.732396662069277	0.329603187727266
303	0.732321990029598	0.329440391917143
304	0.732247558590371	0.329278131295513
305	0.732173366199721	0.329116402355224
306	0.732099411320803	0.328955201623501
307	0.732025692431605	0.328794525661493
308	0.731952208024761	0.328634371063839
309	0.731878956607362	0.328474734458227
310	0.731805936700769	0.328315612504977
311	0.731733146840435	0.328157001896611
312	0.731660585575724	0.327998899357451
313	0.731588251469733	0.327841301643201
314	0.731516143099124	0.327684205540558
315	0.731444259053949	0.327527607866813
316	0.731372597937482	0.327371505469463
317	0.731301158366058	0.327215895225832
318	0.731229938968905	0.327060774042698
319	0.731158938387988	0.326906138855917
320	0.73108815527785	0.326751986630068
321	0.731017588305454	0.326598314358088
322	0.730947236150036	0.326445119060923
323	0.730877097502948	0.326292397787181
324	0.730807171067515	0.326140147612793
325	0.730737455558888	0.32598836564067
326	0.730667949703896	0.325837049000378
327	0.73059865224091	0.32568619484781
328	0.730529561919702	0.325535800364867
329	0.730460677501306	0.325385862759137
330	0.730391997757884	0.325236379263587
331	0.730323521472592	0.325087347136258
332	0.730255247439453	0.324938763659959
333	0.73018717446322	0.324790626141972
334	0.730119301359254	0.324642931913758
335	0.7300516269534	0.324495678330671
336	0.729984150081859	0.324348862771667
337	0.729916869591067	0.324202482639032
338	0.729849784337578	0.3240565353581
339	0.729782893187944	0.323911018376984
340	0.729716195018597	0.323765929166308
341	0.729649688715736	0.323621265218939
342	0.729583373175215	0.323477024049734
343	0.729517247302428	0.323333203195277
344	0.729451310012201	0.32318980021363
345	0.729385560228686	0.323046812684084
346	0.729319996885249	0.322904238206911
347	0.729254618924369	0.322762074403123
348	0.729189425297534	0.322620318914238
349	0.729124414965137	0.322478969402038
350	0.729059586896374	0.322338023548343
351	0.72899494006915	0.322197479054778
352	0.728930473469973	0.322057333642554
353	0.728866186093866	0.32191758505224
354	0.728802076944266	0.321778231043547
355	0.72873814503293	0.321639269395114
356	0.728674389379848	0.321500697904291
357	0.728610809013143	0.321362514386934
358	0.728547402968989	0.321224716677195
359	0.728484170291517	0.321087302627321
360	0.728421110032731	0.320950270107449
361	0.728358221252418	0.320813617005411
362	0.728295503018065	0.320677341226538
363	0.728232954404775	0.320541440693466
364	0.728170574495183	0.320405913345947
365	0.728108362379376	0.320270757140663
366	0.72804631715481	0.320135970051035
367	0.727984437926233	0.320001550067047
368	0.727922723805603	0.319867495195065
369	0.727861173912013	0.319733803457654
370	0.727799787371617	0.319600472893412
371	0.727738563317548	0.319467501556788
372	0.727677500889851	0.319334887517917
373	0.727616599235403	0.31920262886245
374	0.727555857507845	0.319070723691391
375	0.72749527486751	0.318939170120928
376	0.72743485048135	0.318807966282274
377	0.72737458352287	0.31867711032151
378	0.727314473172055	0.318546600399424
379	0.727254518615306	0.318416434691359
380	0.727194719045372	0.318286611387055
381	0.727135073661283	0.318157128690504
382	0.727075581668286	0.318027984819797
383	0.72701624227778	0.317899178006976
384	0.726957054707252	0.317770706497893
385	0.726898018180216	0.317642568552061
386	0.72683913192615	0.317514762442517
387	0.726780395180434	0.31738728645568
388	0.726721807184293	0.317260138891213
389	0.726663367184733	0.317133318061887
390	0.726605074434486	0.317006822293448
391	0.72654692819195	0.316880649924482
392	0.726488927721131	0.316754799306288
393	0.72643107229159	0.316629268802741
394	0.726373361178383	0.316504056790173
395	0.726315793662008	0.316379161657241
396	0.72625836902835	0.316254581804806
397	0.726201086568628	0.316130315645807
398	0.726143945579342	0.316006361605142
399	0.726086945362217	0.315882718119546
400	0.726030085224156	0.315759383637477
401	0.725973364477188	0.315636356618993
402	0.725916782438414	0.31551363553564
403	0.725860338429961	0.315391218870339
404	0.725804031778929	0.315269105117271
405	0.725747861817349	0.315147292781767
406	0.725691827882125	0.315025780380197
407	0.725635929314995	0.314904566439863
408	0.725580165462481	0.314783649498892
409	0.725524535675842	0.31466302810613
410	0.725469039311027	0.314542700821034
411	0.725413675728635	0.314422666213574
412	0.725358444293864	0.314302922864127
413	0.725303344376471	0.31418346936338
414	0.725248375350727	0.314064304312226
415	0.725193536595373	0.313945426321669
416	0.725138827493581	0.313826834012724
417	0.725084247432906	0.313708526016324
418	0.725029795805249	0.313590500973223
419	0.724975472006815	0.313472757533904
420	0.724921275438071	0.313355294358484
421	0.724867205503708	0.313238110116624
422	0.7248132616126	0.313121203487439
423	0.724759443177763	0.313004573159406
424	0.724705749616321	0.31288821783028
425	0.724652180349463	0.312772136207003
426	0.724598734802409	0.312656327005619
427	0.724545412404368	0.312540788951189
428	0.724492212588507	0.312425520777706
429	0.724439134791908	0.312310521228013
430	0.724386178455537	0.31219578905372
431	0.724333343024205	0.312081323015121
432	0.724280627946537	0.311967121881118
433	0.724228032674931	0.311853184429135
434	0.724175556665528	0.311739509445046
435	0.724123199378177	0.311626095723093
436	0.724070960276401	0.311512942065812
437	0.724018838827361	0.311400047283954
438	0.72396683450183	0.311287410196413
439	0.723914946774153	0.31117502963015
440	0.723863175122219	0.31106290442012
441	0.723811519027427	0.310951033409201
442	0.723759977974657	0.31083941544812
443	0.723708551452237	0.310728049395382
444	0.723657238951911	0.310616934117204
445	0.723606039968813	0.310506068487441
446	0.723554954001432	0.310395451387519
447	0.723503980551584	0.310285081706368
448	0.723453119124385	0.310174958340355
449	0.723402369228219	0.310065080193217
450	0.723351730374708	0.309955446175996
451	0.723301202078688	0.309846055206974
452	0.723250783858177	0.309736906211608
453	0.723200475234349	0.30962799812247
454	0.723150275731506	0.309519329879179
455	0.72310018487705	0.309410900428345
456	0.723050202201456	0.309302708723501
457	0.723000327238249	0.309194753725051
458	0.722950559523973	0.309087034400201
459	0.722900898598165	0.308979549722905
460	0.722851344003332	0.308872298673806
461	0.722801895284927	0.308765280240177
462	0.722752551991316	0.308658493415864
463	0.722703313673762	0.308551937201227
464	0.722654179886394	0.308445610603087
465	0.722605150186187	0.308339512634672
466	0.722556224132933	0.308233642315554
467	0.722507401289222	0.308127998671604
468	0.722458681220415	0.308022580734933
469	0.722410063494622	0.30791738754384
470	0.722361547682679	0.307812418142759
471	0.722313133358122	0.307707671582207
472	0.722264820097171	0.307603146918732
473	0.722216607478699	0.307498843214865
474	0.722168495084217	0.307394759539065
475	0.722120482497848	0.307290894965672
476	0.722072569306307	0.307187248574856
477	0.722024755098879	0.307083819452571
478	0.721977039467396	0.306980606690502
479	0.721929422006219	0.306877609386022
480	0.721881902312215	0.30677482664214
481	0.721834479984736	0.306672257567459
482	0.721787154625602	0.306569901276126
483	0.721739925839076	0.306467756887785
484	0.721692793231847	0.306365823527537
485	0.721645756413009	0.30626410032589
486	0.721598814994042	0.306162586418717
487	0.721551968588793	0.306061280947211
488	0.721505216813454	0.30596018305784
489	0.721458559286548	0.305859291902307
490	0.721411995628905	0.305758606637506
491	0.721365525463646	0.305658126425479
492	0.721319148416166	0.305557850433374
493	0.721272864114112	0.305457777833405
494	0.721226672187366	0.30535790780281
495	0.721180572268031	0.305258239523809
496	0.721134563990407	0.305158772183568
497	0.721088646990978	0.305059504974155
498	0.721042820908394	0.304960437092502
499	0.720997085383452	0.304861567740367
500	0.720951440059079	0.304762896124295
501	0.720905884580319	0.304664421455579
502	0.720860418594311	0.304566142950221
503	0.720815041750277	0.304468059828899
504	0.7207697536995	0.304370171316925
505	0.720724554095315	0.304272476644211
506	0.720679442593088	0.304174975045233
507	0.720634418850201	0.304077665758992
508	0.720589482526038	0.303980548028983
509	0.720544633281966	0.303883621103153
510	0.720499870781323	0.303786884233876
511	0.720455194689401	0.303690336677907
512	0.720410604673432	0.303593977696356
513	0.720366100402571	0.303497806554652
514	0.720321681547884	0.303401822522506
515	0.720277347782329	0.303306024873884
516	0.720233098780748	0.303210412886968
517	0.720188934219846	0.303114985844127
518	0.72014485377818	0.303019743031883
519	0.720100857136145	0.30292468374088
520	0.720056943975958	0.302829807265852
521	0.720013113981646	0.302735112905591
522	0.719969366839033	0.302640599962917
523	0.719925702235724	0.302546267744647
524	0.719882119861091	0.302452115561562
525	0.719838619406265	0.302358142728382
526	0.719795200564116	0.30226434856373
527	0.719751863029244	0.302170732390108
528	0.719708606497965	0.302077293533862
529	0.719665430668296	0.30198403132516
530	0.719622335239949	0.301890945097955
531	0.719579319914309	0.301798034189963
532	0.719536384394428	0.301705297942632
533	0.719493528385012	0.301612735701113
534	0.719450751592406	0.301520346814235
535	0.719408053724584	0.301428130634476
536	0.719365434491136	0.301336086517935
537	0.719322893603256	0.301244213824306
538	0.719280430773732	0.301152511916851
539	0.719238045716933	0.301060980162376
540	0.719195738148794	0.300969617931199
541	0.719153507786812	0.300878424597129
542	0.719111354350028	0.30078739953744
543	0.719069277559019	0.300696542132843
544	0.719027277135885	0.300605851767461
545	0.718985352804239	0.300515327828807
546	0.718943504289198	0.300424969707755
547	0.718901731317366	0.300334776798519
548	0.71886003361683	0.300244748498627
549	0.718818410917146	0.300154884208896
550	0.718776862949328	0.300065183333411
551	0.71873538944584	0.299975645279497
552	0.718693990140583	0.299886269457699
553	0.718652664768884	0.299797055281759
554	0.718611413067491	0.299708002168589
555	0.718570234774556	0.299619109538252
556	0.718529129629631	0.299530376813939
557	0.718488097373652	0.299441803421943
558	0.718447137748937	0.299353388791643
559	0.718406250499168	0.299265132355475
560	0.718365435369387	0.299177033548914
561	0.718324692105982	0.299089091810454
562	0.718284020456683	0.299001306581582
563	0.718243420170549	0.298913677306761
564	0.718202890997956	0.298826203433404
565	0.718162432690595	0.298738884411858
566	0.718122045001456	0.298651719695383
567	0.718081727684822	0.298564708740127
568	0.718041480496262	0.29847785100511
569	0.718001303192615	0.298391145952201
570	0.717961195531991	0.2983045930461
571	0.717921157273753	0.298218191754319
572	0.717881188178513	0.298131941547158
573	0.717841288008125	0.298045841897691
574	0.717801456525671	0.297959892281743
575	0.717761693495458	0.29787409217787
576	0.717721998683005	0.297788441067345
577	0.717682371855039	0.297702938434135
578	0.717642812779482	0.297617583764883
579	0.717603321225449	0.29753237654889
580	0.717563896963232	0.297447316278097
581	0.717524539764299	0.297362402447068
582	0.717485249401282	0.297277634552967
583	0.717446025647971	0.297193012095547
584	0.717406868279304	0.297108534577127
585	0.717367777071363	0.297024201502578
586	0.717328751801361	0.296940012379302
587	0.717289792247639	0.296855966717218
588	0.717250898189657	0.296772064028743
589	0.717212069407985	0.296688303828777
590	0.717173305684296	0.296604685634684
591	0.717134606801361	0.296521208966275
592	0.717095972543038	0.296437873345794
593	0.717057402694269	0.2963546782979
594	0.717018897041068	0.296271623349651
595	0.716980455370517	0.296188708030487
596	0.716942077470759	0.296105931872218
597	0.716903763130989	0.296023294409
598	0.716865512141448	0.295940795177328
599	0.716827324293417	0.295858433716016
600	0.716789199379209	0.295776209566181
601	0.716751137192162	0.295694122271231
602	0.716713137526633	0.295612171376846
603	0.716675200177991	0.295530356430965
604	0.716637324942612	0.295448676983771
605	0.716599511617867	0.295367132587675
606	0.716561760002124	0.295285722797305
607	0.716524069894732	0.295204447169485
608	0.716486441096023	0.295123305263226
609	0.7164488734073	0.295042296639709
610	0.716411366630835	0.294961420862271
611	0.716373920569856	0.294880677496395
612	0.71633653502855	0.294800066109687
613	0.71629920981205	0.294719586271872
614	0.716261944726429	0.294639237554773
615	0.716224739578698	0.294559019532301
616	0.716187594176798	0.294478931780442
617	0.716150508329593	0.294398973877239
618	0.716113481846864	0.294319145402785
619	0.716076514539306	0.294239445939206
620	0.716039606218518	0.294159875070645
621	0.716002756697001	0.294080432383257
622	0.71596596578815	0.294001117465189
623	0.71592923330625	0.293921929906572
624	0.715892559066466	0.293842869299502
625	0.715855942884845	0.293763935238035
626	0.715819384578302	0.29368512731817
627	0.715782883964623	0.293606445137837
628	0.715746440862451	0.293527888296887
629	0.715710055091288	0.293449456397075
630	0.715673726471483	0.293371149042054
631	0.715637454824234	0.293292965837358
632	0.715601239971574	0.293214906390392
633	0.715565081736375	0.293136970310423
634	0.715528979942335	0.293059157208562
635	0.715492934413977	0.292981466697758
636	0.715456944976643	0.292903898392782
637	0.715421011456489	0.292826451910222
638	0.71538513368048	0.292749126868463
639	0.715349311476383	0.292671922887683
640	0.715313544672766	0.292594839589839
641	0.715277833098989	0.292517876598654
642	0.715242176585202	0.292441033539609
643	0.715206574962338	0.292364310039933
644	0.715171028062111	0.292287705728587
645	0.715135535717006	0.292211220236259
646	0.715100097760282	0.292134853195348
647	0.71506471402596	0.29205860423996
648	0.715029384348821	0.291982473005889
649	0.714994108564404	0.291906459130615
650	0.714958886508997	0.291830562253288
651	0.714923718019635	0.291754782014721
652	0.714888602934095	0.291679118057378
653	0.714853541090891	0.291603570025362
654	0.71481853232927	0.29152813756441
655	0.714783576489209	0.29145282032188
656	0.714748673411406	0.291377617946741
657	0.714713822937281	0.291302530089563
658	0.714679024908968	0.291227556402509
659	0.714644279169315	0.291152696539323
660	0.714609585561872	0.291077950155323
661	0.714574943930895	0.291003316907389
662	0.714540354121338	0.290928796453957
663	0.714505815978849	0.290854388455003
664	0.714471329349764	0.290780092572042
665	0.714436894081107	0.290705908468114
666	0.714402510020583	0.290631835807774
667	0.714368177016577	0.290557874257086
668	0.714333894918143	0.290484023483612
669	0.71429966357501	0.290410283156404
670	0.714265482837568	0.290336652945995
671	0.714231352556873	0.290263132524389
672	0.714197272584636	0.290189721565053
673	0.714163242773223	0.290116419742909
674	0.714129262975651	0.290043226734325
675	0.714095333045582	0.289970142217105
676	0.714061452837322	0.289897165870484
677	0.714027622205815	0.289824297375116
678	0.71399384100664	0.289751536413065
679	0.713960109096007	0.289678882667802
680	0.713926426330756	0.289606335824192
681	0.713892792568348	0.289533895568486
682	0.713859207666866	0.289461561588315
683	0.713825671485009	0.289389333572681
684	0.713792183882092	0.28931721121195
685	0.713758744718035	0.289245194197841
686	0.713725353853369	0.289173282223421
687	0.713692011149223	0.289101474983096
688	0.713658716467329	0.289029772172604
689	0.713625469670014	0.288958173489007
690	0.713592270620195	0.288886678630682
691	0.713559119181381	0.288815287297315
692	0.713526015217664	0.288743999189893
693	0.71349295859372	0.288672814010696
694	0.713459949174802	0.288601731463291
695	0.713426986826741	0.288530751252522
696	0.713394071415939	0.288459873084505
697	0.713361202809367	0.28838909666662
698	0.713328380874562	0.288318421707504
699	0.713295605479622	0.288247847917043
700	0.713262876493208	0.288177375006365
701	0.713230193784533	0.288107002687834
702	0.713197557223367	0.288036730675041
703	0.713164966680026	0.287966558682801
704	0.713132422025378	0.28789648642714
705	0.713099923130829	0.287826513625294
706	0.71306746986833	0.287756639995697
707	0.713035062110369	0.28768686525798
708	0.713002699729966	0.287617189132958
709	0.712970382600676	0.287547611342628
710	0.712938110596581	0.287478131610161
711	0.71290588359229	0.287408749659894
712	0.712873701462933	0.287339465217325
713	0.712841564084161	0.287270278009107
714	0.712809471332143	0.287201187763038
715	0.712777423083561	0.287132194208061
716	0.712745419215609	0.287063297074251
717	0.712713459605988	0.286994496092812
718	0.712681544132907	0.28692579099607
719	0.712649672675076	0.286857181517468
720	0.712617845111706	0.286788667391559
721	0.712586061322506	0.286720248353997
722	0.712554321187678	0.286651924141536
723	0.712522624587919	0.28658369449202
724	0.712490971404411	0.286515559144381
725	0.712459361518826	0.286447517838627
726	0.712427794813318	0.286379570315841
727	0.712396271170524	0.286311716318174
728	0.712364790473557	0.286243955588838
729	0.71233335260601	0.286176287872101
730	0.712301957451946	0.286108712913281
731	0.7122706048959	0.286041230458742
732	0.712239294822876	0.285973840255883
733	0.712208027118342	0.28590654205314
734	0.712176801668232	0.285839335599975
735	0.71214561835894	0.285772220646869
736	0.712114477077316	0.285705196945324
737	0.712083377710668	0.285638264247849
738	0.712052320146758	0.285571422307961
739	0.712021304273796	0.285504670880173
740	0.711990329980445	0.285438009719997
741	0.71195939715581	0.28537143858393
742	0.711928505689441	0.285304957229456
743	0.711897655471332	0.285238565415036
744	0.711866846391911	0.285172262900103
745	0.711836078342048	0.285106049445059
746	0.711805351213044	0.28503992481127
747	0.711774664896632	0.284973888761057
748	0.711744019284978	0.284907941057696
749	0.711713414270672	0.284842081465408
750	0.71168284974673	0.284776309749359
751	0.711652325606593	0.28471062567565
752	0.711621841744121	0.284645029011315
753	0.711591398053592	0.284579519524317
754	0.711560994429702	0.284514096983539
755	0.711530630767561	0.284448761158783
756	0.711500306962689	0.284383511820764
757	0.711470022911019	0.284318348741103
758	0.711439778508889	0.284253271692327
759	0.711409573653043	0.284188280447859
760	0.71137940824063	0.284123374782018
761	0.7113492821692	0.284058554470008
762	0.7113191953367	0.283993819287922
763	0.711289147641476	0.28392916901273
764	0.71125913898227	0.283864603422277
765	0.711229169258214	0.28380012229528
766	0.711199238368836	0.28373572541132
767	0.711169346214047	0.28367141255084
768	0.71113949269415	0.283607183495142
769	0.711109677709831	0.283543038026377
770	0.711079901162157	0.283478975927548
771	0.711050162952581	0.283414996982498
772	0.71102046298293	0.283351100975911
773	0.710990801155411	0.283287287693306
774	0.710961177372605	0.283223556921033
775	0.710931591537469	0.283159908446267
776	0.710902043553327	0.283096342057006
777	0.710872533323875	0.283032857542067
778	0.710843060753178	0.282969454691078
779	0.710813625745663	0.282906133294479
780	0.710784228206125	0.282842893143515
781	0.710754868039717	0.282779734030229
782	0.710725545151956	0.282716655747466
783	0.710696259448714	0.282653658088861
784	0.710667010836223	0.282590740848839
785	0.710637799221066	0.28252790382261
786	0.710608624510182	0.282465146806163
787	0.71057948661086	0.282402469596269
788	0.710550385430737	0.282339871990466
789	0.710521320877801	0.282277353787066
790	0.710492292860384	0.282214914785143
791	0.710463301287161	0.282152554784535
792	0.710434346067151	0.282090273585835
793	0.710405427109714	0.282028070990393
794	0.710376544324548	0.281965946800306
795	0.710347697621689	0.281903900818418
796	0.710318886911508	0.281841932848317
797	0.710290112104711	0.281780042694328
798	0.710261373112336	0.28171823016151
799	0.710232669845752	0.281656495055657
800	0.710204002216655	0.281594837183288
801	0.710175370137071	0.281533256351646
802	0.71014677351935	0.281471752368695
803	0.710118212276168	0.281410325043116
804	0.710089686320523	0.281348974184304
805	0.710061195565732	0.281287699602363
806	0.710032739925433	0.281226501108102
807	0.710004319313584	0.281165378513035
808	0.709975933644455	0.281104331629373
809	0.709947582832634	0.281043360270026
810	0.709919266793021	0.280982464248593
811	0.709890985440827	0.280921643379363
812	0.709862738691574	0.280860897477312
813	0.709834526461094	0.280800226358097
814	0.709806348665523	0.280739629838053
815	0.709778205221305	0.280679107734192
816	0.709750096045187	0.280618659864199
817	0.70972202105422	0.280558286046425
818	0.709693980165755	0.280497986099888
819	0.709665973297443	0.28043775984427
820	0.709638000367233	0.28037760709991
821	0.709610061293371	0.280317527687805
822	0.7095821559944	0.280257521429602
823	0.709554284389154	0.2801975881476
824	0.709526446396763	0.280137727664743
825	0.709498641936644	0.28007793980462
826	0.709470870928509	0.280018224391458
827	0.709443133292354	0.279958581250124
828	0.709415428948463	0.279899010206115
829	0.709387757817408	0.279839511085564
830	0.709360119820042	0.279780083715226
831	0.709332514877502	0.279720727922487
832	0.709304942911209	0.279661443535351
833	0.70927740384286	0.279602230382442
834	0.709249897594435	0.279543088293
835	0.709222424088188	0.279484017096877
836	0.709194983246652	0.279425016624538
837	0.709167574992633	0.279366086707052
838	0.709140199249211	0.279307227176094
839	0.70911285593974	0.279248437863939
840	0.709085544987844	0.279189718603463
841	0.709058266317416	0.279131069228135
842	0.709031019852617	0.279072489572018
843	0.709003805517879	0.279013979469766
844	0.708976623237895	0.278955538756618
845	0.708949472937625	0.2788971672684
846	0.708922354542295	0.278838864841518
847	0.708895267977389	0.278780631312958
848	0.708868213168654	0.27872246652028
849	0.708841190042096	0.278664370301622
850	0.708814198523983	0.278606342495687
851	0.708787238540835	0.278548382941752
852	0.708760310019432	0.278490491479655
853	0.708733412886807	0.278432667949799
854	0.708706547070249	0.278374912193147
855	0.708679712497298	0.27831722405122
856	0.708652909095746	0.278259603366092
857	0.708626136793634	0.278202049980391
858	0.708599395519255	0.278144563737295
859	0.708572685201147	0.278087144480529
860	0.708546005768097	0.278029792054361
861	0.708519357149137	0.277972506303605
862	0.708492739273543	0.27791528707361
863	0.708466152070834	0.277858134210267
864	0.708439595470774	0.277801047559997
865	0.708413069403366	0.277744026969757
866	0.708386573798854	0.277687072287031
867	0.708360108587719	0.277630183359832
868	0.708333673700684	0.277573360036697
869	0.708307269068705	0.277516602166687
870	0.708280894622976	0.277459909599381
871	0.708254550294925	0.277403282184877
872	0.708228236016213	0.277346719773788
873	0.708201951718734	0.27729022221724
874	0.708175697334614	0.277233789366868
875	0.70814947279621	0.277177421074819
876	0.708123278036107	0.277121117193743
877	0.708097112987119	0.277064877576793
878	0.708070977582287	0.277008702077627
879	0.708044871754879	0.276952590550398
880	0.708018795438388	0.276896542849759
881	0.707992748566531	0.276840558830855
882	0.707966731073249	0.276784638349325
883	0.707940742892704	0.276728781261298
884	0.707914783959281	0.276672987423389
885	0.707888854207584	0.276617256692702
886	0.707862953572436	0.276561588926822
887	0.70783708198888	0.276505983983816
888	0.707811239392175	0.276450441722229
889	0.707785425717796	0.276394962001085
890	0.707759640901436	0.276339544679881
891	0.707733884878999	0.276284189618589
892	0.707708157586605	0.276228896677649
893	0.707682458960584	0.276173665717971
894	0.707656788937482	0.27611849660093
895	0.707631147454051	0.276063389188368
896	0.707605534447255	0.276008343342586
897	0.707579949854266	0.275953358926348
898	0.707554393612466	0.275898435802874
899	0.707528865659441	0.275843573835841
900	0.707503365932984	0.27578877288938
901	0.707477894371095	0.275734032828074
902	0.707452450911976	0.275679353516956
903	0.707427035494033	0.275624734821507
904	0.707401648055874	0.275570176607654
905	0.707376288536311	0.275515678741769
906	0.707350956874353	0.275461241090665
907	0.707325653009212	0.275406863521596
908	0.707300376880297	0.275352545902253
909	0.707275128427216	0.275298288100764
910	0.707249907589773	0.275244089985693
911	0.707224714307971	0.275189951426034
912	0.707199548522005	0.275135872291213
913	0.707174410172266	0.275081852451084
914	0.707149299199341	0.275027891775929
915	0.707124215544007	0.274973990136453
916	0.707099159147235	0.274920147403787
917	0.707074129950185	0.274866363449481
918	0.707049127894211	0.274812638145505
919	0.707024152920853	0.274758971364246
920	0.706999204971842	0.274705362978509
921	0.706974283989097	0.27465181286151
922	0.706949389914723	0.27459832088688
923	0.706924522691012	0.274544886928658
924	0.706899682260442	0.274491510861295
925	0.706874868565675	0.274438192559644
926	0.706850081549559	0.274384931898968
927	0.706825321155122	0.274331728754929
928	0.706800587325576	0.274278583003595
929	0.706775880004316	0.274225494521432
930	0.706751199134916	0.274172463185302
931	0.706726544661131	0.274119488872466
932	0.706701916526895	0.27406657146058
933	0.706677314676321	0.274013710827692
934	0.706652739053699	0.273960906852242
935	0.706628189603497	0.27390815941306
936	0.706603666270358	0.273855468389362
937	0.706579168999103	0.273802833660753
938	0.706554697734726	0.273750255107222
939	0.706530252422394	0.27369773260914
940	0.706505833007451	0.273645266047262
941	0.706481439435409	0.27359285530272
942	0.706457071651956	0.273540500257025
943	0.706432729602949	0.273488200792067
944	0.706408413234415	0.273435956790109
945	0.706384122492554	0.273383768133786
946	0.70635985732373	0.273331634706109
947	0.70633561767448	0.273279556390455
948	0.706311403491505	0.273227533070574
949	0.706287214721676	0.27317556463058
950	0.706263051312028	0.273123650954953
951	0.706238913209763	0.273071791928539
952	0.706214800362246	0.273019987436545
953	0.706190712717008	0.27296823736454
954	0.706166650221742	0.272916541598452
955	0.706142612824305	0.272864900024568
956	0.706118600472716	0.272813312529529
957	0.706094613115155	0.272761779000334
958	0.706070650699962	0.272710299324335
959	0.706046713175639	0.272658873389235
960	0.706022800490846	0.272607501083089
961	0.705998912594401	0.2725561822943
962	0.705975049435283	0.27250491691162
963	0.705951210962626	0.272453704824145
964	0.705927397125722	0.27240254592132
965	0.705903607874018	0.272351440092929
966	0.705879843157118	0.2723003872291
967	0.70585610292478	0.272249387220303
968	0.705832387126916	0.272198439957345
969	0.705808695713594	0.272147545331371
970	0.70578502863503	0.272096703233865
971	0.705761385841598	0.272045913556642
972	0.705737767283821	0.271995176191854
973	0.705714172912373	0.271944491031983
974	0.705690602678078	0.271893857969844
975	0.705667056531913	0.27184327689858
976	0.705643534425001	0.271792747711663
977	0.705620036308614	0.271742270302891
978	0.705596562134175	0.271691844566389
979	0.70557311185325	0.271641470396605
980	0.705549685417557	0.27159114768831
981	0.705526282778956	0.271540876336597
982	0.705502903889454	0.271490656236879
983	0.705479548701205	0.271440487284888
984	0.705456217166506	0.271390369376674
985	0.705432909237797	0.271340302408603
986	0.705409624867662	0.271290286277356
987	0.70538636400883	0.271240320879927
988	0.705363126614168	0.271190406113625
989	0.70533991263669	0.271140541876069
990	0.705316722029545	0.271090728065187
991	0.705293554746029	0.271040964579216
992	0.705270410739572	0.270991251316702
993	0.705247289963747	0.270941588176496
994	0.705224192372264	0.270891975057755
995	0.705201117918974	0.27084241185994
996	0.705178066557863	0.270792898482812
997	0.705155038243055	0.270743434826437
998	0.705132032928811	0.270694020791178
999	0.705109050569528	0.2706446562777
1000	0.705086091119737	0.270595341186964
1001	0.705063154534108	0.270546075420228
