0	-0.0731808324889264
0.00100066711140761	-0.0731808324889264
0.00200133422281521	-0.0731808324889264
0.00300200133422282	-0.0731808324889264
0.00400266844563042	-0.0731808324889264
0.00500333555703803	-0.0731808324889264
0.00600400266844563	-0.0731808324889263
0.00700466977985324	-0.0731808324889263
0.00800533689126084	-0.0731808324889263
0.00900600400266845	-0.0731808324889263
0.0100066711140761	-0.0731808324889263
0.0110073382254837	-0.0731808324889263
0.0120080053368913	-0.0731808324889263
0.0130086724482989	-0.0731808324889263
0.0140093395597065	-0.0731808324889263
0.0150100066711141	-0.0731808324889263
0.0160106737825217	-0.0731808324889262
0.0170113408939293	-0.0731808324889262
0.0180120080053369	-0.0731808324889262
0.0190126751167445	-0.0731808324889262
0.0200133422281521	-0.0731808324889262
0.0210140093395597	-0.0731808324889262
0.0220146764509673	-0.0731808324889262
0.0230153435623749	-0.0731808324889262
0.0240160106737825	-0.0731808324889262
0.0250166777851901	-0.0731808324889261
0.0260173448965977	-0.0731808324889261
0.0270180120080053	-0.0731808324889261
0.0280186791194129	-0.0731808324889261
0.0290193462308205	-0.0731808324889261
0.0300200133422282	-0.0731808324889261
0.0310206804536358	-0.073180832488926
0.0320213475650434	-0.073180832488926
0.033022014676451	-0.073180832488926
0.0340226817878586	-0.073180832488926
0.0350233488992662	-0.0731808324889259
0.0360240160106738	-0.0731808324889259
0.0370246831220814	-0.0731808324889259
0.038025350233489	-0.0731808324889259
0.0390260173448966	-0.0731808324889258
0.0400266844563042	-0.0731808324889258
0.0410273515677118	-0.0731808324889258
0.0420280186791194	-0.0731808324889258
0.043028685790527	-0.0731808324889257
0.0440293529019346	-0.0731808324889257
0.0450300200133422	-0.0731808324889257
0.0460306871247498	-0.0731808324889256
0.0470313542361574	-0.0731808324889256
0.048032021347565	-0.0731808324889256
0.0490326884589726	-0.0731808324889255
0.0500333555703803	-0.0731808324889255
0.0510340226817879	-0.0731808324889254
0.0520346897931955	-0.0731808324889254
0.0530353569046031	-0.0731808324889253
0.0540360240160107	-0.0731808324889253
0.0550366911274183	-0.0731808324889252
0.0560373582388259	-0.0731808324889252
0.0570380253502335	-0.0731808324889251
0.0580386924616411	-0.0731808324889251
0.0590393595730487	-0.073180832488925
0.0600400266844563	-0.073180832488925
0.0610406937958639	-0.0731808324889249
0.0620413609072715	-0.0731808324889248
0.0630420280186791	-0.0731808324889248
0.0640426951300867	-0.0731808324889247
0.0650433622414943	-0.0731808324889246
0.0660440293529019	-0.0731808324889246
0.0670446964643095	-0.0731808324889245
0.0680453635757171	-0.0731808324889244
0.0690460306871248	-0.0731808324889243
0.0700466977985324	-0.0731808324889242
0.07104736490994	-0.0731808324889241
0.0720480320213476	-0.073180832488924
0.0730486991327552	-0.0731808324889239
0.0740493662441628	-0.0731808324889238
0.0750500333555704	-0.0731808324889237
0.076050700466978	-0.0731808324889236
0.0770513675783856	-0.0731808324889235
0.0780520346897932	-0.0731808324889234
0.0790527018012008	-0.0731808324889233
0.0800533689126084	-0.0731808324889231
0.081054036024016	-0.073180832488923
0.0820547031354236	-0.0731808324889229
0.0830553702468312	-0.0731808324889227
0.0840560373582388	-0.0731808324889226
0.0850567044696464	-0.0731808324889224
0.086057371581054	-0.0731808324889223
0.0870580386924616	-0.0731808324889221
0.0880587058038692	-0.0731808324889219
0.0890593729152769	-0.0731808324889217
0.0900600400266845	-0.0731808324889215
0.0910607071380921	-0.0731808324889213
0.0920613742494997	-0.0731808324889211
0.0930620413609073	-0.0731808324889209
0.0940627084723149	-0.0731808324889207
0.0950633755837225	-0.0731808324889205
0.0960640426951301	-0.0731808324889202
0.0970647098065377	-0.07318083248892
0.0980653769179453	-0.0731808324889197
0.0990660440293529	-0.0731808324889194
0.100066711140761	-0.0731808324889192
0.101067378252168	-0.0731808324889189
0.102068045363576	-0.0731808324889186
0.103068712474983	-0.0731808324889183
0.104069379586391	-0.0731808324889179
0.105070046697799	-0.0731808324889176
0.106070713809206	-0.0731808324889172
0.107071380920614	-0.0731808324889169
0.108072048032021	-0.0731808324889165
0.109072715143429	-0.0731808324889161
0.110073382254837	-0.0731808324889157
0.111074049366244	-0.0731808324889153
0.112074716477652	-0.0731808324889148
0.113075383589059	-0.0731808324889144
0.114076050700467	-0.0731808324889139
0.115076717811875	-0.0731808324889134
0.116077384923282	-0.0731808324889129
0.11707805203469	-0.0731808324889123
0.118078719146097	-0.0731808324889118
0.119079386257505	-0.0731808324889112
0.120080053368913	-0.0731808324889106
0.12108072048032	-0.0731808324889099
0.122081387591728	-0.0731808324889093
0.123082054703135	-0.0731808324889086
0.124082721814543	-0.0731808324889079
0.125083388925951	-0.0731808324889072
0.126084056037358	-0.0731808324889064
0.127084723148766	-0.0731808324889056
0.128085390260173	-0.0731808324889048
0.129086057371581	-0.0731808324889039
0.130086724482989	-0.073180832488903
0.131087391594396	-0.0731808324889021
0.132088058705804	-0.0731808324889011
0.133088725817211	-0.0731808324889001
0.134089392928619	-0.0731808324888991
0.135090060040027	-0.073180832488898
0.136090727151434	-0.0731808324888969
0.137091394262842	-0.0731808324888957
0.13809206137425	-0.0731808324888945
0.139092728485657	-0.0731808324888932
0.140093395597065	-0.0731808324888919
0.141094062708472	-0.0731808324888905
0.14209472981988	-0.0731808324888891
0.143095396931288	-0.0731808324888876
0.144096064042695	-0.0731808324888861
0.145096731154103	-0.0731808324888845
0.14609739826551	-0.0731808324888829
0.147098065376918	-0.0731808324888811
0.148098732488326	-0.0731808324888793
0.149099399599733	-0.0731808324888775
0.150100066711141	-0.0731808324888755
0.151100733822548	-0.0731808324888735
0.152101400933956	-0.0731808324888714
0.153102068045364	-0.0731808324888693
0.154102735156771	-0.073180832488867
0.155103402268179	-0.0731808324888647
0.156104069379586	-0.0731808324888622
0.157104736490994	-0.0731808324888597
0.158105403602402	-0.073180832488857
0.159106070713809	-0.0731808324888543
0.160106737825217	-0.0731808324888514
0.161107404936624	-0.0731808324888485
0.162108072048032	-0.0731808324888454
0.16310873915944	-0.0731808324888422
0.164109406270847	-0.0731808324888389
0.165110073382255	-0.0731808324888354
0.166110740493662	-0.0731808324888318
0.16711140760507	-0.0731808324888281
0.168112074716478	-0.0731808324888242
0.169112741827885	-0.0731808324888202
0.170113408939293	-0.073180832488816
0.1711140760507	-0.0731808324888116
0.172114743162108	-0.0731808324888071
0.173115410273516	-0.0731808324888023
0.174116077384923	-0.0731808324887974
0.175116744496331	-0.0731808324887924
0.176117411607738	-0.0731808324887871
0.177118078719146	-0.0731808324887816
0.178118745830554	-0.0731808324887758
0.179119412941961	-0.0731808324887699
0.180120080053369	-0.0731808324887637
0.181120747164777	-0.0731808324887573
0.182121414276184	-0.0731808324887506
0.183122081387592	-0.0731808324887437
0.184122748498999	-0.0731808324887365
0.185123415610407	-0.073180832488729
0.186124082721815	-0.0731808324887212
0.187124749833222	-0.0731808324887131
0.18812541694463	-0.0731808324887046
0.189126084056037	-0.0731808324886959
0.190126751167445	-0.0731808324886868
0.191127418278853	-0.0731808324886773
0.19212808539026	-0.0731808324886675
0.193128752501668	-0.0731808324886573
0.194129419613075	-0.0731808324886467
0.195130086724483	-0.0731808324886356
0.196130753835891	-0.0731808324886241
0.197131420947298	-0.0731808324886122
0.198132088058706	-0.0731808324885998
0.199132755170113	-0.0731808324885869
0.200133422281521	-0.0731808324885735
0.201134089392929	-0.0731808324885596
0.202134756504336	-0.0731808324885451
0.203135423615744	-0.0731808324885301
0.204136090727151	-0.0731808324885144
0.205136757838559	-0.0731808324884982
0.206137424949967	-0.0731808324884813
0.207138092061374	-0.0731808324884637
0.208138759172782	-0.0731808324884455
0.209139426284189	-0.0731808324884265
0.210140093395597	-0.0731808324884067
0.211140760507005	-0.0731808324883862
0.212141427618412	-0.0731808324883649
0.21314209472982	-0.0731808324883428
0.214142761841227	-0.0731808324883197
0.215143428952635	-0.0731808324882958
0.216144096064043	-0.0731808324882709
0.21714476317545	-0.073180832488245
0.218145430286858	-0.0731808324882181
0.219146097398266	-0.0731808324881902
0.220146764509673	-0.0731808324881612
0.221147431621081	-0.073180832488131
0.222148098732488	-0.0731808324880996
0.223148765843896	-0.0731808324880669
0.224149432955304	-0.073180832488033
0.225150100066711	-0.0731808324879978
0.226150767178119	-0.0731808324879611
0.227151434289526	-0.0731808324879231
0.228152101400934	-0.0731808324878835
0.229152768512342	-0.0731808324878423
0.230153435623749	-0.0731808324877995
0.231154102735157	-0.0731808324877551
0.232154769846564	-0.0731808324877089
0.233155436957972	-0.0731808324876608
0.23415610406938	-0.0731808324876109
0.235156771180787	-0.073180832487559
0.236157438292195	-0.073180832487505
0.237158105403602	-0.073180832487449
0.23815877251501	-0.0731808324873907
0.239159439626418	-0.0731808324873301
0.240160106737825	-0.0731808324872671
0.241160773849233	-0.0731808324872016
0.24216144096064	-0.0731808324871336
0.243162108072048	-0.0731808324870628
0.244162775183456	-0.0731808324869893
0.245163442294863	-0.0731808324869129
0.246164109406271	-0.0731808324868334
0.247164776517678	-0.0731808324867508
0.248165443629086	-0.073180832486665
0.249166110740494	-0.0731808324865758
0.250166777851901	-0.073180832486483
0.251167444963309	-0.0731808324863867
0.252168112074716	-0.0731808324862865
0.253168779186124	-0.0731808324861823
0.254169446297532	-0.073180832486074
0.255170113408939	-0.0731808324859615
0.256170780520347	-0.0731808324858445
0.257171447631754	-0.0731808324857229
0.258172114743162	-0.0731808324855965
0.25917278185457	-0.0731808324854652
0.260173448965977	-0.0731808324853286
0.261174116077385	-0.0731808324851867
0.262174783188793	-0.0731808324850391
0.2631754503002	-0.0731808324848858
0.264176117411608	-0.0731808324847263
0.265176784523015	-0.0731808324845606
0.266177451634423	-0.0731808324843884
0.267178118745831	-0.0731808324842094
0.268178785857238	-0.0731808324840233
0.269179452968646	-0.0731808324838298
0.270180120080053	-0.0731808324836287
0.271180787191461	-0.0731808324834197
0.272181454302869	-0.0731808324832025
0.273182121414276	-0.0731808324829766
0.274182788525684	-0.0731808324827419
0.275183455637091	-0.0731808324824979
0.276184122748499	-0.0731808324822443
0.277184789859907	-0.0731808324819807
0.278185456971314	-0.0731808324817066
0.279186124082722	-0.0731808324814218
0.280186791194129	-0.0731808324811257
0.281187458305537	-0.073180832480818
0.282188125416945	-0.0731808324804981
0.283188792528352	-0.0731808324801656
0.28418945963976	-0.0731808324798199
0.285190126751167	-0.0731808324794607
0.286190793862575	-0.0731808324790872
0.287191460973983	-0.073180832478699
0.28819212808539	-0.0731808324782955
0.289192795196798	-0.0731808324778761
0.290193462308205	-0.0731808324774402
0.291194129419613	-0.073180832476987
0.292194796531021	-0.073180832476516
0.293195463642428	-0.0731808324760263
0.294196130753836	-0.0731808324755174
0.295196797865243	-0.0731808324749884
0.296197464976651	-0.0731808324744385
0.297198132088059	-0.0731808324738669
0.298198799199466	-0.0731808324732728
0.299199466310874	-0.0731808324726552
0.300200133422282	-0.0731808324720133
0.301200800533689	-0.073180832471346
0.302201467645097	-0.0731808324706525
0.303202134756504	-0.0731808324699315
0.304202801867912	-0.0731808324691821
0.30520346897932	-0.0731808324684032
0.306204136090727	-0.0731808324675935
0.307204803202135	-0.0731808324667519
0.308205470313542	-0.073180832465877
0.30920613742495	-0.0731808324649677
0.310206804536358	-0.0731808324640225
0.311207471647765	-0.07318083246304
0.312208138759173	-0.0731808324620187
0.31320880587058	-0.0731808324609571
0.314209472981988	-0.0731808324598537
0.315210140093396	-0.0731808324587067
0.316210807204803	-0.0731808324575145
0.317211474316211	-0.0731808324562752
0.318212141427618	-0.0731808324549871
0.319212808539026	-0.0731808324536481
0.320213475650434	-0.0731808324522563
0.321214142761841	-0.0731808324508096
0.322214809873249	-0.0731808324493058
0.323215476984656	-0.0731808324477427
0.324216144096064	-0.073180832446118
0.325216811207472	-0.0731808324444291
0.326217478318879	-0.0731808324426736
0.327218145430287	-0.0731808324408488
0.328218812541694	-0.0731808324389521
0.329219479653102	-0.0731808324369805
0.33022014676451	-0.0731808324349311
0.331220813875917	-0.0731808324328009
0.332221480987325	-0.0731808324305867
0.333222148098732	-0.073180832428285
0.33422281521014	-0.0731808324258926
0.335223482321548	-0.0731808324234058
0.336224149432955	-0.0731808324208209
0.337224816544363	-0.073180832418134
0.33822548365577	-0.0731808324153412
0.339226150767178	-0.0731808324124381
0.340226817878586	-0.0731808324094205
0.341227484989993	-0.0731808324062838
0.342228152101401	-0.0731808324030234
0.343228819212809	-0.0731808323996344
0.344229486324216	-0.0731808323961117
0.345230153435624	-0.0731808323924499
0.346230820547031	-0.0731808323886438
0.347231487658439	-0.0731808323846874
0.348232154769847	-0.073180832380575
0.349232821881254	-0.0731808323763004
0.350233488992662	-0.0731808323718571
0.351234156104069	-0.0731808323672385
0.352234823215477	-0.0731808323624377
0.353235490326885	-0.0731808323574474
0.354236157438292	-0.0731808323522604
0.3552368245497	-0.0731808323468686
0.356237491661107	-0.0731808323412642
0.357238158772515	-0.0731808323354387
0.358238825883923	-0.0731808323293833
0.35923949299533	-0.073180832323089
0.360240160106738	-0.0731808323165465
0.361240827218145	-0.0731808323097458
0.362241494329553	-0.0731808323026768
0.363242161440961	-0.0731808322953289
0.364242828552368	-0.0731808322876911
0.365243495663776	-0.073180832279752
0.366244162775183	-0.0731808322714997
0.367244829886591	-0.0731808322629218
0.368245496997999	-0.0731808322540056
0.369246164109406	-0.0731808322447375
0.370246831220814	-0.0731808322351038
0.371247498332221	-0.0731808322250901
0.372248165443629	-0.0731808322146812
0.373248832555037	-0.0731808322038618
0.374249499666444	-0.0731808321926155
0.375250166777852	-0.0731808321809255
0.37625083388926	-0.0731808321687743
0.377251501000667	-0.0731808321561437
0.378252168112075	-0.0731808321430149
0.379252835223482	-0.073180832129368
0.38025350233489	-0.0731808321151828
0.381254169446298	-0.073180832100438
0.382254836557705	-0.0731808320851114
0.383255503669113	-0.0731808320691802
0.38425617078052	-0.0731808320526204
0.385256837891928	-0.0731808320354074
0.386257505003336	-0.0731808320175153
0.387258172114743	-0.0731808319989172
0.388258839226151	-0.0731808319795855
0.389259506337558	-0.0731808319594911
0.390260173448966	-0.0731808319386039
0.391260840560374	-0.0731808319168927
0.392261507671781	-0.073180831894325
0.393262174783189	-0.0731808318708669
0.394262841894596	-0.0731808318464834
0.395263509006004	-0.0731808318211379
0.396264176117412	-0.0731808317947924
0.397264843228819	-0.0731808317674076
0.398265510340227	-0.0731808317389424
0.399266177451634	-0.0731808317093542
0.400266844563042	-0.0731808316785987
0.40126751167445	-0.0731808316466298
0.402268178785857	-0.0731808316133997
0.403268845897265	-0.0731808315788586
0.404269513008672	-0.0731808315429548
0.40527018012008	-0.0731808315056346
0.406270847231488	-0.073180831466842
0.407271514342895	-0.0731808314265189
0.408272181454303	-0.0731808313846051
0.409272848565711	-0.0731808313410377
0.410273515677118	-0.0731808312957514
0.411274182788526	-0.0731808312486786
0.412274849899933	-0.0731808311997486
0.413275517011341	-0.0731808311488882
0.414276184122749	-0.0731808310960213
0.415276851234156	-0.0731808310410688
0.416277518345564	-0.0731808309839482
0.417278185456971	-0.0731808309245742
0.418278852568379	-0.0731808308628577
0.419279519679787	-0.0731808307987064
0.420280186791194	-0.0731808307320242
0.421280853902602	-0.0731808306627113
0.422281521014009	-0.0731808305906639
0.423282188125417	-0.0731808305157741
0.424282855236825	-0.0731808304379298
0.425283522348232	-0.0731808303570143
0.42628418945964	-0.0731808302729066
0.427284856571047	-0.0731808301854807
0.428285523682455	-0.0731808300946057
0.429286190793863	-0.0731808300001455
0.43028685790527	-0.0731808299019587
0.431287525016678	-0.0731808297998982
0.432288192128085	-0.0731808296938113
0.433288859239493	-0.0731808295835391
0.434289526350901	-0.0731808294689164
0.435290193462308	-0.0731808293497716
0.436290860573716	-0.0731808292259264
0.437291527685123	-0.0731808290971953
0.438292194796531	-0.0731808289633855
0.439292861907939	-0.0731808288242967
0.440293529019346	-0.0731808286797206
0.441294196130754	-0.0731808285294407
0.442294863242161	-0.0731808283732319
0.443295530353569	-0.0731808282108605
0.444296197464977	-0.0731808280420833
0.445296864576384	-0.0731808278666474
0.446297531687792	-0.0731808276842903
0.447298198799199	-0.0731808274947389
0.448298865910607	-0.0731808272977094
0.449299533022015	-0.0731808270929067
0.450300200133422	-0.0731808268800242
0.45130086724483	-0.0731808266587431
0.452301534356237	-0.0731808264287321
0.453302201467645	-0.0731808261896467
0.454302868579053	-0.0731808259411289
0.45530353569046	-0.0731808256828067
0.456304202801868	-0.0731808254142933
0.457304869913276	-0.0731808251351865
0.458305537024683	-0.0731808248450685
0.459306204136091	-0.0731808245435047
0.460306871247498	-0.0731808242300438
0.461307538358906	-0.0731808239042163
0.462308205470314	-0.0731808235655343
0.463308872581721	-0.0731808232134907
0.464309539693129	-0.0731808228475583
0.465310206804536	-0.0731808224671893
0.466310873915944	-0.0731808220718141
0.467311541027352	-0.0731808216608406
0.468312208138759	-0.0731808212336535
0.469312875250167	-0.073180820789613
0.470313542361574	-0.0731808203280544
0.471314209472982	-0.0731808198482865
0.47231487658439	-0.0731808193495909
0.473315543695797	-0.0731808188312209
0.474316210807205	-0.0731808182924003
0.475316877918612	-0.0731808177323222
0.47631754503002	-0.0731808171501481
0.477318212141428	-0.0731808165450062
0.478318879252835	-0.0731808159159903
0.479319546364243	-0.0731808152621587
0.48032021347565	-0.0731808145825323
0.481320880587058	-0.0731808138760934
0.482321547698466	-0.0731808131417842
0.483322214809873	-0.0731808123785052
0.484322881921281	-0.0731808115851136
0.485323549032688	-0.0731808107604212
0.486324216144096	-0.0731808099031932
0.487324883255504	-0.0731808090121461
0.488325550366911	-0.0731808080859456
0.489326217478319	-0.0731808071232049
0.490326884589727	-0.0731808061224823
0.491327551701134	-0.0731808050822795
0.492328218812542	-0.0731808040010388
0.493328885923949	-0.0731808028771413
0.494329553035357	-0.073180801708904
0.495330220146765	-0.0731808004945777
0.496330887258172	-0.0731807992323441
0.49733155436958	-0.0731807979203132
0.498332221480987	-0.0731807965565203
0.499332888592395	-0.0731807951389233
0.500333555703803	-0.0731807936653996
0.50133422281521	-0.0731807921337429
0.502334889926618	-0.0731807905416595
0.503335557038025	-0.0731807888867657
0.504336224149433	-0.0731807871665834
0.505336891260841	-0.0731807853785368
0.506337558372248	-0.0731807835199487
0.507338225483656	-0.0731807815880359
0.508338892595063	-0.0731807795799058
0.509339559706471	-0.0731807774925514
0.510340226817879	-0.0731807753228472
0.511340893929286	-0.0731807730675443
0.512341561040694	-0.0731807707232658
0.513342228152101	-0.0731807682865012
0.514342895263509	-0.0731807657536021
0.515343562374917	-0.0731807631207756
0.516344229486324	-0.0731807603840794
0.517344896597732	-0.0731807575394157
0.518345563709139	-0.073180754582525
0.519346230820547	-0.0731807515089797
0.520346897931955	-0.0731807483141777
0.521347565043362	-0.073180744993335
0.52234823215477	-0.0731807415414793
0.523348899266177	-0.0731807379534417
0.524349566377585	-0.0731807342238497
0.525350233488993	-0.0731807303471187
0.5263509006004	-0.0731807263174439
0.527351567711808	-0.0731807221287912
0.528352234823215	-0.0731807177748888
0.529352901934623	-0.0731807132492172
0.530353569046031	-0.0731807085449999
0.531354236157438	-0.0731807036551929
0.532354903268846	-0.0731806985724743
0.533355570380253	-0.0731806932892335
0.534356237491661	-0.0731806877975596
0.535356904603069	-0.0731806820892294
0.536357571714476	-0.0731806761556955
0.537358238825884	-0.0731806699880731
0.538358905937292	-0.0731806635771272
0.539359573048699	-0.0731806569132581
0.540360240160107	-0.0731806499864876
0.541360907271514	-0.0731806427864438
0.542361574382922	-0.0731806353023455
0.54336224149433	-0.0731806275229863
0.544362908605737	-0.0731806194367176
0.545363575717145	-0.0731806110314314
0.546364242828552	-0.0731806022945417
0.54736490993996	-0.0731805932129663
0.548365577051368	-0.0731805837731067
0.549366244162775	-0.0731805739608279
0.550366911274183	-0.0731805637614374
0.55136757838559	-0.0731805531596629
0.552368245496998	-0.0731805421396297
0.553368912608406	-0.0731805306848367
0.554369579719813	-0.0731805187781318
0.555370246831221	-0.0731805064016864
0.556370913942628	-0.0731804935369683
0.557371581054036	-0.0731804801647144
0.558372248165444	-0.0731804662649014
0.559372915276851	-0.0731804518167162
0.560373582388259	-0.0731804367985246
0.561374249499666	-0.0731804211878388
0.562374916611074	-0.0731804049612838
0.563375583722482	-0.0731803880945625
0.564376250833889	-0.0731803705624193
0.565376917945297	-0.073180352338602
0.566377585056704	-0.0731803333958229
0.567378252168112	-0.0731803137057177
0.56837891927952	-0.073180293238803
0.569379586390927	-0.0731802719644324
0.570380253502335	-0.0731802498507502
0.571380920613742	-0.0731802268646442
0.57238158772515	-0.0731802029716957
0.573382254836558	-0.0731801781361281
0.574382921947965	-0.0731801523207534
0.575383589059373	-0.0731801254869167
0.57638425617078	-0.0731800975944376
0.577384923282188	-0.0731800686015509
0.578385590393596	-0.0731800384648435
0.579386257505003	-0.0731800071391898
0.580386924616411	-0.0731799745776837
0.581387591727819	-0.0731799407315686
0.582388258839226	-0.0731799055501644
0.583388925950634	-0.0731798689807917
0.584389593062041	-0.0731798309686925
0.585390260173449	-0.0731797914569488
0.586390927284857	-0.073179750386397
0.587391594396264	-0.0731797076955393
0.588392261507672	-0.0731796633204519
0.589392928619079	-0.0731796171946887
0.590393595730487	-0.0731795692491827
0.591394262841895	-0.0731795194121417
0.592394929953302	-0.0731794676089414
0.59339559706471	-0.0731794137620132
0.594396264176117	-0.0731793577907285
0.595396931287525	-0.0731792996112777
0.596397598398933	-0.0731792391365447
0.59739826551034	-0.0731791762759766
0.598398932621748	-0.0731791109354479
0.599399599733155	-0.0731790430171199
0.600400266844563	-0.0731789724192938
0.601400933955971	-0.0731788990362587
0.602401601067378	-0.073178822758133
0.603402268178786	-0.0731787434707006
0.604402935290194	-0.0731786610552387
0.605403602401601	-0.0731785753883411
0.606404269513009	-0.073178486341733
0.607404936624416	-0.0731783937820789
0.608405603735824	-0.0731782975707827
0.609406270847232	-0.0731781975637808
0.610406937958639	-0.0731780936113259
0.611407605070047	-0.0731779855577629
0.612408272181454	-0.0731778732412959
0.613408939292862	-0.0731777564937456
0.61440960640427	-0.0731776351402981
0.615410273515677	-0.0731775089992426
0.616410940627085	-0.0731773778816995
0.617411607738492	-0.0731772415913375
0.6184122748499	-0.0731770999240798
0.619412941961308	-0.0731769526677984
0.620413609072715	-0.0731767996019963
0.621414276184123	-0.0731766404974778
0.62241494329553	-0.0731764751160047
0.623415610406938	-0.0731763032099402
0.624416277518346	-0.0731761245218776
0.625416944629753	-0.0731759387842549
0.626417611741161	-0.0731757457189548
0.627418278852568	-0.0731755450368873
0.628418945963976	-0.0731753364375574
0.629419613075384	-0.0731751196086153
0.630420280186791	-0.0731748942253881
0.631420947298199	-0.0731746599503941
0.632421614409606	-0.0731744164328375
0.633422281521014	-0.0731741633080828
0.634422948632422	-0.073173900197109
0.635423615743829	-0.0731736267059423
0.636424282855237	-0.0731733424250655
0.637424949966644	-0.0731730469288056
0.638425617078052	-0.0731727397746959
0.63942628418946	-0.0731724205028137
0.640426951300867	-0.0731720886350912
0.641427618412275	-0.0731717436746004
0.642428285523682	-0.0731713851048085
0.64342895263509	-0.0731710123888044
0.644429619746498	-0.0731706249684951
0.645430286857905	-0.0731702222637698
0.646430953969313	-0.0731698036716311
0.64743162108072	-0.0731693685652926
0.648432288192128	-0.0731689162932399
0.649432955303536	-0.0731684461782552
0.650433622414943	-0.0731679575164033
0.651434289526351	-0.0731674495759775
0.652434956637759	-0.073166921596404
0.653435623749166	-0.073166372787103
0.654436290860574	-0.0731658023263049
0.655436957971981	-0.0731652093598199
0.656437625083389	-0.0731645929997589
0.657438292194797	-0.0731639523232038
0.658438959306204	-0.0731632863708262
0.659439626417612	-0.0731625941454499
0.660440293529019	-0.073161874610559
0.661440960640427	-0.0731611266887445
0.662441627751835	-0.0731603492600924
0.663442294863242	-0.0731595411605057
0.66444296197465	-0.0731587011799617
0.665443629086057	-0.0731578280607004
0.666444296197465	-0.0731569204953408
0.667444963308873	-0.0731559771249234
0.66844563042028	-0.0731549965368754
0.669446297531688	-0.0731539772628955
0.670446964643095	-0.0731529177767552
0.671447631754503	-0.0731518164920138
0.672448298865911	-0.0731506717596425
0.673448965977318	-0.0731494818655556
0.674449633088726	-0.0731482450280436
0.675450300200133	-0.0731469593951052
0.676450967311541	-0.0731456230416748
0.677451634422949	-0.0731442339667392
0.678452301534356	-0.0731427900903418
0.679452968645764	-0.0731412892504682
0.680453635757171	-0.0731397291998084
0.681454302868579	-0.0731381076023924
0.682454969979987	-0.0731364220300916
0.683455637091394	-0.073134669958984
0.684456304202802	-0.0731328487655739
0.685456971314209	-0.0731309557228644
0.686457638425617	-0.0731289879962736
0.687458305537025	-0.0731269426393903
0.688458972648432	-0.0731248165895623
0.68945963975984	-0.0731226066633102
0.690460306871247	-0.0731203095515609
0.691460973982655	-0.0731179218146924
0.692461641094063	-0.0731154398773834
0.69346230820547	-0.0731128600232602
0.694462975316878	-0.0731101783893313
0.695463642428286	-0.0731073909602035
0.696464309539693	-0.073104493562069
0.697464976651101	-0.0731014818564563
0.698465643762508	-0.0730983513337332
0.699466310873916	-0.0730950973063548
0.700466977985324	-0.0730917149018439
0.701467645096731	-0.0730881990554958
0.702468312208139	-0.0730845445027942
0.703468979319546	-0.0730807457715281
0.704469646430954	-0.0730767971735984
0.705470313542362	-0.0730726927965002
0.706470980653769	-0.0730684264944699
0.707471647765177	-0.0730639918792829
0.708472314876584	-0.0730593823106874
0.709472981987992	-0.0730545908864622
0.7104736490994	-0.0730496104320813
0.711474316210807	-0.0730444334899709
0.712474983322215	-0.0730390523083427
0.713475650433622	-0.0730334588295866
0.71447631754503	-0.0730276446782058
0.715476984656438	-0.073021601148275
0.716477651767845	-0.073015319190405
0.717478318879253	-0.0730087893981921
0.71847898599066	-0.0730020019941334
0.719479653102068	-0.0729949468149861
0.720480320213476	-0.0729876132965496
0.721480987324883	-0.072979990457847
0.722481654436291	-0.0729720668846823
0.723482321547698	-0.0729638307125493
0.724482988659106	-0.0729552696088662
0.725483655770514	-0.0729463707545089
0.726484322881921	-0.0729371208246163
0.727484989993329	-0.0729275059686378
0.728485657104736	-0.0729175117895943
0.729486324216144	-0.0729071233225203
0.730486991327552	-0.072896325012056
0.731487658438959	-0.0728851006891552
0.732488325550367	-0.0728734335468742
0.733488992661774	-0.0728613061152055
0.734489659773182	-0.0728487002349193
0.73549032688459	-0.0728355970303717
0.736490993995997	-0.0728219768812415
0.737491661107405	-0.0728078193931511
0.738492328218812	-0.0727931033671287
0.73949299533022	-0.0727778067678654
0.740493662441628	-0.0727619066907205
0.741494329553035	-0.072745379327425
0.742494996664443	-0.0727281999304312
0.743495663775851	-0.072710342775857
0.744496330887258	-0.072691781124968
0.745496997998666	-0.0726724871841389
0.746497665110073	-0.0726524320632374
0.747498332221481	-0.0726315857323637
0.748498999332889	-0.0726099169768861
0.749499666444296	-0.0725873933506998
0.750500333555704	-0.0725639811276444
0.751501000667111	-0.0725396452510024
0.752501667778519	-0.0725143492810072
0.753502334889927	-0.0724880553402787
0.754503002001334	-0.0724607240571073
0.755503669112742	-0.0724323145064999
0.756504336224149	-0.0724027841489
0.757505003335557	-0.0723720887664906
0.758505670446965	-0.0723401823969833
0.759506337558372	-0.0723070172647964
0.76050700466978	-0.0722725437095171
0.761507671781188	-0.0722367101115413
0.762508338892595	-0.0721994628147806
0.763509006004003	-0.0721607460463187
0.76450967311541	-0.0721205018328994
0.765510340226818	-0.0720786699141189
0.766511007338226	-0.0720351876521942
0.767511674449633	-0.0719899899381707
0.768512341561041	-0.0719430090944308
0.769513008672448	-0.0718941747733549
0.770513675783856	-0.0718434138519856
0.771514342895264	-0.0717906503225357
0.772515010006671	-0.0717358051785762
0.773515677118079	-0.071678796296735
0.774516344229486	-0.0716195383137276
0.775517011340894	-0.0715579424985373
0.776517678452302	-0.0714939166195517
0.777518345563709	-0.0714273648064583
0.778519012675117	-0.0713581874066913
0.779519679786524	-0.0712862808362152
0.780520346897932	-0.0712115374244209
0.78152101400934	-0.0711338452529036
0.782521681120747	-0.0710530879878795
0.783522348232155	-0.0709691447059916
0.784523015343562	-0.0708818897132424
0.78552368245497	-0.0707911923567842
0.786524349566378	-0.0706969168292833
0.787525016677785	-0.070598921965567
0.788525683789193	-0.0704970610312466
0.7895263509006	-0.0703911815030025
0.790527018012008	-0.0702811248402005
0.791527685123416	-0.0701667262474983
0.792528352234823	-0.0700478144280858
0.793529019346231	-0.0699242113271911
0.794529686457638	-0.0697957318654666
0.795530353569046	-0.0696621836618574
0.796531020680454	-0.0695233667455359
0.797531687791861	-0.0693790732564718
0.798532354903269	-0.0692290871341893
0.799533022014676	-0.0690731837942447
0.800533689126084	-0.068911129791941
0.801534356237492	-0.0687426824727754
0.802535023348899	-0.0685675896090958
0.803535690460307	-0.0683855890224236
0.804536357571714	-0.0681964081908755
0.805537024683122	-0.0679997638410983
0.80653769179453	-0.0677953615241042
0.807538358905937	-0.0675828951743724
0.808539026017345	-0.0673620466515562
0.809539693128753	-0.0671324852641097
0.81054036024016	-0.0668938672741212
0.811541027351568	-0.0666458353826105
0.812541694462975	-0.0663880181945212
0.813542361574383	-0.0661200296626053
0.814543028685791	-0.0658414685093684
0.815543695797198	-0.0655519176262097
0.816544362908606	-0.0652509434488566
0.817545030020013	-0.0649380953081597
0.818545697131421	-0.0646129047552747
0.819546364242829	-0.0642748848602227
0.820547031354236	-0.063923529482776
0.821547698465644	-0.0635583125145804
0.822548365577051	-0.0631786870913769
0.823549032688459	-0.0627840847741449
0.824549699799867	-0.0623739146979397
0.825550366911274	-0.0619475626871498
0.826551034022682	-0.0615043903358501
0.827551701134089	-0.0610437340518736
0.828552368245497	-0.0605649040631687
0.829553035356905	-0.0600671833849574
0.830553702468312	-0.0595498267461446
0.83155436957972	-0.059012059473373
0.832555036691127	-0.0584530763310524
0.833555703802535	-0.0578720403156243
0.834556370913943	-0.0572680814022608
0.83555703802535	-0.0566402952421165
0.836557705136758	-0.055987741808185
0.837558372248165	-0.0553094439877333
0.838559039359573	-0.0546043861192032
0.839559706470981	-0.0538715124713933
0.840560373582388	-0.0531097256626394
0.841561040693796	-0.052317885017631
0.842561707805203	-0.0514948048594004
0.843562374916611	-0.0506392527339269
0.844563042028019	-0.0497499475647009
0.845563709139426	-0.048825557734479
0.846564376250834	-0.0478646990913644
0.847565043362241	-0.0468659328762204
0.848565710473649	-0.0458277635683192
0.849566377585057	-0.0447486366459971
0.850567044696464	-0.0436269362589621
0.851567711807872	-0.0424609828087718
0.85256837891928	-0.0412490304338568
0.853569046030687	-0.0399892643953216
0.854569713142095	-0.0386797983596143
0.855570380253502	-0.0373186715739889
0.85657104736491	-0.0359038459305377
0.857571714476318	-0.0344332029143937
0.858572381587725	-0.0329045404315324
0.859573048699133	-0.0313155695114285
0.86057371581054	-0.0296639108796222
0.861574382921948	-0.0279470913950703
0.862575050033356	-0.0261625403469441
0.863575717144763	-0.0243075856053285
0.864576384256171	-0.0223794496200584
0.865577051367578	-0.0203752452617062
0.866577718478986	-0.0182919714984835
0.867578385590394	-0.0161265089025932
0.868579052701801	-0.0138756149792969
0.869579719813209	-0.0115359193117078
0.870580386924616	-0.00910391851403392
0.871581054036024	-0.00657597098572041
0.872581721147432	-0.00394829145863464
0.873582388258839	-0.00121694532912275
0.874583055370247	0.00162215723353663
0.875583722481654	0.00457326741111823
0.876584389593062	0.00764080410203277
0.87758505670447	0.0108293605380432
0.878585723815877	0.0141437111620274
0.879586390927285	0.0175888187770725
0.880587058038692	0.0211698419776228
0.8815877251501	0.0248921428737909
0.882588392261508	0.0287612951204117
0.883589059372915	0.0327830922628587
0.884589726484323	0.0369635564121088
0.88559039359573	0.0413089472620649
0.886591060707138	0.0458257714626199
0.887591727818546	0.0505207923625046
0.888592394929953	0.0554010401365159
0.889593062041361	0.0604738223122729
0.890593729152768	0.0657467347122772
0.891594396264176	0.0712276728276568
0.892595063375584	0.0769248436406188
0.893595730486991	0.0828467779133304
0.894596397598399	0.0890023429616023
0.895597064709806	0.0954007559325335
0.896597731821214	0.102051597605965
0.897598398932622	0.108964826740444
0.898599066044029	0.116150794985144
0.899599733155437	0.123620262380095
0.900600400266845	0.131384413467933
0.901601067378252	0.13945487404127
0.90260173448966	0.147843728550785
0.903602401601067	0.156563538200105
0.904603068712475	0.165627359754538
0.905603735823883	0.175048765091869
0.90660440293529	0.184841861524455
0.907605070046698	0.195021312923057
0.908605737158105	0.205602361674065
0.909606404269513	0.216600851502955
0.910607071380921	0.228033251198184
0.911607738492328	0.23991667927102
0.912608405603736	0.252268929588268
0.913609072715143	0.265108498016228
0.914609739826551	0.278454610115827
0.915610406937959	0.292327249930352
0.916611074049366	0.306747189908929
0.917611741160774	0.321736022010516
0.918612408272181	0.337316190035031
0.919613075383589	0.353511023229962
0.920613742494997	0.370344771222858
0.921614409606404	0.387842640331946
0.922615076717812	0.406030831309253
0.92361574382922	0.424936578572804
0.924616410940627	0.444588190986544
0.925617078052035	0.465015094249157
0.926617745163442	0.486247874955154
0.92761841227485	0.508318326394259
0.928619079386258	0.531259496157696
0.929619746497665	0.555105735622562
0.930620413609073	0.579892751388522
0.93162108072048	0.605657658743716
0.932621747831888	0.632439037239998
0.933622414943296	0.660276988460761
0.934623082054703	0.689213196067734
0.935623749166111	0.7192909882168
0.936624416277518	0.750555402436188
0.937625083388926	0.783053253064212
0.938625750500334	0.816833201347614
0.939626417611741	0.851945828305313
0.940627084723149	0.888443710466868
0.941627751834556	0.926381498598842
0.942628418945964	0.965815999537171
0.943629086057372	1.00680626124789
0.944629753168779	1.04941366124364
0.945630420280187	1.0937019984885
0.946631087391594	1.13973758892839
0.947631754503002	1.18758936479059
0.94863242161441	1.23732897780054
0.949633088725817	1.28903090647098
0.950633755837225	1.34277256762358
0.951634422948632	1.3986344323105
0.95263509006004	1.45670014630916
0.953635757171448	1.51705665537079
0.954636424282855	1.57979433541014
0.955637091394263	1.64500712783162
0.95663775850567	1.71279268019407
0.957638425617078	1.78325249242518
0.958639092728486	1.85649206880419
0.959639759839893	1.93262107594064
0.960640426951301	2.01175350698574
0.961641094062708	2.09400785232196
0.962641761174116	2.17950727698688
0.963642428285524	2.26837980509647
0.964643095396931	2.36075851154446
0.965643762508339	2.45678172126433
0.966644429619747	2.55659321635275
0.967645096731154	2.66034245136423
0.968645763842562	2.76818477709968
0.969646430953969	2.88028167322372
0.970647098065377	2.99680099005924
0.971647765176785	3.117917199921
0.972648432288192	3.24381165836505
0.9736490993996	3.37467287574475
0.974649766511007	3.51069679948005
0.975650433622415	3.65208710746311
0.976651100733823	3.79905551303887
0.97765176784523	3.95182208201809
0.978652434956638	4.11061556219676
0.979653102068045	4.27567372587573
0.980653769179453	4.44724372589352
0.981654436290861	4.625582465705
0.982655103402268	4.81095698406041
0.983655770513676	5.00364485486091
0.984656437625083	5.20393460278854
0.985657104736491	5.41212613533429
0.986657771847899	5.62853119186963
0.987658438959306	5.85347381043546
0.988659106070714	6.08729081294621
0.989659773182121	6.33033230953611
0.990660440293529	6.58296222280323
0.991661107404937	6.84555883273543
0.992661774516344	7.11851534313476
0.993662441627752	7.40224047038844
0.994663108739159	7.6971590554675
0.995663775850567	8.00371270007048
0.996664442961975	8.32236042786338
0.997665110073382	8.65357937180749
0.99866577718479	8.99786548860269
0.999666444296197	9.35573430131739
1.00066711140761	9.72772167131656
1.00166777851901	10.114384600643
1.00266844563042	10.516302066055
1.00366911274183	10.9340758859674
1.00466977985324	11.3683316215954
1.00567044696464	11.8197195136496
1.00667111407605	12.2889154559866
1.00767178118746	12.7766220076701
1.00867244829887	13.2835694449612
1.00967311541027	13.8105168548101
1.01067378252168	14.358253271489
1.01167444963309	14.9275988580674
1.0126751167445	15.5194061344973
1.0136757838559	16.1345612541499
1.01467645096731	16.7739853307139
1.01567711807872	17.4386358174405
1.01667778519013	18.1295079408047
1.01767845230153	18.8476361907253
1.01867911941294	19.5940958695769
1.01967978652435	20.3700047023139
1.02068045363576	21.1765245101155
1.02168112074716	22.0148629500608
1.02268178785857	22.8862753234351
1.02368245496998	23.7920664553789
1.02468312208139	24.733592648691
1.0256837891928	25.7122637147124
1.0266844563042	26.7295450843347
1.02768512341561	27.7869600022884
1.02868579052702	28.8860918080014
1.02968645763843	30.0285863064405
1.03068712474983	31.2161542324886
1.03168779186124	32.4505738125429
1.03268845897265	33.7336934271764
1.03368912608406	35.0674343788427
1.03468979319546	36.4537937687741
1.03569046030687	37.8948474873754
1.03669112741828	39.3927533225991
1.03769179452969	40.9497541909463
1.03869246164109	42.5681814959391
1.0396931287525	44.2504586190903
1.04069379586391	45.9991045485956
1.04169446297532	47.8167376511898
1.04269513008672	49.7060795928034
1.04369579719813	51.6699594138993
1.04469646430954	53.7113177655872
1.04569713142095	55.8332113128613
1.04669779853235	58.038817311554
1.04769846564376	60.3314383658568
1.04869913275517	62.7145073735338
1.04969979986658	65.1915926662357
1.05070046697799	67.7664033526033
1.05170113408939	70.4427948721712
1.0527018012008	73.2247747683788
1.05370246831221	76.116508689339
1.05470313542362	79.1223266253456
1.05570380253502	82.2467293924634
1.05670446964643	85.494395371909
1.05770513675784	88.8701875153072
1.05870580386925	92.379160626321
1.05970647098065	96.0265689295551
1.06070713809206	99.8178739380586
1.06170780520347	103.758752631229
1.06270847231488	107.855105955337
1.06370913942628	112.113067659411
1.06470980653769	116.539013479726
1.0657104736491	121.139570686621
1.06671114076051	125.921628007965
1.06771180787191	130.892345944121
1.06871247498332	136.059167489847
1.06971314209473	141.429829279205
1.07071380920614	147.012373170144
1.07171447631755	152.815158286126
1.07271514342895	158.846873532809
1.07371581054036	165.116550608543
1.07471647765177	171.633577528141
1.07571714476318	178.407712680193
1.07671781187458	185.449099438976
1.07771847898599	192.768281352809
1.0787191460974	200.376217931632
1.07971981320881	208.284301057424
1.08072048032021	216.504372042046
1.08172114743162	225.048739358049
1.08272181454303	233.930197068976
1.08372248165444	243.162043986802
1.08472314876584	252.758103585143
1.08572381587725	262.732744698075
1.08672448298866	273.10090303559
1.08772515010007	283.878103547838
1.08872581721147	295.080483671696
1.08972648432288	306.724817494458
1.09072715143429	318.828540870806
1.0917278185457	331.409777530713
1.0927284856571	344.487366217341
1.09372915276851	358.080888895573
1.09472981987992	372.210700073421
1.09573048699133	386.897957280216
1.09673115410274	402.164652747226
1.09773182121414	418.033646338123
1.09873248832555	434.5286997786
1.09973315543696	451.674512236449
1.10073382254837	469.49675730528
1.10173448965977	488.022121447358
1.10273515677118	507.278343953064
1.10373582388259	527.294258476819
1.104736490994	548.09983621169
1.1057371581054	569.726230767266
1.10673782521681	592.205824818131
1.10773849232822	615.572278592619
1.10873915943963	639.860580274574
1.10973982655103	665.107098393551
1.11074049366244	691.34963628186
1.11174116077385	718.627488680125
1.11274182788526	746.981500575941
1.11374249499666	776.454128363875
1.11474316210807	807.089503418293
1.11574382921948	838.933498174317
1.11674449633089	872.033794815701
1.11774516344229	906.439956672656
1.1187458305537	942.203502436382
1.11974649766511	979.377983301531
1.12074716477652	1018.01906315201
1.12174783188793	1058.18460191038
1.12274849899933	1099.93474217542
1.12374916611074	1143.33199927775
1.12474983322215	1188.44135488832
1.12575050033356	1235.3303543198
1.12675116744496	1284.0692076669
1.12775183455637	1334.73089493669
1.12875250166778	1387.39127532652
1.12975316877919	1442.12920081312
1.13075383589059	1499.02663422318
1.131754503002	1558.16877196174
1.13275517011341	1619.64417158263
1.13375583722482	1683.54488439173
1.13475650433622	1749.9665932817
1.13575717144763	1819.00875600437
1.13675783855904	1890.77475409578
1.13775850567045	1965.37204767629
1.13875917278185	2042.91233635798
1.13975983989326	2123.51172650003
1.14076050700467	2207.29090506281
1.14176117411608	2294.37532032058
1.14276184122748	2384.89536970379
1.14376250833889	2478.98659505208
1.1447631754503	2576.78988557015
1.14576384256171	2678.45168879098
1.14676450967312	2784.12422986159
1.14776517678452	2893.96573948015
1.14876584389593	3008.14069082556
1.14976651100734	3126.82004583437
1.15076717811875	3250.18151119379
1.15176784523015	3378.40980443393
1.15276851234156	3511.69693051804
1.15376917945297	3650.24246934459
1.15476984656438	3794.25387459177
1.15577051367578	3943.94678435221
1.15677118078719	4099.54534402243
1.1577718478986	4261.28254193109
1.15877251501001	4429.40055820834
1.15977318212141	4604.15112741838
1.16077384923282	4785.79591549919
1.16177451634423	4974.60691157247
1.16277518345564	5170.86683521163
1.16377585056704	5374.86955977696
1.16477651767845	5586.92055245229
1.16577718478986	5807.33733164197
1.16677785190127	6036.44994241254
1.16777851901268	6274.60145069197
1.16877918612408	6522.14845696553
1.16977985323549	6779.46163023797
1.1707805203469	7046.92626306147
1.17178118745831	7324.94284846062
1.17278185456971	7613.92767961776
1.17378252168112	7914.31347321721
1.17478318879253	8226.55001738128
1.17578385590394	8551.10484516895
1.17678452301534	8888.46393464485
1.17778519012675	9239.1324365673
1.17878585723816	9603.63543078519
1.17978652434957	9982.51871247522
1.18078719146097	10376.3496093991
1.18178785857238	10785.7178314015
1.18278852568379	11211.2363534227
1.1837891927952	11653.5423333484
1.1847898599066	12113.2980660688
1.18579052701801	12591.1919751784
1.18679119412942	13087.9396437996
1.18779186124083	13604.284886074
1.18879252835223	14141.0008609258
1.18979319546364	14698.8912297654
1.19079386257505	15278.7913598668
1.19179452968646	15881.5695752194
1.19279519679787	16508.1284567292
1.19379586390927	17159.4061937146
1.19479653102068	17836.3779887206
1.19579719813209	18540.0575177568
1.1967978652435	19271.4984481436
1.1977985323549	20031.7960162391
1.19879919946631	20822.0886674126
1.19979986657772	21643.5597607151
1.20080053368913	22497.4393408046
1.20180120080053	23385.0059797746
1.20280186791194	24307.5886916484
1.20380253502335	25266.5689224021
1.20480320213476	26263.3826184966
1.20580386924616	27299.52237702
1.20680453635757	28376.5396806539
1.20780520346898	29496.0472208141
1.20880587058039	30659.7213124442
1.20980653769179	31869.3044040743
1.2108072048032	33126.6076869104
1.21180787191461	34433.513806853
1.21280853902602	35791.9796835117
1.21380920613743	37204.0394404333
1.21480987324883	38671.8074509348
1.21581054036024	40197.4815040988
1.21681120747165	41783.346095671
1.21781187458306	43431.7758487938
1.21881254169446	45145.2390696906
1.21981320880587	46926.3014436268
1.22081387591728	48777.6298766889
1.22181454302869	50701.9964891223
1.22281521014009	52702.2827662164
1.2238158772515	54781.4838729499
1.22481654436291	56942.7131388523
1.22581721147432	59189.2067198089
1.22681787858572	61524.3284437746
1.22781854569713	63951.5748476636
1.22881921280854	66474.5804129532
1.22981987991995	69097.1230078373
1.23082054703135	71823.1295440907
1.23182121414276	74656.6818570996
1.23282188125417	77602.02281787
1.23382254836558	80663.5626861716
1.23482321547698	83845.8857143161
1.23582388258839	87153.7570114744
1.2368245496998	90592.129678797
1.23782521681121	94166.1522260309
1.23882588392262	97881.1762807351
1.23982655103402	101742.764601632
1.24082721814543	105756.699408113
1.24182788525684	109928.991038346
1.24282855236825	114265.886948963
1.24382921947965	118773.881069805
1.24482988659106	123459.723527722
1.24583055370247	128330.430754005
1.24683122081388	133393.295990561
1.24783188792528	138655.900210582
1.24883255503669	144126.123470055
1.2498332221481	149812.156707104
1.25083388925951	155722.514006845
1.25183455637091	161866.045350097
1.25283522348232	168251.949865071
1.25383589059373	174889.789601849
1.25483655770514	181789.503850286
1.25583722481654	188961.424022799
1.25683789192795	196416.289124285
1.25783855903936	204165.261832365
1.25883922615077	212219.945212032
1.25983989326217	220592.400089697
1.26084056037358	229295.163112697
1.26184122748499	238341.26552127
1.2628418945964	247744.252661116
1.26384256170781	257518.204265764
1.26484322881921	267677.755539124
1.26584389593062	278238.119069772
1.26684456304203	289215.107609791
1.26784523015344	300625.157752292
1.26884589726484	312485.354543043
1.26984656437625	324813.457063054
1.27084723148766	337627.92502049
1.27184789859907	350947.946391631
1.27284856571047	364793.466152339
1.27384923282188	379185.216143035
1.27484989993329	394144.746111887
1.2758505670447	409694.455982731
1.2768512341561	425857.629395985
1.27785190126751	442658.468572852
1.27885256837892	460122.130554944
1.27985323549033	478274.764873625
1.28085390260173	497143.552705508
1.28185456971314	516756.747572674
1.28285523682455	537143.717648583
1.28385590393596	558334.989733069
1.28485657104736	580362.294962172
1.28585723815877	603258.616321342
1.28685790527018	627058.238033116
1.28785857238159	651796.796893216
1.288859239493	677511.335631959
1.2898599066044	704240.358380827
1.29086057371581	732023.888327384
1.29186124082722	760903.527644685
1.29286190793863	790922.519785053
1.29386257505003	822125.814231462
1.29486324216144	854560.133803413
1.29586390927285	888274.044618265
1.29686457638426	923318.028812549
1.29786524349566	959744.560132323
1.29886591060707	997608.182505691
1.29986657771848	1036965.59171512
1.30086724482989	1077875.72029196
1.30186791194129	1120399.82576005
1.3028685790527	1164601.58236087
1.30386924616411	1210547.17639728
1.30486991327552	1258305.40533878
1.30587058038692	1307947.78083665
1.30687124749833	1359548.63580325
1.30787191460974	1413185.23571572
1.30887258172115	1468937.8943109
1.30987324883256	1526890.09384443
1.31087391594396	1587128.6100946
1.31187458305537	1649743.6422975
1.31287525016678	1714828.94820859
1.31387591727819	1782481.98449245
1.31487658438959	1852804.0526514
1.315877251501	1925900.4507111
1.31687791861241	2001880.63089047
1.31787858572382	2080858.36349191
1.31887925283522	2162951.90725743
1.31987991994663	2248284.18644539
1.32088058705804	2336982.97489351
1.32188125416945	2429181.08734324
1.32288192128085	2525016.57831238
1.32388258839226	2624632.94881354
1.32488325550367	2728179.36122784
1.32588392261508	2835810.86265611
1.32688458972648	2947688.61708138
1.32788525683789	3063980.14669069
1.3288859239493	3184859.58271756
1.32988659106071	3310507.92618033
1.33088725817211	3441113.31890765
1.33188792528352	3576871.32525585
1.33288859239493	3717985.22494076
1.33388925950634	3864666.31742245
1.33488992661775	4017134.2382981
1.33589059372915	4175617.28817759
1.33689126084056	4340352.7745333
1.33789192795197	4511587.367037
1.33889259506338	4689577.46691506
1.33989326217478	4874589.59087538
1.34089392928619	5066900.77018123
1.3418945963976	5266798.9654689
1.34289526350901	5474583.49793082
1.34389593062041	5690565.49750969
1.34489659773182	5915068.36877416
1.34589726484323	6148428.27517511
1.34689793195464	6390994.64240574
1.34789859906604	6643130.68162041
1.34889926617745	6905213.93329578
1.34989993328886	7177636.83254753
1.35090060040027	7460807.29675056
1.35190126751167	7755149.3363411
1.35290193462308	8061103.68971681
1.35390260173449	8379128.4831843
1.3549032688459	8709699.91694243
1.3559039359573	9053312.97813029
1.35690460306871	9410482.18200415
1.35790527018012	9781742.3423569
1.35890593729153	10167649.372331
1.35990660440294	10568781.1168249
1.36090727151434	10985738.2177401
1.36190793862575	11419145.0133624
1.36290860573716	11869650.4732272
1.36390927284857	12337929.1698651
1.36490993995997	12824682.2888852
1.36591060707138	13330638.6789086
1.36691127418279	13856555.9429234
1.3679119412942	14403221.5726939
1.3689126084056	14971454.1279278
1.36991327551701	15562104.4619586
1.37091394262842	16176056.9957897
1.37191460973983	16814231.0423954
1.37291527685123	17477582.183272
1.37391594396264	18167103.6992958
1.37491661107405	18883828.0580289
1.37591727818546	19628828.4597037
1.37691794529686	20403220.4441995
1.37791861240827	21208163.5614158
1.37891927951968	22044863.1075447
1.37991994663109	22914571.9298448
1.38092061374249	23818592.3026125
1.3819212808539	24758277.8771688
1.38292194796531	25735035.7087711
1.38392261507672	26750328.3634944
1.38492328218813	27805676.1082304
1.38592394929953	28902659.1870882
1.38692461641094	30042920.187599
1.38792528352235	31228166.5002779
1.38892595063376	32460172.875211
1.38992661774516	33740784.0795157
1.39092728485657	35071917.6596315
1.39192795196798	36455566.8125945
1.39292861907939	37893803.3705891
1.39392928619079	39388780.9032401
1.3949299533022	40942737.9423013
1.39593062041361	42558001.333562
1.39693128752502	44236989.7209911
1.39793195463642	45982217.1683367
1.39893262174783	47796296.9236073
1.39993328885924	49681945.3320632
1.40093395597065	51641985.9035896
1.40193462308205	53679353.5405252
1.40293529019346	55797098.9322966
1.40393595730487	57998393.1234178
1.40493662441628	60286532.2617188
1.40593729152769	62664942.5338842
1.40693795863909	65137185.2957236
1.4079386257505	67706962.4048263
1.40893929286191	70378121.7636081
1.40993995997332	73154663.0810375
1.41094062708472	76040743.861671
1.41194129419613	79040685.6309726
1.41294196130754	82158980.4062221
1.41394262841895	85400297.4227227
1.41494329553035	88769490.1253631
1.41594396264176	92271603.4360164
1.41694462975317	95911881.3076366
1.41794529686458	99695774.5763977
1.41894596397598	103628949.12359
1.41994663108739	107717294.35954
1.4209472981988	111966932.042223
1.42194796531021	116384225.443788
1.42294863242161	120975788.878718
1.42394929953302	125748497.607896
1.42494996664443	130709498.133397
1.42595063375584	135866218.899442
1.42695130086724	141226381.415504
1.42795196797865	146798011.818255
1.42895263509006	152589452.889647
1.42995330220147	158609376.549128
1.43095396931288	164866796.838701
1.43195463642428	171371083.420253
1.43295530353569	178131975.60541
1.4339559706471	185159596.938837
1.43495663775851	192464470.356952
1.43595730486991	200057533.944604
1.43695797198132	207950157.313434
1.43795863909273	216154158.626354
1.43895930620414	224681822.293696
1.43995997331554	233545917.367497
1.44096064042695	242759716.661468
1.44196130753836	252337016.625288
1.44296197464977	262292158.002959
1.44396264176117	272640047.306186
1.44496330887258	283396179.134909
1.44596397598399	294576659.378438
1.4469646430954	306198229.33187
1.4479653102068	318278290.764012
1.44896597731821	330834931.974178
1.44996664442962	343886954.877101
1.45096731154103	357453903.15626
1.45196797865243	371556091.528018
1.45296864576384	386214636.160194
1.45396931287525	401451486.290761
1.45496997998666	417289457.093924
1.45597064709807	433752263.84286
1.45697131420947	450864557.420178
1.45797198132088	468651961.229386
1.45897264843229	487141109.562561
1.4599733155437	506359687.481682
1.4609739826551	526336472.27337
1.46197464976651	547101376.539059
1.46297531687792	568685492.98521
1.46397598398933	591121140.980485
1.46497665110073	614441914.949811
1.46597731821214	638682734.677531
1.46697798532355	663879897.595243
1.46797865243496	690071133.132359
1.46897931954636	717295659.210986
1.46997998665777	745594240.969578
1.47098065376918	775009251.803392
1.47198132088059	805584736.813003
1.47298198799199	837366478.756076
1.4739826551034	870402066.600984
1.47498332221481	904740966.785067
1.47598398932622	940434597.284024
1.47698465643762	977536404.603588
1.47798532354903	1016101943.80867
1.47898599066044	1056188961.70964
1.47998665777185	1097857483.33065
1.48098732488326	1141169901.78916
1.48198799199466	1186191071.72142
1.48298865910607	1232988406.39371
1.48398932621748	1281631978.64484
1.48498999332889	1332194625.81096
1.48599066044029	1384752058.78996
1.4869913275517	1439382975.40839
1.48799199466311	1496169178.2613
1.48899266177452	1555195697.20055
1.48999332888592	1616550916.65615
1.49099399599733	1680326707.98
1.49199466310874	1746618567.01124
1.49299533022015	1815525757.06876
1.49399599733155	1887151457.58478
1.49499666444296	1961602918.60253
1.49599733155437	2038991621.36902
1.49699799866578	2119433445.26361
1.49799866577718	2203048841.31192
1.49899933288859	2289963012.54549
1.5	2380306101.4768
