1	0.00104043181302504	6.54071241843323e-08
2	0.00123328398710978	4.54634272296007e-08
3	0.00132156505473829	3.52507704218682e-08
4	0.00147508850880143	2.91774642920313e-08
5	0.00151243218323508	2.51750140820439e-08
6	0.00153930605317301	2.12717355465568e-08
7	0.001559675826644	1.92995427288483e-08
8	0.00157570633418468	1.69466581880271e-08
9	0.00158868607403718	1.50779844163325e-08
10	0.00159943293746975	1.42289292616504e-08
11	0.00160849264281479	1.29094916917034e-08
12	0.00161624410786844	1.17998619454073e-08
13	0.00162295914885597	1.13773455028283e-08
14	0.00162883812354433	1.0523237824004e-08
15	0.00163403215501306	9.7799736155841e-09
16	0.00163865750348908	9.12762583287706e-09
17	0.00164280515468733	8.55074795068508e-09
18	0.00164654739146915	8.41535338522901e-09
19	0.00164994240515407	7.93376920307707e-09
20	0.00165303759904383	7.50013619706267e-09
21	0.00165587199902676	7.10777105352358e-09
22	0.00165847804180857	6.75116836171936e-09
23	0.00166088292124663	6.72115132243772e-09
24	0.00166310961565661	6.40938815002132e-09
25	0.00166517768129202	6.12285361683826e-09
26	0.00166710387207086	5.85867312319268e-09
27	0.00166890262855577	5.61438899946797e-09
28	0.00167058646740791	5.38788787295217e-09
29	0.00167216629426936	5.17734267425325e-09
30	0.00167365165715345	4.98116595707632e-09
31	0.00167505095318924	5.01358442157455e-09
32	0.00179351717318306	4.83445490214137e-09
33	0.0017948693585498	4.66650472562888e-09
34	0.00179614992571289	4.50874643629326e-09
35	0.00179736451984619	4.36030430557789e-09
36	0.00179851819933848	4.22039904775503e-09
37	0.00179961551079011	4.0883349705687e-09
38	0.00180066055272502	3.96348912078723e-09
39	0.00180165702995914	4.01430625384302e-09
40	0.00180260830019254	3.89735036575638e-09
41	0.00180351741409831	3.78634527468798e-09
42	0.00180438714994749	3.68086129023722e-09
43	0.00180522004362339	3.58050861287205e-09
44	0.00180601841472919	3.48493283837069e-09
45	0.00180678438937174	3.39381105469574e-09
46	0.00180751992010737	3.30684844237009e-09
47	0.00180822680345551	3.22377530433801e-09
48	0.00180890669532045	3.14434446345741e-09
49	0.00180956112460865	3.06832897572941e-09
50	0.00181019150528403	3.12434504180113e-09
51	0.0018107991470674	3.05154895043592e-09
52	0.0018113852649553	2.98171177988682e-09
53	0.00181195098770828	2.91466251930902e-09
54	0.00181249736543691	2.85024290330711e-09
55	0.00181302537639607	2.78830625483166e-09
56	0.00181353593308262	2.7287164513579e-09
57	0.00181402988771867	2.6713469993302e-09
58	0.00181450803719197	2.61608020390652e-09
59	0.00181497112751528	2.56280642277902e-09
60	0.00181541985785854	2.5114233943297e-09
61	0.00181585488420154	2.46183563164667e-09
62	0.00181627682264768	2.41395387501104e-09
63	0.00181668625243555	2.36769459639506e-09
64	0.00181708371868005	2.42077856381128e-09
65	0.00181746973487085	2.37571377080834e-09
66	0.00181784478515336	2.33210999787038e-09
67	0.00181820932641382	2.28989982087689e-09
68	0.00181856379018799	2.24901983681344e-09
69	0.00181890858441083	2.20941037088921e-09
70	0.00181924409502216	2.17101520876064e-09
71	0.00181957068744244	2.1337813513935e-09
72	0.00181988870793045	2.09765879036852e-09
73	0.00182019848483392	2.06260030167529e-09
74	0.00182050032974298	2.02856125624911e-09
75	0.00182079453855496	1.99549944569134e-09
76	0.0018210813924586	1.96337492177683e-09
77	0.00182136115884466	1.93214984849687e-09
78	0.0018216340921493	1.90178836551372e-09
79	0.0018219004346359	1.87225646201655e-09
80	0.00182216041712071	1.91953544109913e-09
81	0.00182241425964687	1.89041429078317e-09
82	0.00182266217211091	1.86206107078806e-09
83	0.00182290435484608	1.83444694298344e-09
84	0.00182314099916538	1.80754447066164e-09
85	0.00182337228786787	1.78132753521583e-09
86	0.00182359839571116	1.75577125866002e-09
87	0.00182381948985238	1.73085193152038e-09
88	0.0018240357302605	1.70654694566972e-09
89	0.00182424727010175	1.68283473171603e-09
90	0.0018244542561005	1.65969470058987e-09
91	0.00182465682887717	1.63710718900729e-09
92	0.00182485512326499	1.61505340851223e-09
93	0.00182504926860722	1.5935153978288e-09
94	0.0018252393890359	1.57247597827588e-09
95	0.001825425603734	1.55191871201789e-09
96	0.0018256080271815	1.53182786294427e-09
97	0.00182578676938706	1.51218835998717e-09
98	0.00182596193610597	1.49298576270282e-09
99	0.00182613362904538	1.53376414628681e-09
100	0.00181014050387662	1.48748417165224e-09
101	0.00182646698132305	1.49595347841237e-09
102	0.0018266288255212	1.47765507181084e-09
103	0.00182678756599404	1.4597448357367e-09
104	0.001826943286899	1.44221104337426e-09
105	0.00182709606935391	1.42504242678883e-09
106	0.00182724599157421	1.40822815492778e-09
107	0.00182739312900253	1.39175781286727e-09
108	0.00182753755443145	1.37562138222351e-09
109	0.00182767933811978	1.35980922265317e-09
110	0.00182781854790267	1.34431205437348e-09
111	0.00182795524929606	1.32912094163703e-09
112	0.00182808950559566	1.31422727710148e-09
113	0.00182822137797097	1.29962276703821e-09
114	0.00182835092555446	1.28529941732822e-09
115	0.00182847820552634	1.27124952019684e-09
116	0.00182860327319501	1.25746564164264e-09
117	0.00182872618207365	1.24394060951832e-09
118	0.00182884698395299	1.23066750222509e-09
119	0.00182896572897059	1.2176396379837e-09
120	0.00182908246567672	1.20485056464875e-09
121	0.00182919724109719	1.19229405003408e-09
122	0.00182931010079308	1.17996407272008e-09
123	0.00182942108891785	1.21410203490195e-09
124	0.00182953024827157	1.20173685705801e-09
125	0.00182963762035278	1.18958963384805e-09
126	0.00182974324540797	1.17765489533736e-09
127	0.00182984716247874	1.16592734948996e-09
128	0.0018299494094469	1.15440187507438e-09
129	0.00183005002307749	1.14307351490382e-09
130	0.00183014903905995	1.13193746939265e-09
131	0.0018302464920474	1.12098909041224e-09
132	0.00183034241569428	1.1102238754299e-09
133	0.00183043684269229	1.09963746191622e-09
134	0.0018305298048048	1.08922562200627e-09
135	0.00183062133289979	1.07898425740164e-09
136	0.00183071145698145	1.06890939450075e-09
137	0.00183080020622025	1.05899717974556e-09
138	0.00183088760898203	1.04924387517368e-09
139	0.00183097369285566	1.0396458541654e-09
140	0.00183105848467964	1.03019959737578e-09
141	0.00183114201056759	1.02090168884256e-09
142	0.00183122429593277	1.01174881226111e-09
143	0.00183130536551152	1.00273774741806e-09
144	0.00183138524338575	9.93865366776046e-10
145	0.00183146395300461	9.85128632201908e-10
146	0.00183154151720531	9.7652459183162e-10
147	0.001831617958233	9.68050377065247e-10
148	0.00183169329775997	9.59703199685741e-10
149	0.00183176755690413	9.51480349095688e-10
150	0.00183184075624666	9.80011882086907e-10
151	0.00183191291584912	9.71719897560784e-10
152	0.00183198405526979	9.63549076855017e-10
153	0.00183205419357947	9.55496900199916e-10
154	0.00183212334937667	9.47560915752704e-10
155	0.00183219154080222	9.39738737350866e-10
156	0.00183225878555331	9.32028042353442e-10
157	0.00183232510089709	9.2442656956628e-10
158	0.0018323905036837	9.16932117247457e-10
159	0.00183245501035889	9.09542541189335e-10
160	0.00183251863697608	9.02255752873836e-10
161	0.00183258139920811	8.95069717697704e-10
162	0.00183264331235847	8.87982453264709e-10
163	0.00183270439137223	8.80992027741862e-10
164	0.00183276465084648	8.74096558276906e-10
165	0.00183282410504048	8.67294209474393e-10
166	0.00183288276788535	8.60583191927896e-10
167	0.00183294065299367	8.53961760805958e-10
168	0.00183299777366838	8.47428214489486e-10
169	0.00183305414291172	8.40980893258442e-10
170	0.00183310977343371	8.34618178025807e-10
171	0.00183316467766024	8.2833848911679e-10
172	0.00183321886774112	8.22140285091481e-10
173	0.00183327235555773	8.16022061609113e-10
174	0.00183332515273037	8.09982350332281e-10
175	0.00183337727062547	8.04019717869432e-10
176	0.00183342872036246	7.98132764754195e-10
177	0.0018334795128206	7.92320124459912e-10
178	0.00183352965864531	7.86580462448142e-10
179	0.00183357916825454	7.80912475249642e-10
180	0.00183362805184482	7.75314889576626e-10
181	0.00183367631939711	7.69786461465066e-10
182	0.00183372398068251	7.64325975445826e-10
183	0.00183377104526782	7.87841371774135e-10
184	0.00183381752252077	7.82310274949808e-10
185	0.00183386342161528	7.76846092253826e-10
186	0.00183390875153641	7.71447672194079e-10
187	0.00183395352108526	7.66113888966994e-10
188	0.00183399773888365	7.60843641754142e-10
189	0.00183404141337866	7.55635854041621e-10
190	0.0018340845528471	7.50489472961412e-10
191	0.00183412716539976	7.45403468653832e-10
192	0.00183416925898558	7.4037683365041e-10
193	0.00183421084139565	7.35408582276271e-10
194	0.00183425192026719	7.30497750071487e-10
195	0.00183429250308727	7.25643393230567e-10
196	0.00183433259719653	7.2084458805952e-10
197	0.00183437220979278	7.16100430449784e-10
198	0.00183441134793439	7.11410035368473e-10
199	0.00183445001854379	7.06772536364331e-10
200	0.00183448822841057	7.02187085088824e-10
201	0.00183452598419482	6.97652850831876e-10
202	0.00183456329243009	6.93169020071663e-10
203	0.00183460015952649	6.88734796038057e-10
204	0.00183463659177351	6.84349398289189e-10
205	0.00183467259534295	6.80012062300654e-10
206	0.00183470817629156	6.75722039067012e-10
207	0.00183474334056381	6.71478594715054e-10
208	0.00183477809399439	6.67281010128509e-10
209	0.00183481244231086	6.6312858058377e-10
210	0.001834846391136	6.59020615396255e-10
211	0.00183487994599026	6.54956437577086e-10
212	0.00183491311229405	6.50935383499671e-10
213	0.00183494589537	6.46956802575946e-10
214	0.00183497830044523	6.43020056941872e-10
215	0.00183501033265335	6.39124521151935e-10
216	0.00183504199703672	6.35269581882324e-10
217	0.00183507329854832	6.31454637642509e-10
218	0.00183510424205379	6.27679098494972e-10
219	0.00183513483233336	6.23942385782759e-10
220	0.00183516507408374	6.20243931864686e-10
221	0.00183519497191984	6.39631040070265e-10
222	0.00183522453037667	6.35871993688181e-10
223	0.00183525375391099	6.32150935564835e-10
224	0.00183528264690299	6.28467319952735e-10
225	0.00183531121365796	6.24820611268143e-10
226	0.00183533945840793	6.21210283858695e-10
227	0.00183536738531311	6.17635821777286e-10
228	0.00183539499846349	6.14096718562085e-10
229	0.00183542230188028	6.10592477022437e-10
230	0.00183544929951743	6.07122609030501e-10
231	0.00183547599526292	6.03686635318419e-10
232	0.00183550239294017	6.0028408528088e-10
233	0.00183552849630943	5.96914496782881e-10
234	0.00183555430906906	5.93577415972559e-10
235	0.00183557983485669	5.9027239709889e-10
236	0.00183560507725067	5.86999002334189e-10
237	0.00183563003977106	5.83756801601172e-10
238	0.00183565472588094	5.80545372404506e-10
239	0.00183567913898756	5.77364299666712e-10
240	0.00183570328244338	5.74213175568252e-10
241	0.00183572715954725	5.71091599391696e-10
242	0.00183575077354543	5.67999177369898e-10
243	0.00183577412763265	5.64935522537944e-10
244	0.00183579722495314	5.61900254588908e-10
245	0.0018358200686016	5.5889299973318e-10
246	0.00183584266162418	5.55913390561349e-10
247	0.00183586500701945	5.52961065910473e-10
248	0.00183588710773928	5.50035670733701e-10
249	0.00183590896668982	5.47136855973095e-10
250	0.00183593058673226	5.44264278435591e-10
251	0.00183595197068384	5.41417600672016e-10
252	0.0018359731213186	5.38596490859044e-10
253	0.00183599404136821	5.35800622684035e-10
254	0.0018360147335228	5.33029675232664e-10
255	0.00183603520043175	5.30283332879275e-10
256	0.00183605544470444	5.2756128517985e-10
257	0.00183607546891099	5.24863226767572e-10
258	0.00183609527558304	5.22188857250861e-10
259	0.0018361148672144	5.19537881113846e-10
260	0.00183613424626185	5.16910007619197e-10
261	0.00183615341514573	5.14304950713242e-10
262	0.00183617237625065	5.11722428933322e-10
263	0.00183619113192615	5.09162165317323e-10
264	0.00183620968448734	5.06623887315312e-10
265	0.00183622803621554	5.22605147895754e-10
266	0.00183624618935884	5.20018484704778e-10
267	0.00183626414613279	5.17453792779703e-10
268	0.00183628190872089	5.14910806991646e-10
269	0.00183629947927524	5.12389266358631e-10
270	0.00183631685991708	5.09888913965944e-10
271	0.00183633405273731	5.07409496888302e-10
272	0.00183635105979707	5.04950766113787e-10
273	0.00183636788312826	5.02512476469493e-10
274	0.00183638452473403	5.00094386548857e-10
275	0.00183640098658933	4.97696258640612e-10
276	0.00183641727064133	4.95317858659335e-10
277	0.00183643337880998	4.92958956077527e-10
278	0.00183644931298847	4.9061932385922e-10
279	0.00183646507504365	4.88298738395039e-10
280	0.00183648066681653	4.85996979438698e-10
281	0.00183649609012271	4.83713830044888e-10
282	0.00183651134675281	4.81449076508539e-10
283	0.00183652643847289	4.79202508305376e-10
284	0.0018365413670249	4.76973918033805e-10
285	0.00183655613412707	4.74763101358023e-10
286	0.00183657074147428	4.72569856952378e-10
287	0.00183658519073853	4.70393986446915e-10
288	0.00183659948356922	4.68235294374099e-10
289	0.00183661362159365	4.6609358811666e-10
290	0.00183662760641728	4.63968677856561e-10
291	0.00183664143962417	4.61860376525056e-10
292	0.00183665512277728	4.59768499753775e-10
293	0.00183666865741886	4.57692865826873e-10
294	0.00183668204507076	4.55633295634165e-10
295	0.00183669528723477	4.53589612625246e-10
296	0.001836708385393	4.51561642764569e-10
297	0.00183672134100811	4.49549214487459e-10
298	0.00183673415552371	4.47552158657031e-10
299	0.00183674683036459	4.45570308522012e-10
300	0.00183675936693711	4.43603499675417e-10
301	0.00183677176662942	4.41651570014082e-10
302	0.0018367840308118	4.3971435969902e-10
303	0.00183679616083694	4.37791711116592e-10
304	0.00183680815804019	4.35883468840452e-10
305	0.00183682002373985	4.33989479594289e-10
306	0.00183683175923747	4.32109592215295e-10
307	0.00183684336581811	4.30243657618375e-10
308	0.0018368548447505	4.283915287611e-10
309	0.00183686619728748	4.26553060609315e-10
310	0.00183687742466606	4.24728110103475e-10
311	0.00183688852810778	4.22916536125624e-10
312	0.00183689950881895	4.21118199467044e-10
313	0.00183691036799081	4.19332962796533e-10
314	0.00183692110679986	4.17560690629306e-10
315	0.001836931726408	4.30783882697447e-10
316	0.00183694222796278	4.28974199670467e-10
317	0.00183695261259769	4.27177538363541e-10
318	0.00183696288143227	4.25393765752046e-10
319	0.00183697303557234	4.23622750572439e-10
320	0.00183698307611034	4.21864363293629e-10
321	0.00183699300412529	4.20118476088899e-10
322	0.00183700282068325	4.18384962808374e-10
323	0.00183701252683732	4.16663698952001e-10
324	0.00183702212362794	4.14954561643059e-10
325	0.00183703161208305	4.13257429602167e-10
326	0.00183704099321825	4.11572183121782e-10
327	0.00183705026803702	4.09898704041192e-10
328	0.00183705943753091	4.08236875721959e-10
329	0.00183706850267964	4.06586583023851e-10
330	0.00183707746445139	4.04947712281203e-10
331	0.00183708632380286	4.03320151279724e-10
332	0.00183709508167949	4.01703789233755e-10
333	0.00183710373901563	4.00098516763913e-10
334	0.00183711229673468	3.98504225875192e-10
335	0.00183712075574925	3.96920809935435e-10
336	0.00183712911696138	3.95348163654215e-10
337	0.00183713738126255	3.93786183062113e-10
338	0.00183714554953396	3.92234765490354e-10
339	0.00183715362264665	3.90693809550836e-10
340	0.00183716160146161	3.89163215116508e-10
341	0.00183716948682996	3.87642883302116e-10
342	0.00183717727959303	3.86132716445285e-10
343	0.00183718498058262	3.8463261808795e-10
344	0.00183719259062097	3.83142492958125e-10
345	0.00183720011052106	3.81662246951984e-10
346	0.0018372075410866	3.80191787116286e-10
347	0.00183721488311226	3.78731021631088e-10
348	0.00183722213738375	3.77279859792786e-10
349	0.00183722930467796	3.7583821199744e-10
350	0.00183723638576303	3.74405989724418e-10
351	0.00183724338139858	3.72983105520295e-10
352	0.00183725029233573	3.7156947298307e-10
353	0.00183725711931728	3.70165006746631e-10
354	0.00183726386307773	3.68769622465513e-10
355	0.00183727052434354	3.67383236799907e-10
356	0.00183727710383312	3.66005767400945e-10
357	0.00183728360225696	3.64637132896219e-10
358	0.0018372900203178	3.63277252875575e-10
359	0.00183729635871068	3.61926047877133e-10
360	0.00183730261812303	3.60583439373557e-10
361	0.00183730879923482	3.59249349758561e-10
362	0.00183731490271864	3.57923702333638e-10
363	0.00183732092923981	3.56606421295026e-10
364	0.00183732687945642	3.55297431720886e-10
365	0.00183733275401951	3.53996659558712e-10
366	0.00183733855357313	3.5270403161293e-10
367	0.00183734427875441	3.51419475532736e-10
368	0.00183734993019365	3.50142919800111e-10
369	0.00183735550851449	3.48874293718063e-10
370	0.00183736101433389	3.47613527399042e-10
371	0.00183736644826226	3.46360551753566e-10
372	0.00183737181090361	3.45115298479027e-10
373	0.00183737710285547	3.43877700048693e-10
374	0.0018373823247092	3.54775877573686e-10
375	0.00183738747704986	3.53510118713941e-10
376	0.00183739256045642	3.52252080603678e-10
377	0.0018373975755018	3.51001696429134e-10
378	0.00183740252275292	3.4975890012567e-10
379	0.00183740740277084	3.48523626367455e-10
380	0.00183741221611079	3.47295810557325e-10
381	0.00183741696332222	3.46075388816801e-10
382	0.00183742164494898	3.44862297976264e-10
383	0.00183742626152924	3.4365647556531e-10
384	0.0018374308135957	3.42457859803231e-10
385	0.00183743530167557	3.41266389589676e-10
386	0.00183743972629069	3.40082004495444e-10
387	0.00183744408795756	3.38904644753438e-10
388	0.00183744838718744	3.37734251249748e-10
389	0.00183745262448637	3.36570765514893e-10
390	0.00183745680035534	3.35414129715195e-10
391	0.00183746091529019	3.34264286644283e-10
392	0.00183746496978183	3.33121179714739e-10
393	0.00183746896431618	3.3198475294988e-10
394	0.00183747289937433	3.30854950975662e-10
395	0.00183747677543254	3.29731719012712e-10
396	0.00183748059296233	3.28615002868483e-10
397	0.0018374843524305	3.2750474892954e-10
398	0.00183748805429921	3.26400904153963e-10
399	0.00183749169902608	3.25303416063858e-10
400	0.00183749528706417	3.24212232737995e-10
401	0.00183749881886204	3.23127302804566e-10
402	0.00183750229486391	3.22048575434033e-10
403	0.00183750571550958	3.20976000332107e-10
404	0.00183750908123455	3.19909527732826e-10
405	0.0018375123924701	3.18849108391739e-10
406	0.00183751564964323	3.17794693579197e-10
407	0.00183751885317686	3.1674623507374e-10
408	0.00183752200348975	3.15703685155599e-10
409	0.00183752510099664	3.14666996600275e-10
410	0.00183752814610824	3.13636122672236e-10
411	0.00183753113923128	3.12611017118696e-10
412	0.00183753408076863	3.11591634163495e-10
413	0.00183753697111923	3.10577928501065e-10
414	0.00183753981067827	3.09569855290491e-10
415	0.00183754259983708	3.08567370149662e-10
416	0.00183754533898331	3.07570429149499e-10
417	0.00183754802850093	3.06578988808288e-10
418	0.00183755066877022	3.05593006086076e-10
419	0.0018375532601679	3.04612438379168e-10
420	0.0018375558030671	3.03637243514686e-10
421	0.00183755829783744	3.02667379745232e-10
422	0.00183756074484505	3.01702805743613e-10
423	0.00183756314445264	3.00743480597641e-10
424	0.00183756549701952	2.99789363805025e-10
425	0.00183756780290162	2.98840415268325e-10
426	0.00183757006245156	2.97896595289981e-10
427	0.0018375722760187	2.96957864567416e-10
428	0.00183757444394911	2.96024184188216e-10
429	0.00183757656658569	2.95095515625369e-10
430	0.00183757864426813	2.94171820732577e-10
431	0.00183758067733301	2.93253061739642e-10
432	0.00183758266611383	2.92339201247907e-10
433	0.00183758461094096	2.91430202225772e-10
434	0.00183758651214181	2.90526028004271e-10
435	0.00183758837004074	2.89626642272708e-10
436	0.00183759018495918	2.88732009074361e-10
437	0.00183759195721563	2.87842092802247e-10
438	0.00183759368712566	2.8695685819494e-10
439	0.001837595375002	2.86076270332459e-10
440	0.00183759702115454	2.85200294632203e-10
441	0.00183759862589039	2.94217862246876e-10
442	0.00183760018951386	2.9332085925966e-10
443	0.00183760171232653	2.92428523543186e-10
444	0.00183760319462727	2.91540820667696e-10
445	0.00183760463671229	2.90657716532416e-10
446	0.00183760603887512	2.89779177361693e-10
447	0.00183760740140667	2.88905169701192e-10
448	0.0018376087245953	2.88035660414137e-10
449	0.00183761000872677	2.87170616677613e-10
450	0.00183761125408427	2.86310005978918e-10
451	0.00183761246094857	2.85453796111959e-10
452	0.0018376136295979	2.84601955173706e-10
453	0.00183761476030803	2.83754451560684e-10
454	0.00183761585335233	2.82911253965526e-10
455	0.00183761690900176	2.82072331373564e-10
456	0.00183761792752489	2.81237653059467e-10
457	0.00183761890918795	2.80407188583928e-10
458	0.00183761985425484	2.79580907790399e-10
459	0.00183762076298719	2.7875878080186e-10
460	0.00183762163564432	2.77940778017636e-10
461	0.00183762247248329	2.77126870110268e-10
462	0.00183762327375897	2.76317028022407e-10
463	0.001837624039724	2.75511222963766e-10
464	0.00183762477062885	2.74709426408101e-10
465	0.00183762546672181	2.73911610090241e-10
466	0.00183762612824908	2.73117746003155e-10
467	0.00183762675545473	2.72327806395054e-10
468	0.00183762734858069	2.71541763766537e-10
469	0.0018376279078669	2.70759590867772e-10
470	0.0018376284335512	2.69981260695716e-10
471	0.00183762892586942	2.6920674649137e-10
472	0.00183762938505543	2.68436021737072e-10
473	0.00183762981134101	2.67669060153819e-10
474	0.00183763020495606	2.6690583569864e-10
475	0.00183763056612855	2.66146322561983e-10
476	0.00183763089508448	2.65390495165154e-10
477	0.00183763119204796	2.64638328157774e-10
478	0.00183763145724123	2.63889796415284e-10
479	0.00183763169088464	2.63144875036471e-10
480	0.00183763189319673	2.62403539341031e-10
481	0.0018376320643942	2.61665764867161e-10
482	0.00183763220469193	2.60931527369192e-10
483	0.00183763231430303	2.6020080281523e-10
484	0.00183763239343882	2.59473567384854e-10
485	0.00183763244230891	2.58749797466828e-10
486	0.00183763246112112	2.58029469656841e-10
487	0.00183763245008158	2.5731256075529e-10
488	0.00183763240939471	2.56599047765066e-10
489	0.00183763233926328	2.55888907889402e-10
490	0.00183763223988835	2.55182118529718e-10
491	0.00183763211146937	2.54478657283508e-10
492	0.00183763195420411	2.53778501942254e-10
493	0.00183763176828878	2.53081630489363e-10
494	0.00183763155391795	2.52388021098126e-10
495	0.00183763131128461	2.51697652129713e-10
496	0.00183763104058019	2.51010502131185e-10
497	0.00183763074199459	2.50326549833532e-10
498	0.00183763041571611	2.4964577414974e-10
499	0.00183763006193159	2.48968154172875e-10
500	0.00183762968082635	2.482936691742e-10
501	0.00183762927258419	2.47622298601305e-10
502	0.00183762883738744	2.46954022076268e-10
503	0.00183762837541698	2.46288819393836e-10
504	0.00183762788685225	2.45626670519627e-10
505	0.00183762737187122	2.4496755558836e-10
506	0.00183762683065049	2.44311454902097e-10
507	0.0018376262633652	2.43658348928517e-10
508	0.00183762567018913	2.43008218299206e-10
509	0.00183762505129467	2.42361043807961e-10
510	0.00183762440685283	2.41716806409133e-10
511	0.00183762373703329	2.41075487215971e-10
512	0.00183762304200438	2.40437067499001e-10
513	0.0018376223219331	2.39801528684408e-10
514	0.00183762157698513	2.3916885235246e-10
515	0.00183762080732488	2.38539020235929e-10
516	0.00183762001311544	2.37912014218544e-10
517	0.00183761919451859	2.45399637426792e-10
518	0.00183761835169492	2.44756986678916e-10
519	0.00183761748480372	2.4411720335622e-10
520	0.00183761659400306	2.43480269331938e-10
521	0.00183761567944975	2.42846166627694e-10
522	0.00183761474129943	2.42214877412002e-10
523	0.00183761377970647	2.41586383998799e-10
524	0.00183761279482411	2.40960668845987e-10
525	0.00183761178680436	2.40337714553995e-10
526	0.00183761075579808	2.39717503864353e-10
527	0.00183760970195496	2.39100019658292e-10
528	0.00183760862542356	2.38485244955356e-10
529	0.00183760752635126	2.37873162912026e-10
530	0.00183760640488434	2.37263756820366e-10
531	0.00183760526116795	2.36657010106685e-10
532	0.00183760409534615	2.3605290633021e-10
533	0.00183760290756188	2.35451429181776e-10
534	0.001837601697957	2.3485256248254e-10
535	0.00183760046667229	2.34256290182693e-10
536	0.00183759921384746	2.33662596360202e-10
537	0.00183759793962118	2.33071465219559e-10
538	0.00183759664413106	2.3248288109055e-10
539	0.00183759532751365	2.31896828427031e-10
540	0.0018375939899045	2.31313291805722e-10
541	0.00183759263143814	2.30732255925018e-10
542	0.00183759125224806	2.30153705603808e-10
543	0.00183758985246678	2.29577625780308e-10
544	0.00183758843222582	2.29004001510918e-10
545	0.0018375869916557	2.28432817969072e-10
546	0.00183758553088601	2.27864060444122e-10
547	0.00183758405004531	2.27297714340219e-10
548	0.00183758254926125	2.2673376517522e-10
549	0.00183758102866052	2.2617219857959e-10
550	0.00183757948836887	2.25613000295339e-10
551	0.00183757792851112	2.25056156174951e-10
552	0.00183757634921117	2.24501652180335e-10
553	0.00183757475059198	2.23949474381786e-10
554	0.00183757313277565	2.23399608956961e-10
555	0.00183757149588335	2.22852042189856e-10
556	0.00183756984003536	2.22306760469808e-10
557	0.00183756816535111	2.217637502905e-10
558	0.00183756647194909	2.21222998248975e-10
559	0.001837564759947	2.20684491044673e-10
560	0.00183756302946163	2.20148215478461e-10
561	0.00183756128060893	2.19614158451691e-10
562	0.00183755951350402	2.19082306965257e-10
563	0.00183755772826117	2.18552648118668e-10
564	0.00183755592499384	2.18025169109128e-10
565	0.00183755410381463	2.1749985723063e-10
566	0.00183755226483534	2.16976699873054e-10
567	0.00183755040816701	2.16455684521284e-10
568	0.00183754853391982	2.15936798754322e-10
569	0.00183754664220316	2.15420030244427e-10
570	0.00183754473312568	2.1490536675625e-10
571	0.0018375428067952	2.14392796145984e-10
572	0.00183754086331881	2.13882306360528e-10
573	0.0018375389028028	2.13373885436649e-10
574	0.00183753692535271	2.12867521500164e-10
575	0.00183753493107334	2.12363202765123e-10
576	0.00183753292006872	2.11860917533008e-10
577	0.00183753089244217	2.11360654191932e-10
578	0.00183752884829624	2.10862401215853e-10
579	0.0018375267877328	2.10366147163801e-10
580	0.00183752471085295	2.09871880679095e-10
581	0.0018375226177571	2.09379590488592e-10
582	0.00183752050854495	2.08889265401926e-10
583	0.00183751838331551	2.08400894310764e-10
584	0.00183751624216705	2.07914466188069e-10
585	0.00183751408519719	2.07429970087367e-10
586	0.00183751191250287	2.06947395142025e-10
587	0.00183750972418029	2.06466730564539e-10
588	0.00183750752032507	2.05987965645821e-10
589	0.00183750530103209	2.05511089754506e-10
590	0.00183750306639556	2.05036092336253e-10
591	0.00183750081650913	2.04562962913065e-10
592	0.00183749855146566	2.04091691082609e-10
593	0.00183749627135748	2.03622266517544e-10
594	0.00183749397627624	2.03154678964859e-10
595	0.00183749166631293	2.02688918245217e-10
596	0.00183748934155794	2.02224974252301e-10
597	0.00183748700210102	2.01762836952177e-10
598	0.00183748464803132	2.01302496382654e-10
599	0.00183748227943736	2.00843942652653e-10
600	0.00183747989640706	2.00387165941584e-10
601	0.00183747749902772	1.99932156498737e-10
602	0.00183747508738607	1.99478904642661e-10
603	0.00183747266156822	2.05716932662452e-10
604	0.00183747022165971	2.05252050093805e-10
605	0.00183746776774547	2.04788954589141e-10
606	0.00183746529990987	2.04327636421795e-10
607	0.00183746281823671	2.03868085933631e-10
608	0.00183746032280922	2.03410293534458e-10
609	0.00195775935782609	2.02954249701436e-10
610	0.00195775649519247	2.02499944978501e-10
611	0.00195775361801857	2.02047369975787e-10
612	0.00195775072639192	2.01596515369058e-10
613	0.00195774782039947	2.01147371899144e-10
614	0.00195774490012752	2.00699930371383e-10
615	0.00195774196566189	2.00254181655075e-10
616	0.00195773901708775	1.99810116682927e-10
617	0.0019577360544897	1.99367726450518e-10
618	0.00195773307795181	1.98927002015766e-10
619	0.00195773008755754	1.98487934498389e-10
620	0.00195772708338983	1.9805051507939e-10
621	0.00195772406553105	1.97614735000535e-10
622	0.00195772103406301	1.97180585563836e-10
623	0.001957717989067	1.96748058131048e-10
624	0.00195771493062375	1.96317144123158e-10
625	0.00195771185881346	1.95887835019893e-10
626	0.00195770877371579	1.95460122359222e-10
627	0.00195770567540988	1.9503399773687e-10
628	0.00195770256397433	1.94609452805834e-10
629	0.00195769943948726	1.94186479275899e-10
630	0.00195769630202624	1.93765068913172e-10
631	0.0019576931516683	1.93345213539606e-10
632	0.00195768998849005	1.92926905032535e-10
633	0.00195768681256753	1.9251013532422e-10
634	0.00195768362397627	1.92094896401384e-10
635	0.00195768042279136	1.91681180304766e-10
636	0.00195767720908735	1.91268979128676e-10
637	0.00195767398293833	1.90858285020548e-10
638	0.00195767074441789	1.90449090180503e-10
639	0.00195766749359913	1.90041386860916e-10
640	0.00195766423055473	1.89635167365986e-10
641	0.00195766095535681	1.89230424051308e-10
642	0.0019576576680771	1.88827149323457e-10
643	0.00195765436878683	1.88425335639566e-10
644	0.00195765105755675	1.88024975506915e-10
645	0.00195764773445719	1.87626061482519e-10
646	0.001957644399558	1.87228586172728e-10
647	0.00195764105292858	1.86832542232819e-10
648	0.00195763769463789	1.86437922366603e-10
649	0.00195763432475444	1.86044719326033e-10
650	0.00195763094334632	1.85652925910807e-10
651	0.00195762755048115	1.85262534967989e-10
652	0.00195762414622615	1.84873539391622e-10
653	0.00195762073064805	1.84485932122354e-10
654	0.00195761730381324	1.84099706147054e-10
655	0.00195761386578761	1.83714854498452e-10
656	0.00195761041663668	1.83331370254763e-10
657	0.0019576069564255	1.82949246539324e-10
658	0.00195760348521878	1.82568476520235e-10
659	0.00195760000308072	1.82189053409998e-10
660	0.00195759651007521	1.81810970465166e-10
661	0.00195759300626568	1.8143422098599e-10
662	0.00195758949171515	1.81058798316072e-10
663	0.00195758596648629	1.80684695842021e-10
664	0.00195758243064132	1.80311906993113e-10
665	0.00195757888424211	1.7994042524095e-10
666	0.0019575753273501	1.79570244099127e-10
667	0.00195757176002637	1.79201357122902e-10
668	0.00195756818233164	1.78833757908864e-10
669	0.00195756459432618	1.78467440094611e-10
670	0.00195756099606993	1.78102397358428e-10
671	0.00195755738762246	1.77738623418962e-10
672	0.00195755376904293	1.77376112034912e-10
673	0.00195755014039016	1.77014857004714e-10
674	0.00195754650172262	1.76654852166225e-10
675	0.00195754285309834	1.76296091396427e-10
676	0.00195753919457506	1.75938568611108e-10
677	0.00195753552621016	1.75582277764572e-10
678	0.00195753184806062	1.75227212849332e-10
679	0.00195752816018308	1.74873367895819e-10
680	0.00195752446263386	1.74520736972083e-10
681	0.00195752075546889	1.74169314183504e-10
682	0.0019575170387438	1.73819093672509e-10
683	0.00195751331251382	1.73470069618277e-10
684	0.00195750957683388	1.73122236236461e-10
685	0.00195750583175854	1.72775587778908e-10
686	0.00195750207734207	1.72430118533381e-10
687	0.00195749831363838	1.72085822823279e-10
688	0.00195749454070104	1.71742695007371e-10
689	0.0019574907585833	1.71400729479519e-10
690	0.00195748696733808	1.71059920668415e-10
691	0.00195748316701799	1.70720263037313e-10
692	0.00195747935767528	1.70381751083765e-10
693	0.00195747553936197	1.70044379339365e-10
694	0.00195747171212964	1.69708142369482e-10
695	0.00195746787602964	1.69373034773012e-10
696	0.001957464031113	1.69039051182121e-10
697	0.00195746017743041	1.68706186261992e-10
698	0.00195745631503228	1.68374434710579e-10
699	0.00195745244396867	1.68043791258355e-10
700	0.00195744856428941	1.73258150795541e-10
701	0.00195744467604398	1.72918850974314e-10
702	0.00195744077928154	1.72580679749118e-10
703	0.001957436874051	1.72243631808123e-10
704	0.00195743296040097	1.7190770187185e-10
705	0.00195742903837973	1.71572884692937e-10
706	0.00195742510803532	1.71239175055893e-10
707	0.00195742116941543	1.70906567776862e-10
708	0.00195741722256754	1.7057505770339e-10
709	0.00195741326753876	1.70244639714185e-10
710	0.001957409304376	1.69915308718896e-10
711	0.00195740533312583	1.69587059657872e-10
712	0.00195740135383458	1.69259887501944e-10
713	0.00195739736654826	1.68933787252194e-10
714	0.00195739337131266	1.68608753939735e-10
715	0.00195738936817325	1.68284782625487e-10
716	0.00195738535717528	1.67961868399958e-10
717	0.00195738133836366	1.67640006383028e-10
718	0.0019573773117831	1.67319191723735e-10
719	0.00195737327747799	1.66999419600053e-10
720	0.00195736923549252	1.66680685218689e-10
721	0.00195736518587058	1.66362983814872e-10
722	0.00195736112865578	1.66046310652136e-10
723	0.00195735706389152	1.65730661022125e-10
724	0.00195735299162092	1.65416030244381e-10
725	0.00195734891188684	1.65102413666144e-10
726	0.00195734482473189	1.6478980666215e-10
727	0.00195734073019846	1.64478204634429e-10
728	0.00195733662832865	1.64167603012114e-10
729	0.00195733251916432	1.63857997251238e-10
730	0.00195732840274711	1.63549382834543e-10
731	0.00195732427911838	1.63241755271287e-10
732	0.00195732014831929	1.62935110097053e-10
733	0.00195731601039074	1.62629442873559e-10
734	0.00195731186537339	1.62324749188471e-10
735	0.00195730771330764	1.62021024655214e-10
736	0.00195730355423368	1.61718264912792e-10
737	0.00195729938819149	1.61416465625604e-10
738	0.00195729521522078	1.61115622483258e-10
739	0.00195729103536104	1.60815731200396e-10
740	0.00195728684865152	1.60516787516513e-10
741	0.00195728265513127	1.60218787195781e-10
742	0.0019572784548391	1.59921726026875e-10
743	0.0019572742478136	1.59625599822796e-10
744	0.00195727003409311	1.59330404420699e-10
745	0.00195726581371578	1.59036135681726e-10
746	0.00195726158671955	1.5874278949083e-10
747	0.0019572573531421	1.58450361756613e-10
748	0.00195725311302093	1.58158848411153e-10
749	0.0019572488663933	1.57868245409847e-10
750	0.00195724461329629	1.57578548731238e-10
751	0.00195724035376672	1.57289754376857e-10
752	0.00195723608784124	1.57001858371063e-10
753	0.00195723181555626	1.5671485676088e-10
754	0.00195722753694801	1.56428745615838e-10
755	0.00195722325205249	1.56143521027821e-10
756	0.00195721896090551	1.55859179110903e-10
757	0.00195721466354269	1.55575716001201e-10
758	0.00195721035999939	1.55293127856716e-10
759	0.00195720605031083	1.55011410857186e-10
760	0.00195720173451201	1.54730561203926e-10
761	0.0019571974126377	1.54450575119693e-10
762	0.00195719308472254	1.54171448848522e-10
763	0.00195718875080092	1.53893178655588e-10
764	0.00195718441090704	1.5361576082706e-10
765	0.00195718006507493	1.5333919166995e-10
766	0.00195717571333842	1.53063467511977e-10
767	0.00195717135573112	1.52788584701419e-10
768	0.00195716699228651	1.52514539606973e-10
769	0.00195716262303781	1.52241328617618e-10
770	0.00195715824801813	1.51968948142471e-10
771	0.00195715386726033	1.51697394610652e-10
772	0.00195714948079711	1.51426664471149e-10
773	0.001957145088661	1.51156754192678e-10
774	0.00195714069088432	1.50887660263551e-10
775	0.00195713628749923	1.50619379191542e-10
776	0.00195713187853771	1.50351907503757e-10
777	0.00195712746403154	1.50085241746497e-10
778	0.00195712304401235	1.49819378485134e-10
779	0.00195711861851158	1.49554314303978e-10
780	0.00195711418756049	1.49290045806149e-10
781	0.00195710975119019	1.49026569613453e-10
782	0.00195710530943158	1.48763882366252e-10
783	0.00195710086231541	1.4850198072334e-10
784	0.00195709640987228	1.4824086136182e-10
785	0.00195709195213258	1.47980520976981e-10
786	0.00195708748912656	1.47720956282173e-10
787	0.00195708302088429	1.47462164008692e-10
788	0.00195707854743567	1.4720414090565e-10
789	0.00195707406881044	1.46946883739865e-10
790	0.00195706958503819	1.4669038929574e-10
791	0.00195706509614832	1.46434654375142e-10
792	0.0019570606021701	1.4617967579729e-10
793	0.00195705610313262	1.45925450398637e-10
794	0.00195705159906479	1.45671975032756e-10
795	0.0019570470899954	1.45419246570229e-10
796	0.00195704257595308	1.45167261898528e-10
797	0.00195703805696627	1.44916017921908e-10
798	0.00195703353306327	1.44665511561296e-10
799	0.00195702900427225	1.44415739754178e-10
800	0.00195702447062117	1.44166699454492e-10
801	0.0019570199321379	1.43918387632518e-10
802	0.00195701538885013	1.43670801274773e-10
803	0.00195701084078537	1.43423937383899e-10
804	0.00195700628797104	1.43177792978564e-10
805	0.00195700173043438	1.4293236509335e-10
806	0.00195699716820246	1.42687650778653e-10
807	0.00195699260130224	1.42443647100582e-10
808	0.00195698802976052	1.42200351140847e-10
809	0.00195698345360396	1.46573972190154e-10
810	0.00195697887285904	1.46324217170071e-10
811	0.00195697428755215	1.46075183938141e-10
812	0.00195696969770952	1.45826869544593e-10
813	0.00195696510335721	1.45579271055253e-10
814	0.00195696050452118	1.45332385551441e-10
815	0.00195695590122721	1.45086210129871e-10
816	0.001956951293501	1.44840741902554e-10
817	0.00195694668136804	1.44595977996697e-10
818	0.00195694206485372	1.44351915554602e-10
819	0.00195693744398331	1.44108551733577e-10
820	0.00195693281878191	1.43865883705828e-10
821	0.00195692818927451	1.43623908658376e-10
822	0.00195692355548594	1.43382623792948e-10
823	0.00195691891744095	1.43142026325893e-10
824	0.00195691427516409	1.42902113488087e-10
825	0.00195690962867982	1.42662882524833e-10
826	0.00195690497801245	1.42424330695776e-10
827	0.00195690032318619	1.4218645527481e-10
828	0.00195689566422508	1.41949253549983e-10
829	0.00195689100115309	1.41712722823413e-10
830	0.00195688633399399	1.41476860411194e-10
831	0.00195688166277146	1.41241663643305e-10
832	0.00195687698750907	1.41007129863531e-10
833	0.00195687230823025	1.40773256429366e-10
834	0.00195686762495829	1.40540040711929e-10
835	0.00195686293771639	1.40307480095881e-10
836	0.0019568582465276	1.40075571979336e-10
837	0.00195685355141486	1.39844313773776e-10
838	0.00195684885240095	1.39613702903969e-10
839	0.00195684414950863	1.39383736807882e-10
840	0.00195683944276043	1.39154412936604e-10
841	0.00195683473217881	1.38925728754254e-10
842	0.00195683001778613	1.38697681737909e-10
843	0.00195682529960459	1.38470269377517e-10
844	0.0019568205776563	1.38243489175819e-10
845	0.00195681585196325	1.38017338648265e-10
846	0.00195681112254731	1.37791815322941e-10
847	0.00195680638943025	1.37566916740483e-10
848	0.0019568016526337	1.37342640454006e-10
849	0.00195679691217918	1.37118984029021e-10
850	0.00195679216808813	1.36895945043361e-10
851	0.00195678742038185	1.36673521087099e-10
852	0.00195678266908153	1.36451709762482e-10
853	0.00195677791420826	1.36230508683846e-10
854	0.00195677315578301	1.36009915477546e-10
855	0.00195676839382665	1.3578992778188e-10
856	0.00195676362835993	1.35570543247017e-10
857	0.00195675885940349	1.35351759534922e-10
858	0.00195675408697789	1.35133574319285e-10
859	0.00195674931110355	1.34915985285446e-10
860	0.00195674453180082	1.34698990130327e-10
861	0.0019567397490899	1.34482586562358e-10
862	0.00195673496299092	1.34266772301408e-10
863	0.00195673017352389	1.34051545078714e-10
864	0.00195672538070871	1.33836902636812e-10
865	0.00195672058456521	1.3362284272947e-10
866	0.00195671578511307	1.33409363121615e-10
867	0.00195671098237193	1.33196461589266e-10
868	0.00195670617636127	1.32984135919471e-10
869	0.00195670136710049	1.32772383910236e-10
870	0.0019566965546089	1.32561203370456e-10
871	0.0019566917389057	1.32350592119855e-10
872	0.00195668692001	1.32140547988916e-10
873	0.00195668209794079	1.31931068818818e-10
874	0.00195667727271701	1.31722152461369e-10
875	0.00195667244435744	1.31513796778944e-10
876	0.00195666761288081	1.3130599964442e-10
877	0.00195666277830574	1.31098758941113e-10
878	0.00195665794065077	1.30892072562716e-10
879	0.00195665309993429	1.30685938413236e-10
880	0.00195664825617467	1.30480354406929e-10
881	0.00195664340939015	1.30275318468245e-10
882	0.00195663855959887	1.3007082853176e-10
883	0.00195663370681888	1.2986688254212e-10
884	0.00195662885106816	1.2966347845398e-10
885	0.00195662399236457	1.29460614231942e-10
886	0.00195661913072592	1.29258287850497e-10
887	0.00195661426616986	1.29056497293968e-10
888	0.00195660939871403	1.28855240556447e-10
889	0.00195660452837592	1.28654515641742e-10
890	0.00195659965517297	1.28454320563315e-10
891	0.0019565947791225	1.28254653344225e-10
892	0.00195658990024178	1.28055512017077e-10
893	0.00195658501854795	1.27856894623957e-10
894	0.0019565801340581	1.27658799216381e-10
895	0.0019565752467892	1.27461223855239e-10
896	0.00195657035675818	1.27264166610737e-10
897	0.00195656546398184	1.27067625562345e-10
898	0.00195656056847692	1.26871598798742e-10
899	0.00195655567026005	1.26676084417761e-10
900	0.00195655076934783	1.26481080526333e-10
901	0.0019565458657567	1.26286585240439e-10
902	0.00195654095950309	1.26092596685051e-10
903	0.00195653605060328	1.25899112994085e-10
904	0.00195653113907356	1.25706132310344e-10
905	0.00195652622493004	1.25513652785466e-10
906	0.00195652130818881	1.25321672579881e-10
907	0.00195651638886585	1.25130189862745e-10
908	0.00195651146697709	1.24939202811902e-10
909	0.00195650654253834	1.24748709613826e-10
910	0.00195650161556537	1.24558708463577e-10
911	0.00195649668607383	1.24369197564744e-10
912	0.00195649175407936	1.24180175129401e-10
913	0.00195648681959743	1.23991639378054e-10
914	0.00195648188264353	1.23803588539597e-10
915	0.001956476943233	1.23616020851258e-10
916	0.0019564720013811	1.23428934558556e-10
917	0.00195646705710308	1.23242327915248e-10
918	0.00195646211041407	1.23056199183285e-10
919	0.00195645716132913	1.22870546632765e-10
920	0.00195645220986324	1.22685368541885e-10
921	0.00195644725603132	1.22500663196892e-10
922	0.00195644229984819	1.22316428892044e-10
923	0.00195643734132864	1.22132663929555e-10
924	0.00195643238048736	1.21949366619557e-10
925	0.00195642741733895	1.21766535280051e-10
926	0.00195642245189798	1.2158416823686e-10
927	0.00195641748417889	1.21402263823589e-10
928	0.00195641251419613	1.21220820381582e-10
929	0.00195640754196401	1.21039836259868e-10
930	0.00195640256749678	1.20859309815127e-10
931	0.00195639759080865	1.24540731769547e-10
932	0.00195639261191374	1.24355368429692e-10
933	0.0019563876308261	1.2417047237075e-10
934	0.00195638264755972	1.23986041927942e-10
935	0.00195637766212851	1.23802075444162e-10
936	0.00195637267454632	1.23618571269928e-10
937	0.00195636768482691	1.23435527763348e-10
938	0.00195636269298402	1.23252943290067e-10
939	0.00195635769903128	1.23070816223232e-10
940	0.00195635270298227	1.22889144943447e-10
941	0.00195634770485051	1.2270792783873e-10
942	0.00195634270464943	1.22527163304475e-10
943	0.00195633770239242	1.22346849743405e-10
944	0.00195633269809276	1.22166985565537e-10
945	0.00195632769176376	1.21987569188136e-10
946	0.00195632268341857	1.21808599035679e-10
947	0.00195631767307031	1.21630073539809e-10
948	0.00195631266073205	1.21451991139302e-10
949	0.00195630764641676	1.21274350280021e-10
950	0.00195630263013739	1.2109714941488e-10
951	0.00195629761190682	1.20920387003804e-10
952	0.00195629259173782	1.2074406151369e-10
953	0.00195628756964316	1.20568171418368e-10
954	0.00195628254563551	1.20392715198561e-10
955	0.00195627751972747	1.20217691341851e-10
956	0.00195627249193163	1.20043098342636e-10
957	0.00195626746226047	1.19868934702098e-10
958	0.00195626243072643	1.19695198928159e-10
959	0.0019562573973419	1.19521889535447e-10
960	0.00195625236211918	1.19349005045263e-10
961	0.00195624732507054	1.19176543985535e-10
962	0.00195624228620816	1.19004504890792e-10
963	0.0019562372455442	1.18832886302118e-10
964	0.00195623220309073	1.18661686767123e-10
965	0.00195622715885977	1.18490904839904e-10
966	0.0019562221128633	1.18320539081011e-10
967	0.00195621706511321	1.1815058805741e-10
968	0.00195621201562136	1.17981050342448e-10
969	0.00195620696439954	1.17811924515821e-10
970	0.00195620191145949	1.17643209163535e-10
971	0.00195619685681289	1.17474902877875e-10
972	0.00195619180047136	1.1730700425737e-10
973	0.00195618674244648	1.17139511906758e-10
974	0.00195618168274976	1.16972424436952e-10
975	0.00195617662139264	1.16805740465009e-10
976	0.00195617155838653	1.16639458614093e-10
977	0.0019561664937428	1.16473577513446e-10
978	0.00195616142747272	1.16308095798352e-10
979	0.00195615635958754	1.16143012110104e-10
980	0.00195615129009846	1.15978325095976e-10
981	0.00195614621901659	1.15814033409184e-10
982	0.00195614114635302	1.15650135708859e-10
983	0.00195613607211878	1.15486630660015e-10
984	0.00195613099632485	1.15323516933513e-10
985	0.00195612591898213	1.15160793206035e-10
986	0.00195612084010153	1.14998458160049e-10
987	0.00195611575969382	1.1483651048378e-10
988	0.00195611067776982	1.14674948871178e-10
989	0.00195610559434021	1.14513772021887e-10
990	0.00195610050941568	1.14352978641216e-10
991	0.00195609542300682	1.14192567440107e-10
992	0.00195609033512422	1.14032537135108e-10
993	0.00195608524577837	1.13872886448338e-10
994	0.00195608015497975	1.13713614107462e-10
995	0.00195607506273879	1.1355471884566e-10
996	0.00195606996906582	1.13396199401596e-10
997	0.00195606487397119	1.13238054519392e-10
998	0.00195605977746515	1.13080282948596e-10
999	0.00195605467955793	1.12922883444156e-10
1000	0.0019387463583423	1.12480311467067e-10
1001	0.00195604447958057	1.12609195680949e-10
