1	27.3461219446483	18.8680563406676
2	31.1786640226808	20.8893318139348
3	32.6876903494598	21.4746303234156
4	33.4700375179495	21.6614919422636
5	33.9345876199085	21.6954035486036
6	34.2335337482687	21.6609940074888
7	34.4361895262119	21.5934615387677
8	34.5784636225085	21.5097286757871
9	34.6807282805714	21.4180636732701
10	34.7553476533274	21.3234740547281
11	34.8102270316848	21.2283727656859
12	34.8506349262458	21.1341465429088
13	34.8802032935554	21.0417426986518
14	34.9015071711363	20.9517838100888
15	34.9164159543077	20.864268600988
16	34.9263144448587	20.7793053599073
17	34.9322464880666	20.6969148284661
18	34.935010930186	20.6172591386147
19	34.9352272914714	20.5401161198376
20	34.9333816786051	20.4653520839156
21	34.9298594933186	20.3928738136747
22	34.9249691299913	20.3225835616105
23	34.9189594062103	20.2544055956646
24	34.9120325598382	20.1883823648443
25	34.9043540609842	20.1242498230022
26	34.8960601034488	20.0619178732826
27	34.8872633837558	20.0013005474511
28	34.8780576016054	19.9423162214965
29	34.8685209953126	19.8848876605577
30	34.8587191415996	19.8289419530618
31	34.8487071893983	19.7745512843548
32	34.8385556623576	19.7215088972414
33	34.8283204895837	19.6697509007978
34	34.8179922420915	19.619220216492
35	34.8075993452685	19.569863127033
36	34.7971659709995	19.5216290673151
37	34.7867126949091	19.4744704221165
38	34.7762570420065	19.4283423327744
39	34.7658139416397	19.3832121743255
40	34.7553961083765	19.339132828396
41	34.7450143620917	19.2959615556609
42	34.734677897933	19.2536629247392
43	34.7243945147853	19.212203445041
44	34.7141708092323	19.1715514372981
45	34.7040123407223	19.1316769134051
46	34.6939237726111	19.092551465
47	34.6839089929299	19.0541481602077
48	34.6739712180522	19.0164414479735
49	34.6641130818937	18.979407069436
50	34.654336712835	18.9430327738011
51	34.6446438001982	18.9073631835541
52	34.6350356518075	18.8722984494368
53	34.6255132439241	18.8378187794036
54	34.6160772646395	18.8039053153849
55	34.606728151646	18.7705400771553
56	34.5974661251624	18.737705910183
57	34.5882912166767	18.7053864371493
58	34.5792032940687	18.6735660128473
59	34.5702020835963	18.6422296821986
60	34.5612871891556	18.611363141143
61	34.5524581091706	18.5809527001805
62	34.5437142514169	18.5509852503596
63	34.5350549460409	18.5214482315273
64	34.5264794570032	18.4923806386645
65	34.5179869921405	18.4637381473574
66	34.5095767120176	18.4354903782917
67	34.5012477377174	18.4076267187919
68	34.4929991576956	18.3801369732903
69	34.4848300338152	18.3530113420668
70	34.4767394066562	18.3262404013023
71	34.468726300187	18.2998150843508
72	34.4607897258728	18.273726664146
73	34.4529286862858	18.2479667366596
74	34.4451421782759	18.2225272053413
75	34.437429195751	18.1974002664701
76	34.4297887321137	18.1725783953565
77	34.4222197823914	18.1480543333373
78	34.414721345097	18.1238210755096
79	34.407292423848	18.0998718591554
80	34.3999320287736	18.0762283950706
81	34.3926391777325	18.0528835787477
82	34.3854128973627	18.0298031918587
83	34.3782522239821	18.0069813528752
84	34.3711562043577	17.9844123728955
85	34.3641238963564	17.962090747393
86	34.357154369492	17.9400111483972
87	34.35024670538	17.9181684170804
88	34.3433999981092	17.8965575567275
89	34.3366133545422	17.875173726063
90	34.3298858945497	17.8540122329152
91	34.3232167511891	17.833068528198
92	34.3166050708315	17.8123382001903
93	34.310050013245	17.7918169690965
94	34.3035507516376	17.771500681872
95	34.2971064726667	17.7513853072975
96	34.2907163764166	17.7314669312892
97	34.2843796763505	17.7117417524307
98	34.2780955992382	17.6922060777147
99	34.2718633850641	17.6728566414488
100	34.2656900417495	17.6538335015982
101	34.2595515708625	17.6347908943774
102	34.2534705158088	17.616022621318
103	34.2474384133516	17.5974264520981
104	34.2414545676168	17.5789992731908
105	34.2355182950919	17.5607380544233
106	34.2296289244514	17.5426398460419
107	34.2237857963758	17.5247017759041
108	34.2179882633674	17.5069210467928
109	34.2122356895612	17.4892949338435
110	34.2065274505344	17.4718207820815
111	34.2008629331125	17.4544960040626
112	34.1952415351754	17.4373180776109
113	34.1896626654621	17.4202845436517
114	34.1841257433755	17.403393004132
115	34.1786301987876	17.3866411200263
116	34.1731754718448	17.3700266094222
117	34.1677610127753	17.3535472456834
118	34.1623862816971	17.337200855685
119	34.1570507484277	17.320985318119
120	34.1517538922962	17.3048985618655
121	34.146495201957	17.2889385644279
122	34.1412741752061	17.2731033504272
123	34.1360903187996	17.2574187879162
124	34.1309431482749	17.2418638545183
125	34.1258321877747	17.2264277577257
126	34.1207569698735	17.2111087012389
127	34.1157170354067	17.1959049290589
128	34.1107119333036	17.1808147242942
129	34.1057412204219	17.1658364080118
130	34.1008044613866	17.1509683381297
131	34.0959012284304	17.1362089083491
132	34.0910311012386	17.1215565471259
133	34.0861936667957	17.1070097166776
134	34.0813885192359	17.0925669120259
135	34.076615259696	17.0782266600732
136	34.0718734961714	17.0639875187103
137	34.0671628433756	17.049848075956
138	34.0624829226015	17.0358069491257
139	34.0578333615866	17.0218627840288
140	34.0532137943804	17.0080142541928
141	34.0486238612153	16.9942600601143
142	34.0440632083793	16.9805989285341
143	34.0395314880923	16.9670296117373
144	34.0350283583847	16.9535508868763
145	34.0305534829788	16.9401615553154
146	34.0261065311726	16.9268604419978
147	34.0216871777263	16.9136463948325
148	34.0172951027513	16.9005182841008
149	34.0129299916015	16.8874750018824
150	34.0085915347677	16.8745222355229
151	34.0042794277731	16.861675332927
152	33.9999933710723	16.848909864675
153	33.9957330699523	16.8362248071888
154	33.9914982344348	16.823619156029
155	33.9872885791824	16.8110919254214
156	33.9831038234052	16.7986421477988
157	33.9789436907706	16.7862688733559
158	33.974807909315	16.7739711696181
159	33.9706962113567	16.7617481210233
160	33.9666083334117	16.7495988285162
161	33.9625440161113	16.7375224091546
162	33.9585030041207	16.7255179957273
163	33.9544850460604	16.7135847363834
164	33.950489894429	16.701721794272
165	33.9465173055277	16.6899283471933
166	33.9425670393865	16.6782035872587
167	33.938638859692	16.6665467205615
168	33.9347325337171	16.6549569668563
169	33.930847832252	16.6434335592483
170	33.9269845295368	16.6319757438906
171	33.9231424031955	16.6205827796906
172	33.9193212341721	16.6092539380242
173	33.9155208066668	16.5979885024584
174	33.9117409080754	16.586785768481
175	33.9079813289283	16.575645043238
176	33.904241862832	16.5645656452784
177	33.9005223064115	16.5535469043056
178	33.8968224592539	16.5425881609357
179	33.8931421238534	16.5316887664621
180	33.8894811055577	16.5208480826269
181	33.8858392125147	16.5100654813977
182	33.8822162556215	16.4993403447507
183	33.8786120484739	16.4886928305758
184	33.8750264073171	16.4781054124245
185	33.8714591509971	16.4675735305363
186	33.8679101009143	16.4570966062757
187	33.8643790809763	16.4466740699914
188	33.8608659175537	16.4363053608304
189	33.8573704394353	16.4259899265592
190	33.8538924777848	16.4157272233872
191	33.850431866099	16.4055167157964
192	33.8469884401658	16.3953578763745
193	33.8435620380239	16.3852501856524
194	33.840152499923	16.3751931319453
195	33.8367596682851	16.3651862111988
196	33.8333833876663	16.3552289268376
197	33.8300235047196	16.3453207896187
198	33.8266798681586	16.3354613174878
199	33.8233523287215	16.3256500354394
200	33.8200407391362	16.3158864753803
201	33.8167449540865	16.306170175996
202	33.8134648301779	16.2965006826209
203	33.8102002259053	16.2868775471112
204	33.8069510016205	16.2773003277208
205	33.803717019501	16.2677685889804
206	33.800498143519	16.258281901579
207	33.797294239411	16.248839842249
208	33.7941051746486	16.2394419936527
209	33.7909308184091	16.2300879442728
210	33.7877710415472	16.2207772883044
211	33.7846257165674	16.2115096255502
212	33.7814947175962	16.2022845613175
213	33.7783779203559	16.1931017063177
214	33.7752752021379	16.1839606765687
215	33.7721864417775	16.1748610932984
216	33.7691115196283	16.1658025828516
217	33.7660503175376	16.1567847765977
218	33.7630027188225	16.1478073108416
219	33.7599686082458	16.1388698267356
220	33.7569478719929	16.1299719701944
221	33.7539403976491	16.1211335711812
222	33.7509460741771	16.1123343294537
223	33.747964791895	16.1035735897345
224	33.7449964424552	16.0948510169744
225	33.7420409188226	16.0861662804739
226	33.7390981152547	16.0775190538091
227	33.7361679272808	16.0689090147579
228	33.7332502516824	16.0603358452284
229	33.7303449864734	16.0517992311887
230	33.7274520308811	16.0432988625981
231	33.7245712853274	16.0348344333397
232	33.7217026514106	16.026405641155
233	33.7188460318867	16.0180121875788
234	33.7160013306524	16.0096537778763
235	33.7131684527271	16.0013301209813
236	33.7103473042361	15.9930409294356
237	33.7075377923939	15.9847859193296
238	33.7047398254873	15.9765648102442
239	33.7019533128599	15.9683773251938
240	33.6991781648955	15.9602231905709
241	33.6964142930033	15.9521021360908
242	33.6936616096018	15.9440138947385
243	33.6909200281046	15.9359582027162
244	33.688189462905	15.9279347993917
245	33.685469829362	15.919943427248
246	33.6827610437857	15.9119838318341
247	33.6800630234236	15.9040557617164
248	33.677375686447	15.8961589684311
249	33.6746989519373	15.8882932064379
250	33.6720327398726	15.8804582330742
251	33.6693769711155	15.8726538085104
252	33.6667315673993	15.864879695706
253	33.6640964513164	15.8571356603664
254	33.6614715463054	15.8494214709012
255	33.6588567766393	15.8417368983818
256	33.6562520674134	15.834081716502
257	33.6536573445338	15.8264557015371
258	33.6510725347061	15.8188586323053
259	33.6484975654235	15.8112902901295
260	33.6459323649564	15.8037504587993
261	33.6433768623413	15.7962389245339
262	33.64083098737	15.7887554759467
263	33.638294670579	15.7812999040086
264	33.6357678432394	15.7738720020142
265	33.6332504373468	15.7664886352257
266	33.6307423856109	15.7591324975398
267	33.6282436214461	15.751803359743
268	33.6257540789615	15.7445010245574
269	33.6232736929519	15.7372252968578
270	33.620802398888	15.7299759836406
271	33.6183401329073	15.722752893993
272	33.6158868318052	15.7155558390631
273	33.6134424330263	15.7083846320303
274	33.6110068746553	15.7012390880761
275	33.6085800954085	15.694119024356
276	33.6061620346256	15.6870242599711
277	33.6037526322612	15.679954615941
278	33.6013518288767	15.6729099151763
279	33.5989595656323	15.6658899824527
280	33.5965757842788	15.6588946443844
281	33.5942004271503	15.6519237293986
282	33.5918334371564	15.6449770677105
283	33.5894747577742	15.6380544912984
284	33.5871243330418	15.6311558338795
285	33.5847821075502	15.6242809308858
286	33.5824480264365	15.6174296194408
287	33.5801220353767	15.6106017383365
288	33.5778040805791	15.6037971280104
289	33.5754941087769	15.5970156305235
290	33.5731920672221	15.590257089538
291	33.5708979036784	15.5835213502961
292	33.5686115664147	15.5768082595989
293	33.5663330041992	15.5701176657848
294	33.5640621662924	15.56344941871
295	33.5617990024415	15.5568033697274
296	33.5595434628738	15.5501793716676
297	33.5572954982909	15.5435772788189
298	33.5550550598629	15.5369969469081
299	33.5528220992221	15.5304382330819
300	33.5505965684579	15.5239009958882
301	33.5483784201107	15.5173850952579
302	33.5461676071663	15.5108903924868
303	33.5439640830506	15.504416750218
304	33.5417678016242	15.4979640324247
305	33.539578717177	15.491532104393
306	33.5373967844228	15.4851208327046
307	33.5352219584944	15.4787300852211
308	33.5330541949386	15.4723597310671
309	33.5308934497106	15.4660096406142
310	33.5287396791698	15.4596796854654
311	33.5265928400745	15.4533697384396
312	33.5244528895771	15.447079673556
313	33.5223197852196	15.4408093660193
314	33.5201934849288	15.4345586922048
315	33.5180739470118	15.4283300348437
316	33.5159611301513	15.4221326069256
317	33.5138549934015	15.4159544036444
318	33.5117554961834	15.4097953061967
319	33.5096625982806	15.4036551968763
320	33.5075762598349	15.3975339590609
321	33.5054964413425	15.3914314771985
322	33.5034231036493	15.3853476367949
323	33.5013562079474	15.3792823244002
324	33.4992957157708	15.3732354275968
325	33.4972415889911	15.3672068349861
326	33.4951937898144	15.3611964361773
327	33.4931522807766	15.3552041217743
328	33.4911170247405	15.3492297833642
329	33.4890879848909	15.3432733135058
330	33.4870651247323	15.3373346057175
331	33.485048408084	15.3314135544663
332	33.4830377990773	15.3255100551565
333	33.4810332621518	15.3196240041185
334	33.4790347620518	15.3137552985981
335	33.4770422638227	15.3079038367456
336	33.4750557328082	15.3020695176053
337	33.4730751346464	15.2962522411049
338	33.4711004352666	15.2904519080457
339	33.4691316008864	15.2846684200918
340	33.467168598008	15.2789016797607
341	33.4652113934155	15.2731515904132
342	33.4632599541715	15.2674180562437
343	33.4613142476139	15.2617009822705
344	33.4593742413534	15.2560002743269
345	33.45743990327	15.2503158390514
346	33.4555112015103	15.2446475838786
347	33.4535881044844	15.2389954170306
348	33.4516705808632	15.2333592475075
349	33.4497585995756	15.2277389850791
350	33.4478521298056	15.2221345402759
351	33.4459511409894	15.216545824381
352	33.4440556028132	15.2109727494214
353	33.4421654852097	15.2054152281594
354	33.4402807583563	15.1998731740853
355	33.4384013926719	15.1943465014084
356	33.4365273588146	15.1888351250497
357	33.4346586276791	15.1833389606337
358	33.4327951703941	15.1778579244809
359	33.4309369583199	15.1723919335998
360	33.4290839630459	15.16694090568
361	33.4272361563885	15.161504759084
362	33.4253935103882	15.1560834128408
363	33.4235559973074	15.1506767866376
364	33.4217235896285	15.1452848008137
365	33.419896260051	15.1399073763528
366	33.4180739814897	15.1345444348763
367	33.4162567270723	15.1291958986364
368	33.4144444701371	15.1238616905096
369	33.4126371842309	15.1185417339896
370	33.4108348431069	15.113235953181
371	33.4090374207227	15.107944272793
372	33.4072448912378	15.1026666181324
373	33.4054572290119	15.0974029150981
374	33.4036744086029	15.0921623204635
375	33.4018964047645	15.0869383920381
376	33.4001231924446	15.0817281643628
377	33.398354746783	15.076531565811
378	33.3965910431098	15.0713485253159
379	33.3948320569434	15.0661789723652
380	33.3930777639884	15.0610228369946
381	33.3913281401337	15.0558800497828
382	33.3895831614512	15.0507505418455
383	33.3878428041933	15.0456342448303
384	33.3861070447915	15.0405310909107
385	33.3843758598546	15.035441012781
386	33.3826492261667	15.0303639436511
387	33.3809271206857	15.0252998172411
388	33.3792095205417	15.020248567776
389	33.3774964030347	15.015210129981
390	33.3757877456338	15.0101844390758
391	33.3740835259749	15.0051714307703
392	33.3723837218592	15.0001710412592
393	33.3706883112519	14.9951832072173
394	33.36899727228	14.9902078657947
395	33.3673105832315	14.9852449546122
396	33.3656282225531	14.9802944117563
397	33.3639501688493	14.9753561757747
398	33.3622764008804	14.9704301856719
399	33.3606068975612	14.9655163809045
400	33.3589416379596	14.9606147013768
401	33.357280601295	14.9557250874364
402	33.3556237669369	14.9508474798698
403	33.3539711144034	14.9459818198984
404	33.35232262336	14.9411280491736
405	33.350678273618	14.9362861097734
406	33.349038045133	14.9314559441977
407	33.3474019180041	14.9266374953644
408	33.3457698724719	14.9218307066055
409	33.3441418889175	14.9170355216627
410	33.3425179478612	14.9122518846839
411	33.3408980299609	14.9074797402192
412	33.3392821160114	14.9027190332168
413	33.3376701869424	14.8979697090194
414	33.3360622238178	14.8932317133604
415	33.3344582078344	14.8885049923604
416	33.3328581203203	14.883789492523
417	33.331261942734	14.8790851607317
418	33.3296696566631	14.8743919442462
419	33.3280812438234	14.8697097906985
420	33.3264966860572	14.8650386480899
421	33.3249159653324	14.8603784647873
422	33.3233390637415	14.8557291895197
423	33.3217659635003	14.8510907713749
424	33.3201966469468	14.8464631597963
425	33.3186310965402	14.8418463045794
426	33.3170692948595	14.8372401558687
427	33.3155112246028	14.8326446641542
428	33.313956868586	14.8280597802687
429	33.3124062097418	14.8234854553841
430	33.3108592311187	14.8189216410085
431	33.3093159158799	14.8143682889835
432	33.3077762473021	14.8098253514804
433	33.3062402087751	14.805292780998
434	33.3047077838	14.8007705303588
435	33.3031789559887	14.7962585527069
436	33.3016537090628	14.7917568015045
437	33.3001320268528	14.787265230529
438	33.2986138932967	14.7827837938708
439	33.2970992924396	14.7783124459297
440	33.2955882084323	14.7738511414126
441	33.2940806255307	14.7694097542248
442	33.2925765280946	14.7649786627968
443	33.2910759005871	14.7605574576259
444	33.2895787275736	14.7561460947235
445	33.2880849937206	14.7517445303938
446	33.2865946837952	14.7473527212312
447	33.2851077826644	14.7429706241177
448	33.2836242752934	14.7385981962206
449	33.2821441467457	14.7342353949898
450	33.2806673821818	14.7298821781553
451	33.2791939668585	14.7255385037249
452	33.2777238861276	14.7212043299814
453	33.2762571254361	14.716879615481
454	33.2747936703243	14.7125643190498
455	33.2733335064257	14.7082583997824
456	33.271876619466	14.7039618170392
457	33.2704229952622	14.6996745304442
458	33.2689726197221	14.6953964998823
459	33.2675254788432	14.6911276854979
460	33.2660815587124	14.6868680476918
461	33.2646408455047	14.6826175471196
462	33.2632033254828	14.6783761446892
463	33.2617689849965	14.6741438015588
464	33.2603378104815	14.6699204791348
465	33.2589097884591	14.6657061390694
466	33.2574849055353	14.661500743259
467	33.2560631484002	14.6573042538416
468	33.2546445038272	14.6531166331952
469	33.2532289586724	14.6489378439356
470	33.2518164998739	14.6447678489144
471	33.250407114451	14.6406066112168
472	33.2490007895037	14.6364540941601
473	33.247597512212	14.6323102612916
474	33.2461972698351	14.6281750763864
475	33.2448000497111	14.6240485034459
476	33.2434058392558	14.6199305066954
477	33.2420146259628	14.6158210505831
478	33.2406263974021	14.6117200997773
479	33.2392411412201	14.6076276191652
480	33.2378588451386	14.603543573851
481	33.2364794969542	14.5994679291538
482	33.2351030845382	14.5954006506063
483	33.2337295958352	14.5913417039527
484	33.2323590188632	14.5872910551472
485	33.2309913417126	14.583248670352
486	33.2296265525458	14.5792145159361
487	33.2282646395967	14.575188558473
488	33.2269055911699	14.5711707647395
489	33.2255493956402	14.5671611017139
490	33.2241960414522	14.5631595365745
491	33.2228455171196	14.5591660366976
492	33.2214978112248	14.5551805696566
493	33.2201529124182	14.5512031032195
494	33.2188108094176	14.5472336053483
495	33.217471491008	14.5432720441968
496	33.2161349460407	14.5393183881092
497	33.2148011634331	14.5353726056188
498	33.2134701321679	14.5314346654464
499	33.2121418412928	14.5275045364984
500	33.2108162799199	14.5235821878662
501	33.2094934372253	14.5196675888239
502	33.2081733024483	14.5157607088273
503	33.2068558648913	14.5118615175124
504	33.2055411139192	14.5079699846939
505	33.2042290389587	14.5040860803639
506	33.2029196294981	14.5002097746905
507	33.2016128750867	14.4963410380162
508	33.2003087653344	14.4924798408571
509	33.199007289911	14.4886261539008
510	33.197708438546	14.4847799480057
511	33.1964122010283	14.4809411941995
512	33.1951185672052	14.4771098636775
513	33.1938275269825	14.473285927802
514	33.1925390703237	14.4694693581004
515	33.1912531872497	14.4656601262644
516	33.1899698678385	14.4618582041482
517	33.1886891022245	14.4580718446315
518	33.1874108805982	14.4542932153251
519	33.1861351932059	14.4505217954312
520	33.184862030349	14.4467575575076
521	33.1835913823839	14.4430004742687
522	33.1823232397214	14.4392505185839
523	33.1810575928264	14.4355076634766
524	33.1797944322173	14.431771882123
525	33.1785337484658	14.4280431478511
526	33.1772755321965	14.4243214341393
527	33.1760197740865	14.4206067146153
528	33.1747664648647	14.4168989630554
529	33.1735155953119	14.4131981533827
530	33.1722671562602	14.4095042596666
531	33.1710211385925	14.4058172561215
532	33.1697775332425	14.4021371171056
533	33.1685363311937	14.3984638171198
534	33.1672975234797	14.3947973308071
535	33.1660611011835	14.391137632951
536	33.1648270554371	14.3874846984747
537	33.1635953774213	14.3838385024401
538	33.1623660583652	14.3801990200467
539	33.1611390895461	14.3765662266308
540	33.1599144622889	14.3729400976641
541	33.1586921679657	14.369320608753
542	33.1574721979957	14.3657077356376
543	33.1562545438448	14.3621014541905
544	33.1550391970252	14.3585017404163
545	33.153826149095	14.3549085704502
546	33.152615391658	14.351321920557
547	33.1514069163635	14.3477417671308
548	33.1502007149055	14.3441680866933
549	33.148996779023	14.3406008558933
550	33.1477951004991	14.3370400515058
551	33.1465956711612	14.3334856504307
552	33.1453984828803	14.3299376296926
553	33.1442035275708	14.3263959664391
554	33.1430107971903	14.3228606379406
555	33.1418202837394	14.3193316215892
556	33.1406319792608	14.3158088948973
557	33.1394458758397	14.3122924354979
558	33.1382619656034	14.3087822211426
559	33.1370802407204	14.3052782297013
560	33.1359006934009	14.3017804391614
561	33.134723315896	14.2982888276268
562	33.1335481004976	14.2948033733172
563	33.1323750395381	14.2913240545672
564	33.1312041253901	14.2878508498253
565	33.1300353504661	14.2843837376538
566	33.1288687072183	14.280922696727
567	33.1277041881381	14.2774677058314
568	33.1265417857564	14.274018743864
569	33.1253814926425	14.2705757898325
570	33.1242233014046	14.2671388228536
571	33.1230672046889	14.2637078221529
572	33.1219131951799	14.2602827670638
573	33.1207612655998	14.256863637027
574	33.1196114087083	14.2534504115894
575	33.1184636173024	14.2500430704038
576	33.1173178842161	14.2466415932278
577	33.1161742023201	14.2432459599235
578	33.1150325645218	14.2398561504563
579	33.1138929637646	14.2364721448945
580	33.1127553930281	14.2330939234085
581	33.1116198453278	14.2297214662701
582	33.1104863137144	14.226354753852
583	33.1093547912742	14.2229937666267
584	33.1082252711283	14.2196384851663
585	33.107097746433	14.2162888901415
586	33.1059722103788	14.2129449623209
587	33.1048486561908	14.2096066825708
588	33.1037270771281	14.2062740318538
589	33.1026074664839	14.2029469912288
590	33.1014898175849	14.1996255418503
591	33.1003741237913	14.1963096649671
592	33.0992603784965	14.1929993419226
593	33.0981485751271	14.1896945541535
594	33.0970387071423	14.1863952831894
595	33.0959307680339	14.1831015106521
596	33.0948247513262	14.1798132182553
597	33.0937206505755	14.1765303878035
598	33.0926184593702	14.1732530011918
599	33.0915181713302	14.169981040405
600	33.0904197801072	14.1667144875174
601	33.0893232793841	14.1634533246917
602	33.0882286628749	14.1601975341788
603	33.0871359243244	14.156953247338
604	33.0860450575085	14.153715660065
605	33.0849560562331	14.1504833799886
606	33.0838689143348	14.1472563897473
607	33.0827836256802	14.1440346720644
608	33.0817001841657	14.1408182097476
609	33.0806194530589	14.1376069856886
610	33.0795419471493	14.1344009828627
611	33.0784662660196	14.1312001843277
612	33.0773924036991	14.128004573224
613	33.0763203542456	14.1248141327736
614	33.0752501117458	14.1216288462797
615	33.0741816703149	14.1184486971265
616	33.0731150240966	14.115273668778
617	33.0720501672625	14.1121037447783
618	33.0709870940125	14.1089389087504
619	33.0699257985739	14.1057791443961
620	33.0688662752021	14.1026244354953
621	33.0678085181796	14.0994747659057
622	33.0667525218165	14.0963301195619
623	33.0656982804496	14.0931904804754
624	33.0646457884431	14.0900558327339
625	33.0635950401876	14.0869261605007
626	33.0625460301006	14.0838014480145
627	33.0614987526259	14.0806816795885
628	33.0604532022334	14.0775668396105
629	33.0594093734196	14.0744569125419
630	33.0583672607064	14.0713518829174
631	33.0573268586418	14.0682517353448
632	33.0562881617993	14.0651564545042
633	33.0552511647781	14.0620660251477
634	33.0542158622023	14.058980432099
635	33.0531822487215	14.0558996602527
636	33.0521503190102	14.0528236945744
637	33.0511200677676	14.0497525200994
638	33.0500914897178	14.0466861219332
639	33.0490645796092	14.0436244852504
640	33.048039332215	14.0405675952946
641	33.0470157423321	14.0375154373778
642	33.0459938047818	14.0344679968801
643	33.0449735144093	14.0314252592493
644	33.0439548660836	14.0283872100002
645	33.0429378546973	14.0253538347147
646	33.0419224751665	14.0223251190409
647	33.0409087224308	14.0193010486929
648	33.0398965914528	14.0162816094504
649	33.0388860772183	14.0132667871583
650	33.0378771747361	14.0102565677263
651	33.0368698790376	14.0072509371285
652	33.035864185177	14.0042498814029
653	33.0348600882311	14.0012533866511
654	33.033857583299	13.9982614390382
655	33.0328566655019	13.9952740247918
656	33.0318573299835	13.9922911302021
657	33.030859571909	13.9893127416214
658	33.029863386466	13.9863388454637
659	33.0288687688633	13.9833694282044
660	33.0278757143317	13.9804044763796
661	33.0268842181232	13.9774439765865
662	33.0258942755113	13.9744879154819
663	33.0249058817907	13.9715362797831
664	33.0239190322771	13.9685890562665
665	33.0229337223072	13.9656462317679
666	33.0219499472386	13.9627077931817
667	33.0209677024496	13.959773727461
668	33.0199869833389	13.956844021617
669	33.019007785326	13.9539186627183
670	33.0180301038504	13.9509976378915
671	33.0170539343722	13.9480809343198
672	33.0160792723713	13.9451685392435
673	33.0151061133478	13.9422604399591
674	33.0141344528215	13.9393566238193
675	33.0131642863321	13.9364570782325
676	33.012195609439	13.9335617906626
677	33.0112284177209	13.9306707486286
678	33.0102627067761	13.9277839397041
679	33.0092984722222	13.9249013515175
680	33.0083357096959	13.922022971751
681	33.0073744148531	13.9191487881409
682	33.0064145833686	13.9162787884768
683	33.005456210936	13.9134129606017
684	33.0044992932678	13.9105512924114
685	33.003543826095	13.9076937718543
686	33.0025898051674	13.9048403869311
687	33.0016372262528	13.9019911256944
688	33.0006860851377	13.8991459762486
689	32.9997363776266	13.8963049267494
690	32.9987880995423	13.8934679654038
691	32.9978412467256	13.8906350804693
692	32.9968958150349	13.8878062602541
693	32.9959518003468	13.8849814931165
694	32.9950091985555	13.8821607674648
695	32.9940680055726	13.8793440717571
696	32.9931282173275	13.8765313945005
697	32.9921898297667	13.8737227242515
698	32.9912528388544	13.8709180496153
699	32.9903172405717	13.8681173592456
700	32.9893830309168	13.8653249264846
701	32.9884502059052	13.8625386438103
702	32.9875187615691	13.8597563024469
703	32.9865886939575	13.8569778912655
704	32.9856599991363	13.8542033991846
705	32.9847326731879	13.8514328151692
706	32.9838067122113	13.8486661282308
707	32.982882112322	13.8459033274274
708	32.9819588696517	13.8431444018629
709	32.9810369803486	13.8403893406868
710	32.980116440577	13.8376381330944
711	32.9791972465171	13.834890768326
712	32.9782793943654	13.8321472356669
713	32.9773628803341	13.8294075244473
714	32.9764477006512	13.8266716240419
715	32.9755338515608	13.8239395238693
716	32.9746213293221	13.8212112133925
717	32.9737101302103	13.8184866821181
718	32.9728002505158	13.8157659195962
719	32.9718916865447	13.8130489154201
720	32.9709844346181	13.8103356592264
721	32.9700784910725	13.8076261406941
722	32.9691738522594	13.8049203495452
723	32.9682705145456	13.8022182755437
724	32.9673684743127	13.7995199084958
725	32.9664677279571	13.7968252382496
726	32.9655682718902	13.7941342546948
727	32.9646701025381	13.7914469477626
728	32.9637732163415	13.7887633074252
729	32.9628776097557	13.7860833236959
730	32.9619832792505	13.7834069866288
731	32.9610902213101	13.7807342863183
732	32.9601984324331	13.7780652128992
733	32.9593079091322	13.7753997565466
734	32.9584186479345	13.772737907475
735	32.9575306453811	13.7700796559389
736	32.956643898027	13.7674249922322
737	32.9557584024414	13.764773906688
738	32.9548741552072	13.7621263896782
739	32.9539911529213	13.7594824316137
740	32.9531093921941	13.756842022944
741	32.9522288696499	13.754205154157
742	32.9513495819263	13.7515718157786
743	32.9504715256747	13.7489419983729
744	32.9495946975598	13.7463156925416
745	32.9487190942596	13.7436928889241
746	32.9478447124656	13.741073578197
747	32.9469715488824	13.7384577510743
748	32.9460996002278	13.7358453983068
749	32.9452288632327	13.7332365106821
750	32.9443593346409	13.7306310790244
751	32.9434910112093	13.7280290941944
752	32.9426238897077	13.7254305470889
753	32.9417579669186	13.7228354286407
754	32.9408932396374	13.7202437298184
755	32.940029704672	13.7176554416263
756	32.9391673588429	13.715070555104
757	32.9383061989835	13.7124890613267
758	32.9374462219393	13.7099109514042
759	32.9365874245684	13.7073362164816
760	32.9357298037412	13.7047648477384
761	32.9348733563405	13.7021968363888
762	32.9340180792611	13.6996321736813
763	32.9331639694103	13.6970708508986
764	32.932311023707	13.6945128593574
765	32.9314592390828	13.691958190408
766	32.9306086124807	13.6894068354347
767	32.9297591408559	13.6868587858549
768	32.9289108211753	13.6843140331196
769	32.9280636504179	13.6817725687127
770	32.927217625574	13.6792343841511
771	32.9263727436458	13.6766994709846
772	32.9255290016473	13.6741678207955
773	32.9246863966036	13.6716394251984
774	32.9238449255516	13.6691142758405
775	32.9230045855397	13.6665923644009
776	32.9221653736275	13.6640736825907
777	32.9213272868858	13.6615582221526
778	32.9204903223971	13.6590459748613
779	32.9196544772546	13.6565369325226
780	32.9188197485629	13.6540310869738
781	32.9179861334378	13.6515284300833
782	32.9171536290059	13.6490289537504
783	32.9163222324049	13.6465326499053
784	32.9154919407834	13.6440395105089
785	32.9146627513008	13.6415495275525
786	32.9138346611274	13.6390626930579
787	32.9130076674443	13.6365789990769
788	32.9121817674432	13.6340984376917
789	32.9113569583264	13.6316210010139
790	32.910533237307	13.6291466811853
791	32.9097106016084	13.6266754703771
792	32.9088890484647	13.6242073607901
793	32.9080685751203	13.6217423446541
794	32.9072491788301	13.6192804142283
795	32.9064308568592	13.616821561801
796	32.9056136064831	13.614365779689
797	32.9047974249874	13.6119130602383
798	32.9039823096681	13.6094633958231
799	32.903168257831	13.6070167788462
800	32.9023552667924	13.6045732017388
801	32.9015433338782	13.6021326569599
802	32.9007324564246	13.5996951369969
803	32.8999226317775	13.597260634365
804	32.8991138572929	13.5948291416069
805	32.8983061303365	13.5924006512932
806	32.8974994482838	13.5899751560219
807	32.8966938085201	13.5875526484181
808	32.8958892084402	13.5851331211344
809	32.8950856454488	13.5827194291579
810	32.89428311696	13.5803114431826
811	32.8934816203976	13.5779064087486
812	32.8926811531947	13.5755043186331
813	32.891881712794	13.5731051656392
814	32.8910832966477	13.5707089425968
815	32.8902859022172	13.5683156423619
816	32.8894895269732	13.5659252578164
817	32.8886941683957	13.5635377818684
818	32.887899823974	13.5611532074518
819	32.8871064912066	13.5587715275261
820	32.886314167601	13.5563927350765
821	32.8855228506739	13.5540168231137
822	32.8847325379511	13.5516437846734
823	32.8839432269672	13.5492736128171
824	32.8831549152659	13.5469063006309
825	32.8823676003998	13.5445418412261
826	32.8815812799305	13.5421802277388
827	32.8807959514282	13.5398214533299
828	32.880011612472	13.5374655111848
829	32.8792282606499	13.5351123945136
830	32.8784458935584	13.5327620965505
831	32.8776645088026	13.5304146105543
832	32.8768841039965	13.5280699298076
833	32.8761046767624	13.5257280476174
834	32.8753262247315	13.5233889573143
835	32.8745487455431	13.5210526522528
836	32.8737722368452	13.5187191258113
837	32.8729966962942	13.5163883713915
838	32.8722221215548	13.5140603824187
839	32.8714485103001	13.5117351523415
840	32.8706758602115	13.509412674632
841	32.8699041689786	13.507092942785
842	32.8691334342994	13.5047759503187
843	32.8683636538799	13.502461690774
844	32.8675948254343	13.5001501577148
845	32.8668269466849	13.4978413447275
846	32.8660600153621	13.4955352454212
847	32.8652940292044	13.4932318534276
848	32.8645289859582	13.4909311624006
849	32.8637648833777	13.4886331660164
850	32.8630017192255	13.4863378579736
851	32.8622394912715	13.4840452319926
852	32.8614781972939	13.481755281816
853	32.8607178350784	13.479468001208
854	32.8599584024188	13.4771833839549
855	32.8591998971163	13.4749014238643
856	32.85844231698	13.4726221147657
857	32.8576856598266	13.4703454505099
858	32.8569299234804	13.4680714249691
859	32.8561751057735	13.4658000320367
860	32.8554212045453	13.4635312656274
861	32.8546682176428	13.4612651196769
862	32.8539161429206	13.4590015881418
863	32.8531649782407	13.4567406649997
864	32.8524147214723	13.4544823442489
865	32.8516653704924	13.4522266199084
866	32.8509169231851	13.449973486018
867	32.8501693774417	13.4477229366376
868	32.8494227311612	13.4454749658477
869	32.8486769822494	13.4432295677493
870	32.8479321286196	13.4409867364633
871	32.8471881681922	13.4387464661309
872	32.8464450988948	13.4365087509133
873	32.845702918662	13.4342735849917
874	32.8449616254357	13.4320409625669
875	32.8442212171646	13.4298108778599
876	32.8434816918046	13.4275833251109
877	32.8427430473185	13.4253582985801
878	32.8420052816763	13.4231357925468
879	32.8412683928546	13.4209158013101
880	32.840532378837	13.418698319188
881	32.8397972376141	13.4164833405181
882	32.8390629671832	13.414270859657
883	32.8383295655485	13.4120608709803
884	32.8375970307209	13.4098533688826
885	32.8368653607181	13.4076483477775
886	32.8361345535644	13.4054458020972
887	32.835404607291	13.4032457262928
888	32.8346755199355	13.4010481148339
889	32.8339472895423	13.3988529622088
890	32.8332199141624	13.3966602629242
891	32.8324933918533	13.394470011505
892	32.831767720679	13.3922822024948
893	32.8310428987101	13.390096830455
894	32.8303189240236	13.3879138899654
895	32.829595794703	13.3857333756238
896	32.8288735088382	13.3835552820459
897	32.8281520645256	13.3813796038655
898	32.8274314598677	13.379206335734
899	32.8267116929736	13.3770354723207
900	32.8259927619586	13.3748670083125
901	32.8252746649443	13.3727009384138
902	32.8245574000586	13.3705372573466
903	32.8238409654354	13.3683759598505
904	32.8231253592151	13.366217040682
905	32.822410579544	13.3640604946154
906	32.8216966245749	13.3619063164419
907	32.8209834924663	13.3597545009698
908	32.8202711813831	13.3576050430246
909	32.8195596894961	13.3554579374488
910	32.8188490149822	13.3533131791016
911	32.8181391560243	13.3511707628591
912	32.8174301108112	13.3490306836144
913	32.8167218775378	13.346892936277
914	32.8160144544049	13.3447575157731
915	32.8153078396192	13.3426244170454
916	32.8146020313931	13.3404936350532
917	32.8138970279452	13.338365164772
918	32.8131928274996	13.3362390011938
919	32.8124894282863	13.3341151393267
920	32.8117868285414	13.3319935741951
921	32.8110850265061	13.3298743008396
922	32.810384020428	13.3277573143166
923	32.80968380856	13.3256426096985
924	32.8089843891608	13.323530182074
925	32.8082857604948	13.321420026547
926	32.8075879208319	13.3193121382378
927	32.8068908684476	13.3172065122819
928	32.8061946016233	13.3151031438307
929	32.8054991186455	13.3130020280512
930	32.8048044178066	13.3109031601258
931	32.8041104974044	13.3088082951984
932	32.803417355742	13.3067187782863
933	32.8027249911283	13.3046314896553
934	32.8020334018773	13.3025464245604
935	32.8013425863087	13.3004635782716
936	32.8006525427475	13.2983829460739
937	32.799963269524	13.2963045232676
938	32.7992747649739	13.2942283051676
939	32.7985870274383	13.292154287104
940	32.7979000552634	13.2900824644216
941	32.7972138468009	13.2880128324798
942	32.7965284004077	13.285945386653
943	32.7958437144458	13.2838801223299
944	32.7951597872827	13.2818170349141
945	32.7944766172908	13.2797561198234
946	32.7937942028478	13.2776973724902
947	32.7931125423365	13.2756407883614
948	32.7924316341449	13.2735863628981
949	32.7917514766662	13.2715340915756
950	32.7910720682984	13.2694839698835
951	32.7903934074448	13.2674359933256
952	32.7897154925136	13.2653901574196
953	32.7890383219182	13.2633464576975
954	32.7883618940767	13.2613048897051
955	32.7876862074126	13.2592654490021
956	32.7870112603539	13.2572281311622
957	32.786337051334	13.2551929317726
958	32.7856635787907	13.2531598464346
959	32.7849908411672	13.251128870763
960	32.7843188369113	13.2491000003863
961	32.7836475644757	13.2470732309464
962	32.7829770223179	13.2450485580989
963	32.7823072089003	13.2430259775129
964	32.7816381226901	13.2410054848706
965	32.7809697621592	13.2389870758679
966	32.7803021257842	13.2369707462139
967	32.7796352120467	13.2349564916307
968	32.7789690194328	13.2329443078539
969	32.7783035464333	13.230934190632
970	32.7776387915438	13.2289261357268
971	32.7769747532644	13.226920138913
972	32.7763114300999	13.2249161959781
973	32.7756488205599	13.2229143027229
974	32.7749869231584	13.2209144549607
975	32.7743257364139	13.2189166485178
976	32.7736652588498	13.2169208792333
977	32.7730054889937	13.2149271429588
978	32.772346425378	13.2129354355587
979	32.7716880665394	13.2109457529101
980	32.7710304110192	13.2089580909025
981	32.7703734573631	13.2069724454379
982	32.7697172041214	13.2049888124308
983	32.7690616498488	13.2030071878081
984	32.7684067931041	13.2010275675091
985	32.7677526324511	13.1990499474853
986	32.7670991664574	13.1970743237005
987	32.7664463936953	13.1951006921307
988	32.7657943127413	13.1931290487641
989	32.7651429221764	13.1911593896009
990	32.7644922205858	13.1891917106534
991	32.7638422065589	13.187226007946
992	32.7631928786896	13.185262277515
993	32.7625442355758	13.1833005154085
994	32.7618962758199	13.1813407176866
995	32.7612489980283	13.1793828804212
996	32.7606024008119	13.1774269996958
997	32.7599564827854	13.175473071606
998	32.759311242568	13.1735210922586
999	32.758666678783	13.1715710577724
1000	32.7582178677625	13.1696198504323
1001	32.7573795750238	13.1676768079161
