1	0.000236557659390212	0.0298353611119181
2	0.000304711946749431	0.0501868505188963
3	0.000357739284012835	0.0692670353443351
4	0.000388195123665189	0.0872841410515515
5	0.00042574903116237	0.104353438141102
6	0.00045937568019501	0.123574546549682
7	0.00048998584167038	0.139292326460765
8	0.000518187006627903	0.158009109123064
9	0.00054440841066075	0.176714515910232
10	0.000568966618589221	0.190758410266175
11	0.000592102980836348	0.209002853569234
12	0.000614006449151539	0.227241656755298
13	0.000634828197116933	0.239767066257113
14	0.000654691381404301	0.257573330633912
15	0.000673697883634124	0.275376350933735
16	0.000691933101630444	0.293176589583946
17	0.000709469438428203	0.31097442122237
18	0.000726368897053442	0.321298115383131
19	0.000742685046082118	0.338687595255438
20	0.000758464532883538	0.35607547984569
21	0.000773748265520917	0.37346194474625
22	0.000788572347815201	0.390847139283445
23	0.000802968827736988	0.399159397763894
24	0.000816966302698498	0.416156128224804
25	0.000830590413790537	0.433151942918524
26	0.000843864252863506	0.450146923388236
27	0.000856808700504906	0.467141141115469
28	0.000869442708709486	0.484134659062136
29	0.00088178353889907	0.501127532934041
30	0.000893846963606043	0.518119812223295
31	0.000905647438366238	0.523478691413657
32	0.000886738560258998	0.540100534986028
33	0.000897672145607936	0.556721913476334
34	0.000908387231001921	0.573342858185267
35	0.000918893936110634	0.589963397410684
36	0.000929201651694222	0.60658355681064
37	0.000939319110140282	0.623203359714306
38	0.000949254447506051	0.63982282738931
39	0.000959015258280489	0.642475137965134
40	0.000968608643881168	0.658740399181407
41	0.000978041255737981	0.675005384754932
42	0.000987319333682341	0.691270109410225
43	0.000996448740250483	0.707534586724746
44	0.00100543499141858	0.723798829243121
45	0.00101428328421177	0.740062848577761
46	0.00102299852156592	0.756326655497707
47	0.00103158533476784	0.772590260007329
48	0.00104004810375551	0.788853671416218
49	0.00104839097552138	0.80511689840136
50	0.00105661788083056	0.804267875467725
51	0.00106473254943787	0.820191947301731
52	0.00107273852396486	0.836115860842351
53	0.00108063917257762	0.852039622597531
54	0.00108843770058926	0.867963238676633
55	0.00109613716109604	0.883886714822194
56	0.00110374046474335	0.899810056438612
57	0.00111125038870674	0.915733268618117
58	0.00111866958496329	0.931656356164328
59	0.00112600058792059	0.947579323613636
60	0.00113324582146292	0.963502175254671
61	0.00114040760546789	0.979424915146053
62	0.00114748816184127	0.995347547132563
63	0.00115448962011261	1.01127007485997
64	0.00116141402262988	1.00622939756088
65	0.00116826332938766	1.02182678145119
66	0.00117503942251974	1.03742407288216
67	0.00118174411048414	1.05302127476754
68	0.00118837913196576	1.06861838988243
69	0.0011949461595195	1.08421542087207
70	0.00120144680297456	1.09981237025982
71	0.00120788261261861	1.11540924045463
72	0.00121425508217906	1.13100603375789
73	0.00122056565161673	1.14660275236983
74	0.00122681570974621	1.16219939839537
75	0.00123300659669583	1.17779597384966
76	0.00123913960621891	1.19339248066311
77	0.00124521598786715	1.20898892068618
78	0.00125123694903601	1.22458529569374
79	0.00125720365689114	1.24018160738919
80	0.00126311724018418	1.23066230774929
81	0.00126897879096543	1.2459465738429
82	0.00127478936620067	1.26123078251504
83	0.0012805499892983	1.27651493519005
84	0.00128626165155296	1.29179903323871
85	0.00129192531351103	1.30708307798089
86	0.00129754190626312	1.32236707068814
87	0.0013031123326682	1.33765101258597
88	0.00130863746851382	1.35293490485614
89	0.00131411816361621	1.3682187486387
90	0.0013195552428643	1.38350254503401
91	0.00132494950721083	1.3987862951045
92	0.0013303017346139	1.41406999987652
93	0.00133561268093196	1.42935366034188
94	0.00134088308077493	1.44463727745946
95	0.00134611364831405	1.45992085215667
96	0.00135130507805292	1.4752043853308
97	0.00135645804556194	1.49048787785033
98	0.00136157320817819	1.50577133055621
99	0.00136665120567277	1.49123014839503
100	0.00137780248206781	1.51990669980603
101	0.00137669818034189	1.52119751458353
102	0.00138166835481439	1.53618114333927
103	0.00138660375989537	1.55116473681708
104	0.00139150495651728	1.56614829570133
105	0.00139637249146088	1.58113182065621
106	0.00140120689783947	1.59611531232655
107	0.00140600869556242	1.6110987713386
108	0.00141077839177874	1.62608219830068
109	0.00141551648130199	1.64106559380392
110	0.00142022344701729	1.65604895842288
111	0.00142489976027148	1.67103229271617
112	0.00142954588124721	1.68601559722705
113	0.00143416225932166	1.70099887248401
114	0.00143874933341086	1.71598211900124
115	0.00144330753230009	1.73096533727923
116	0.00144783727496121	1.74594852780517
117	0.00145233897085742	1.76093169105352
118	0.00145681302023611	1.77591482748634
119	0.00146125981441035	1.79089793755383
120	0.00146567973602951	1.80588102169463
121	0.00147007315933965	1.8208640803363
122	0.00147444045043391	1.83584711389566
123	0.00147878196749361	1.81523724224762
124	0.00148309806102033	1.82993209251806
125	0.00148738907405937	1.84462691935527
126	0.0014916553424151	1.85932172312928
127	0.00149589719485836	1.8740165042012
128	0.00150011495332652	1.88871126292351
129	0.00150430893311619	1.90340599964032
130	0.00150847944306924	1.91810071468765
131	0.00151262678575216	1.93279540839369
132	0.00151675125762916	1.94749008107901
133	0.00152085314922925	1.96218473305681
134	0.00152493274530759	1.97687936463317
135	0.00152899032500123	1.99157397610721
136	0.00153302616197962	2.00626856777133
137	0.00153704052459004	2.02096313991144
138	0.00154103367599811	2.03565769280709
139	0.00154500587432361	2.05035222673169
140	0.00154895737277193	2.06504674195269
141	0.00155288841976103	2.07974123873174
142	0.00155679925904442	2.09443571732485
143	0.00156069012983002	2.10913017798258
144	0.00156456126689532	2.12382462095016
145	0.00156841290069884	2.13851904646765
146	0.00157224525748791	2.1532134547701
147	0.00157605855940328	2.16790784608766
148	0.00157985302458032	2.18260222064574
149	0.00158362886724705	2.19729657866511
150	0.00158738629781927	2.17025524860201
151	0.00159112552299262	2.18467232275091
152	0.00159484674583197	2.19908938129705
153	0.001598550165858	2.21350642444009
154	0.00160223597913124	2.22792345237571
155	0.00160590437833355	2.24234046529573
156	0.00160955555284722	2.25675746338821
157	0.00161318968883172	2.27117444683756
158	0.00161680696929817	2.28559141582458
159	0.0016204075741817	2.30000837052664
160	0.00162399168041164	2.31442531111768
161	0.00162755946197974	2.32884223776834
162	0.00163111109000645	2.34325915064604
163	0.00163464673280524	2.35767604991505
164	0.00163816655594516	2.37209293573657
165	0.00164167072231166	2.38650980826882
166	0.00164515939216566	2.40092666766708
167	0.00164863272320095	2.41534351408378
168	0.00165209087060017	2.42976034766857
169	0.00165553398708901	2.44417716856841
170	0.00165896222298912	2.45859397692755
171	0.00166237572626953	2.47301077288772
172	0.00166577464259666	2.48742755658806
173	0.00166915911538298	2.50184432816528
174	0.00167252928583441	2.51626108775364
175	0.00167588529299647	2.5306778354851
176	0.00167922727379915	2.54509457148924
177	0.00168255536310067	2.55951129589346
178	0.00168586969373005	2.57392800882291
179	0.00168917039652861	2.58834471040062
180	0.00169245760039038	2.60276140074749
181	0.00169573143230148	2.61717807998237
182	0.0016989920173785	2.63159474822212
183	0.00170223947890589	2.59701119990761
184	0.00170547393837241	2.6111608715539
185	0.00170869551550669	2.62531053274134
186	0.00171190432831186	2.63946018357715
187	0.00171510049309936	2.65360982416677
188	0.00171828412452189	2.66775945461389
189	0.00172145533560555	2.68190907502054
190	0.00172461423778119	2.69605868548706
191	0.00172776094091505	2.7102082861122
192	0.00173089555333854	2.72435787699308
193	0.00173401818187747	2.73850745822531
194	0.00173712893188041	2.75265702990293
195	0.00174022790724648	2.76680659211852
196	0.00174331521045248	2.78095614496319
197	0.00174639094257928	2.79510568852661
198	0.00174945520333775	2.80925522289705
199	0.00175250809109392	2.82340474816142
200	0.00175554970289368	2.83755426440526
201	0.00175858013448684	2.8517037717128
202	0.00176159948035066	2.86585327016699
203	0.00176460783371281	2.88000275984949
204	0.0017676052865739	2.89415224084071
205	0.00177059192972934	2.90830171321988
206	0.00177356785279088	2.922451177065
207	0.00177653314420754	2.93660063245292
208	0.00177948789128612	2.95075007945933
209	0.00178243218021126	2.96489951815878
210	0.00178536609606503	2.97904894862474
211	0.0017882897228461	2.99319837092958
212	0.00179120314348854	3.00734778514462
213	0.00179410643988008	3.02149719134012
214	0.00179699969288009	3.03564658958532
215	0.00179988298233721	3.04979597994848
216	0.00180275638710635	3.06394536249682
217	0.00180561998506567	3.07809473729665
218	0.00180847385313295	3.0922441044133
219	0.00181131806728168	3.10639346391118
220	0.00181415270255684	3.12054281585377
221	0.00181697783309034	3.0776977625251
222	0.00181979353211607	3.09158983886374
223	0.00182259987198475	3.10548190796626
224	0.00182539692417836	3.11937396989159
225	0.00182818475932435	3.13326602469778
226	0.0018309634472095	3.14715807244212
227	0.00183373305679356	3.16105011318108
228	0.00183649365622253	3.17494214697039
229	0.00183924531284176	3.18883417386498
230	0.00184198809320869	3.20272619391903
231	0.00184472206310541	3.21661820718602
232	0.00184744728755097	3.23051021371867
233	0.00185016383081333	3.244402213569
234	0.00185287175642121	3.25829420678832
235	0.00185557112717568	3.2721861934273
236	0.00185826200516141	3.28607817353586
237	0.00186094445175786	3.29997014716332
238	0.00186361852765011	3.31386211435831
239	0.00186628429283957	3.32775407516884
240	0.00186894180665445	3.34164602964227
241	0.00187159112776002	3.35553797782537
242	0.00187423231416868	3.36942991976425
243	0.00187686542324987	3.38332185550447
244	0.0018794905117397	3.39721378509098
245	0.00188210763575051	3.41110570856816
246	0.00188471685078017	3.4249976259798
247	0.0018873182117212	3.43888953736914
248	0.00188991177286983	3.45278144277887
249	0.00189249758793471	3.46667334225114
250	0.00189507571004564	3.48056523582756
251	0.00189764619176198	3.49445712354923
252	0.00190020908508102	3.50834900545669
253	0.00190276444144616	3.52224088159002
254	0.00190531231175488	3.53613275198879
255	0.0019078527463667	3.55002461669206
256	0.00191038579511082	3.56391647573841
257	0.00191291150729377	3.57780832916595
258	0.00191542993170688	3.59170017701231
259	0.00191794111663354	3.60559201931469
260	0.00192044510985642	3.61948385610979
261	0.00192294195866454	3.63337568743388
262	0.00192543170986021	3.6472675133228
263	0.00192791440976581	3.66115933381196
264	0.00193039010423051	3.67505114893633
265	0.00193285883863682	3.62306898208768
266	0.00193532065790708	3.63671271864245
267	0.00193777560650978	3.65035645002884
268	0.0019402237284658	3.66400017627957
269	0.00194266506735453	3.67764389742699
270	0.00194509966631991	3.69128761350307
271	0.00194752756807635	3.70493132453937
272	0.00194994881491449	3.71857503056712
273	0.00195236344870698	3.73221873161716
274	0.0019547715109141	3.74586242771998
275	0.00195717304258922	3.75950611890571
276	0.00195956808438428	3.77314980520413
277	0.00196195667655513	3.78679348664468
278	0.00196433885896675	3.80043716325646
279	0.00196671467109843	3.81408083506824
280	0.00196908415204884	3.82772450210843
281	0.00197144734054102	3.84136816440517
282	0.00197380427492728	3.85501182198623
283	0.00197615499319407	3.86865547487909
284	0.00197849953296663	3.88229912311091
285	0.00198083793151377	3.89594276670855
286	0.0019831702257524	3.90958640569858
287	0.00198549645225204	3.92323004010723
288	0.00198781664723933	3.93687366996047
289	0.00199013084660232	3.95051729528399
290	0.00199243908589484	3.96416091610318
291	0.00199474140034069	3.97780453244313
292	0.00199703782483782	3.99144814432868
293	0.00199932839396245	4.00509175178439
294	0.00200161314197307	4.01873535483454
295	0.00200389210281443	4.03237895350317
296	0.00200616531012144	4.04602254781402
297	0.00200843279722303	4.05966613779061
298	0.00201069459714591	4.07330972345618
299	0.00201295074261832	4.08695330483372
300	0.00201520126607371	4.10059688194599
301	0.00201744619965429	4.11424045481549
302	0.00201968557521467	4.12788402346448
303	0.0020219194243253	4.14152758791497
304	0.00202414777827593	4.15517114818878
305	0.00202637066807902	4.16881470430746
306	0.00202858812447307	4.18245825629232
307	0.00203080017792591	4.19610180416449
308	0.00203300685863796	4.20974534794484
309	0.00203520819654538	4.22338888765403
310	0.00203740422132327	4.23703242331251
311	0.00203959496238873	4.25067595494052
312	0.0020417804489039	4.26431948255808
313	0.00204396070977902	4.277963006185
314	0.00204613577367532	4.2916065258409
315	0.00204830566900799	4.22971934348471
316	0.00205047042394905	4.24312349539627
317	0.00205263006643011	4.25652764346311
318	0.00205478462414526	4.2699317877037
319	0.00205693412455379	4.28333592813634
320	0.0020590785948828	4.29674006477915
321	0.00206121806213004	4.31014419765004
322	0.00206335255306638	4.32354832676677
323	0.00206548209423851	4.3369524521469
324	0.00206760671197144	4.35035657380781
325	0.00206972643237102	4.36376069176672
326	0.00207184128132647	4.37716480604067
327	0.00207395128451274	4.39056891664653
328	0.00207605646739299	4.40397302360101
329	0.00207815685522098	4.41737712692065
330	0.00208025247304332	4.4307812266218
331	0.00208234334570188	4.44418532272071
332	0.00208442949783601	4.45758941523338
333	0.00208651095388482	4.47099350417576
334	0.00208858773808935	4.48439758956355
335	0.0020906598744948	4.49780167141233
336	0.00209272738695263	4.51120574973756
337	0.00209479029912277	4.5246098245545
338	0.0020968486344756	4.53801389587829
339	0.0020989024162941	4.55141796372392
340	0.00210095166767586	4.56482202810623
341	0.00210299641153505	4.57822608903992
342	0.00210503667060449	4.59163014653954
343	0.0021070724674375	4.60503420061952
344	0.00210910382440991	4.61843825129413
345	0.00211113076372191	4.63184229857753
346	0.00211315330739993	4.64524634248371
347	0.00211517147729854	4.65865038302657
348	0.00211718529510218	4.67205442021983
349	0.00211919478232707	4.68545845407714
350	0.00212119996032291	4.69886248461196
351	0.00212320085027464	4.71226651183766
352	0.0021251974732042	4.72567053576747
353	0.00212718984997222	4.73907455641452
354	0.00212917800127971	4.75247857379179
355	0.00213116194766971	4.76588258791215
356	0.00213314170952892	4.77928659878835
357	0.00213511730708936	4.79269060643303
358	0.00213708876042992	4.8060946108587
359	0.00213905608947796	4.81949861207776
360	0.00214101931401088	4.8329026101025
361	0.00214297845365761	4.8463066049451
362	0.00214493352790018	4.85971059661761
363	0.00214688455607515	4.87311458513199
364	0.00214883155737518	4.8865185705001
365	0.00215077455085039	4.89992255273365
366	0.00215271355540986	4.91332653184429
367	0.00215464858982303	4.92673050784354
368	0.00215657967272112	4.94013448074284
369	0.00215850682259847	4.95353845055347
370	0.00216043005781397	4.96694241728668
371	0.00216234939659235	4.98034638095359
372	0.00216426485702557	4.99375034156521
373	0.0021661764570741	5.00715429913245
374	0.00216808421456822	4.93399690856753
375	0.0021699881472093	4.94716975746242
376	0.00217188827257111	4.96034260339708
377	0.00217378460810101	4.97351544638185
378	0.00217567717112126	4.98668828642702
379	0.00217756597883013	4.99986112354274
380	0.00217945104830324	5.01303395773913
381	0.00218133239649466	5.02620678902616
382	0.00218321004023809	5.03937961741376
383	0.00218508399624808	5.05255244291176
384	0.00218695428112113	5.06572526552989
385	0.00218882091133682	5.0788980852778
386	0.00219068390325897	5.09207090216508
387	0.0021925432731367	5.10524371620122
388	0.00219439903710556	5.11841652739562
389	0.0021962512111886	5.13158933575763
390	0.00219809981129742	5.14476214129646
391	0.00219994485323325	5.15793494402131
392	0.00220178635268796	5.17110774394127
393	0.00220362432524513	5.18428054106535
394	0.00220545878638105	5.1974533354025
395	0.00220728975146568	5.21062612696155
396	0.00220911723576372	5.22379891575133
397	0.00221094125443556	5.23697170178053
398	0.00221276182253821	5.25014448505779
399	0.00221457895502632	5.26331726559168
400	0.00221639266675309	5.27649004339072
401	0.00221820297247124	5.2896628184633
402	0.00222000988683386	5.3028355908178
403	0.00222181342439543	5.3160083604625
404	0.00222361359961263	5.32918112740562
405	0.00222541042684528	5.3423538916553
406	0.00222720392035725	5.35552665321964
407	0.00222899409431726	5.36869941210664
408	0.0022307809627998	5.38187216832426
409	0.00223256453978594	5.39504492188037
410	0.00223434483916422	5.40821767278281
411	0.00223612187473148	5.42139042103933
412	0.00223789566019361	5.43456316665761
413	0.00223966620916648	5.44773590964531
414	0.00224143353517662	5.46090865000996
415	0.00224319765166215	5.47408138775909
416	0.00224495857197346	5.48725412290016
417	0.00224671630937401	5.50042685544054
418	0.00224847087704117	5.51359958538756
419	0.00225022228806687	5.52677231274848
420	0.00225197055545846	5.53994503753053
421	0.00225371569213936	5.55311775974084
422	0.00225545771094989	5.56629047938652
423	0.00225719662464791	5.57946319647461
424	0.00225893244590959	5.5926359110121
425	0.00226066518733011	5.60580862300591
426	0.00226239486142437	5.6189813324629
427	0.00226412148062768	5.6321540393899
428	0.00226584505729643	5.64532674379369
429	0.00226756560370881	5.65849944568097
430	0.00226928313206548	5.67167214505839
431	0.00227099765449017	5.68484484193257
432	0.00227270918303043	5.69801753631007
433	0.00227441772965824	5.71119022819738
434	0.00227612330627063	5.72436291760097
435	0.00227782592469036	5.73753560452723
436	0.00227952559666654	5.75070828898252
437	0.00228122233387524	5.76388097097315
438	0.00228291614792012	5.77705365050537
439	0.00228460705033304	5.79022632758538
440	0.00228629505257466	5.80339900221937
441	0.00228798016603503	5.71798571763959
442	0.00228966240203422	5.73093512180762
443	0.00229134177182285	5.74388452358896
444	0.0022930182865827	5.7568339229895
445	0.00229469195742729	5.76978332001507
446	0.00229636279540244	5.78273271467144
447	0.00229803081148682	5.79568210696437
448	0.0022996960165925	5.80863149689953
449	0.00230135842156553	5.82158088448259
450	0.00230301803718649	5.83453026971918
451	0.00230467487417094	5.84747965261484
452	0.00230632894317007	5.86042903317511
453	0.00230798025477115	5.87337841140547
454	0.00230962881949809	5.88632778731138
455	0.00231127464781194	5.89927716089823
456	0.00231291775011139	5.9122265321714
457	0.00231455813673329	5.9251759011362
458	0.00231619581795316	5.93812526779793
459	0.00231783080398566	5.9510746321618
460	0.0023194631049851	5.96402399423307
461	0.00232109273104593	5.97697335401687
462	0.00232271969220318	5.98992271151835
463	0.00232434399843299	6.00287206674258
464	0.00232596565965304	6.01582141969466
465	0.00232758468572306	6.02877077037957
466	0.00232920108644522	6.04172011880231
467	0.00233081487156464	6.05466946496782
468	0.00233242605076986	6.067618808881
469	0.00233403463369323	6.08056815054675
470	0.00233564062991138	6.09351748996989
471	0.00233724404894568	6.10646682715523
472	0.00233884490026262	6.11941616210753
473	0.00234044319327432	6.13236549483155
474	0.00234203893733887	6.14531482533197
475	0.0023436321417608	6.15826415361347
476	0.00234522281579149	6.17121347968067
477	0.00234681096862959	6.18416280353818
478	0.00234839660942139	6.19711212519057
479	0.00234997974726131	6.21006144464237
480	0.00235156039119218	6.22301076189809
481	0.00235313855020576	6.2359600769622
482	0.00235471423324302	6.24890938983912
483	0.00235628744919465	6.26185870053329
484	0.00235785820690132	6.27480800904907
485	0.00235942651515416	6.28775731539081
486	0.0023609923826951	6.30070661956284
487	0.00236255581821722	6.31365592156941
488	0.0023641168303652	6.32660522141481
489	0.00236567542773556	6.33955451910325
490	0.00236723161887716	6.35250381463892
491	0.00236878541229148	6.36545310802601
492	0.00237033681643299	6.37840239926866
493	0.0023718858397095	6.39135168837094
494	0.00237343249048255	6.40430097533697
495	0.00237497677706771	6.41725026017078
496	0.00237651870773494	6.43019954287641
497	0.00237805829070891	6.44314882345785
498	0.0023795955341694	6.45609810191908
499	0.00238113044625157	6.46904737826404
500	0.00238266303504629	6.48199665249663
501	0.00238419330860053	6.49494592462075
502	0.00238572127491764	6.50789519464026
503	0.00238724694195765	6.520844462559
504	0.00238877031763762	6.53379372838077
505	0.00239029140983198	6.54674299210937
506	0.00239181022637278	6.55969225374855
507	0.00239332677505006	6.57264151330205
508	0.0023948410636121	6.58559077077355
509	0.00239635309976579	6.59854002616677
510	0.00239786289117688	6.61148927948535
511	0.00239937044547028	6.62443853073293
512	0.0024008757702304	6.63738777991311
513	0.00240237887300137	6.65033702702948
514	0.00240387976128744	6.6632862720856
515	0.00240537844255313	6.67623551508501
516	0.00240687492422362	6.68918475603122
517	0.00240836921368502	6.59043176521935
518	0.0024098613182846	6.60316518145299
519	0.0024113512453311	6.61589859567788
520	0.00241283900209501	6.6286320078974
521	0.00241432459580883	6.64136541811487
522	0.00241580803366735	6.65409882633363
523	0.00241728932282791	6.66683223255698
524	0.00241876847041064	6.67956563678819
525	0.00242024548349881	6.69229903903049
526	0.00242172036913898	6.70503243928716
527	0.00242319313434131	6.7177658375614
528	0.00242466378607984	6.73049923385637
529	0.00242613233129272	6.74323262817528
530	0.00242759877688242	6.75596602052127
531	0.00242906312971606	6.76869941089744
532	0.0024305253966256	6.78143279930695
533	0.00243198558440808	6.79416618575287
534	0.00243344369982592	6.80689957023825
535	0.00243489974960711	6.81963295276616
536	0.00243635374044544	6.83236633333963
537	0.00243780567900077	6.84509971196167
538	0.00243925557189927	6.85783308863527
539	0.00244070342573362	6.8705664633634
540	0.00244214924706326	6.88329983614902
541	0.00244359304241457	6.89603320699506
542	0.00244503481828122	6.90876657590443
543	0.00244647458112424	6.92149994288005
544	0.00244791233737234	6.93423330792477
545	0.00244934809342213	6.94696667104148
546	0.00245078185563825	6.959700032233
547	0.00245221363035373	6.97243339150217
548	0.00245364342387006	6.98516674885178
549	0.0024550712424575	6.99790010428464
550	0.00245649709235525	7.01063345780351
551	0.00245792097977167	7.02336680941115
552	0.00245934291088447	7.0361001591103
553	0.00246076289184098	7.04883350690367
554	0.00246218092875823	7.06156685279398
555	0.00246359702772328	7.07430019678391
556	0.00246501119479336	7.08703353887611
557	0.00246642343599606	7.09976687907325
558	0.00246783375732957	7.11250021737799
559	0.00246924216476281	7.1252335537929
560	0.00247064866423571	7.13796688832063
561	0.00247205326165931	7.15070022096374
562	0.00247345596291602	7.16343355172481
563	0.00247485677385979	7.17616688060641
564	0.00247625570031627	7.18890020761107
565	0.00247765274808304	7.20163353274132
566	0.00247904792292976	7.21436685599966
567	0.00248044123059836	7.22710017738859
568	0.00248183267680324	7.23983349691059
569	0.00248322226723143	7.25256681456813
570	0.00248461000754277	7.26530013036364
571	0.0024859959033701	7.27803344429959
572	0.00248737996031941	7.29076675637837
573	0.00248876218397005	7.30350006660239
574	0.00249014257987487	7.31623337497405
575	0.00249152115356042	7.32896668149572
576	0.00249289791052707	7.34169998616976
577	0.00249427285624925	7.35443328899852
578	0.00249564599617557	7.36716658998435
579	0.00249701733572897	7.37989988912954
580	0.00249838688030693	7.39263318643641
581	0.00249975463528162	7.40536648190726
582	0.00250112060600003	7.41809977554436
583	0.00250248479778416	7.43083306734996
584	0.00250384721593118	7.44356635732634
585	0.00250520786571359	7.45629964547574
586	0.00250656675237934	7.46903293180036
587	0.00250792388115204	7.48176621630241
588	0.00250927925723105	7.49449949898412
589	0.0025106328857917	7.50723277984764
590	0.00251198477198541	7.51996605889517
591	0.00251333492093982	7.53269933612886
592	0.00251468333775897	7.54543261155085
593	0.00251603002752345	7.55816588516329
594	0.0025173749952905	7.5708991569683
595	0.00251871824609423	7.58363242696796
596	0.0025200597849457	7.59636569516443
597	0.0025213996168331	7.60909896155973
598	0.00252273774672185	7.62183222615597
599	0.00252407417955482	7.63456548895519
600	0.00252540892025238	7.64729874995948
601	0.0025267419737126	7.66003200917084
602	0.00252807334481136	7.67276526659129
603	0.00252940303840248	7.55950674646313
604	0.00253073105931791	7.57203125843953
605	0.00253205741236779	7.58455576866031
606	0.00253338210234062	7.59708027712741
607	0.0025347051340034	7.60960478384276
608	0.00253602651210174	7.6221292888083
609	0.00245815219484297	7.63465379202594
610	0.00245942925050868	7.6471782934976
611	0.00246070471809655	7.65970279322515
612	0.00246197860212165	7.67222729121046
613	0.00246325090707896	7.68475178745543
614	0.00246452163744352	7.69727628196191
615	0.00246579079767049	7.70980077473173
616	0.00246705839219535	7.72232526576677
617	0.00246832442543394	7.73484975506884
618	0.00246958890178263	7.74737424263974
619	0.00247085182561844	7.75989872848128
620	0.00247211320129909	7.7724232125953
621	0.00247337303316321	7.78494769498355
622	0.00247463132553039	7.79747217564781
623	0.00247588808270129	7.80999665458985
624	0.0024771433089578	7.82252113181143
625	0.00247839700856311	7.83504560731432
626	0.00247964918576185	7.84757008110023
627	0.00248089984478017	7.8600945531709
628	0.00248214898982588	7.87261902352805
629	0.00248339662508852	7.8851434921734
630	0.00248464275473952	7.89766795910863
631	0.00248588738293226	7.91019242433543
632	0.00248713051380219	7.92271688785552
633	0.00248837215146696	7.93524134967052
634	0.00248961230002649	7.94776580978212
635	0.00249085096356308	7.96029026819198
636	0.00249208814614154	7.97281472490174
637	0.00249332385180925	7.98533917991304
638	0.00249455808459631	7.99786363322749
639	0.0024957908485156	8.01038808484672
640	0.00249702214756289	8.02291253477233
641	0.00249825198571696	8.03543698300594
642	0.00249948036693965	8.04796142954913
643	0.00250070729517604	8.0604858744035
644	0.00250193277435445	8.07301031757059
645	0.00250315680838662	8.085534759052
646	0.00250437940116774	8.09805919884926
647	0.00250560055657659	8.11058363696393
648	0.00250682027847563	8.12310807339758
649	0.00250803857071105	8.13563250815169
650	0.00250925543711292	8.14815694122783
651	0.00251047088149525	8.16068137262748
652	0.00251168490765608	8.17320580235218
653	0.00251289751937761	8.18573023040341
654	0.00251410872042621	8.19825465678268
655	0.00251531851455261	8.21077908149147
656	0.00251652690549189	8.22330350453123
657	0.00251773389696367	8.23582792590346
658	0.00251893949267209	8.24835234560961
659	0.00252014369630601	8.26087676365113
660	0.00252134651153898	8.27340118002947
661	0.00252254794202941	8.28592559474605
662	0.00252374799142064	8.29845000780233
663	0.00252494666334099	8.31097441919971
664	0.00252614396140388	8.32349882893962
665	0.0025273398892079	8.33602323702345
666	0.0025285344503369	8.34854764345263
667	0.00252972764836006	8.36107204822851
668	0.00253091948683195	8.37359645135252
669	0.00253210996929269	8.38612085282601
670	0.00253329909926795	8.39864525265035
671	0.00253448688026906	8.41116965082692
672	0.00253567331579309	8.42369404735707
673	0.00253685840932292	8.43621844224215
674	0.00253804216432734	8.4487428354835
675	0.00253922458426111	8.46126722708246
676	0.00254040567256504	8.47379161704037
677	0.00254158543266605	8.48631600535854
678	0.00254276386797728	8.49884039203827
679	0.00254394098189815	8.51136477708089
680	0.00254511677781443	8.52388916048769
681	0.00254629125909832	8.53641354225999
682	0.00254746442910849	8.54893792239904
683	0.00254863629119025	8.56146230090615
684	0.00254980684867551	8.57398667778259
685	0.00255097610488293	8.58651105302962
686	0.00255214406311792	8.59903542664851
687	0.0025533107266728	8.61155979864052
688	0.00255447609882681	8.62408416900688
689	0.00255564018284618	8.63660853774886
690	0.00255680298198426	8.64913290486768
691	0.00255796449948149	8.66165727036458
692	0.00255912473856557	8.67418163424078
693	0.00256028370245145	8.6867059964975
694	0.00256144139434147	8.69923035713593
695	0.00256259781742535	8.71175471615732
696	0.00256375297488032	8.72427907356284
697	0.00256490686987116	8.73680342935368
698	0.00256605950555026	8.74932778353105
699	0.00256721088505772	8.76185213609612
700	0.00256836101152137	8.63285428871157
701	0.00256950988805685	8.64517663241934
702	0.00257065751776771	8.65749897454428
703	0.00257180390374541	8.6698213150875
704	0.00257294904906945	8.68214365405017
705	0.00257409295680739	8.69446599143341
706	0.0025752356300149	8.70678832723834
707	0.00257637707173591	8.71911066146606
708	0.00257751728500253	8.7314329941177
709	0.00257865627283527	8.74375532519439
710	0.00257979403824295	8.75607765469718
711	0.00258093058422288	8.76839998262719
712	0.00258206591376086	8.78072230898552
713	0.00258320002983127	8.79304463377324
714	0.00258433293539706	8.80536695699143
715	0.00258546463340993	8.81768927864119
716	0.00258659512681027	8.83001159872356
717	0.0025877244185273	8.84233391723962
718	0.00258885251147909	8.8546562341904
719	0.00258997940857262	8.866978549577
720	0.00259110511270384	8.87930086340043
721	0.00259222962675772	8.89162317566173
722	0.00259335295360836	8.90394548636197
723	0.00259447509611896	8.91626779550217
724	0.00259559605714192	8.92859010308336
725	0.00259671583951891	8.94091240910655
726	0.00259783444608092	8.95323471357275
727	0.00259895187964825	8.96555701648302
728	0.00260006814303067	8.97787931783833
729	0.00260118323902742	8.99020161763969
730	0.00260229717042723	9.0025239158881
731	0.00260340994000844	9.01484621258456
732	0.00260452155053901	9.02716850773006
733	0.00260563200477657	9.03949080132556
734	0.00260674130546851	9.05181309337207
735	0.00260784945535201	9.06413538387056
736	0.00260895645715407	9.076457672822
737	0.0026100623135916	9.08877996022734
738	0.00261116702737143	9.10110224608754
739	0.0026122706011904	9.11342453040359
740	0.00261337303773542	9.12574681317641
741	0.00261447433968343	9.13806909440697
742	0.00261557450970155	9.15039137409619
743	0.00261667355044711	9.16271365224503
744	0.00261777146456765	9.17503592885441
745	0.00261886825470102	9.18735820392526
746	0.00261996392347539	9.19968047745851
747	0.00262105847350934	9.21200274945508
748	0.00262215190741187	9.22432501991592
749	0.00262324422778247	9.23664728884189
750	0.00262433543721114	9.24896955623393
751	0.00262542553827849	9.26129182209293
752	0.00262651453355573	9.27361408641978
753	0.00262760242560474	9.28593634921539
754	0.00262868921697813	9.29825861048067
755	0.00262977491021926	9.31058087021649
756	0.0026308595078623	9.32290312842373
757	0.00263194301243226	9.33522538510327
758	0.00263302542644508	9.347547640256
759	0.0026341067524076	9.35986989388276
760	0.00263518699281768	9.37219214598446
761	0.0026362661501642	9.38451439656191
762	0.0026373442269271	9.39683664561603
763	0.00263842122557744	9.40915889314762
764	0.00263949714857749	9.42148113915757
765	0.00264057199838064	9.4338033836467
766	0.00264164577743159	9.44612562661588
767	0.00264271848816632	9.45844786806593
768	0.0026437901330121	9.4707701079977
769	0.00264486071438764	9.483092346412
770	0.00264593023470301	9.49541458330968
771	0.00264699869635975	9.50773681869156
772	0.00264806610175092	9.52005905255845
773	0.0026491324532611	9.53238128491119
774	0.00265019775326644	9.54470351575058
775	0.00265126200413474	9.55702574507741
776	0.00265232520822543	9.56934797289251
777	0.00265338736788965	9.58167019919668
778	0.0026544484854703	9.59399242399073
779	0.00265550856330203	9.60631464727543
780	0.00265656760371132	9.61863686905159
781	0.0026576256090165	9.63095908931998
782	0.00265868258152783	9.6432813080814
783	0.00265973852354745	9.65560352533661
784	0.00266079343736952	9.66792574108643
785	0.00266184732528018	9.68024795533159
786	0.00266290018955764	9.69257016807291
787	0.0026639520324722	9.7048923793111
788	0.00266500285628626	9.71721458904695
789	0.0026660526632544	9.72953679728123
790	0.00266710145562339	9.7418590040147
791	0.00266814923563225	9.75418120924808
792	0.00266919600551224	9.76650341298214
793	0.00267024176748696	9.77882561521765
794	0.00267128652377235	9.79114781595533
795	0.00267233027657672	9.80347001519591
796	0.00267337302810076	9.81579221294014
797	0.0026744147805377	9.82811440918877
798	0.00267545553607317	9.84043660394251
799	0.00267649529688537	9.8527587972021
800	0.00267753406514505	9.86508098896824
801	0.00267857184301552	9.8774031792417
802	0.00267960863265274	9.88972536802313
803	0.00268064443620534	9.9020475553133
804	0.00268167925581462	9.91436974111291
805	0.00268271309361462	9.92669192542265
806	0.00268374595173213	9.93901410824326
807	0.00268477783228675	9.9513362895754
808	0.00268580873739089	9.9636584694198
809	0.00268683866914983	9.81763175146217
810	0.00268786762966175	9.82975833822276
811	0.00268889562101774	9.84188492352125
812	0.00268992264530185	9.85401150735834
813	0.00269094870459115	9.8661380897347
814	0.00269197380095568	9.87826467065098
815	0.00269299793645859	9.89039125010787
816	0.00269402111315606	9.90251782810604
817	0.00269504333309744	9.91464440464614
818	0.0026960645983252	9.92677097972885
819	0.002697084910875	9.93889755335477
820	0.0026981042727757	9.95102412552463
821	0.00269912268604941	9.96315069623901
822	0.00270014015271153	9.97527726549862
823	0.00270115667477071	9.98740383330406
824	0.002702172254229	9.999530399656
825	0.00270318689308177	10.0116569645551
826	0.0027042005933178	10.0237835280019
827	0.00270521335691929	10.0359100899971
828	0.0027062251858619	10.0480366505414
829	0.00270723608211473	10.0601632096354
830	0.00270824604764046	10.0722897672796
831	0.00270925508439527	10.0844163234747
832	0.00271026319432891	10.0965428782214
833	0.00271127037938472	10.1086694315202
834	0.00271227664149971	10.1207959833719
835	0.00271328198260449	10.1329225337768
836	0.00271428640462339	10.1450490827358
837	0.00271528990947444	10.1571756302494
838	0.00271629249906942	10.1693021763182
839	0.00271729417531385	10.1814287209428
840	0.00271829494010707	10.1935552641239
841	0.00271929479534225	10.2056818058619
842	0.00272029374290637	10.2178083461576
843	0.00272129178468033	10.2299348850114
844	0.00272228892253892	10.2420614224241
845	0.00272328515835084	10.2541879583961
846	0.00272428049397879	10.2663144929281
847	0.0027252749312794	10.2784410260206
848	0.00272626847210336	10.2905675576744
849	0.00272726111829539	10.3026940878898
850	0.00272825287169424	10.3148206166674
851	0.00272924373413276	10.326947144008
852	0.00273023370743796	10.339073669912
853	0.00273122279343093	10.35120019438
854	0.00273221099392695	10.3633267174125
855	0.00273319831073552	10.3754532390102
856	0.0027341847456603	10.3875797591736
857	0.00273517030049925	10.3997062779033
858	0.00273615497704455	10.4118327951998
859	0.00273713877708271	10.4239593110637
860	0.00273812170239452	10.4360858254954
861	0.00273910375475514	10.4482123384957
862	0.00274008493593409	10.460338850065
863	0.00274106524769527	10.4724653602038
864	0.00274204469179702	10.4845918689128
865	0.00274302326999207	10.4967183761925
866	0.00274400098402767	10.5088448820433
867	0.0027449778356455	10.5209713864659
868	0.00274595382658179	10.5330978894608
869	0.00274692895856731	10.5452243910284
870	0.00274790323332734	10.5573508911695
871	0.00274887665258179	10.5694773898843
872	0.00274984921804513	10.5816038871736
873	0.0027508209314265	10.5937303830378
874	0.00275179179442966	10.6058568774775
875	0.00275276180875305	10.6179833704931
876	0.00275373097608979	10.6301098620852
877	0.00275469929812776	10.6422363522543
878	0.00275566677654952	10.6543628410009
879	0.00275663341303244	10.6664893283256
880	0.00275759920924867	10.6786158142288
881	0.00275856416686512	10.690742298711
882	0.00275952828754359	10.7028687817728
883	0.00276049157294069	10.7149952634147
884	0.00276145402470791	10.7271217436372
885	0.00276241564449165	10.7392482224407
886	0.0027633764339332	10.7513746998257
887	0.00276433639466881	10.7635011757928
888	0.00276529552832966	10.7756276503425
889	0.00276625383654194	10.7877541234753
890	0.00276721132092682	10.7998805951915
891	0.00276816798310048	10.8120070654918
892	0.00276912382467417	10.8241335343766
893	0.00277007884725419	10.8362600018465
894	0.00277103305244191	10.8483864679018
895	0.00277198644183382	10.8605129325431
896	0.00277293901702152	10.8726393957708
897	0.00277389077959176	10.8847658575854
898	0.00277484173112647	10.8968923179875
899	0.00277579187320275	10.9090187769774
900	0.00277674120739287	10.9211452345557
901	0.0027776897352644	10.9332716907228
902	0.00277863745838008	10.9453981454792
903	0.00277958437829797	10.9575245988253
904	0.00278053049657135	10.9696510507616
905	0.00278147581474887	10.9817775012887
906	0.00278242033437445	10.9939039504069
907	0.00278336405698738	11.0060303981166
908	0.00278430698412229	11.0181568444185
909	0.00278524911730922	11.0302832893129
910	0.00278619045807358	11.0424097328002
911	0.0027871310079362	11.054536174881
912	0.00278807076841333	11.0666626155556
913	0.00278900974101673	11.0787890548246
914	0.00278994792725356	11.0909154926883
915	0.00279088532862652	11.1030419291473
916	0.00279182194663383	11.1151683642019
917	0.00279275778276918	11.1272947978526
918	0.00279369283852186	11.1394212300999
919	0.00279462711537669	11.1515476609441
920	0.00279556061481409	11.1636740903858
921	0.00279649333831008	11.1758005184254
922	0.0027974252873363	11.1879269450632
923	0.00279835646336	11.2000533702998
924	0.00279928686784409	11.2121797941355
925	0.0028002165022472	11.2243062165708
926	0.00280114536802357	11.2364326376061
927	0.00280207346662322	11.2485590572419
928	0.00280300079949183	11.2606854754785
929	0.00280392736807085	11.2728118923164
930	0.00280485317379749	11.2849383077561
931	0.00280577821810473	11.1205480881831
932	0.00280670250242132	11.1324850256287
933	0.00280762602817185	11.1444219616991
934	0.00280854879677671	11.1563588963948
935	0.00280947080965214	11.168295829716
936	0.00281039206821024	11.1802327616633
937	0.00281131257385898	11.192169692237
938	0.00281223232800222	11.2041066214375
939	0.00281315133203973	11.2160435492652
940	0.00281406958736719	11.2279804757206
941	0.00281498709537624	11.239917400804
942	0.00281590385745446	11.2518543245158
943	0.00281681987498541	11.2637912468564
944	0.00281773514934864	11.2757281678262
945	0.00281864968191967	11.2876650874257
946	0.00281956347407008	11.2996020056551
947	0.00282047652716746	11.3115389225149
948	0.00282138884257547	11.3234758380055
949	0.00282230042165382	11.3354127521272
950	0.0028232112657583	11.3473496648805
951	0.00282412137624079	11.3592865762657
952	0.0028250307544493	11.3712234862833
953	0.00282593940172797	11.3831603949335
954	0.00282684731941705	11.3950973022168
955	0.00282775450885299	11.4070342081335
956	0.00282866097136837	11.4189711126841
957	0.00282956670829199	11.4309080158688
958	0.00283047172094883	11.4428449176882
959	0.00283137601066008	11.4547818181425
960	0.0028322795787432	11.4667187172321
961	0.00283318242651186	11.4786556149574
962	0.002834084555276	11.4905925113188
963	0.00283498596634183	11.5025294063166
964	0.00283588666101187	11.5144662999512
965	0.00283678664058493	11.5264031922229
966	0.00283768590635611	11.5383400831322
967	0.0028385844596169	11.5502769726794
968	0.00283948230165509	11.5622138608648
969	0.00284037943375485	11.5741507476888
970	0.00284127585719671	11.5860876331518
971	0.00284217157325761	11.5980245172541
972	0.00284306658321087	11.6099613999961
973	0.00284396088832624	11.6218982813781
974	0.00284485448986989	11.6338351614006
975	0.00284574738910445	11.6457720400637
976	0.00284663958728899	11.657708917368
977	0.00284753108567905	11.6696457933137
978	0.00284842188552667	11.6815826679012
979	0.00284931198808036	11.6935195411308
980	0.00285020139458517	11.7054564130029
981	0.00285109010628265	11.7173932835178
982	0.00285197812441092	11.7293301526759
983	0.0028528654502046	11.7412670204775
984	0.00285375208489492	11.753203886923
985	0.00285463802970966	11.7651407520127
986	0.0028555232858732	11.7770776157469
987	0.00285640785460653	11.789014478126
988	0.0028572917371272	11.8009513391503
989	0.00285817493464949	11.8128881988201
990	0.00285905744838422	11.8248250571359
991	0.00285993927953892	11.8367619140978
992	0.00286082042931777	11.8486987697063
993	0.00286170089892164	11.8606356239616
994	0.00286258068954805	11.8725724768642
995	0.00286345980239128	11.8845093284143
996	0.00286433823864229	11.8964461786122
997	0.00286521599948877	11.9083830274584
998	0.00286609308611516	11.920319874953
999	0.00286696949970264	11.9322567210965
1000	0.00288061450676134	11.9593447625912
1001	0.00286872031246949	11.9561304093313
