1	0.0265166212596378	0.025416346518574
2	0.0336005895997242	0.0321366634968316
3	0.0371442831267269	0.0354489009093244
4	0.0393013205903819	0.0375074843808624
5	0.0407628102953835	0.0388176969410395
6	0.0418231576406714	0.0398274467988966
7	0.0426300192978066	0.0405958067586996
8	0.0432659662028158	0.0411116442342109
9	0.0436901068702231	0.0416009749408777
10	0.0441152741106524	0.0420058119390412
11	0.0444732145355267	0.0423466367095036
12	0.0447789477257095	0.0425446551156949
13	0.0450432917385267	0.0427958094064589
14	0.0452742439127584	0.0430152379794814
15	0.0454778488068785	0.0432086837936455
16	0.0456587630959132	0.0433805711742876
17	0.0458206343899487	0.0434391045360013
18	0.0459663619467471	0.0435772578954609
19	0.0460982802281834	0.0437023197173631
20	0.0462182907582794	0.0438160926939197
21	0.0463279585540248	0.0439200605002813
22	0.046428583787639	0.0440154557321484
23	0.0465212558176611	0.0441033111285935
24	0.0466068944638561	0.0441844987017014
25	0.0466862819158253	0.0441626991095644
26	0.0467600876712164	0.0442325153646642
27	0.0468288882222672	0.0442975969670095
28	0.0468931827405635	0.0443584161059384
29	0.0469534056804175	0.0444153837517463
30	0.0470099369865429	0.0444688593115947
31	0.04706311042235	0.0445191585076284
32	0.047113220411552	0.0445665598487654
33	0.0471605276945332	0.0446113099813152
34	0.0472052640329019	0.0446536281392315
35	0.0472476361444471	0.0445954819325967
36	0.047287829011836	0.0446334186515043
37	0.0473260086786087	0.0446694551768989
38	0.047362324623046	0.0447037325963885
39	0.0473969117826132	0.0447363782729862
40	0.0474298922876891	0.0447675074815195
41	0.047461376952261	0.0447972248156476
42	0.0474914665605147	0.0448256254022322
43	0.0475202529812717	0.0448527959532169
44	0.0475478201366206	0.0448788156798873
45	0.0475742448465752	0.0449037570901146
46	0.0475995975679232	0.0449276866857321
47	0.04762394304245	0.0449506655743707
48	0.0476473408672716	0.0448736910870562
49	0.0476698459980079	0.044894886147812
50	0.0476915091938637	0.0449152882844496
51	0.0477123774123118	0.0449349417209506
52	0.0477324941599268	0.0449538874312824
53	0.0477518998049619	0.0449721634337791
54	0.047770631856459	0.044989805054004
55	0.047788725214009	0.0450068451599711
56	0.0478062123917067	0.0450233143730627
57	0.0478231237193662	0.045039241257532
58	0.0478394875236509	0.0450546524910891
59	0.0478553302914231	0.0450695730187415
60	0.0478706768173218	0.0450840261917812
61	0.0478855503373199	0.0450980338935674
62	0.0478999726497949	0.0451116166535491
63	0.0479139642254555	0.0451247937507928
64	0.0479275443073062	0.0451375833081283
65	0.0479407310016898	0.0450503334984694
66	0.0479535413613237	0.0450623715079383
67	0.0479659914611429	0.0450740709780386
68	0.0479780964676664	0.045085446160884
69	0.0479898707025254	0.0450965105146393
70	0.0480013277007197	0.0451072767582646
71	0.0480124802641053	0.0451177569217788
72	0.0480233405105664	0.0451279623924657
73	0.0480339199192696	0.045137903957401
74	0.0480442293723641	0.0451475918426374
75	0.0480542791934473	0.0451570357493517
76	0.0480640791830865	0.0451662448872247
77	0.0480736386516569	0.0451752280052992
78	0.0480829664497294	0.0451839934205358
79	0.0480920709962196	0.0451925490442646
80	0.0481009603044883	0.0452009024067125
81	0.048109642006566	0.0452090606797668
82	0.0481181233756569	0.0452170306981225
83	0.0481264113470635	0.0452248189789453
84	0.0481345125376599	0.045232431740171
85	0.0481424332640304	0.0452398749175504
86	0.0481501795593792	0.0452471541805392
87	0.0481577571893061	0.0451541548698068
88	0.0481651716665389	0.0451611069056321
89	0.0481724282646985	0.0451679109093119
90	0.048179532031174	0.0451745716134293
91	0.0481864877991716	0.0451810935497431
92	0.0481933001989996	0.0451874810597689
93	0.0481999736686456	0.0451937383046968
94	0.0482065124636973	0.0451998692746933
95	0.0482129206666533	0.0452058777976313
96	0.0482192021956689	0.0452117675472904
97	0.048225360812774	0.0452175420510625
98	0.0482314001316028	0.0452232046971993
99	0.0482373236246673	0.0452287587416319
100	0.0482060877773679	0.0452242679148503
101	0.0482488363586333	0.0452395534256624
102	0.0482544318986295	0.0452447999714801
103	0.0482599242228718	0.0452499497391168
104	0.0482653161934534	0.0452550054121569
105	0.0482706105669969	0.0452599695752923
106	0.0482758099994869	0.0452648447188536
107	0.0482809170508383	0.0452696332430937
108	0.0482859341892171	0.0452743374622389
109	0.0482908637951302	0.0452789596083237
110	0.048295708165297	0.0452835018348211
111	0.0483004695163175	0.0452879662200815
112	0.048305149988149	0.0452923547705929
113	0.0483097516474025	0.0452966694240718
114	0.0483142764904702	0.0453009120523952
115	0.0483187264464937	0.0453050844643839
116	0.0483231033801829	0.0452087245760547
117	0.0483274090944936	0.0452127527911062
118	0.0483316453331721	0.0452167160081652
119	0.0483358137831756	0.0452206158054658
120	0.0483399160769736	0.0452244537102663
121	0.048343953794738	0.0452282312008984
122	0.0483479284664292	0.0452319497087176
123	0.0483518415737815	0.0452356106199619
124	0.0483556945521957	0.045239215277522
125	0.0483594887925426	0.0452427649826282
126	0.0483632256428832	0.0452462609964604
127	0.0483669064101089	0.0452497045416819
128	0.048370532361507	0.0452530968039047
129	0.0483741047262553	0.0452564389330871
130	0.0483776246968493	0.0452597320448694
131	0.0483810934304649	0.0452629772218486
132	0.0482839205491177	0.0452661755147978
133	0.0482872831400863	0.0452693279438309
134	0.0482905978661514	0.0452724354995169
135	0.0482938657535422	0.0452754991439458
136	0.0482970877991983	0.0452785198117484
137	0.0483002649718108	0.0452814984110726
138	0.0483033982128191	0.0452844358245179
139	0.0483064884373668	0.0452873329100314
140	0.0483095365352159	0.0452901905017649
141	0.0483125433716243	0.0452930094108978
142	0.0483155097881866	0.0452957904264249
143	0.0483184366036403	0.0452985343159127
144	0.0483213246146393	0.0453012418262244
145	0.0483241745964966	0.0453039136842155
146	0.0483269873038958	0.0453065505974023
147	0.0483297634715761	0.0453091532546026
148	0.0483325038149886	0.0453117223265518
149	0.0483352090309274	0.0453142584664944
150	0.0483378797981362	0.0453167623107527
151	0.0483405167778909	0.0452185250693188
152	0.0483431206145601	0.0452209607415364
153	0.0483456919361435	0.0452233659986009
154	0.0483482313547909	0.0452257414131273
155	0.0483507394673002	0.0452280875433704
156	0.0483532168555978	0.0452304049336738
157	0.0483556640872004	0.0452326941149021
158	0.0483580817156598	0.0452349556048568
159	0.0483604702809914	0.0452371899086774
160	0.0483628303100869	0.0452393975192272
161	0.0483651623171118	0.045241578917465
162	0.0483674668038888	0.0452437345728043
163	0.0483697442602673	0.0452458649434584
164	0.0483719951644794	0.0452479704767735
165	0.0483742199834837	0.0452500516095504
166	0.0483764191732965	0.0452521087683544
167	0.0483785931793115	0.0452541423698143
168	0.0483807424366088	0.0452561528209112
169	0.0483828673702521	0.0452581405192567
170	0.048384968395577	0.0452601058533626
171	0.0483870459184677	0.0452620492029
172	0.0483891003356265	0.0452639709389506
173	0.0483911320348317	0.0452658714242488
174	0.0483931413951887	0.0452677510134161
175	0.0483951287873716	0.0452696100531871
176	0.0483970945738572	0.0452714488826289
177	0.0483990391091513	0.0452732678333519
178	0.0484009627400069	0.0452750672297148
179	0.0484028658056362	0.0452768473890222
180	0.0484047486379148	0.0452786086217162
181	0.0484066115615798	0.0452803512315611
182	0.0484084548944213	0.0452820755158233
183	0.0484102789474678	0.0452837817654439
184	0.0484120840251658	0.0452854702652072
185	0.0484138704255535	0.0452871412939032
186	0.0484156384404288	0.0452887951244845
187	0.0484173883555129	0.0452904320242194
188	0.0484191204506077	0.0452920522548393
189	0.0484208349997489	0.0452936560726818
190	0.0484225322713546	0.0452952437288296
191	0.0484242125283684	0.0452968154692446
192	0.0484258760283992	0.0452983715348984
193	0.0484275230238561	0.0452999121618987
194	0.0484291537620793	0.0453014375816117
195	0.0484307684854673	0.0453029480207809
196	0.0484323674315998	0.0452035429361598
197	0.0484339508333576	0.0452050207778004
198	0.0484355189190382	0.0452064843244356
199	0.0484370719124687	0.0452079337849708
200	0.0484386100331149	0.0452093693642406
201	0.0484401334961873	0.0452107912631082
202	0.0484416425127442	0.0452121996785613
203	0.0484431372897915	0.0452135948038054
204	0.0484446180303801	0.0452149768283547
205	0.0484460849336997	0.0452163459381197
206	0.0484475381951711	0.045217702315493
207	0.0484489780065346	0.0452190461394323
208	0.048450404555937	0.0452203775855412
209	0.0484518180280152	0.0452216968261475
210	0.0484532186039784	0.0452230040303798
211	0.048454606461687	0.0452242993642412
212	0.0484559817757304	0.0452255829906817
213	0.0484573447175018	0.0452268550696683
214	0.048458695455271	0.0452281157582529
215	0.048460034154256	0.0452293652106389
216	0.0484613609766916	0.0452306035782455
217	0.0484626760818969	0.0452318310097705
218	0.0484639796263408	0.0452330476512514
219	0.0484652717637053	0.0452342536461249
220	0.0484665526449476	0.0452354491352844
221	0.0484678224183607	0.0452366342571367
222	0.0484690812296318	0.0452378091476563
223	0.0484703292218994	0.0452389739404394
224	0.0484715665358092	0.0452401287667553
225	0.0484727933095682	0.045241273755597
226	0.0484740096789976	0.0452424090337311
227	0.0484752157775838	0.0452435347257449
228	0.048476411736529	0.0452446509540937
229	0.0484775976847998	0.0452457578391465
230	0.0484787737491748	0.0452468554992298
231	0.0484799400542908	0.0452479440506714
232	0.0484810967226882	0.0452490236078423
233	0.0484822438748548	0.0452500942831978
234	0.0484833816292689	0.0452511561873177
235	0.0484845101024413	0.0452522094289452
236	0.0484856294089554	0.045253254115025
237	0.0484867396615078	0.0452542903507406
238	0.0484878409709469	0.0452553182395504
239	0.0484889334463103	0.045256337883223
240	0.0484900171948625	0.0452573493818716
241	0.0484910923221299	0.0452583528339879
242	0.0484921589319371	0.0452593483364746
243	0.0484932171264402	0.0452603359846775
244	0.0484942670061609	0.0452613158724169
245	0.048495308670019	0.0452622880920177
246	0.0484963422153638	0.0452632527343396
247	0.0484973677380063	0.0452642098888059
248	0.0484983853322483	0.0452651596434317
249	0.0484993950909131	0.0452661020848522
250	0.0485003971053738	0.0451659948043793
251	0.0485013914655819	0.0451669208023231
252	0.0485023782600949	0.0451678397547134
253	0.0485033575761033	0.0451687517427462
254	0.0485043294994567	0.045169656846369
255	0.0485052941146898	0.0451705551443048
256	0.0485062515050475	0.0451714467140755
257	0.0485072017525095	0.0451723316320244
258	0.0485081449378142	0.0451732099733395
259	0.0485090811404824	0.0451740818120742
260	0.0485100104388398	0.0451749472211696
261	0.0485109329100401	0.0451758062724748
262	0.0485118486300861	0.0451766590367677
263	0.0485127576738518	0.0451775055837745
264	0.0485136601151032	0.0451783459821899
265	0.0485145560265184	0.0451791802996952
266	0.048515445479708	0.045180008602978
267	0.0485163285452347	0.0451808309577498
268	0.0485172052926322	0.0451816474287637
269	0.0485180757904242	0.0451824580798326
270	0.0485189401061426	0.0451832629738453
271	0.0485197983063454	0.0451840621727842
272	0.0485206504566342	0.0451848557377406
273	0.0485214966216717	0.0451856437289318
274	0.0485223368651979	0.0451864262057155
275	0.0485231712500471	0.0451872032266064
276	0.0485239998381638	0.04518797484929
277	0.0485248226906181	0.0451887411306381
278	0.0485256398676217	0.0451895021267227
279	0.0485264514285425	0.0451902578928302
280	0.0485272574319197	0.0451910084834752
281	0.048528057935478	0.0451917539524139
282	0.0485288529961417	0.045192494352657
283	0.0485296426700491	0.0451932297364832
284	0.0485304270125653	0.0451939601554515
285	0.0485312060782961	0.0451946856604132
286	0.0485319799211006	0.045195406301525
287	0.0485327485941044	0.0451961221282597
288	0.0485335121497114	0.0451968331894188
289	0.048534270639617	0.0451975395331433
290	0.048535024114819	0.0451982412069252
291	0.0485357726256303	0.0451989382576182
292	0.0485365162216896	0.0451996307314485
293	0.0485372549519735	0.0452003186740253
294	0.0485379888648067	0.0452010021303512
295	0.0485387180078734	0.0452016811448321
296	0.0485394424282277	0.0452023557612871
297	0.0485401621723042	0.0452030260229583
298	0.0485408772859278	0.0452036919725203
299	0.048541587814324	0.0452043536520892
300	0.0485422938021287	0.0452050111032323
301	0.0485429952933976	0.0452056643669765
302	0.0485436923316159	0.0452063134838173
303	0.0485443849597073	0.0452069584937274
304	0.048545073220043	0.0452075994361651
305	0.048545757154451	0.0452082363500825
306	0.0485464368042244	0.0452088692739339
307	0.0485471122101299	0.0452094982456834
308	0.0485477834124165	0.0452101233028128
309	0.0485484504508235	0.0452107444823294
310	0.0485491133645889	0.0452113618207734
311	0.0485497721924565	0.0452119753542252
312	0.0485504269726847	0.0452125851183127
313	0.0485510777430534	0.0452131911482184
314	0.0485517245408715	0.0452137934786866
315	0.0485523674029847	0.0452143921440295
316	0.0485530063657823	0.0452149871781348
317	0.0485536414652043	0.0451144251947523
318	0.0485542727367484	0.0451150117512288
319	0.048554900215477	0.0451155947835474
320	0.0485555239360233	0.0451161743238883
321	0.0485561439325985	0.0451167504040394
322	0.0485567602389978	0.0451173230554021
323	0.048557372888607	0.0451178923089973
324	0.0485579819144085	0.0451184581954712
325	0.0485585873489875	0.0451190207451008
326	0.0485591892245377	0.0451195799877996
327	0.0485597875728679	0.0451201359531231
328	0.0485603824254067	0.0451206886702737
329	0.0485609738132091	0.0451212381681068
330	0.0485615617669616	0.0451217844751352
331	0.0485621463169878	0.0451223276195345
332	0.0485627274932535	0.0451228676291481
333	0.0485633053253725	0.0451234045314919
334	0.0485638798426112	0.0451239383537596
335	0.0485644510738941	0.0451244691228266
336	0.0485650190478084	0.0451249968652553
337	0.0485655837926096	0.0451255216072998
338	0.0485661453362255	0.0451260433749095
339	0.0485667037062613	0.0451265621937344
340	0.0485672589300045	0.0451270780891291
341	0.0485678110344289	0.0451275910861569
342	0.0485683600461999	0.0451281012095941
343	0.048568905991678	0.0451286084839342
344	0.0485694488969239	0.0451291129333918
345	0.0485699887877024	0.0451296145819068
346	0.0485705256894865	0.0451301134531479
347	0.0485710596274619	0.0451306095705166
348	0.0485715906265306	0.0451311029571514
349	0.0485721187113155	0.0451315936359307
350	0.0485726439061637	0.0451320816294771
351	0.0485731662351505	0.0451325669601606
352	0.0485736857220835	0.0451330496501025
353	0.048574202390506	0.0451335297211785
354	0.048574716263701	0.0451340071950221
355	0.0485752273646942	0.0451344820930283
356	0.0485757357162582	0.0451349544363565
357	0.0485762413409156	0.0451354242459341
358	0.0485767442609427	0.0451358915424593
359	0.0485772444983725	0.0451363563464044
360	0.0485777420749982	0.0451368186780192
361	0.0485782370123768	0.0451372785573335
362	0.0485787293318316	0.0451377360041602
363	0.048579219054456	0.0451381910380987
364	0.0485797062011163	0.0451386436785372
365	0.0485801907924547	0.0451390939446558
366	0.0485806728488925	0.0451395418554292
367	0.0485811523906329	0.0451399874296297
368	0.0485816294376641	0.0451404306858296
369	0.048582104009762	0.0451408716424038
370	0.0485825761264928	0.0451413103175329
371	0.0485830458072165	0.0451417467292053
372	0.0485835130710887	0.0451421808952199
373	0.0485839779370641	0.0451426128331887
374	0.0485844404238985	0.045143042560539
375	0.0485849005501518	0.045143470094516
376	0.0485853583341904	0.0451438954521853
377	0.04858581379419	0.0451443186504349
378	0.0485862669481375	0.0451447397059777
379	0.0485867178138339	0.045145158635354
380	0.0485871664088967	0.0451455754549332
381	0.0485876127507621	0.0451459901809164
382	0.0485880568566873	0.0451464028293386
383	0.048588498743753	0.0451468134160705
384	0.0485889384288655	0.0451472219568209
385	0.048589375928759	0.0451476284671386
386	0.0485898112599976	0.0451480329624144
387	0.0485902444389778	0.0451484354578836
388	0.0485906754819304	0.045148835968627
389	0.0485911044049225	0.0451492345095738
390	0.0485915312238598	0.0451496310955031
391	0.0485919559544886	0.0451500257410456
392	0.0485923786123975	0.045150418460686
393	0.0485927992130198	0.0451508092687642
394	0.048593217771635	0.0451511981794775
395	0.0485936343033713	0.0451515852068825
396	0.0485940488232066	0.0451519703648961
397	0.0485944613459713	0.0451523536672983
398	0.0485948718863495	0.0450514958113032
399	0.0485952804588811	0.0450518745920877
400	0.0485956870779634	0.0450522515618619
401	0.0485960917578529	0.0450526267338427
402	0.0485964945126669	0.0450530001211183
403	0.0485968953563857	0.0450533717366493
404	0.0485972943028537	0.0450537415932706
405	0.0485976913657811	0.0450541097036929
406	0.0485980865587458	0.0450544760805039
407	0.0485984798951949	0.0450548407361703
408	0.0485988713884463	0.0450552036830388
409	0.04859926105169	0.0450555649333376
410	0.04859964889799	0.0450559244991783
411	0.0486000349402856	0.0450562823925564
412	0.0486004191913928	0.0450566386253537
413	0.0486008016640061	0.045056993209339
414	0.0486011823706995	0.0450573461561693
415	0.0486015613239284	0.0450576974773919
416	0.0486019385360305	0.0450580471844449
417	0.0486023140192277	0.045058395288659
418	0.0486026877856271	0.0450587418012584
419	0.0486030598472223	0.0450590867333624
420	0.0486034302158953	0.0450594300959862
421	0.0486037989034169	0.0450597719000427
422	0.0486041659214487	0.0450601121563431
423	0.0486045312815443	0.0450604508755984
424	0.0486048949951502	0.0450607880684205
425	0.0486052570736072	0.0450611237453233
426	0.0486056175281519	0.0450614579167241
427	0.0486059763699174	0.0450617905929443
428	0.048606333609935	0.0450621217842106
429	0.0486066892591349	0.0450624515006563
430	0.0486070433283476	0.0450627797523222
431	0.0486073958283052	0.0450631065491579
432	0.048607746769642	0.0450634319010223
433	0.0486080961628964	0.0450637558176852
434	0.048608444018511	0.0450640783088279
435	0.0486087903468347	0.0450643993840446
436	0.0486091351581228	0.045064719052843
437	0.0486094784625388	0.0450650373246454
438	0.0486098202701553	0.0450653542087898
439	0.0486101605909544	0.0450656697145306
440	0.0486104994348295	0.0450659838510399
441	0.048610836811586	0.0450662966274078
442	0.0486111727309421	0.0450666080526442
443	0.0486115072025299	0.0450669181356787
444	0.0486118402358964	0.0450672268853623
445	0.0486121718405046	0.0450675343104678
446	0.0486125020257339	0.0450678404196908
447	0.0486128308008816	0.0450681452216507
448	0.0486131581751634	0.0450684487248911
449	0.0486134841577147	0.0450687509378813
450	0.0486138087575907	0.0450690518690164
451	0.0486141319837685	0.0450693515266187
452	0.0486144538451466	0.045069649918938
453	0.0486147743505469	0.0450699470541529
454	0.0486150935087147	0.0450702429403709
455	0.04861541132832	0.04507053758563
456	0.0486157278179582	0.0450708309978987
457	0.0486160429861508	0.0450711231850773
458	0.0486163568413462	0.045071414154998
459	0.0486166693919208	0.0450717039154265
460	0.0486169806461792	0.045071992474062
461	0.0486172906123556	0.045072279838538
462	0.048617599298614	0.0450725660164234
463	0.0486179067130493	0.0450728510152228
464	0.0486182128636879	0.0450731348423773
465	0.0486185177584884	0.0450734175052653
466	0.0486188214053424	0.0450736990112028
467	0.048619123812075	0.0450739793674446
468	0.048619424986446	0.0450742585811843
469	0.04861972493615	0.0450745366595557
470	0.0486200236688173	0.0450748136096327
471	0.0486203211920146	0.0450750894384302
472	0.0486206175132459	0.0450753641529051
473	0.0486209126399527	0.0450756377599561
474	0.0486212065795147	0.0450759102664251
475	0.0486214993392511	0.0450761816790974
476	0.0486217909264202	0.0450764520047021
477	0.0486220813482209	0.0450767212499131
478	0.0486223706117928	0.0450769894213496
479	0.0486226587242171	0.0450772565255762
480	0.0486229456925169	0.0450775225691042
481	0.0486232315236581	0.0450777875583913
482	0.0486235162245498	0.045078051499843
483	0.048623799802045	0.0450783143998126
484	0.0486240822629411	0.0450785762646016
485	0.0486243636139803	0.0450788371004609
486	0.0486246438618504	0.0450790969135905
487	0.0486249230131855	0.0450793557101407
488	0.048625201074566	0.0450796134962122
489	0.0486254780525196	0.0450798702778567
490	0.0486257539535216	0.0450801260610773
491	0.0486260287839957	0.0450803808518294
492	0.0486263025503141	0.0450806346560204
493	0.0486265752587984	0.0450808874795111
494	0.0486268469157199	0.0450811393281153
495	0.0486271175273001	0.0449800837127526
496	0.0486273870997112	0.0449803330672328
497	0.0486276556390767	0.044980581466146
498	0.0486279231514719	0.0449808289151115
499	0.0486281896429241	0.0449810754197048
500	0.0486284551194133	0.0449813209854573
501	0.0486287195868727	0.0449815656178573
502	0.0486289830511891	0.0449818093223499
503	0.0486292455182031	0.0449820521043379
504	0.0486295069937101	0.0449822939691818
505	0.0486297674834602	0.0449825349222007
506	0.0486300269931589	0.0449827749686719
507	0.0486302855284675	0.0449830141138325
508	0.0486305430950037	0.0449832523628784
509	0.0486307996983415	0.0449834897209659
510	0.0486310553440124	0.0449837261932114
511	0.0486313100375049	0.0449839617846921
512	0.0486315637842659	0.0449841965004459
513	0.0486318165897001	0.0449844303454726
514	0.0486320684591712	0.0449846633247334
515	0.048632319398002	0.0449848954431519
516	0.0486325694114746	0.044985126705614
517	0.048632818504831	0.0449853571169687
518	0.0486330666832736	0.0449855866820281
519	0.0486333139519653	0.0449858154055679
520	0.0486335603160299	0.0449860432923277
521	0.0486338057805528	0.0449862703470113
522	0.048634050350581	0.0449864965742874
523	0.0486342940311235	0.0449867219787892
524	0.0486345368271518	0.0449869465651154
525	0.0486347787436004	0.0449871703378304
526	0.0486350197853667	0.0449873933014642
527	0.0486352599573116	0.0449876154605132
528	0.0486354992642599	0.0449878368194404
529	0.0486357377110006	0.0449880573826755
530	0.048635975302287	0.0449882771546155
531	0.0486362120428377	0.0449884961396249
532	0.0486364479373358	0.0449887143420356
533	0.0486366829904304	0.0449889317661481
534	0.0486369172067362	0.044989148416231
535	0.0486371505908339	0.0449893642965213
536	0.0486373831472708	0.0449895794112255
537	0.0486376148805608	0.0449897937645187
538	0.0486378457951849	0.0449900073605461
539	0.0486380758955915	0.0449902202034222
540	0.0486383051861965	0.0449904322972317
541	0.0486385336713837	0.0449906436460299
542	0.0486387613555053	0.0449908542538424
543	0.0486389882428818	0.0449910641246657
544	0.0486392143378026	0.0449912732624674
545	0.0486394396445262	0.0449914816711868
546	0.0486396641672805	0.0449916893547344
547	0.0486398879102627	0.044991896316993
548	0.0486401108776403	0.0449921025618173
549	0.0486403330735508	0.0449923080930345
550	0.0486405545021021	0.0449925129144445
551	0.0486407751673728	0.0449927170298199
552	0.0486409950734126	0.0449929204429066
553	0.0486412142242422	0.044993123157424
554	0.048641432623854	0.044993325177065
555	0.048641650276212	0.0449935265054961
556	0.0486418671852522	0.0449937271463583
557	0.0486420833548829	0.0449939271032667
558	0.0486422987889847	0.0449941263798109
559	0.0486425134914111	0.0449943249795552
560	0.0486427274659884	0.0449945229060393
561	0.0486429407165163	0.0449947201627776
562	0.0486431532467677	0.0449949167532602
563	0.0486433650604894	0.0449951126809527
564	0.0486435761614017	0.0449953079492966
565	0.0486437865531995	0.0449955025617096
566	0.0486439962395518	0.0449956965215854
567	0.048644205224102	0.0449958898322944
568	0.0486444135104686	0.0449960824971835
569	0.048644621102245	0.0449962745195766
570	0.0486448280029997	0.0449964659027747
571	0.0486450342162768	0.044996656650056
572	0.0486452397455959	0.0449968467646762
573	0.0486454445944525	0.0449970362498686
574	0.0486456487663184	0.0449972251088445
575	0.0486458522646412	0.0449974133447931
576	0.0486460550928454	0.0449976009608819
577	0.0486462572543318	0.0449977879602569
578	0.0486464587524785	0.0449979743460426
579	0.0486466595906404	0.0449981601213423
580	0.0486468597721495	0.0449983452892383
581	0.0486470593003157	0.044998529852792
582	0.0486472581784261	0.0449987138150441
583	0.0486474564097459	0.044998897179015
584	0.0486476539975184	0.0449990799477045
585	0.0486478509449647	0.0449992621240923
586	0.0486480472552847	0.0449994437111384
587	0.0486482429316567	0.0449996247117825
588	0.0486484379772378	0.044999805128945
589	0.0486486323951639	0.0449999849655266
590	0.0486488261885502	0.045000164224409
591	0.0486490193604911	0.0450003429084543
592	0.0486492119140603	0.0450005210205058
593	0.0486494038523114	0.0450006985633881
594	0.0486495951782776	0.0450008755399067
595	0.048649785894972	0.0450010519528491
596	0.048649976005388	0.0450012278049839
597	0.0486501655124992	0.0450014030990618
598	0.0486503544192597	0.0450015778378152
599	0.0486505427286042	0.0450017520239589
600	0.0486507304434481	0.0450019256601895
601	0.0486509175666877	0.0450020987491861
602	0.0486511041012006	0.0450022712936105
603	0.0486512900498453	0.0450024432961069
604	0.0486514754154621	0.0450026147593025
605	0.0486516602008725	0.0450027856858071
606	0.0486518444088799	0.0450029560782139
607	0.0486520280422693	0.0450031259390991
608	0.048652211103808	0.0450032952710224
609	0.0486523935962453	0.0450034640765269
610	0.0486525755223127	0.0450036323581392
611	0.0486527568847242	0.0449024402081933
612	0.0486529376861763	0.0449026070728669
613	0.0486531179293483	0.0449027734222944
614	0.0486532976169024	0.0449029392589328
615	0.0486534767514835	0.0449031045852233
616	0.0486536553357198	0.0449032694035914
617	0.0486538333722229	0.0449034337164474
618	0.0486540108635875	0.044903597526186
619	0.048654187812392	0.0449037608351868
620	0.0486543642211983	0.0449039236458143
621	0.0486545400925523	0.0449040859604181
622	0.0486547154289836	0.0449042477813328
623	0.048654890233006	0.0449044091108784
624	0.0486550645071172	0.0449045699513602
625	0.0486552382537994	0.044904730305069
626	0.0486554114755192	0.0449048901742813
627	0.0486555841747277	0.0449050495612591
628	0.0486557563538607	0.0449052084682506
629	0.0486559280153386	0.0449053668974895
630	0.0486560991615668	0.044905524851196
631	0.0486562697949358	0.0449056823315761
632	0.048656439917821	0.0449058393408223
633	0.0486566095325834	0.0449059958811134
634	0.048656778641569	0.0449061519546147
635	0.0486569472471094	0.0449063075634781
636	0.0486571153515219	0.0449064627098421
637	0.0486572829571092	0.0449066173958321
638	0.0486574500661602	0.0449067716235604
639	0.0486576166809494	0.0449069253951263
640	0.0486577828037375	0.0449070787126161
641	0.0486579484367711	0.0449072315781033
642	0.0486581135822834	0.044907383993649
643	0.0486582782424936	0.0449075359613014
644	0.0486584424196076	0.0449076874830961
645	0.0486586061158176	0.0449078385610566
646	0.0486587693333027	0.0449079891971939
647	0.0486589320742286	0.0449081393935068
648	0.048659094340748	0.044908289151982
649	0.0486592561350003	0.044908438474594
650	0.0486594174591122	0.0449085873633056
651	0.0486595783151974	0.0449087358200676
652	0.0486597387053571	0.0449088838468191
653	0.0486598986316795	0.0449090314454875
654	0.0486600580962404	0.0449091786179885
655	0.0486602171011032	0.0449093253662265
656	0.0486603756483188	0.0449094716920942
657	0.048660533739926	0.0449096175974734
658	0.0486606913779512	0.0449097630842342
659	0.0486608485644089	0.0449099081542357
660	0.0486610053013014	0.0449100528093261
661	0.0486611615906193	0.0449101970513424
662	0.0486613174343412	0.0449103408821108
663	0.0486614728344341	0.0449104843034465
664	0.0486616277928532	0.0449106273171541
665	0.0486617823115422	0.0449107699250275
666	0.0486619363924334	0.04491091212885
667	0.0486620900374475	0.0449110539303943
668	0.0486622432484943	0.0449111953314228
669	0.0486623960274718	0.0449113363336875
670	0.0486625483762674	0.0449114769389301
671	0.0486627002967571	0.0449116171488821
672	0.048662851790806	0.0449117569652647
673	0.0486630028602683	0.0449118963897893
674	0.0486631535069874	0.0449120354241571
675	0.0486633037327961	0.0449121740700597
676	0.0486634535395161	0.0449123123291784
677	0.0486636029289591	0.0449124502031852
678	0.0486637519029259	0.044912587693742
679	0.0486639004632069	0.0449127248025014
680	0.0486640486115822	0.0449128615311061
681	0.0486641963498217	0.0449129978811897
682	0.048664343679685	0.044913133854376
683	0.0486644906029216	0.0449132694522797
684	0.0486646371212709	0.0449134046765062
685	0.0486647832364623	0.0449135395286517
686	0.0486649289502153	0.0449136740103029
687	0.0486650742642397	0.0449138081230379
688	0.0486652191802353	0.0449139418684255
689	0.0486653636998923	0.0449140752480256
690	0.0486655078248914	0.0449142082633893
691	0.0486656515569033	0.0449143409160587
692	0.0486657948975898	0.0449144732075672
693	0.0486659378486027	0.0449146051394396
694	0.048666080411585	0.0449147367131919
695	0.0486662225881698	0.0449148679303317
696	0.0486663643799814	0.0449149987923579
697	0.0486665057886349	0.0449151293007609
698	0.0486666468157361	0.0449152594570231
699	0.0486667874628818	0.044915389262618
700	0.04866692773166	0.0449155187190112
701	0.0486670676236497	0.04491564782766
702	0.0486672071404209	0.0449157765900134
703	0.0486673462835351	0.0449159050075126
704	0.0486674850545448	0.0449160330815903
705	0.0486676234549941	0.0449161608136716
706	0.0486677614864182	0.0449162882051735
707	0.0486678991503441	0.044916415257505
708	0.0486680364482899	0.0449165419720675
709	0.0486681733817657	0.0449166683502546
710	0.048668309952273	0.0449167943934519
711	0.0486684461613049	0.0449169201030377
712	0.0486685820103466	0.0449170454803824
713	0.0486687175008748	0.044917170526849
714	0.0486688526343581	0.044917295243793
715	0.0486689874122571	0.0449174196325623
716	0.0486691218360244	0.0449175436944975
717	0.0486692559071046	0.044917667430932
718	0.0486693896269343	0.0449177908431914
719	0.0486695229969423	0.0449179139325947
720	0.0486696560185496	0.0449180367004531
721	0.0486697886931696	0.0449181591480711
722	0.0486699210222076	0.0449182812767458
723	0.0486700530070617	0.0449184030877673
724	0.048670184649122	0.0449185245824189
725	0.0486703159497715	0.0449186457619766
726	0.0486704469103853	0.0449187666277098
727	0.0486705775323313	0.0449188871808808
728	0.04867070781697	0.0449190074227452
729	0.0486708377656543	0.0449191273545518
730	0.0486709673797301	0.0449192469775426
731	0.048671096660536	0.044919366292953
732	0.0486712256094033	0.0449194853020118
733	0.0486713542276563	0.0449196040059412
734	0.0486714825166121	0.0449197224059566
735	0.0486716104775807	0.0449198405032672
736	0.0486717381118652	0.0449199582990756
737	0.0486718654207618	0.044920075794578
738	0.0486719924055595	0.0449201929909643
739	0.0486721190675409	0.044920309889418
740	0.0486722454079814	0.0449204264911161
741	0.0486723714281497	0.0449205427972298
742	0.0486724971293079	0.0449206588089238
743	0.0486726225127114	0.0449207745273566
744	0.0486727475796088	0.0449208899536806
745	0.0486728723312423	0.0449210050890423
746	0.0486729967688473	0.044921119934582
747	0.0486731208936531	0.044921234491434
748	0.0486732447068821	0.0448199461675873
749	0.0486733682097506	0.0448200598931453
750	0.0486734914034683	0.044820173334027
751	0.0486736142892387	0.0448202864913406
752	0.0486737368682589	0.0448203993661884
753	0.0486738591417198	0.044820511959667
754	0.0486739811108062	0.0448206242728674
755	0.0486741027766966	0.0448207363068748
756	0.0486742241405633	0.0448208480627687
757	0.0486743452035726	0.0448209595416231
758	0.0486744659668849	0.0448210707445065
759	0.0486745864316542	0.0448211816724815
760	0.0486747065990288	0.0448212923266057
761	0.0486748264701511	0.0448214027079308
762	0.0486749460461575	0.0448215128175034
763	0.0486750653281785	0.0448216226563644
764	0.048675184317339	0.0448217322255496
765	0.0486753030147577	0.0448218415260894
766	0.0486754214215479	0.0448219505590087
767	0.0486755395388172	0.0448220593253275
768	0.0486756573676674	0.0448221678260604
769	0.0486757749091945	0.0448222760622166
770	0.0486758921644893	0.0448223840348006
771	0.0486760091346368	0.0448224917448114
772	0.0486761258207163	0.0448225991932429
773	0.048676242223802	0.0448227063810843
774	0.0486763583449623	0.0448228133093195
775	0.0486764741852605	0.0448229199789273
776	0.0486765897457541	0.0448230263908819
777	0.0486767050274956	0.0448231325461522
778	0.0486768200315321	0.0448232384457024
779	0.0486769347589052	0.0448233440904918
780	0.0486770492106514	0.0448234494814749
781	0.0486771633878022	0.0448235546196012
782	0.0486772772913836	0.0448236595058157
783	0.0486773909224164	0.0448237641410584
784	0.0486775042819166	0.0448238685262649
785	0.0486776173708948	0.0448239726623657
786	0.0486777301903568	0.0448240765502868
787	0.0486778427413031	0.0448241801909499
788	0.0486779550247294	0.0448242835852717
789	0.0486780670416264	0.0448243867341643
790	0.0486781787929798	0.0448244896385356
791	0.0486782902797706	0.0448245922992888
792	0.0486784015029746	0.0448246947173224
793	0.0486785124635629	0.0448247968935309
794	0.048678623162502	0.044824898828804
795	0.0486787336007534	0.044825000524027
796	0.0486788437792737	0.0448251019800812
797	0.0486789536990152	0.0448252031978431
798	0.0486790633609251	0.0448253041781852
799	0.0486791727659461	0.0448254049219754
800	0.0486792819150164	0.0448255054300776
801	0.0486793908090695	0.0448256057033515
802	0.048679499449034	0.0448257057426522
803	0.0486796078358345	0.044825805548831
804	0.0486797159703908	0.0448259051227348
805	0.048679823853618	0.0448260044652066
806	0.0486799314864272	0.044826103577085
807	0.0486800388697246	0.0448262024592047
808	0.0486801460044123	0.0448263011123963
809	0.0486802528913878	0.0448263995374863
810	0.0486803595315446	0.0448264977352973
811	0.0486804659257713	0.0448265957066478
812	0.0486805720749528	0.0448266934523524
813	0.0486806779799692	0.0448267909732217
814	0.0486807836416967	0.0448268882700624
815	0.0486808890610071	0.0448269853436774
816	0.048680994238768	0.0448270821948655
817	0.0486810991758429	0.044827178824422
818	0.0486812038730912	0.0448272752331381
819	0.0486813083313679	0.0448273714218013
820	0.0486814125515243	0.0448274673911953
821	0.0486815165344072	0.0448275631421
822	0.0486816202808596	0.0448276586752916
823	0.0486817237917205	0.0448277539915427
824	0.0486818270678248	0.044827849091622
825	0.0486819301100034	0.0448279439762948
826	0.0486820329190832	0.0448280386463225
827	0.0486821354958874	0.044828133102463
828	0.048682237841235	0.0448282273454706
829	0.0486823399559413	0.044828321376096
830	0.0486824418408177	0.0448284151950863
831	0.0486825434966717	0.0448285088031852
832	0.0486826449243071	0.0448286022011327
833	0.0486827461245236	0.0448286953896655
834	0.0486828470981176	0.0448287883695167
835	0.0486829478458815	0.0448288811414158
836	0.0486830483686038	0.0448289737060893
837	0.0486831486670695	0.0448290660642599
838	0.04868324874206	0.044829158216647
839	0.0486833485943529	0.0448292501639666
840	0.0486834482247221	0.0448293419069316
841	0.048683547633938	0.0448294334462512
842	0.0486836468227673	0.0448295247826316
843	0.0486837457919733	0.0448296159167754
844	0.0486838445423155	0.0448297068493822
845	0.0486839430745501	0.0448297975811482
846	0.0486840413894295	0.0448298881127663
847	0.0486841394877029	0.0448299784449265
848	0.048684237370116	0.0448300685783151
849	0.0486843350374107	0.0448301585136157
850	0.0486844324903259	0.0448302482515084
851	0.0486845297295968	0.0448303377926704
852	0.0486846267559554	0.0448304271377756
853	0.0486847235701301	0.0448305162874948
854	0.0486848201728461	0.0448306052424958
855	0.0486849165648254	0.0448306940034434
856	0.0486850127467863	0.044830782570999
857	0.0486851087194441	0.0448308709458215
858	0.0486852044835108	0.0448309591285662
859	0.048685300039695	0.0448310471198858
860	0.0486853953887021	0.0448311349204299
861	0.0486854905312345	0.0448312225308451
862	0.048685585467991	0.0448313099517751
863	0.0486856801996676	0.0448313971838606
864	0.0486857747269568	0.0448314842277394
865	0.0486858690505482	0.0448315710840465
866	0.0486859631711282	0.0448316577534139
867	0.04868605708938	0.0448317442364708
868	0.0486861508059838	0.0448318305338434
869	0.0486862443216167	0.0448319166461553
870	0.0486863376369526	0.0448320025740272
871	0.0486864307526627	0.0448320883180769
872	0.0486865236694147	0.0448321738789194
873	0.0486866163878738	0.0448322592571671
874	0.0486867089087018	0.0448323444534295
875	0.0486868012325577	0.0448324294683135
876	0.0486868933600975	0.0448325143024231
877	0.0486869852919743	0.0448325989563597
878	0.0486870770288383	0.0448326834307219
879	0.0486871685713367	0.0448327677261058
880	0.0486872599201138	0.0448328518431048
881	0.0486873510758111	0.0448329357823094
882	0.0486874420390672	0.0448330195443077
883	0.048687532810518	0.0448331031296853
884	0.0486876233907962	0.0448331865390248
885	0.0486877137805321	0.0448332697729066
886	0.048687803980353	0.0448333528319084
887	0.0486878939908834	0.0448334357166051
888	0.0486879838127451	0.0448335184275694
889	0.0486880734465571	0.0448336009653713
890	0.0486881628929357	0.0448336833305783
891	0.0486882521524945	0.0448337655237553
892	0.0486883412258443	0.044833847545465
893	0.0486884301135934	0.0448339293962673
894	0.0486885188163472	0.0448340110767197
895	0.0486886073347086	0.0448340925873775
896	0.0486886956692777	0.0448341739287932
897	0.0486887838206522	0.0448342551015172
898	0.0486888717894269	0.0448343361060972
899	0.0486889595761942	0.0448344169430788
900	0.0486890471815438	0.0448344976130049
901	0.048689134606063	0.0448345781164163
902	0.0486892218503363	0.0448346584538513
903	0.0486893089149458	0.0448347386258459
904	0.0486893958004711	0.0448348186329338
905	0.0486894825074892	0.0448348984756463
906	0.0486895690365745	0.0448349781545124
907	0.0486896553882992	0.0448350576700588
908	0.0486897415632327	0.0448351370228101
909	0.0486898275619421	0.0448352162132884
910	0.0486899133849921	0.0447338579224615
911	0.0486899990329449	0.0447339366115181
912	0.0486900845063602	0.0447340151402185
913	0.0486901698057954	0.0447340935090745
914	0.0486902549318055	0.0447341717185963
915	0.048690339884943	0.0447342497692914
916	0.0486904246657581	0.0447343276616652
917	0.0486905092747986	0.0447344053962212
918	0.0486905937126101	0.0447344829734606
919	0.0486906779797358	0.0447345603938823
920	0.0486907620767164	0.0447346376579832
921	0.0486908460040905	0.0447347147662581
922	0.0486909297623943	0.0447347917191998
923	0.0486910133521617	0.0447348685172986
924	0.0486910967739246	0.0447349451610432
925	0.0486911800282121	0.0447350216509199
926	0.0486912631155517	0.0447350979874131
927	0.048691346036468	0.044735174171005
928	0.0486914287914839	0.0447352502021758
929	0.0486915113811198	0.0447353260814038
930	0.0486915938058941	0.0447354018091652
931	0.0486916760663229	0.0447354773859341
932	0.04869175816292	0.0447355528121827
933	0.0486918400961972	0.0447356280883812
934	0.0486919218666642	0.0447357032149977
935	0.0486920034748283	0.0447357781924985
936	0.048692084921195	0.0447358530213479
937	0.0486921662062673	0.0447359277020081
938	0.0486922473305466	0.0447360022349396
939	0.0486923282945316	0.0447360766206009
940	0.0486924090987194	0.0447361508594484
941	0.0486924897436047	0.0447362249519368
942	0.0486925702296804	0.0447362988985189
943	0.0486926505574371	0.0447363726996453
944	0.0486927307273635	0.0447364463557653
945	0.0486928107399463	0.0447365198673257
946	0.0486928905956701	0.0447365932347719
947	0.0486929702950175	0.0447366664585473
948	0.0486930498384691	0.0447367395390934
949	0.0486931292265034	0.04473681247685
950	0.0486932084595971	0.0447368852722549
951	0.048693287538225	0.0447369579257442
952	0.0486933664628595	0.0447370304377522
953	0.0486934452339717	0.0447371028087115
954	0.0486935238520301	0.0447371750390526
955	0.0486936023175017	0.0447372471292047
956	0.0486936806308515	0.0447373190795948
957	0.0486937587925424	0.0447373908906484
958	0.0486938368030357	0.0447374625627891
959	0.0486939146627907	0.0447375340964389
960	0.0486939923722646	0.0447376054920181
961	0.0486940699319129	0.044737676749945
962	0.0486941473421893	0.0447377478706365
963	0.0486942246035457	0.0447378188545076
964	0.0486943017164319	0.0447378897019718
965	0.048694378681296	0.0447379604134407
966	0.0486944554985844	0.0447380309893245
967	0.0486945321687415	0.0447381014300313
968	0.04869460869221	0.044738171735968
969	0.0486946850694308	0.0447382419075395
970	0.0486947613008429	0.0447383119451494
971	0.0486948373868836	0.0447383818491993
972	0.0486949133279885	0.0447384516200894
973	0.0486949891245914	0.0447385212582183
974	0.0486950647771242	0.0447385907639829
975	0.0486951402860174	0.0447386601377785
976	0.0486952156516993	0.0447387293799987
977	0.0486952908745969	0.0447387984910359
978	0.0486953659551353	0.0447388674712805
979	0.0486954408937378	0.0447389363211216
980	0.0486955156908262	0.0447390050409466
981	0.0486955903468205	0.0447390736311413
982	0.048695664862139	0.0447391420920902
983	0.0486957392371984	0.044739210424176
984	0.0486958134724136	0.04473927862778
985	0.0486958875681981	0.044739346703282
986	0.0486959615249635	0.0447394146510602
987	0.0486960353431198	0.0447394824714913
988	0.0486961090230755	0.0447395501649507
989	0.0486961825652374	0.0447396177318119
990	0.0486962559700106	0.0447396851724473
991	0.0486963292377988	0.0447397524872277
992	0.0486964023690039	0.0447398196765223
993	0.0486964753640262	0.0447398867406991
994	0.0486965482232647	0.0447399536801244
995	0.0486966209471164	0.0447400204951632
996	0.0486966935359772	0.044740087186179
997	0.0486967659902409	0.0447401537535339
998	0.0486968383103003	0.0447402201975884
999	0.0486969104965463	0.0447402865187019
1000	0.0486604232531601	0.044739438734827
1001	0.0486970544691544	0.0447404187935356
