1	0.0190295379209201	194.672947247544
2	0.0299219796228401	456.842658841257
3	0.0404813810958643	793.734941947655
4	0.0508819698603115	1260.43148786481
5	0.0611790419382999	1730.43180663505
6	0.0713981666125084	2367.06378692817
7	0.0815537915287686	3101.02248468575
8	0.0916551531055745	3722.44146830499
9	0.0944567021497136	4601.02755527253
10	0.103752713872021	5571.31151046818
11	0.113012036563176	6633.2018785737
12	0.122237367401485	7382.19594324963
13	0.131430914572832	8562.42777913871
14	0.140594526067273	9829.32702412544
15	0.14972977669713	11182.8506638928
16	0.15883802895082	12622.9615216668
17	0.167920476805097	13433.3111882863
18	0.176978178063085	14964.8360841637
19	0.186012078743833	16578.4828853301
20	0.195023031828134	18274.2301806989
21	0.204011811909471	20052.0587520129
22	0.212979126816434	21911.9512540626
23	0.221925626956654	23853.8919535903
24	0.230851912920044	25877.8665142007
25	0.239758541733605	26602.1628260958
26	0.248646032058404	28682.1342809269
27	0.25751486854707	30840.0546909863
28	0.266365505528011	33075.91429204
29	0.275198370144358	35389.7040273054
30	0.284013865047343	37781.4154728353
31	0.292812370722473	40251.0407730736
32	0.301594247510814	42798.5725849119
33	0.310359837375235	45424.0040288905
34	0.319109465451858	48127.3286464405
35	0.327843441419559	48455.4870553526
36	0.336562060714289	51176.8131623968
37	0.345265605610444	53972.2627368982
38	0.353954346187678	56841.8309146896
39	0.362628541198495	59785.5130894324
40	0.371288438849555	62803.3048926409
41	0.379934277507636	65895.2021757309
42	0.388566286339416	69061.200993843
43	0.397184685893069	72301.2975912264
44	0.405789688628369	75615.4883879943
45	0.414381499401132	79003.7699680994
46	0.422960315907074	82466.1390683834
47	0.431526329089348	86002.592568588
48	0.440079723513643	85396.6437626531
49	0.448620677714129	88907.8883631094
50	0.457149364513124	92489.7233459487
51	0.465665951317087	96142.1462023255
52	0.474170600391167	99865.1545226377
53	0.482663469114284	103658.745990799
54	0.491144710216573	107522.918378953
55	0.499614472000642	111457.669542564
56	0.508072898548238	115462.997415881
57	0.516520129913362	119538.900007714
58	0.524956302303121	123685.375397512
59	0.533381548247243	127902.421731708
60	0.541795996757202	132190.037220312
61	0.550199773475732	136548.220133731
62	0.558593000817543	140976.968799797
63	0.566975798101821	145476.281600982
64	0.575348281677192	150046.156971795
65	0.583710565039666	147575.536543377
66	0.592062758944105	152069.964447496
67	0.600404971509591	156631.706898348
68	0.608737308319258	161260.762579044
69	0.617059872514798	165957.130212003
70	0.62537276488614	170720.808557239
71	0.633676083956545	175551.796410736
72	0.641969926063453	180450.092602926
73	0.650254385435326	185415.695997237
74	0.658529554264748	190448.60548873
75	0.666795522778061	195548.82000281
76	0.675052379301648	200716.338493996
77	0.683300210325182	205951.159944764
78	0.691539100561952	211253.283364447
79	0.699769133006453	216622.707788189
80	0.707990388989383	222059.432275954
81	0.716202948230241	227563.45591158
82	0.724406888887614	233134.777801891
83	0.732602287607323	238773.397075836
84	0.740789219568495	244479.312883681
85	0.748967758527722	250252.524396232
86	0.757137976861366	256093.030804102
87	0.76529994560619	250227.04468124
88	0.77345373449827	255933.629779133
89	0.781599412010395	261704.483460987
90	0.789737045388007	267539.605023027
91	0.797866700683662	273438.993777324
92	0.805988442790261	279402.649051262
93	0.814102335472922	285430.570187025
94	0.822208441399707	291522.756541113
95	0.830306822171166	297679.20748386
96	0.838397538348815	303899.922399006
97	0.846480649482548	310184.900683242
98	0.854556214137076	316534.14174582
99	0.862624289917409	322947.645008148
100	0.848318762718347	327946.511058668
101	0.878738200623632	335967.435876179
102	0.88678414617798	342573.722382132
103	0.894822824160066	349244.26888764
104	0.902854287728397	355979.074869486
105	0.910878589217098	362778.139814543
106	0.918895780155803	369641.463219476
107	0.92690591128896	376569.044590455
108	0.934909032594477	383560.883442879
109	0.942905193301775	390616.979301107
110	0.950894441909238	397737.331698206
111	0.958876826201124	404921.940175694
112	0.966852393263947	412170.804283314
113	0.974821189502343	419483.923578797
114	0.982783260654407	426861.297627639
115	0.990738651806597	434302.926002895
116	0.998687407408207	422391.052230747
117	1.00662957128532	429628.475976616
118	1.01456518665443	436927.328848344
119	1.02249429613559	444287.610464733
120	1.03041694176521	451709.320450882
121	1.03833316500851	459192.458438037
122	1.04624300677151	466737.024063413
123	1.05414650741278	474343.016970041
124	1.0620437067548	482010.436806641
125	1.06993464409502	489739.283227441
126	1.07781935821659	497529.55589207
127	1.08569788739881	505381.254465402
128	1.09357026942727	513294.378617435
129	1.10143654160375	521268.928023155
130	1.1092967407558	529304.902362428
131	1.11715090324606	537402.301319861
132	1.05004390083469	545561.124584706
133	1.05736346390521	553781.371850733
134	1.06467749146665	562063.04281613
135	1.07198601581105	570406.137183395
136	1.07928906883662	578810.654659236
137	1.0865866820553	587276.594954472
138	1.09387888659993	595803.957783928
139	1.10116571323135	604392.742866364
140	1.10844719234522	613042.949924362
141	1.11572335397881	621754.578684245
142	1.12299422781744	630527.628876002
143	1.13025984320095	639362.100233189
144	1.13752022912983	648257.992492866
145	1.14477541427136	657215.305395503
146	1.15202542696549	666234.038684913
147	1.15927029523064	675314.192108182
148	1.1665100467693	684455.76541559
149	1.17374470897356	693658.758360538
150	1.18097430893048	702923.170699498
151	1.18819887342735	681618.272704229
152	1.19541842895678	690601.818211424
153	1.20263300172172	699644.141048073
154	1.20984261764036	708745.24099221
155	1.21704730235089	717905.117824509
156	1.22424708121618	727123.771328214
157	1.23144197932836	736401.201289096
158	1.23863202151321	745737.407495391
159	1.24581723233461	755132.389737767
160	1.25299763609877	764586.147809239
161	1.26017325685832	774098.681505175
162	1.26734411841654	783669.99062319
163	1.27451024433122	793300.074963145
164	1.28167165791863	802988.934327091
165	1.28882838225729	812736.568519216
166	1.29598044019174	822542.977345805
167	1.30312785433619	832408.160615208
168	1.31027064707808	842332.118137791
169	1.31740884058164	852314.849725911
170	1.3245424567912	862356.355193857
171	1.33167151743471	872456.634357827
172	1.33879604402687	882615.68703589
173	1.34591605787247	892833.513047951
174	1.35303158006949	903110.112215713
175	1.36014263151217	913445.48436264
176	1.3672492328941	923839.629313943
177	1.37435140471113	934292.546896521
178	1.38144916726433	944804.236938949
179	1.38854254066276	955374.699271452
180	1.39563154482635	966003.933725842
181	1.40271619948859	976691.940135537
182	1.40979652419922	987438.718335496
183	1.41687253832687	998244.268162192
184	1.42394426106163	1009108.58945362
185	1.43101171141758	1020031.68204923
186	1.4380749082353	1031013.54578992
187	1.44513387018425	1042054.18051801
188	1.45218861576522	1053153.58607722
189	1.45923916331262	1064311.76231264
190	1.46628553099684	1075528.7090707
191	1.47332773682641	1086804.42619917
192	1.48036579865032	1098138.9135471
193	1.48739973416014	1109532.17096486
194	1.49442956089214	1120984.19830402
195	1.50145529622941	1132494.99541744
196	1.50847695740391	1095898.89485482
197	1.51549456149848	1107037.67242981
198	1.52250812544884	1118232.74512627
199	1.52951766604549	1129484.1128078
200	1.53652319993571	1140791.77533906
201	1.54352474362533	1152155.73258583
202	1.55052231348064	1163575.98441489
203	1.5575159257302	1175052.5306941
204	1.56450559646657	1186585.37129232
205	1.57149134164814	1198174.50607945
206	1.57847317710077	1209819.93492635
207	1.5854511185195	1221521.65770486
208	1.59242518147026	1233279.67428778
209	1.59939538139142	1245093.98454887
210	1.60636173359544	1256964.5883628
211	1.61332425327043	1268891.48560518
212	1.62028295548173	1280874.67615249
213	1.6272378551734	1292914.15988213
214	1.63418896716968	1305009.93667235
215	1.64113630617657	1317162.00640228
216	1.64807988678318	1329370.36895189
217	1.65501972346319	1341635.02420199
218	1.66195583057624	1353955.97203422
219	1.66888822236933	1366333.212331
220	1.67581691297817	1378766.74497558
221	1.68274191642847	1391256.56985201
222	1.68966324663729	1403802.68684509
223	1.69658091741434	1416405.09584039
224	1.70349494246324	1429063.79672423
225	1.7104053353827	1441778.78938369
226	1.71731210966787	1454550.07370657
227	1.72421527871149	1467377.64958141
228	1.73111485580504	1480261.51689743
229	1.73801085413997	1493201.67554459
230	1.74490328680884	1506198.12541351
231	1.75179216680644	1519250.86639551
232	1.75867750703093	1532359.89838259
233	1.76555932028492	1545525.2212674
234	1.77243761927655	1558746.83494326
235	1.77931241662058	1572024.73930411
236	1.78618372483945	1585358.93424455
237	1.79305155636425	1598749.41965982
238	1.79991592353581	1612196.19544574
239	1.80677683860568	1625699.26149879
240	1.81363431373708	1639258.61771601
241	1.82048836100596	1652874.26399507
242	1.82733899240188	1666546.20023423
243	1.83418621982897	1680274.42633229
244	1.8410300551069	1694058.94218866
245	1.84787050997172	1707899.74770332
246	1.85470759607692	1721796.84277677
247	1.8615413249941	1735750.2273101
248	1.86837170821402	1749759.90120494
249	1.8751987571474	1763825.86436342
250	1.88202248312578	1704638.64851098
251	1.88884289740238	1718232.57131684
252	1.89566001115283	1731880.46215304
253	1.9024738354762	1745582.32092776
254	1.90928438139554	1759338.14754968
255	1.91609165985887	1773147.94192796
256	1.92289568173988	1787011.7039722
257	1.9296964578387	1800929.43359251
258	1.93649399888271	1814901.13069945
259	1.94328831552726	1828926.795204
260	1.95007941835634	1843006.42701764
261	1.95686731788344	1857140.02605226
262	1.96365202455216	1871327.5922202
263	1.97043354873702	1885569.12543424
264	1.97721190074401	1899864.62560757
265	1.9839870908115	1914214.09265383
266	1.99075912911063	1928617.52648706
267	1.99752802574629	1943074.92702172
268	2.00429379075755	1957586.29417266
269	2.01105643411843	1972151.6278552
270	2.01781596573848	1986770.92798497
271	2.02457239546349	2001444.19447807
272	2.03132573307605	2016171.42725093
273	2.03807598829622	2030952.62622042
274	2.04482317078206	2045787.79130376
275	2.05156729013034	2060676.92241856
276	2.05830835587705	2075620.0194828
277	2.06504637749807	2090617.08241483
278	2.07178136440964	2105668.11113337
279	2.078513325969	2120773.10555749
280	2.085242271475	2135932.06560664
281	2.09196821016852	2151144.99120061
282	2.09869115123315	2166411.88225952
283	2.10541110379571	2181732.73870386
284	2.1121280769267	2197107.56045449
285	2.11884207964093	2212536.34743255
286	2.12555312089801	2228019.09955955
287	2.13226120960284	2243555.81675734
288	2.13896635460612	2259146.49894806
289	2.1456685647049	2274791.14605421
290	2.15236784864305	2290489.7579986
291	2.15906421511172	2306242.33470438
292	2.16575767274989	2322048.87609497
293	2.17244823014477	2337909.38209414
294	2.17913589583237	2353823.85262594
295	2.18582067829783	2369792.28761478
296	2.19250258597603	2385814.6869853
297	2.19918162725196	2401891.05066248
298	2.20585781046115	2418021.37857161
299	2.21253114389019	2434205.67063823
300	2.21920163577712	2450443.92678821
301	2.22586929431185	2466736.14694769
302	2.23253412763663	2483082.33104311
303	2.23919614384645	2499482.47900116
304	2.24585535098948	2515936.59074886
305	2.25251175706743	2532444.66621347
306	2.25916537003602	2549006.7053225
307	2.26581619780533	2565622.70800382
308	2.27246424824024	2582292.67418547
309	2.27910952916084	2599016.60379583
310	2.28575204834272	2615794.4967635
311	2.29239181351748	2632626.35301738
312	2.29902883237301	2649512.17248657
313	2.30566311255396	2666451.95510049
314	2.31229466166204	2683445.70078878
315	2.31892348725635	2700493.40948134
316	2.32554959685389	2717595.08110833
317	2.33217299792974	2624267.27140545
318	2.33879369791759	2640781.60391209
319	2.34541170420995	2657347.71905988
320	2.35202702415857	2673965.61678274
321	2.35863966507476	2690635.29701485
322	2.3652496342297	2707356.75969053
323	2.37185693885488	2724130.00474438
324	2.37846158614228	2740955.03211125
325	2.38506358324481	2757831.84172615
326	2.3916629372766	2774760.43352436
327	2.39825965531333	2791740.80744133
328	2.40485374439249	2808772.96341279
329	2.41144521151382	2825856.90137459
330	2.41803406363945	2842992.6212629
331	2.42462030769432	2860180.12301402
332	2.43120395056653	2877419.40656451
333	2.43778499910742	2894710.47185108
334	2.4443634601322	2912053.31881072
335	2.45093934041986	2929447.94738054
336	2.45751264671381	2946894.35749794
337	2.46408338572196	2964392.54910044
338	2.470651564117	2981942.52212581
339	2.47721718853684	2999544.27651201
340	2.4837802655847	3017197.81219715
341	2.49034080182953	3034903.1291196
342	2.49689880380614	3052660.22721789
343	2.50345427801567	3070469.10643073
344	2.51000723092558	3088329.76669704
345	2.5165576689702	3106242.20795591
346	2.52310559855082	3124206.43014664
347	2.52965102603595	3142222.4332087
348	2.53619395776163	3160290.21708172
349	2.54273440003168	3178409.78170555
350	2.54927235911793	3196581.12702022
351	2.55580784126044	3214804.25296592
352	2.56234085266779	3233079.159483
353	2.5688713995173	3251405.84651204
354	2.57539948795533	3269784.31399374
355	2.58192512409734	3288214.56186902
356	2.58844831402835	3306696.59007894
357	2.59496906380308	3325230.39856473
358	2.601487379446	3343815.98726781
359	2.60800326695195	3362453.35612979
360	2.61451673228602	3381142.50509239
361	2.62102778138385	3399883.4340975
362	2.627536420152	3418676.14308724
363	2.63404265446797	3437520.63200385
364	2.64054649018056	3456416.90078972
365	2.64704793311004	3475364.94938742
366	2.6535469890483	3494364.77773967
367	2.66004366375911	3513416.3857894
368	2.6665379629784	3532519.7734796
369	2.67302989241433	3551674.94075348
370	2.6795194577476	3570881.88755444
371	2.68600666463155	3590140.61382596
372	2.69249151869248	3609451.11951172
373	2.69897402552976	3628813.40455551
374	2.70545419071604	3648227.46890134
375	2.71193201979747	3667693.31249331
376	2.71840751829387	3687210.93527567
377	2.72488069169894	3706780.33719289
378	2.73135154548042	3726401.5181895
379	2.7378200850803	3746074.47821023
380	2.74428631591498	3765799.21719992
381	2.75075024337547	3785575.73510358
382	2.75721187282762	3805404.03186638
383	2.76367120961215	3825284.10743358
384	2.77012825904498	3845215.96175064
385	2.77658302641736	3865199.59476309
386	2.78303551699605	3885235.00641669
387	2.78948573602342	3905322.19665726
388	2.79593368871769	3925461.16543081
389	2.80237938027313	3945651.91268345
390	2.80882281586016	3965894.43836144
391	2.81526400062551	3986188.7424112
392	2.82170293969246	4006534.82477924
393	2.82813963816093	4026932.68541226
394	2.8345741011077	4047382.32425703
395	2.84100633358648	4067883.74126047
396	2.84743634062819	4088436.93636968
397	2.85386412724104	4109041.90953185
398	2.86028969841063	3966162.62802552
399	2.86671305910029	3986051.09945995
400	2.873134214251	4005989.298385
401	2.87955316878176	4025977.22475048
402	2.88596992758957	4046014.87850625
403	2.89238449554966	4066102.25960234
404	2.89879687751564	4086239.36798888
405	2.90520707831959	4106426.20361617
406	2.9116151027723	4126662.76643456
407	2.91802095566326	4146949.05639454
408	2.92442464176103	4167285.07344677
409	2.93082616581313	4187670.81754195
410	2.93722553254638	4208106.28863091
411	2.94362274666692	4228591.48666463
412	2.95001781286035	4249126.41159418
413	2.95641073579193	4269711.06337077
414	2.96280152010673	4290345.44194568
415	2.96919017042964	4311029.54727036
416	2.97557669136558	4331763.3792963
417	2.98196108749967	4352546.93797517
418	2.98834336339731	4373380.22325871
419	2.99472352360432	4394263.23509877
420	3.00110157264701	4415195.97344732
421	3.00747751503244	4436178.43825646
422	3.01385135524842	4457210.62947838
423	3.02022309776365	4478292.54706535
424	3.02659274702796	4499424.19096981
425	3.03296030747225	4520605.56114421
426	3.03932578350879	4541836.6575412
427	3.04568917953119	4563117.48011353
428	3.05205049991458	4584448.02881399
429	3.05840974901583	4605828.30359547
430	3.06476693117343	4627258.30441109
431	3.07112205070785	4648738.03121393
432	3.07747511192149	4670267.48395726
433	3.0838261190989	4691846.66259439
434	3.0901750765068	4713475.56707876
435	3.09652198839428	4735154.19736392
436	3.10286685899282	4756882.55340355
437	3.1092096925165	4778660.63515136
438	3.11555049316203	4800488.44256118
439	3.12188926510889	4822365.97558697
440	3.12822601251946	4844293.23418278
441	3.134560739539	4866270.21830273
442	3.14089345029599	4888296.92790105
443	3.14722414890207	4910373.36293211
444	3.15355283945208	4932499.5233503
445	3.15987952602434	4954675.40911015
446	3.16620421268064	4976901.02016631
447	3.17252690346645	4999176.35647345
448	3.17884760241077	5021501.4179864
449	3.18516631352652	5043876.20466006
450	3.19148304081056	5066300.71644945
451	3.19779778824363	5088774.95330964
452	3.20411055979062	5111298.91519579
453	3.21042135940063	5133872.60206321
454	3.21673019100698	5156496.01386727
455	3.22303705852746	5179169.15056339
456	3.22934196586426	5201892.01210714
457	3.23564491690416	5224664.59845418
458	3.24194591551863	5247486.90956021
459	3.24824496556383	5270358.94538104
460	3.25454207088082	5293280.70587262
461	3.26083723529556	5316252.19099093
462	3.26713046261903	5339273.40069201
463	3.27342175664732	5362344.33493209
464	3.27971112116181	5385464.99366742
465	3.28599855992898	5408635.3768543
466	3.29228407670087	5431855.48444923
467	3.29856767521485	5455125.31640869
468	3.30484935919393	5478444.87268929
469	3.31112913234668	5501814.15324774
470	3.3174069983674	5525233.15804078
471	3.32368296093618	5548701.88702531
472	3.32995702371905	5572220.34015826
473	3.33622919036791	5595788.51739665
474	3.34249946452077	5619406.41869762
475	3.34876784980175	5643074.04401835
476	3.35503434982111	5666791.39331611
477	3.3612989681755	5690558.46654825
478	3.36756170844787	5714375.26367225
479	3.37382257420762	5738241.78464561
480	3.38008156901065	5762158.02942596
481	3.38633869639948	5786123.99797096
482	3.3925939599033	5810139.6902384
483	3.39884736303804	5834205.10618611
484	3.40509890930647	5858320.24577202
485	3.41134860219819	5882485.10895414
486	3.4175964451899	5906699.69569058
487	3.4238424417452	5930964.00593947
488	3.43008659531492	5955278.0396591
489	3.43632890933703	5979641.79680774
490	3.44256938723676	6004055.27734383
491	3.44880803242671	6028518.48122584
492	3.45504484830682	6053031.40841231
493	3.46127983826461	6077594.05886189
494	3.46751300567504	6102206.43253332
495	3.47374435390072	5888954.79722974
496	3.47997388629196	5912707.0272049
497	3.48620160618683	5936507.04946997
498	3.4924275169112	5960354.86398548
499	3.49865162177884	5984250.47071215
500	3.5048739240914	6008193.86961074
501	3.5110944271387	6032185.06064201
502	3.51731313419847	6056224.0437669
503	3.52353004853675	6080310.81894638
504	3.52974517340769	6104445.38614146
505	3.53595851205377	6128627.74531323
506	3.54217006770578	6152857.8964229
507	3.54837984358296	6177135.83943168
508	3.55458784289298	6201461.57430089
509	3.56079406883206	6225835.10099192
510	3.566998524585	6250256.41946624
511	3.57320121332528	6274725.52968534
512	3.57940213821512	6299242.43161083
513	3.58560130240543	6323807.12520436
514	3.59179870903606	6348419.61042764
515	3.59799436123568	6373079.88724245
516	3.60418826212195	6397787.9556107
517	3.61038041480154	6422543.81549432
518	3.61657082237023	6447347.46685523
519	3.62275948791287	6472198.90965554
520	3.62894641450357	6497098.14385738
521	3.63513160520559	6522045.16942292
522	3.64131506307164	6547039.98631446
523	3.64749679114363	6572082.59449427
524	3.653676792453	6597172.9939248
525	3.65985507002063	6622311.18456844
526	3.66603162685692	6647497.16638775
527	3.67220646596186	6672730.93934533
528	3.67837959032504	6698012.50340379
529	3.68455100292582	6723341.85852584
530	3.6907207067333	6748719.00467431
531	3.69688870470626	6774143.94181199
532	3.70305499979346	6799616.6699018
533	3.70921959493352	6825137.18890673
534	3.71538249305499	6850705.49878979
535	3.72154369707648	6876321.59951408
536	3.72770320990663	6901985.49104274
537	3.73386103444418	6927697.17333898
538	3.74001717357805	6953456.64636609
539	3.74617163018738	6979263.91008746
540	3.75232440714158	7005118.96446644
541	3.75847550730033	7031021.80946649
542	3.76462493351369	7056972.4450512
543	3.77077268862217	7082970.87118407
544	3.77691877545669	7109017.0878288
545	3.78306319683871	7135111.09494912
546	3.78920595558017	7161252.89250877
547	3.79534705448378	7187442.48047155
548	3.80148649634272	7213679.85880141
549	3.80762428394097	7239965.02746224
550	3.81376042005324	7266297.98641807
551	3.81989490744501	7292678.73563302
552	3.82602774887263	7319107.27507116
553	3.83215894708328	7345583.60469666
554	3.83828850481514	7372107.72447381
555	3.84441642479734	7398679.63436689
556	3.85054270974998	7425299.33434028
557	3.8566673623843	7451966.82435836
558	3.86279038540258	7478682.10438568
559	3.86891178149831	7505445.1743867
560	3.87503155335615	7532256.03432602
561	3.88114970365198	7559114.68416836
562	3.88726623505303	7586021.12387834
563	3.89338115021777	7612975.35342078
564	3.89949445179607	7639977.37276045
565	3.90560614242927	7667027.1818623
566	3.91171622475008	7694124.78069123
567	3.91782470138277	7721270.1692122
568	3.92393157494306	7748463.34739029
569	3.93003684803836	7775704.31519058
570	3.93614052326759	7802993.07257825
571	3.94224260322139	7830329.61951849
572	3.94834309048212	7857713.95597656
573	3.95444198762384	7885146.08191784
574	3.96053929721239	7912625.99730765
575	3.96663502180546	7940153.70211142
576	3.97272916395252	7967729.1962947
577	3.97882172619505	7995352.47982296
578	3.9849127110664	8023023.55266182
579	3.9910021210919	8050742.41477697
580	3.9970899587889	8078509.06613405
581	4.0031762266668	8106323.50669884
582	4.0092609272271	8134185.73643719
583	4.01534406296339	8162095.75531492
584	4.0214256363615	8190053.56329794
585	4.02750564989941	8218059.16035223
586	4.03358410604732	8246112.54644382
587	4.03966100726775	8274213.72153881
588	4.04573635601549	8302362.68560329
589	4.05181015473774	8330559.43860348
590	4.05788240587399	8358803.98050557
591	4.06395311185626	8387096.31127585
592	4.07002227510897	8415436.43088067
593	4.07608989804894	8443824.3392864
594	4.08215598308577	8472260.03645951
595	4.08822053262131	8500743.52236648
596	4.09428354905023	8529274.79697385
597	4.10034503475977	8557853.86024823
598	4.10640499212973	8586480.71215622
599	4.1124634235328	8615155.35266454
600	4.11852033133424	8643877.78173993
601	4.12457571789215	8672647.99934922
602	4.13062958555745	8701466.00545923
603	4.13668193667378	8730331.80003684
604	4.14273277357778	8759245.38304901
605	4.14878209859892	8788206.75446272
606	4.15482991405961	8817215.91424505
607	4.16087622227522	8846272.86236308
608	4.16692102555412	8875377.59878391
609	4.17296432619774	8904530.12347483
610	4.17900612650046	8933730.43640302
611	4.18504642874988	8621563.35118006
612	4.19108523522669	8649743.30985702
613	4.19712254820464	8677969.23634103
614	4.20315836995081	8706241.13060078
615	4.20919270272535	8734558.99260498
616	4.21522554878176	8762922.82232243
617	4.22125691036684	8791332.61972187
618	4.22728678972053	8819788.38477227
619	4.23331518907626	8848290.1174425
620	4.23934211066082	8876837.81770146
621	4.24536755669432	8905431.48551823
622	4.25139152939032	8934071.12086178
623	4.25741403095587	8962756.72370131
624	4.2634350635915	8991488.29400583
625	4.26945462949121	9020265.8317446
626	4.27547273084254	9049089.33688684
627	4.28148936982668	9077958.8094018
628	4.28750454861836	9106874.24925883
629	4.29351826938593	9135835.65642725
630	4.29953053429139	9164843.03087651
631	4.30554134549048	9193896.37257604
632	4.3115507051326	9222995.6814953
633	4.31755861536089	9252140.9576039
634	4.32356507831234	9281332.20087136
635	4.32957009611757	9310569.41126737
636	4.33557367090116	9339852.58876154
637	4.34157580478154	9369181.73332364
638	4.3475764998709	9398556.84492336
639	4.35357575827541	9427977.92353055
640	4.35957358209519	9457444.96911505
641	4.36556997342429	9486957.98164672
642	4.37156493435073	9516516.96109556
643	4.3775584669565	9546121.90743147
644	4.38355057331773	9575772.82062445
645	4.3895412555045	9605469.70064469
646	4.39553051558106	9635212.54746215
647	4.40151835560567	9665001.36104708
648	4.40750477763084	9694836.14136958
649	4.41348978370319	9724716.88839997
650	4.41947337586345	9754643.60210843
651	4.42545555614672	9784616.28246532
652	4.43143632658218	9814634.92944098
653	4.43741568919336	9844699.54300582
654	4.44339364599806	9874810.1231303
655	4.44937019900839	9904966.66978488
656	4.45534535023073	9935169.18294007
657	4.46131910166592	9965417.66256644
658	4.4672914553091	9995712.10863458
659	4.47326241314987	10026052.5211152
660	4.4792319771722	10056438.8999789
661	4.48520014935458	10086871.2451964
662	4.49116693166993	10117349.5567386
663	4.49713232608565	10147873.8345762
664	4.50309633456372	10178444.07868
665	4.5090589590606	10209060.2890211
666	4.5150202015274	10239722.4655702
667	4.52098006390972	10270430.6082984
668	4.52693854814786	10301184.7171767
669	4.53289565617673	10331984.7921761
670	4.53885138992584	10362830.8332676
671	4.54480575131947	10393722.8404226
672	4.55075874227652	10424660.8136121
673	4.55671036471069	10455644.7528073
674	4.56266062053038	10486674.6579795
675	4.56860951163873	10517750.5290999
676	4.57455703993374	10548872.36614
677	4.58050320730821	10580040.169071
678	4.58644801564967	10611253.9378644
679	4.59239146684066	10642513.6724915
680	4.59833356275848	10673819.3729241
681	4.60427430527533	10705171.0391334
682	4.61021369625841	10736568.6710911
683	4.61615173756981	10768012.2687687
684	4.6220884310665	10799501.8321381
685	4.62802377860055	10831037.3611707
686	4.63395778201898	10862618.8558383
687	4.63989044316383	10894246.3161127
688	4.64582176387214	10925919.7419657
689	4.65175174597613	10957639.133369
690	4.65768039130291	10989404.4902946
691	4.66360770167486	11021215.8127144
692	4.66953367890941	11053073.1006004
693	4.67545832481914	11084976.3539243
694	4.68138164121175	11116925.5726584
695	4.68730362989017	11148920.7567747
696	4.69322429265252	11180961.9062453
697	4.69914363129213	11213049.0210422
698	4.70506164759752	11245182.1011377
699	4.71097834335255	11277361.146504
700	4.71689372033631	11309586.1571132
701	4.72280778032311	11341857.1329378
702	4.72872052508272	11374174.07395
703	4.73463195638016	11406536.9801221
704	4.74054207597578	11438945.8514265
705	4.74645088562532	11471400.6878358
706	4.75235838707989	11503901.4893222
707	4.75826458208605	11536448.2558584
708	4.76416947238573	11569040.9874169
709	4.77007305971634	11601679.6839703
710	4.77597534581073	11634364.345491
711	4.7818763323972	11667094.9719519
712	4.78777602119961	11699871.5633255
713	4.79367441393723	11732694.1195846
714	4.79957151232497	11765562.6407019
715	4.8054673180732	11798477.1266503
716	4.81136183288791	11831437.5774025
717	4.81725505847065	11864443.9929313
718	4.82314699651855	11897496.3732098
719	4.8290376487244	11930594.7182108
720	4.8349270167766	11963739.0279073
721	4.84081510235917	11996929.3022723
722	4.84670190715186	12030165.5412788
723	4.85258743283001	12063447.7448999
724	4.85847168106476	12096775.9131086
725	4.86435465352291	12130150.0458782
726	4.87023635186703	12163570.1431818
727	4.87611677775537	12197036.2049925
728	4.88199593284201	12230548.2312838
729	4.88787381877681	12264106.2220287
730	4.89375043720542	12297710.1772007
731	4.89962578976923	12331360.096773
732	4.90549987810562	12365055.9807192
733	4.91137270384767	12398797.8290124
734	4.91724426862439	12432585.6416264
735	4.92311457406062	12466419.4185344
736	4.92898362177717	12500299.15971
737	4.9348514133907	12534224.8651268
738	4.94071795051384	12568196.5347583
739	4.94658323475507	12602214.1685782
740	4.95244726771896	12636277.7665601
741	4.95831005100595	12670387.3286777
742	4.96417158621246	12704542.8549047
743	4.970031874931	12738744.3452149
744	4.97589091875	12772991.7995821
745	4.98174871925401	12807285.2179799
746	4.98760527802356	12841624.6003825
747	4.99346059663525	12876009.9467635
748	4.9993146766618	12427850.9466243
749	5.00516751967197	12461039.4655898
750	5.01101912723063	12494272.2303318
751	5.01686950089879	12527549.2408255
752	5.02271864223361	12560870.4970458
753	5.02856655278839	12594235.9989678
754	5.03441323411255	12627645.7465664
755	5.04025868775173	12661099.739817
756	5.04610291524777	12694597.9786946
757	5.05194591813866	12728140.4631743
758	5.05778769795869	12761727.1932313
759	5.06362825623829	12795358.168841
760	5.06946759450422	12829033.3899786
761	5.07530571427945	12862752.8566193
762	5.0811426170833	12896516.5687386
763	5.08697830443124	12930324.5263117
764	5.09281277783515	12964176.729314
765	5.09864603880327	12998073.1777211
766	5.10447808883999	13032013.8715082
767	5.11030892944626	13065998.8106509
768	5.11613856211921	13100027.9951247
769	5.12196698835246	13134101.4249052
770	5.12779420963593	13168219.099968
771	5.13362022745597	13202381.0202885
772	5.1394450432954	13236587.1858425
773	5.14526865863332	13270837.5966055
774	5.15109107494537	13305132.2525535
775	5.15691229370365	13339471.1536619
776	5.16273231637663	13373854.2999066
777	5.16855114442939	13408281.6912633
778	5.17436877932339	13442753.3277079
779	5.18018522251658	13477269.2092163
780	5.18600047546346	13511829.3357642
781	5.19181453961509	13546433.7073275
782	5.19762741641905	13581082.3238823
783	5.20343910731939	13615775.1854045
784	5.20924961375682	13650512.29187
785	5.21505893716855	13685293.6432548
786	5.22086707898845	13720119.2395351
787	5.22667404064695	13754989.0806868
788	5.23247982357107	13789903.1666861
789	5.23828442918449	13824861.4975092
790	5.24408785890749	13859864.0731321
791	5.24989011415706	13894910.8935311
792	5.25569119634675	13930001.9586823
793	5.26149110688688	13965137.2685621
794	5.26728984718437	14000316.8231468
795	5.2730874186429	14035540.6224124
796	5.27888382266285	14070808.6663356
797	5.28467906064118	14106120.9548925
798	5.29047313397183	14141477.4880597
799	5.29626604404529	14176878.2658134
800	5.30205779224889	14212323.2881303
801	5.3078483799666	14247812.5549867
802	5.31363780857935	14283346.0663591
803	5.31942607946469	14318923.822224
804	5.32521319399707	14354545.8225581
805	5.33099915354772	14390212.0673378
806	5.33678395948466	14425922.55654
807	5.34256761317283	14461677.290141
808	5.34835011597388	14497476.2681177
809	5.35413146924637	14533319.4904467
810	5.3599116743458	14569206.9571049
811	5.36569073262442	14605138.6680688
812	5.37146864543149	14641114.6233152
813	5.37724541411302	14677134.8228211
814	5.38302104001204	14713199.2665632
815	5.38879552446848	14749307.9545185
816	5.3945688688192	14785460.8866637
817	5.4003410743979	14821658.0629757
818	5.40611214253535	14857899.4834317
819	5.41188207455932	14894185.1480084
820	5.41765087179434	14930515.056683
821	5.42341853556213	14966889.2094324
822	5.42918506718133	15003307.6062338
823	5.43495046796748	15039770.2470641
824	5.44071473923332	15076277.1319004
825	5.44647788228854	15112828.26072
826	5.4522398984397	15149423.6334999
827	5.4580007889907	15186063.2502174
828	5.46376055524224	15222747.1108496
829	5.46951919849217	15259475.2153739
830	5.47527672003543	15296247.5637675
831	5.48103312116406	15333064.1560076
832	5.48678840316713	15369924.9920715
833	5.49254256733083	15406830.0719367
834	5.49829561493849	15443779.3955805
835	5.50404754727057	15480772.9629803
836	5.50979836560459	15517810.7741136
837	5.51554807121528	15554892.8289577
838	5.52129666537447	15592019.1274901
839	5.52704414935123	15629189.6696883
840	5.5327905244117	15666404.45553
841	5.53853579181924	15703663.4849926
842	5.54427995283444	15740966.7580537
843	5.550023008715	15778314.2746909
844	5.55576496071594	15815706.0348819
845	5.56150581008939	15853142.0386042
846	5.56724555808471	15890622.2858356
847	5.57298420594862	15928146.7765539
848	5.57872175492496	15965715.5107366
849	5.58445820625484	16003328.4883616
850	5.59019356117668	16040985.7094067
851	5.59592782092614	16078687.1738497
852	5.60166098673612	16116432.8816684
853	5.60739305983692	16154222.8328405
854	5.61312404145603	16192057.0273443
855	5.61885393281834	16229935.4651573
856	5.62458273514592	16267858.1462577
857	5.63031044965835	16305825.0706233
858	5.63603707757238	16343836.2382321
859	5.64176262010214	16381891.6490622
860	5.64748707845925	16419991.3030916
861	5.65321045385245	16458135.2002984
862	5.65893274748808	16496323.3406606
863	5.66465396056967	16534555.7241564
864	5.67037409429827	16572832.3507638
865	5.67609314987228	16611153.220461
866	5.68181112848747	16649518.3332263
867	5.68752803133704	16687927.6890378
868	5.69324385961166	16726381.2878738
869	5.69895861449935	16764879.1297125
870	5.7046722971856	16803421.2145322
871	5.71038490885339	16842007.5423113
872	5.71609645068303	16880638.1130279
873	5.72180692385245	16919312.9266606
874	5.72751632953693	16958031.9831876
875	5.73322466890929	16996795.2825874
876	5.73893194313978	17035602.8248384
877	5.74463815339622	17074454.6099191
878	5.75034330084383	17113350.6378079
879	5.75604738664544	17152290.9084833
880	5.76175041196134	17191275.4219238
881	5.7674523779494	17230304.1781081
882	5.77315328576493	17269377.1770146
883	5.77885313656089	17308494.418622
884	5.78455193148769	17347655.9029089
885	5.79024967169341	17386861.6298539
886	5.79594635832356	17426111.5994357
887	5.80164199252132	17465405.8116329
888	5.80733657542739	17504744.2664244
889	5.81303010818019	17544126.9637888
890	5.8187225919155	17583553.9037048
891	5.82441402776691	17623025.0861513
892	5.83010441686561	17662540.5111071
893	5.83579376034023	17702100.178551
894	5.84148205931722	17741704.0884619
895	5.84716931492061	17781352.2408185
896	5.85285552827199	17821044.6356
897	5.85854070049072	17860781.2727851
898	5.86422483269369	17900562.1523527
899	5.86990792599555	17940387.274282
900	5.87558998150862	17980256.6385517
901	5.88127100034286	18020170.2451411
902	5.88695098360589	18060128.0940291
903	5.89262993240306	18100130.1851948
904	5.89830784783742	18140176.5186171
905	5.90398473100973	18180267.0942754
906	5.90966058301848	18220401.9121486
907	5.91533540495982	18260580.972216
908	5.92100919792766	18300804.2744567
909	5.92668196301369	18341071.8188499
910	5.93235370130733	17706895.3104783
911	5.93802441389562	17745770.5109612
912	5.94369410186353	17784688.3301106
913	5.94936276629371	17823648.7679065
914	5.95503040826658	17862651.824329
915	5.96069702886044	17901697.4993581
916	5.96636262915113	17940785.7929741
917	5.97202721021258	17979916.705157
918	5.97769077311624	18019090.2358869
919	5.98335331893163	18058306.3851441
920	5.98901484872585	18097565.1529087
921	5.99467536356396	18136866.539161
922	6.00033486450881	18176210.5438812
923	6.00599335262106	18215597.1670495
924	6.0116508289592	18255026.4086462
925	6.01730729457961	18294498.2686517
926	6.02296275053649	18334012.7470463
927	6.02861719788191	18373569.8438103
928	6.03427063766577	18413169.558924
929	6.03992307093596	18452811.8923678
930	6.04557449873802	18492496.8441222
931	6.05122492211559	18532224.4141677
932	6.05687434211015	18571994.6024846
933	6.06252275976098	18611807.4090534
934	6.06817017610536	18651662.8338545
935	6.07381659217846	18691560.8768686
936	6.07946200901333	18731501.5380761
937	6.08510642764096	18771484.8174576
938	6.09074984909027	18811510.7149937
939	6.09639227438817	18851579.2306649
940	6.10203370455942	18891690.3644519
941	6.1076741406268	18931844.1163353
942	6.11331358361097	18972040.4862957
943	6.11895203453063	19012279.4743139
944	6.1245894944023	19052561.0803705
945	6.13022596424073	19092885.3044462
946	6.13586144505837	19133252.1465218
947	6.14149593786585	19173661.6065781
948	6.14712944367167	19214113.6845957
949	6.15276196348237	19254608.3805556
950	6.15839349830252	19295145.6944385
951	6.16402404913467	19335725.6262252
952	6.16965361697936	19376348.1758967
953	6.17528220283521	19417013.3434337
954	6.1809098076988	19457721.1288173
955	6.18653643256474	19498471.5320282
956	6.19216207842574	19539264.5530474
957	6.19778674627252	19580100.191856
958	6.20341043709383	19620978.4484348
959	6.2090331518765	19661899.3227649
960	6.21465489160541	19702862.8148273
961	6.22027565726354	19743868.9246031
962	6.22589544983188	19784917.6520731
963	6.23151427028947	19826008.9972186
964	6.2371321196136	19867142.9600206
965	6.24274899877943	19908319.5404603
966	6.24836490876036	19949538.7385188
967	6.25397985052791	19990800.5541772
968	6.25959382505155	20032104.9874167
969	6.26520683329897	20073452.0382185
970	6.27081887623598	20114841.7065638
971	6.27642995482657	20156273.9924339
972	6.28204007003264	20197748.8958099
973	6.28764922281448	20239266.4166732
974	6.29325741413033	20280826.5550051
975	6.29886464493667	20322429.3107868
976	6.30447091618807	20364074.6839996
977	6.31007622883734	20405762.6746251
978	6.31568058383539	20447493.2826442
979	6.32128398213128	20489266.5080388
980	6.32688642467226	20531082.3507901
981	6.33248791240377	20572940.8108793
982	6.33808844626938	20614841.8882882
983	6.34368802721093	20656785.582998
984	6.34928665616842	20698771.8949903
985	6.35488433407998	20740800.8242466
986	6.36048106188202	20782872.3707483
987	6.36607684050915	20824986.5344771
988	6.37167167089417	20867143.3154144
989	6.37726555396803	20909342.7135418
990	6.38285849066006	20951584.728841
991	6.38845048189773	20993869.3612935
992	6.39404152860663	21036196.610881
993	6.39963163171081	21078566.4775852
994	6.40522079213243	21120978.9613874
995	6.41080901079189	21163434.0622699
996	6.41639628860788	21205931.7802138
997	6.42198262649739	21248472.1152012
998	6.42756802537555	21291055.0672137
999	6.43315248615585	21333680.6362331
1000	6.28772733852009	21369218.0251812
1001	6.44431859706816	21419059.6252196
