1	0.00103462597164436	1.66827030335674e-09
2	0.00151044949039723	1.29539440420477e-09
3	0.00168735699977304	1.01380936343462e-09
4	0.00178293350068163	8.24065884048002e-10
5	0.00183738634523119	6.46328480893879e-10
6	0.0018686777659614	5.58671248716195e-10
7	0.0018859758970308	4.61110324551923e-10
8	0.00189439884632345	3.87741787955182e-10
9	0.00189699514553844	3.54215948184414e-10
10	0.00189567198149502	3.06447430965101e-10
11	0.00189166912236881	2.68070365383821e-10
12	0.00207356520562905	2.52880807226008e-10
13	0.00206624876544794	2.25188879263534e-10
14	0.00205792685378118	2.01993237310574e-10
15	0.00204891706276063	1.82356052265194e-10
16	0.00203944921701266	1.655735884497e-10
17	0.00202969139337875	1.61179868365258e-10
18	0.00201976750360183	1.47781093364122e-10
19	0.00200976941624002	1.36064768283602e-10
20	0.00199976546248439	1.2575553766808e-10
21	0.00198980649846882	1.16632659589774e-10
22	0.00197993028637634	1.15592481543239e-10
23	0.00197016469998129	1.07866050054833e-10
24	0.00196053009614136	1.00929460121417e-10
25	0.00195104108670473	9.46764657217599e-11
26	0.00194170787421187	8.90182830773016e-11
27	0.00193253726679086	8.38802360926698e-11
28	0.00192353345476964	7.91991330899589e-11
29	0.00191469860869546	7.97019915192206e-11
30	0.00190603334238757	7.55310294309385e-11
31	0.0018975370732201	7.16979413872879e-11
32	0.00188920830360723	6.81663821387343e-11
33	0.00188104484168838	6.49048206940452e-11
34	0.0018730439748287	6.18857897423548e-11
35	0.00186520260630819	5.90852687302789e-11
36	0.00185751736315475	5.6482173988304e-11
37	0.0018499846812603	5.40579351269268e-11
38	0.00184260087254323	5.50324855418227e-11
39	0.00183536217787329	5.27865079637278e-11
40	0.00182826480867279	5.06839254908731e-11
41	0.00182130497948744	4.87124840526233e-11
42	0.00181447893334181	4.68612276771108e-11
43	0.00180778296131897	4.51203356715847e-11
44	0.00197476791210677	4.34809832567277e-11
45	0.00196782983321044	4.19352218585976e-11
46	0.00196101862312188	4.04758759411468e-11
47	0.00195433074164695	3.90964538088801e-11
48	0.00194776273796786	4.01041821453572e-11
49	0.00194131125425653	3.87917959673973e-11
50	0.00193497302786928	3.75471435721468e-11
51	0.00192874489240798	3.63655171099383e-11
52	0.00192262377787949	3.5242616417658e-11
53	0.00191660671014154	3.41745070276833e-11
54	0.00191069080978891	3.31575831644559e-11
55	0.00190487329060505	3.21885350604214e-11
56	0.0018991514576803	3.12643200223926e-11
57	0.00189352270528049	3.03821367625846e-11
58	0.00188798451453255	2.95394025784068e-11
59	0.00188253445098216	2.87337330239372e-11
60	0.00187717016206769	2.79629237657299e-11
61	0.00187188937454604	2.885800533595e-11
62	0.00186668989189917	2.81085321164358e-11
63	0.00186156959174441	2.73899828462403e-11
64	0.00185652642326652	2.67006295321101e-11
65	0.00185155840468604	2.60388650409156e-11
66	0.00184666362077485	2.54031930044765e-11
67	0.00184184022042789	2.47922187004197e-11
68	0.00183708641429673	2.42046408022474e-11
69	0.00183240047249038	2.36392439048146e-11
70	0.00182778072234565	2.30948917426807e-11
71	0.00182322554626992	2.25705210285859e-11
72	0.00181873337965679	2.20651358478097e-11
73	0.00181430270887508	2.15778025515852e-11
74	0.00180993206933092	2.11076450992124e-11
75	0.00180562004360214	2.06538408041825e-11
76	0.00180136525964343	2.02156164445799e-11
77	0.00179716638906158	2.09562032288137e-11
78	0.00179302214545804	2.05229346494291e-11
79	0.0017889312828378	2.01039842443159e-11
80	0.00178489259408226	1.96987081151062e-11
81	0.00178090490948373	1.93064987521131e-11
82	0.00177696709534022	1.89267825699432e-11
83	0.00177307805260736	1.85590176368994e-11
84	0.00176923671560619	1.82026915808753e-11
85	0.00176544205078421	1.78573196561648e-11
86	0.00176169305552756	1.75224429571428e-11
87	0.00175798875702263	1.71976267661459e-11
88	0.00175432821116478	1.68824590241007e-11
89	0.00175071050151211	1.65765489135357e-11
90	0.00174713473828287	1.62795255445974e-11
91	0.001743600057394	1.59910367355584e-11
92	0.0017401056195396	1.57107478800969e-11
93	0.00173665060930723	1.54383408943268e-11
94	0.00173323423433068	1.51735132371983e-11
95	0.00172985572447725	1.49159769984535e-11
96	0.00172651433106833	1.55113386412159e-11
97	0.00172320932613183	1.52535159919004e-11
98	0.00171994000168482	1.50025759278032e-11
99	0.00171670566904515	1.47582674276064e-11
100	0.00176992421397191	1.41314343438646e-11
101	0.00171033931702598	1.42885981123442e-11
102	0.00170720601097186	1.40627904604854e-11
103	0.00170410512218243	1.38427195431376e-11
104	0.00170103604908272	1.36281860716534e-11
105	0.00169799820580954	1.34189994924991e-11
106	0.00169499102169317	1.32149775268189e-11
107	0.00169201394075943	1.30159457382696e-11
108	0.00168906642125087	1.28217371271472e-11
109	0.00168614793516663	1.26321917489876e-11
110	0.00168325796781989	1.24471563559576e-11
111	0.00168039601741222	1.22664840594855e-11
112	0.0016775615946242	1.20900340127016e-11
113	0.00167475422222137	1.19176711113588e-11
114	0.00167197343467514	1.17492657120116e-11
115	0.00166921877779784	1.15846933663179e-11
116	0.00166648980839136	1.14238345704125e-11
117	0.0016637860939087	1.1266574528377e-11
118	0.00166110721212816	1.1112802928905e-11
119	0.00165845275083933	1.15827840292765e-11
120	0.00165582230754046	1.14273502975056e-11
121	0.00165321548914695	1.12752790213254e-11
122	0.00165063191171022	1.11264704897806e-11
123	0.0016480712001467	1.09808287306396e-11
124	0.00164553298797644	1.08382613414947e-11
125	0.00164301691707091	1.06986793297666e-11
126	0.00164052263740995	1.05619969610747e-11
127	0.0016380498068468	1.04281316154768e-11
128	0.00163559809088173	1.0297003651111e-11
129	0.00163316716244328	1.01685362748052e-11
130	0.00163075670167703	1.00426554192496e-11
131	0.00162836639574176	9.9192896263491e-12
132	0.00162599593861241	9.79836993640523e-12
133	0.00162364503088973	9.67982978279124e-12
134	0.00162131337961642	9.56360489181235e-12
135	0.00161900069809936	9.44963318745875e-12
136	0.00161670670573775	9.33785470077841e-12
137	0.00161443112785705	9.22821148361482e-12
138	0.00161217369554826	9.12064752646844e-12
139	0.00160993414551254	9.01510868025868e-12
140	0.00160771221991087	8.91154258177293e-12
141	0.00160550766621864	8.80989858260568e-12
142	0.00160332023708481	8.71012768140104e-12
143	0.00160114969019572	8.61218245922291e-12
144	0.00159899578814306	8.51601701788788e-12
145	0.00159685829829635	8.42158692110678e-12
146	0.001594736992679	8.32884913828737e-12
147	0.00159263164784871	8.69531333813521e-12
148	0.00159054204478123	8.60086662078519e-12
149	0.00158846796875795	8.50807830047791e-12
150	0.00158640920925693	8.41690834977095e-12
151	0.00158436555984718	8.32731796575543e-12
152	0.00158233681808627	8.23926952482552e-12
153	0.00158032278542102	8.15272653940095e-12
154	0.00157832326709116	8.06765361650575e-12
155	0.00157633807203593	7.98401641811348e-12
156	0.00157436701280351	7.90178162317134e-12
157	0.00157240990546295	7.82091689122345e-12
158	0.00157046656951905	7.74139082755499e-12
159	0.00156853682782936	7.66317294978553e-12
160	0.00156662050652396	7.58623365584239e-12
161	0.00171061785230708	7.51054419324871e-12
162	0.00170857580800183	7.43607662966456e-12
163	0.00170654764935857	7.36280382462324e-12
164	0.0017045332033402	7.29069940240633e-12
165	0.0017025323000112	7.21973772600593e-12
166	0.00170054477246565	7.14989387212417e-12
167	0.00169857045675773	7.08114360716205e-12
168	0.00169660919183359	7.01346336415361e-12
169	0.00169466081946551	6.94683022060287e-12
170	0.00169272518418772	6.88122187718233e-12
171	0.00169080213323416	6.81661663725594e-12
172	0.0016888915164777	6.75299338718896e-12
173	0.00168699318637126	6.69033157741088e-12
174	0.00168510699789036	6.62861120419787e-12
175	0.00168323280847735	6.56781279214436e-12
176	0.00168137047798714	6.50791737729275e-12
177	0.00167951986863424	6.44890649089415e-12
178	0.00167768084494135	6.39076214377223e-12
179	0.00167585327368937	6.33346681126548e-12
180	0.00167403702386856	6.61931178458106e-12
181	0.00167223196663107	6.56062899677148e-12
182	0.00167043797524479	6.5027888713322e-12
183	0.00166865492504832	6.44577473982227e-12
184	0.00166688269340699	6.38957035253191e-12
185	0.00166512115967039	6.33415986575921e-12
186	0.00166337020513047	6.27952782953989e-12
187	0.00166162971298131	6.2256591758111e-12
188	0.00165989956827931	6.17253920699149e-12
189	0.00165817965790484	6.12015358496188e-12
190	0.0016564698705247	6.06848832042904e-12
191	0.00165477009655543	6.01752976265862e-12
192	0.00165308022812775	5.96726458956153e-12
193	0.00165140015905164	5.9176797981207e-12
194	0.00164972978478254	5.86876269514416e-12
195	0.00164806900238819	5.82050088833216e-12
196	0.00164641771051632	5.77288227764587e-12
197	0.0016447758093633	5.72589504696636e-12
198	0.00164314320064321	5.67952765603201e-12
199	0.00164151978755809	5.63376883264452e-12
200	0.00163990547476853	5.58860756513268e-12
201	0.00163830016836516	5.54403309506448e-12
202	0.00163670377584088	5.50003491019802e-12
203	0.0016351162060635	5.45660273766225e-12
204	0.00163353736924931	5.41372653735914e-12
205	0.00163196717693712	5.37139649557889e-12
206	0.0016304055419629	5.32960301882038e-12
207	0.00162885237843513	5.28833672780901e-12
208	0.00162730760171064	5.24758845170557e-12
209	0.00162577112837092	5.20734922249795e-12
210	0.00162424287619922	5.16761026956998e-12
211	0.00162272276415799	5.12836301444076e-12
212	0.00162121071236683	5.0895990656681e-12
213	0.0016197066420811	5.05131021391067e-12
214	0.00161821047567081	5.01348842714264e-12
215	0.0016167221366002	4.97612584601596e-12
216	0.00161524154940762	4.93921477936475e-12
217	0.00161376863968588	4.90274769984677e-12
218	0.00161230333406316	5.12738013520116e-12
219	0.0016108455601842	5.08987227922755e-12
220	0.00160939524669199	5.05280939067102e-12
221	0.00160795232320986	5.01618418621489e-12
222	0.00160651672032393	4.97998953417935e-12
223	0.00160508836956594	4.94421845069742e-12
224	0.00160366720339656	4.90886409600399e-12
225	0.00160225315518886	4.87391977083411e-12
226	0.00160084615921236	4.8393789129267e-12
227	0.00159944615061728	4.80523509363054e-12
228	0.00159805306541916	4.77148201460846e-12
229	0.00159666684048386	4.73811350463737e-12
230	0.00159528741351283	4.7051235164998e-12
231	0.00159391472302863	4.67250612396523e-12
232	0.00159254870836095	4.6402555188571e-12
233	0.00159118930963273	4.60836600820348e-12
234	0.00158983646774659	4.57683201146831e-12
235	0.00158849012437176	4.54564805786057e-12
236	0.001587150221931	4.51480878371921e-12
237	0.00158581670358786	4.48430892997098e-12
238	0.00158448951323445	4.454143339659e-12
239	0.00158316859547906	4.42430695554001e-12
240	0.00158185389563437	4.39479481774779e-12
241	0.0015805453597057	4.36560206152074e-12
242	0.00157924293437964	4.33672391499188e-12
243	0.00157794656701278	4.30815569703895e-12
244	0.00157665620562072	4.2798928151928e-12
245	0.00157537179886741	4.25193076360251e-12
246	0.00157409329605449	4.22426512105523e-12
247	0.001572820647111	4.19689154904908e-12
248	0.00157155380258323	4.16980578991758e-12
249	0.00157029271362487	4.14300366500398e-12
250	0.00156903733198717	4.11648107288394e-12
251	0.0015677876100095	4.09023398763504e-12
252	0.00156654350060989	4.06425845715211e-12
253	0.00156530495727597	4.03855060150609e-12
254	0.00156407193405588	4.01310661134633e-12
255	0.00156284438554954	3.9879227463439e-12
256	0.0015616222668999	3.9629953336755e-12
257	0.00156040553378459	3.93832076654629e-12
258	0.0015591941424075	3.91389550275062e-12
259	0.00155798804949064	3.88971606326978e-12
260	0.00155678721226612	3.86577903090523e-12
261	0.00155559158846842	3.84208104894665e-12
262	0.00155440113632654	3.81861881987374e-12
263	0.00155321581455646	3.79538910409053e-12
264	0.00155203558235382	3.97089571947586e-12
265	0.00155086039938654	3.94692313626765e-12
266	0.00154969022578777	3.92318542424144e-12
267	0.00154852502214877	3.89967940455263e-12
268	0.00154736474951215	3.87640195315076e-12
269	0.00154620936936502	3.85334999963409e-12
270	0.00154505884363246	3.83052052613236e-12
271	0.0015439131346709	3.80791056621661e-12
272	0.0015427722052618	3.7855172038359e-12
273	0.00154163601860541	3.76333757227957e-12
274	0.00154050453831455	3.74136885316467e-12
275	0.00153937772840858	3.71960827544784e-12
276	0.00153825555330747	3.69805311446076e-12
277	0.00153713797782599	3.67670069096892e-12
278	0.00153602496716796	3.65554837025252e-12
279	0.0015349164869206	3.63459356120945e-12
280	0.00153381250304909	3.61383371547923e-12
281	0.00153271298189104	3.59326632658795e-12
282	0.00153161789015125	3.57288892911299e-12
283	0.00153052719489642	3.5526990978674e-12
284	0.00152944086355	3.53269444710338e-12
285	0.00152835886388723	3.51287262973415e-12
286	0.00152728116402998	3.49323133657393e-12
287	0.00152620773244214	3.47376829559541e-12
288	0.00152513853792456	3.45448127120437e-12
289	0.00152407354961049	3.43536806353085e-12
290	0.00152301273696091	3.41642650773658e-12
291	0.00152195606976002	3.39765447333802e-12
292	0.00152090351811067	3.37904986354508e-12
293	0.00151985505243005	3.3606106146145e-12
294	0.00151881064344531	3.3423346952178e-12
295	0.00151777026218935	3.32422010582362e-12
296	0.00151673387999667	3.30626487809383e-12
297	0.00151570146849912	3.2884670742929e-12
298	0.00151467299962206	3.27082478671073e-12
299	0.00151364844558024	3.25333613709793e-12
300	0.00151262777887393	3.2359992761139e-12
301	0.00151161097228514	3.21881238278674e-12
302	0.00151059799887375	3.20177366398533e-12
303	0.00150958883197389	3.18488135390261e-12
304	0.00150858344519018	3.1681337135504e-12
305	0.00150758181239423	3.1515290302651e-12
306	0.00150658390772109	3.13506561722394e-12
307	0.00150558970556572	3.11874181297201e-12
308	0.0015045991805796	3.10255598095904e-12
309	0.00150361230766742	3.08650650908649e-12
310	0.00150262906198365	3.07059180926409e-12
311	0.0015016494189294	3.05481031697589e-12
312	0.00150067335414915	3.03916049085556e-12
313	0.00149970084352757	3.02364081227054e-12
314	0.00149873186318658	3.00824978491519e-12
315	0.00149776638948206	2.99298593441234e-12
316	0.00149680439900099	2.97784780792315e-12
317	0.00149584586855847	3.11605434998771e-12
318	0.00149489077519481	3.10039332478194e-12
319	0.00149393909617267	3.08486007332004e-12
320	0.00149299080897416	3.06945315430587e-12
321	0.00149204589129822	3.05417114716884e-12
322	0.00149110432105772	3.03901265170218e-12
323	0.00149016607637691	3.0239762877086e-12
324	0.00148923113558864	3.00906069465306e-12
325	0.00148829947723185	2.99426453132292e-12
326	0.00148737108004902	2.97958647549462e-12
327	0.00148644592298349	2.96502522360741e-12
328	0.00148552398517717	2.95057949044352e-12
329	0.00148460524596795	2.93624800881485e-12
330	0.00148368968488731	2.92202952925582e-12
331	0.00148277728165801	2.90792281972249e-12
332	0.00148186801619164	2.89392666529771e-12
333	0.00148096186858644	2.88003986790198e-12
334	0.0014800588191249	2.86626124601013e-12
335	0.00147915884827159	2.85258963437369e-12
336	0.00147826193667103	2.83902388374856e-12
337	0.00147736806514531	2.8255628606282e-12
338	0.00147647721469217	2.81220544698184e-12
339	0.00147558936648279	2.79895053999809e-12
340	0.00147470450185973	2.78579705183329e-12
341	0.00147382260233484	2.77274390936484e-12
342	0.00147294364958734	2.75979005394934e-12
343	0.00147206762546175	2.74693444118542e-12
344	0.00147119451196598	2.73417604068097e-12
345	0.0014703242912694	2.72151383582505e-12
346	0.00146945694570088	2.70894682356403e-12
347	0.00146859245774702	2.69647401418211e-12
348	0.00146773081005024	2.68409443108586e-12
349	0.00146687198540696	2.67180711059295e-12
350	0.00146601596676582	2.65961110172498e-12
351	0.00146516273722591	2.64750546600398e-12
352	0.00146431228003506	2.63548927725295e-12
353	0.00146346457858807	2.62356162139995e-12
354	0.00146261961642504	2.61172159628613e-12
355	0.00146177737722975	2.59996831147706e-12
356	0.0014609378448279	2.58830088807763e-12
357	0.00146010100318564	2.57671845855064e-12
358	0.00145926683640785	2.5652201665383e-12
359	0.00145843532873663	2.55380516668747e-12
360	0.00145760646454967	2.54247262447778e-12
361	0.00145678022835884	2.53122171605313e-12
362	0.0014559566048086	2.52005162805607e-12
363	0.00145513557867448	2.50896155746541e-12
364	0.00145431713486168	2.49795071143662e-12
365	0.00145350125840361	2.48701830714522e-12
366	0.00145268793446041	2.47616357163297e-12
367	0.00145187714831763	2.46538574165678e-12
368	0.00145106888538472	2.45468406354051e-12
369	0.0014502631311938	2.44405779302922e-12
370	0.00144945987139816	2.43350619514613e-12
371	0.00144865909177108	2.4230285440522e-12
372	0.00144786077820434	2.41262412290803e-12
373	0.00144706491670714	2.40229222373843e-12
374	0.0014462714934046	2.39203214729918e-12
375	0.00144548049453663	2.38184320294631e-12
376	0.00144469190645665	2.37172470850757e-12
377	0.00144390571563035	2.3616759901562e-12
378	0.00144312190863452	2.47125179620682e-12
379	0.00144234047215579	2.46083677864734e-12
380	0.00144156139298949	2.45049301152552e-12
381	0.00144078465803849	2.44021982055701e-12
382	0.00144001025431202	2.43001653959792e-12
383	0.00143923816892453	2.41988251052544e-12
384	0.00143846838909468	2.40981708312047e-12
385	0.00143770090214404	2.39981961495237e-12
386	0.00143693569549617	2.38988947126558e-12
387	0.00143617275667547	2.38002602486824e-12
388	0.00143541207330613	2.37022865602271e-12
389	0.00143465363311111	2.36049675233791e-12
390	0.00143389742391101	2.35082970866353e-12
391	0.00143314343362317	2.34122692698604e-12
392	0.00143239165026062	2.33168781632641e-12
393	0.00143164206193102	2.3222117926396e-12
394	0.00143089465683578	2.31279827871567e-12
395	0.001430149423269	2.30344670408266e-12
396	0.00142940634961662	2.29415650491099e-12
397	0.00142866542435533	2.28492712391948e-12
398	0.00142792663605178	2.27575801028298e-12
399	0.00142718997336157	2.26664861954151e-12
400	0.00142645542502834	2.25759841351081e-12
401	0.00142572297988297	2.24860686019457e-12
402	0.00142499262684255	2.23967343369785e-12
403	0.00142426435490962	2.23079761414218e-12
404	0.00142353815317122	2.22197888758186e-12
405	0.00142281401079813	2.21321674592169e-12
406	0.00142209191704396	2.20451068683611e-12
407	0.00142137186124428	2.19586021368953e-12
408	0.00142065383281593	2.18726483545803e-12
409	0.00141993782125608	2.17872406665234e-12
410	0.00141922381614149	2.170237427242e-12
411	0.00141851180712767	2.1618044425808e-12
412	0.00141780178394821	2.15342464333338e-12
413	0.00141709373641386	2.14509756540307e-12
414	0.00141638765441183	2.13682274986077e-12
415	0.00141568352790513	2.12859974287505e-12
416	0.00141498134693162	2.12042809564338e-12
417	0.00141428110160345	2.11230736432439e-12
418	0.00141358278210631	2.10423710997117e-12
419	0.0014128863786986	2.09621689846583e-12
420	0.00141219188171087	2.08824630045477e-12
421	0.00141149928154496	2.08032489128524e-12
422	0.0014108085686735	2.07245225094281e-12
423	0.00141011973363903	2.0646279639897e-12
424	0.00140943276705344	2.0568516195043e-12
425	0.0014087476595973	2.04912281102142e-12
426	0.00140806440201918	2.04144113647361e-12
427	0.00140738298513495	2.03380619813332e-12
428	0.0014067033998272	2.02621760255592e-12
429	0.00140602563704461	2.01867496052376e-12
430	0.00140534968780124	2.01117788699086e-12
431	0.00140467554317604	2.00372600102867e-12
432	0.00140400319431206	1.99631892577248e-12
433	0.00140333263241605	1.9889562883688e-12
434	0.00140266384875765	1.98163771992342e-12
435	0.00140199683466895	1.97436285545036e-12
436	0.00140133158154387	1.96713133382148e-12
437	0.0014006680808375	1.959942797717e-12
438	0.00140000632406562	1.95279689357664e-12
439	0.00139934630280414	1.94569327155157e-12
440	0.00139868800868845	1.93863158545702e-12
441	0.00139803143341298	1.9316114927257e-12
442	0.00139737656873049	1.92463265436178e-12
443	0.00139672340645172	1.9176947348957e-12
444	0.00139607193844476	1.9107974023396e-12
445	0.00139542215663453	1.9039403281433e-12
446	0.00139477405300222	1.89712318715113e-12
447	0.00139412761958485	1.89034565755929e-12
448	0.00139348284847469	1.8836074208738e-12
449	0.00139283973181886	1.97073659130248e-12
450	0.00139219826181867	1.9637430286201e-12
451	0.00139155843072924	1.95678974030666e-12
452	0.00139092023085905	1.94987640541953e-12
453	0.00139028365456929	1.94300270628043e-12
454	0.00138964869427358	1.93616832843516e-12
455	0.00138901534243736	1.92937296061366e-12
456	0.00138838359157746	1.92261629469102e-12
457	0.0013877534342617	1.91589802564867e-12
458	0.00138712486310834	1.90921785153645e-12
459	0.00138649787078569	1.90257547343501e-12
460	0.00138587245001164	1.89597059541884e-12
461	0.00138524859355322	1.88940292451985e-12
462	0.00138462629422621	1.88287217069144e-12
463	0.00138400554489461	1.87637804677304e-12
464	0.00138338633847029	1.8699202684553e-12
465	0.00138276866791258	1.86349855424556e-12
466	0.00138215252622776	1.85711262543399e-12
467	0.0013815379064688	1.85076220606016e-12
468	0.00138092480173476	1.84444702288006e-12
469	0.00138031320517057	1.83816680533355e-12
470	0.00137970310996649	1.83192128551237e-12
471	0.0013790945093578	1.82571019812856e-12
472	0.00137848739662438	1.81953328048321e-12
473	0.00137788176509031	1.81339027243583e-12
474	0.00137727760812353	1.80728091637403e-12
475	0.00137667491913538	1.80120495718368e-12
476	0.00137607369158034	1.79516214221941e-12
477	0.00137547391895556	1.7891522212756e-12
478	0.00137487559480056	1.78317494655772e-12
479	0.00137427871269679	1.77723007265409e-12
480	0.00137368326626737	1.77131735650806e-12
481	0.00137308924917666	1.76543655739048e-12
482	0.00137249665512993	1.75958743687263e-12
483	0.00137190547787306	1.75376975879949e-12
484	0.00137131571119209	1.74798328926338e-12
485	0.00137072734891296	1.742227796578e-12
486	0.00137014038490119	1.73650305125268e-12
487	0.00136955481306146	1.73080882596721e-12
488	0.0013689706273374	1.72514489554679e-12
489	0.00136838782171111	1.71951103693746e-12
490	0.001367806390203	1.71390702918177e-12
491	0.00136722632687136	1.70833265339492e-12
492	0.00136664762581206	1.702787692741e-12
493	0.00136607028115828	1.69727193240974e-12
494	0.00136549428708016	1.69178515959353e-12
495	0.00136491963778454	1.68632716346461e-12
496	0.00136434632751457	1.68089773515283e-12
497	0.00136377435054954	1.67549666772341e-12
498	0.00136320370120439	1.67012375615522e-12
499	0.00136263437382966	1.66477879731927e-12
500	0.00136206636281101	1.65946158995739e-12
501	0.00136149966256896	1.65417193466137e-12
502	0.00136093426755872	1.64890963385227e-12
503	0.00136037017226974	1.64367449175999e-12
504	0.00135980737122557	1.63846631440313e-12
505	0.00135924585898352	1.63328490956915e-12
506	0.00135868563013439	1.62813008679477e-12
507	0.00135812667930221	1.62300165734654e-12
508	0.00135756900114394	1.61789943420184e-12
509	0.00135701259034925	1.61282323202995e-12
510	0.00135645744164024	1.60777286717346e-12
511	0.00135590354977117	1.60274815762988e-12
512	0.0013553509095282	1.59774892303358e-12
513	0.00135479951572917	1.59277498463779e-12
514	0.00135424936322326	1.58782616529703e-12
515	0.00135370044689085	1.58290228944959e-12
516	0.0013531527616432	1.57800318310036e-12
517	0.00135260630242228	1.5731286738038e-12
518	0.00135206106420036	1.56827859064719e-12
519	0.00135151704197998	1.56345276423405e-12
520	0.00135097423079358	1.55865102666778e-12
521	0.00135043262570331	1.55387321153552e-12
522	0.00134989222180073	1.54911915389218e-12
523	0.00134935301420672	1.54438869024477e-12
524	0.00134881499807108	1.53968165853674e-12
525	0.00134827816857245	1.53499789813277e-12
526	0.00134774252091799	1.5303372498035e-12
527	0.00134720805034319	1.5256995557106e-12
528	0.00134667475211165	1.52108465939204e-12
529	0.00134614262151487	1.51649240574744e-12
530	0.00134561165387202	1.5119226410237e-12
531	0.00134508184452972	1.58149544052212e-12
532	0.00134455318886185	1.57674768376939e-12
533	0.00134402568226933	1.57202304614849e-12
534	0.0013434993201799	1.56732137185258e-12
535	0.00134297409804794	1.5626425064155e-12
536	0.00134245001135422	1.55798629669776e-12
537	0.00134192705560576	1.55335259087266e-12
538	0.00134140522633558	1.54874123841261e-12
539	0.00134088451910252	1.54415209007565e-12
540	0.00134036492949106	1.53958499789205e-12
541	0.00133984645311109	1.5350398151511e-12
542	0.00133932908559774	1.53051639638821e-12
543	0.00133881282261119	1.52601459737186e-12
544	0.00133829765983647	1.52153427509103e-12
545	0.00133778359298326	1.5170752877426e-12
546	0.00133727061778577	1.51263749471887e-12
547	0.00133675873000246	1.50822075659545e-12
548	0.00133624792541593	1.50382493511901e-12
549	0.00133573819983273	1.49944989319539e-12
550	0.00133522954908314	1.49509549487779e-12
551	0.00133472196902101	1.49076160535505e-12
552	0.00133421545552364	1.48644809094015e-12
553	0.00133371000449151	1.48215481905876e-12
554	0.0013332056118482	1.47788165823804e-12
555	0.00133270227354015	1.47362847809549e-12
556	0.00133219998553653	1.46939514932791e-12
557	0.00133169874382906	1.46518154370062e-12
558	0.00133119854443183	1.46098753403662e-12
559	0.00133069938338118	1.45681299420606e-12
560	0.00133020125673546	1.45265779911574e-12
561	0.00132970416057498	1.44852182469869e-12
562	0.0013292080910017	1.44440494790403e-12
563	0.00132871304413924	1.44030704668675e-12
564	0.00132821901613263	1.43622799999782e-12
565	0.00132772600314807	1.43216768777416e-12
566	0.00132723400137296	1.42812599092899e-12
567	0.00132674300701566	1.42410279134217e-12
568	0.00132625301630528	1.4200979718506e-12
569	0.0013257640254916	1.41611141623881e-12
570	0.00132527603084494	1.41214300922967e-12
571	0.00132478902865593	1.40819263647511e-12
572	0.00132430301523543	1.40426018454712e-12
573	0.00132381798691441	1.40034554092862e-12
574	0.00132333394004366	1.39644859400466e-12
575	0.00132285087099385	1.39256923305356e-12
576	0.00132236877615523	1.38870734823828e-12
577	0.00132188765193758	1.38486283059777e-12
578	0.00132140749477003	1.38103557203848e-12
579	0.00132092830110092	1.37722546532596e-12
580	0.00132045006739767	1.37343240407662e-12
581	0.0013199727901467	1.3696562827494e-12
582	0.00131949646585322	1.36589699663775e-12
583	0.00131902109104108	1.36215444186157e-12
584	0.00131854666225275	1.3584285153593e-12
585	0.00131807317604909	1.35471911488003e-12
586	0.00131760062900926	1.35102613897577e-12
587	0.00131712901773059	1.34734948699379e-12
588	0.00131665833882843	1.34368905906905e-12
589	0.00131618858893607	1.34004475611664e-12
590	0.00131571976470456	1.33641647982445e-12
591	0.00131525186280264	1.33280413264577e-12
592	0.00131478487991656	1.3292076177921e-12
593	0.00131431881275004	1.32562683922593e-12
594	0.00131385365802402	1.32206170165369e-12
595	0.00131338941247669	1.31851211051872e-12
596	0.00131292607286328	1.31497797199435e-12
597	0.00131246363595596	1.31145919297704e-12
598	0.00131200209854371	1.30795568107962e-12
599	0.00131154145743226	1.30446734462452e-12
600	0.00131108170944391	1.30099409263726e-12
601	0.00131062285141744	1.29753583483977e-12
602	0.001310164880208	1.29409248164396e-12
603	0.00130970779268703	1.29066394414534e-12
604	0.00130925158574208	1.2872501341166e-12
605	0.00130879625627676	1.28385096400139e-12
606	0.0013083418012106	1.2804663469081e-12
607	0.00130788821747897	1.27709619660371e-12
608	0.00130743550203292	1.27374042750774e-12
609	0.00130698365183914	1.27039895468623e-12
610	0.00130653266387979	1.26707169384579e-12
611	0.00130608253515249	1.26375856132775e-12
612	0.00130563326267011	1.26045947410234e-12
613	0.00130518484346069	1.2571743497629e-12
614	0.00130473727456741	1.25390310652024e-12
615	0.00130429055304841	1.250645663197e-12
616	0.00130384467597675	1.24740193922207e-12
617	0.00130339964044024	1.24417185462511e-12
618	0.00130295544354144	1.24095533003106e-12
619	0.00141963960847411	1.23775228665477e-12
620	0.0014191608837981	1.2345626462957e-12
621	0.00141868305393162	1.23138633133259e-12
622	0.00141820611582074	1.22822326471826e-12
623	0.00141773006642677	1.22507336997446e-12
624	0.00141725490272619	1.22193657118675e-12
625	0.00141678062171051	1.27777760786618e-12
626	0.00141630722038625	1.2745162768656e-12
627	0.00141583469577472	1.27126844012131e-12
628	0.00141536304491206	1.26803402035813e-12
629	0.00141489226484905	1.26481294086596e-12
630	0.00141442235265103	1.26160512549485e-12
631	0.00141395330539783	1.25841049864999e-12
632	0.00141348512018366	1.25522898528674e-12
633	0.00141301779411701	1.25206051090583e-12
634	0.00141255132432059	1.24890500154852e-12
635	0.00141208570793116	1.24576238379179e-12
636	0.00141162094209959	1.24263258474366e-12
637	0.00141115702399058	1.23951553203851e-12
638	0.00141069395078269	1.23641115383244e-12
639	0.00141023171966826	1.23331937879875e-12
640	0.00140977032785322	1.2302401361233e-12
641	0.00140930977255715	1.22717335550015e-12
642	0.00140885005101304	1.22411896712705e-12
643	0.0014083911604673	1.22107690170108e-12
644	0.00140793309817969	1.21804709041429e-12
645	0.00140747586142315	1.21502946494941e-12
646	0.00140701944748374	1.2120239574756e-12
647	0.00140656385366064	1.2090305006442e-12
648	0.00140610907726596	1.20604902758461e-12
649	0.00140565511562474	1.20307947190013e-12
650	0.00140520196607479	1.2001217676639e-12
651	0.00140474962596668	1.19717584941481e-12
652	0.00140429809266362	1.19424165215355e-12
653	0.00140384736354138	1.19131911133861e-12
654	0.00140339743598826	1.18840816288239e-12
655	0.0014029483074049	1.18550874314727e-12
656	0.00140249997520438	1.18262078894183e-12
657	0.00140205243681197	1.17974423751698e-12
658	0.00140160568966508	1.17687902656223e-12
659	0.00140115973121334	1.17402509420196e-12
660	0.00140071455891833	1.17118237899171e-12
661	0.00140027017025361	1.16835081991455e-12
662	0.00139982656270462	1.16553035637744e-12
663	0.00139938373376859	1.16272092820766e-12
664	0.00139894168095451	1.15992247564923e-12
665	0.00139850040178307	1.15713493935947e-12
666	0.00139805989378642	1.15435826040546e-12
667	0.00139762015450836	1.15159238026061e-12
668	0.00139718118150411	1.14883724080127e-12
669	0.00139674297234024	1.14609278430335e-12
670	0.00139630552459462	1.14335895343896e-12
671	0.0013958688358564	1.14063569127311e-12
672	0.00139543290372586	1.13792294126046e-12
673	0.00139499772581442	1.13522064724205e-12
674	0.0013945632997445	1.13252875344208e-12
675	0.00139412962314951	1.12984720446475e-12
676	0.00139369669367375	1.12717594529111e-12
677	0.00139326450897235	1.12451492127593e-12
678	0.00139283306671125	1.12186407814463e-12
679	0.00139240236456702	1.11922336199017e-12
680	0.00139197240022692	1.11659271927011e-12
681	0.0013915431713888	1.11397209680352e-12
682	0.00139111467576095	1.11136144176807e-12
683	0.00139068691106219	1.10876070169707e-12
684	0.00139025987502166	1.10616982447657e-12
685	0.00138983356537888	1.10358875834241e-12
686	0.00138940797988357	1.10101745187747e-12
687	0.0013889831162957	1.09845585400877e-12
688	0.00138855897238536	1.09590391400466e-12
689	0.0013881355459327	1.0933615814721e-12
690	0.00138771283472794	1.09082880635386e-12
691	0.00138729083657117	1.08830553892581e-12
692	0.00138686954927248	1.08579172979423e-12
693	0.00138644897065173	1.08328732989316e-12
694	0.00138602909853859	1.08079229048171e-12
695	0.00138560993077247	1.07830656314147e-12
696	0.00138519146520241	1.07583009977388e-12
697	0.00138477369968706	1.07336285259775e-12
698	0.00138435663209469	1.07090477414658e-12
699	0.00138394026030298	1.06845581726615e-12
700	0.00138352458219909	1.06601593511193e-12
701	0.00138310959567959	1.06358508114672e-12
702	0.00138269529865034	1.06116320913807e-12
703	0.00138228168902651	1.05875027315593e-12
704	0.00138186876473246	1.05634622757025e-12
705	0.00138145652370174	1.05395102704854e-12
706	0.00138104496387703	1.05156462655354e-12
707	0.00138063408321003	1.04918698134093e-12
708	0.00138022387966147	1.04681804695688e-12
709	0.00137981435120108	1.04445777923592e-12
710	0.00137940549580744	1.04210613429853e-12
711	0.00137899731146798	1.03976306854896e-12
712	0.00137858979617897	1.03742853867299e-12
713	0.00137818294794542	1.03510250163569e-12
714	0.00137777676478103	1.03278491467924e-12
715	0.0013773712447082	1.03047573532078e-12
716	0.00137696638575782	1.02817492135025e-12
717	0.00137656218596948	1.02588243082822e-12
718	0.00137615864339116	1.02359822208383e-12
719	0.00137575575607933	1.02132225371269e-12
720	0.00137535352209891	1.01905448457479e-12
721	0.00137495193952312	1.01679487379243e-12
722	0.00137455100643353	1.01454338074824e-12
723	0.00137415072091993	1.0122999650831e-12
724	0.00137375108108039	1.01006458669419e-12
725	0.0013733520850211	1.00783720573297e-12
726	0.00137295373085639	1.00561778260329e-12
727	0.00137255601670867	1.00340627795935e-12
728	0.00137215894070838	1.00120265270381e-12
729	0.00137176250099397	9.99006867985938e-13
730	0.00137136669571182	9.96818885199645e-13
731	0.00137097152301618	1.04199463345806e-12
732	0.0013705769810692	1.03971870460273e-12
733	0.00137018306804079	1.03745082932427e-12
734	0.00136978978210866	1.03519096818431e-12
735	0.00136939712145826	1.03293908199118e-12
736	0.00136900508428267	1.03069513179796e-12
737	0.00136861366878264	1.0284590789007e-12
738	0.0013682228731665	1.02623088483654e-12
739	0.00136783269565015	1.02401051138188e-12
740	0.00136744313445697	1.02179792055056e-12
741	0.00136705418781785	1.0195930745921e-12
742	0.00136666585397108	1.01739593598989e-12
743	0.0013662781311623	1.01520646745946e-12
744	0.00136589101764458	1.01302463194667e-12
745	0.00136550451167823	1.01085039262605e-12
746	0.00136511861153084	1.00868371289905e-12
747	0.00136473331547723	1.00652455639232e-12
748	0.0013643486217994	1.00437288695606e-12
749	0.0013639645287865	1.00222866866234e-12
750	0.00136358103473479	1.00009186580342e-12
751	0.00136319813794757	9.97962442890136e-13
752	0.00136281583673519	9.9584036465026e-13
753	0.00136243412941504	9.9372559602688e-13
754	0.00136205301431132	9.91618102176816e-13
755	0.0013616724897553	9.89517848469025e-13
756	0.00136129255408504	9.8742480048302e-13
757	0.00136091320564548	9.85338924007345e-13
758	0.00136053444278831	9.83260185037988e-13
759	0.00136015626387202	9.81188549776887e-13
760	0.00135977866726186	9.79123984630389e-13
761	0.0013594016513297	9.77066456207755e-13
762	0.00135902521445414	9.75015931319664e-13
763	0.00135864935502032	9.72972376976748e-13
764	0.00135827407142007	9.70935760388113e-13
765	0.00135789936205166	9.68906048959884e-13
766	0.00135752522531993	9.66883210293771e-13
767	0.0013571516596362	9.64867212185648e-13
768	0.00135677866341825	9.62858022624137e-13
769	0.0013564062350902	9.60855609789165e-13
770	0.00135603437308263	9.58859942050639e-13
771	0.0013556630758324	9.56870987967022e-13
772	0.00135529234178276	9.54888716283958e-13
773	0.00135492216938308	9.52913095932953e-13
774	0.00135455255708916	9.50944096030015e-13
775	0.00135418350336287	9.48981685874296e-13
776	0.0013538150066723	9.4702583494681e-13
777	0.00135344706549171	9.45076512909085e-13
778	0.00135307967830143	9.43133689601901e-13
779	0.00135271284358789	9.41197335043967e-13
780	0.00135234655984354	9.39267419430673e-13
781	0.00135198082556691	9.37343913132801e-13
782	0.0013516156392624	9.35426786695278e-13
783	0.00135125099944048	9.33516010835929e-13
784	0.00135088690461745	9.31611556444258e-13
785	0.00135052335331557	9.29713394580179e-13
786	0.0013501603440629	9.27821496472862e-13
787	0.00134979787539334	9.25935833519488e-13
788	0.00134943594584662	9.24056377284058e-13
789	0.00134907455396821	9.22183099496227e-13
790	0.00134871369830933	9.20315972050116e-13
791	0.00134835337742686	9.18454967003147e-13
792	0.00134799358988343	9.16600056574905e-13
793	0.00134763433424726	9.14751213145968e-13
794	0.00134727560909225	9.12908409256792e-13
795	0.00134691741299781	9.11071617606576e-13
796	0.00134655974454897	9.09240811052147e-13
797	0.00134620260233627	9.07415962606856e-13
798	0.00134584598495576	9.05597045439471e-13
799	0.00134548989100896	9.03784032873095e-13
800	0.00134513431910285	9.01976898384088e-13
801	0.0013447792678498	9.00175615600989e-13
802	0.0013444247358676	8.98380158303455e-13
803	0.0013440707217794	8.96590500421213e-13
804	0.00134371722421368	8.94806616033002e-13
805	0.00134336424180423	8.93028479365571e-13
806	0.00134301177319011	8.91256064792581e-13
807	0.00134265981701564	8.89489346833672e-13
808	0.0013423083719304	8.87728300153388e-13
809	0.00134195743658912	8.85972899560201e-13
810	0.00134160700965176	8.84223120005508e-13
811	0.00134125708978337	8.82478936582652e-13
812	0.0013409076756542	8.80740324525935e-13
813	0.00134055876593949	8.79007259209655e-13
814	0.00134021035931965	8.77279716147128e-13
815	0.00133986245448008	8.7555767098976e-13
816	0.00133951505011124	8.73841099526063e-13
817	0.00133916814490856	8.72129977680758e-13
818	0.00133882173757241	8.70424281513804e-13
819	0.00133847582680819	8.68723987219498e-13
820	0.00133813041132612	8.67029071125547e-13
821	0.00133778548984141	8.65339509692161e-13
822	0.00133744106107406	8.63655279511159e-13
823	0.00133709712374897	8.61976357305047e-13
824	0.00133675367659583	8.60302719926166e-13
825	0.00133641071834916	8.58634344355786e-13
826	0.00133606824774821	8.56971207703239e-13
827	0.00133572626353705	8.55313287205057e-13
828	0.00133538476446442	8.53660560224104e-13
829	0.00133504374928376	8.52013004248727e-13
830	0.00133470321675323	8.50370596891911e-13
831	0.00133436316563563	8.48733315890433e-13
832	0.00133402359469837	8.4710113910404e-13
833	0.00133368450271354	8.45474044514606e-13
834	0.00133334588845772	8.43852010225338e-13
835	0.00133300775071214	8.42235014459936e-13
836	0.00133267008826252	8.40623035561793e-13
837	0.00133233289989914	8.39016051993206e-13
838	0.00133199618441678	8.37414042334577e-13
839	0.00133165994061464	8.35816985283612e-13
840	0.00133132416729647	8.34224859654558e-13
841	0.00133098886327034	8.32637644377412e-13
842	0.00133065402734882	8.31055318497163e-13
843	0.00133031965834884	8.29477861173021e-13
844	0.00132998575509172	8.2790525167766e-13
845	0.00132965231640305	8.26337469396469e-13
846	0.00132931934111287	8.24774493826813e-13
847	0.00132898682805542	8.23216304577278e-13
848	0.00132865477606928	8.21662881366937e-13
849	0.00132832318399727	8.20114204024644e-13
850	0.00132799205068646	8.18570252488281e-13
851	0.00132766137498817	8.17031006804069e-13
852	0.00132733115575786	8.53716758217083e-13
853	0.00132700139185523	8.52115162474209e-13
854	0.00132667208214411	8.50518431141226e-13
855	0.0013263432254925	8.48926543775379e-13
856	0.00132601482077249	8.47339480043645e-13
857	0.00132568686686029	8.45757219722023e-13
858	0.0013253593626362	8.44179742694811e-13
859	0.00132503230698455	8.42607028953914e-13
860	0.00132470569879375	8.41039058598133e-13
861	0.00132437953695623	8.39475811832472e-13
862	0.00132405382036841	8.37917268967455e-13
863	0.00132372854793068	8.36363410418438e-13
864	0.00132340371854745	8.34814216704922e-13
865	0.00132307933112704	8.33269668449891e-13
866	0.0013227553845817	8.31729746379131e-13
867	0.00132243187782759	8.30194431320585e-13
868	0.00132210880978479	8.28663704203668e-13
869	0.00132178617937721	8.27137546058637e-13
870	0.00132146398553266	8.25615938015936e-13
871	0.00132114222718275	8.24098861305536e-13
872	0.00132082090326295	8.22586297256316e-13
873	0.00132050001271248	8.21078227295434e-13
874	0.00132017955447439	8.19574632947666e-13
875	0.00131985952749547	8.18075495834812e-13
876	0.00131953993072625	8.16580797675061e-13
877	0.00131922076312103	8.15090520282384e-13
878	0.00131890202363779	8.13604645565916e-13
879	0.00131858371123821	8.12123155529354e-13
880	0.00131826582488764	8.10646032270357e-13
881	0.00131794836355511	8.09173257979948e-13
882	0.00131763132621329	8.07704814941914e-13
883	0.00131731471183848	8.0624068553223e-13
884	0.00131699851941057	8.04780852218464e-13
885	0.00131668274791306	8.03325297559223e-13
886	0.00131636739633302	8.0187400420352e-13
887	0.00131605246366111	8.0042695489029e-13
888	0.00131573794889148	7.9898413244773e-13
889	0.00131542385102184	7.97545519792813e-13
890	0.0013151101690534	7.96111099930683e-13
891	0.00131479690199087	7.94680855954131e-13
892	0.00131448404884246	7.93254771043015e-13
893	0.00131417160861982	7.91832828463739e-13
894	0.00131385958033802	7.90415011568702e-13
895	0.00131354796301561	7.89001303795761e-13
896	0.00131323675567454	7.87591688667692e-13
897	0.00131292595734012	7.86186149791673e-13
898	0.00131261556704114	7.84784670858746e-13
899	0.00131230558380962	7.83387235643295e-13
900	0.00131199600668107	7.8199382800254e-13
901	0.00131168683469424	7.80604431876007e-13
902	0.00131137806689127	7.7921903128503e-13
903	0.00131106970231754	7.77837610332228e-13
904	0.0013107617400218	7.76460153201027e-13
905	0.00131045417905599	7.75086644155138e-13
906	0.00131014701847539	7.73717067538058e-13
907	0.00130984025733851	7.72351407772608e-13
908	0.00130953389470704	7.70989649360414e-13
909	0.00130922792964594	7.69631776881423e-13
910	0.00130892236122337	7.68277774993454e-13
911	0.00130861718851069	7.66927628431669e-13
912	0.00130831241058236	7.65581322008141e-13
913	0.0013080080265161	7.64238840611367e-13
914	0.00130770403539274	7.6290016920579e-13
915	0.0013074004362962	7.6156529283136e-13
916	0.00130709722831358	7.60234196603036e-13
917	0.00130679441053505	7.58906865710367e-13
918	0.00130649198205387	7.57583285417009e-13
919	0.0013061899419664	7.56263441060295e-13
920	0.00130588828937203	7.54947318050763e-13
921	0.00130558702337322	7.53634901871733e-13
922	0.00130528614307547	7.52326178078855e-13
923	0.00130498564758729	7.51021132299666e-13
924	0.0013046855360202	7.49719750233167e-13
925	0.00130438580748872	7.48422017649385e-13
926	0.00130408646111034	7.47127920388934e-13
927	0.00130378749600555	7.45837444362609e-13
928	0.00130348891129773	7.44550575550941e-13
929	0.00130319070611328	7.43267300003793e-13
930	0.0013028928795815	7.41987603839942e-13
931	0.00130259543083458	7.40711473246646e-13
932	0.00130229835900762	7.3943889447926e-13
933	0.00130200166323868	7.38169853860805e-13
934	0.0013017053426686	7.36904337781579e-13
935	0.00130140939644113	7.35642332698743e-13
936	0.00130111382370288	7.34383825135926e-13
937	0.00130081862360329	7.33128801682829e-13
938	0.00130052379529465	7.31877248994831e-13
939	0.00130022933793202	7.30629153792583e-13
940	0.00129993525067326	7.29384502861653e-13
941	0.0012996415326791	7.28143283052098e-13
942	0.00129934818311299	7.26905481278122e-13
943	0.00129905520114111	7.25671084517658e-13
944	0.00129876258593248	7.24440079812015e-13
945	0.00129847033665883	7.23212454265504e-13
946	0.00129817845249457	7.21988195045042e-13
947	0.00129788693261689	7.20767289379796e-13
948	0.00129759577620566	7.19549724560833e-13
949	0.00129730498244348	7.18335487940724e-13
950	0.00129701455051555	7.17124566933205e-13
951	0.00129672447960986	7.15916949012797e-13
952	0.00129643476891693	7.14712621714461e-13
953	0.00129614541763006	7.13511572633262e-13
954	0.00129585642494509	7.12313789423964e-13
955	0.00129556779006052	7.11119259800738e-13
956	0.00129527951217748	7.09927971536783e-13
957	0.00129499159049967	7.08739912463975e-13
958	0.00129470402423341	7.07555070472544e-13
959	0.00129441681258758	7.06373433510733e-13
960	0.00129412995477367	7.05194989584448e-13
961	0.00129384345000566	7.04019726756909e-13
962	0.00129355729750015	7.02847633148358e-13
963	0.00129327149647624	7.01678696935692e-13
964	0.00129298604615555	7.00512906352146e-13
965	0.00129270094576223	6.99350249686969e-13
966	0.00129241619452297	6.98190715285099e-13
967	0.00129213179166688	6.97034291546829e-13
968	0.00129184773642559	6.95880966927507e-13
969	0.00129156402803323	6.94730729937198e-13
970	0.00129128066572634	6.93583569140388e-13
971	0.00129099764874396	6.92439473155652e-13
972	0.00129071497632755	6.91298430655355e-13
973	0.00129043264772099	6.90160430365335e-13
974	0.00129015066217061	6.89025461064607e-13
975	0.00128986901892514	6.87893511585039e-13
976	0.00128958771723569	6.86764570811068e-13
977	0.00128930675635579	6.85638627679395e-13
978	0.00128902613554135	6.84515671178667e-13
979	0.00128874585405061	6.83395690349207e-13
980	0.0012884659111442	6.82278674282709e-13
981	0.00128818630608515	6.81164612121934e-13
982	0.00128790703813873	6.80053493060433e-13
983	0.00128762810657261	6.78945306342255e-13
984	0.00128734951065677	6.77840041261656e-13
985	0.0012870712496635	6.76737687162812e-13
986	0.00128679332286739	6.75638233439542e-13
987	0.00128651572954532	6.7454166953503e-13
988	0.00128623846897643	7.04525401755761e-13
989	0.0012859615404422	7.03384248448116e-13
990	0.00128568494322632	7.02246085489816e-13
991	0.00128540867661474	7.01110902040518e-13
992	0.00128513273989566	6.99978687310082e-13
993	0.00128485713235953	6.9884943055826e-13
994	0.00128458185329901	6.97723121094453e-13
995	0.00128430690200899	6.96599748277402e-13
996	0.00128403227778655	6.95479301514919e-13
997	0.00128375797993098	6.9436177026363e-13
998	0.00128348400774379	6.93247144028672e-13
999	0.0012832103605286	6.92135412363436e-13
1000	0.00126642713765249	6.72517924509666e-13
1001	0.00128266403823983	6.89920591195352e-13
