1	0	0.00704405282105059
2	0	0.0102775074497885
3	0	0.0124108082792986
4	0	0.0140311877778046
5	0	0.0150152153432241
6	0	0.0161517681416873
7	0	0.0167906473273249
8	0	0.0173237267580317
9	0	0.018182412552338
10	0	0.0185859939974223
11	0	0.0189413904466525
12	0	0.0196861104770406
13	0	0.0199776781562336
14	0	0.0202425287411359
15	0	0.0204849400618845
16	0	0.0207082853057319
17	0	0.0213699420315711
18	0	0.0215669348357927
19	0	0.0217512770620856
20	0	0.0219244900546185
21	0	0.022087847088995
22	0	0.0227156645786657
23	0	0.0228654953103959
24	0	0.0230080921864989
25	0	0.0231441454052651
26	0	0.0232742538842555
27	0	0.0233989402492273
28	0	0.023518662926242
29	0	0.0241261961256007
30	0	0.0242394690143053
31	0	0.0243487771895141
32	0	0.0244544104970916
33	0	0.0245566286238989
34	0	0.0246556650480842
35	0	0.0247517303747114
36	0	0.0248450151664873
37	0	0.0249356923573734
38	0	0.0255346105268318
39	0	0.025622284344878
40	0	0.0257077384687788
41	0	0.0257910957790015
42	0	0.0258724691970438
43	0	0.0259519627167288
44	0	0.0260296723074327
45	0	0.026105686707627
46	0	0.0261800881241415
47	0	0.0262529528501107
48	0	0.0268508379708909
49	0	0.0269222372155642
50	0	0.0269922715824865
51	0	0.0270609997642434
52	0	0.0271284766659897
53	0	0.0271947537221974
54	0	0.0272598791813591
55	0	0.0273238983624167
56	0	0.0273868538861817
57	0	0.0274487858845892
58	0	0.0275097321902571
59	0	0.0275697285085115
60	0	0.0276288085737698
61	0	0.028229885980892
62	0	0.0282883519129976
63	0	0.0283459761458096
64	0	0.0284027863676403
65	0	0.0284588088678908
66	0	0.02851406863008
67	0	0.0285685894173161
68	0	0.0286223938509295
69	0	0.0286755034829089
70	0	0.0287279388627114
71	0	0.0287797195989603
72	0	0.0288308644164885
73	0	0.0288813912091404
74	0	0.0289313170887014
75	0	0.0289806584302904
76	0	0.0290294309145132
77	0	0.0296368344950181
78	0	0.0296854306358715
79	0	0.0297334910646925
80	0	0.0297810293049668
81	0	0.0298280583464519
82	0	0.0298745906733189
83	0	0.0299206382904627
84	0	0.0299662127481215
85	0	0.0300113251649345
86	0	0.0300559862495534
87	0	0.0301002063209159
88	0	0.0301439953272785
89	0	0.0301873628640984
90	0	0.0302303181908463
91	0	0.030272870246827
92	0	0.0303150276660755
93	0	0.0303567987913931
94	0	0.0303981916875831
95	0	0.0304392141539382
96	0	0.0310549651405429
97	0	0.0310960295984977
98	0	0.0311367389703899
99	0	0.0311771002343076
100	0	0.0309358850934468
101	0	0.0312568052763377
102	0	0.031296161963215
103	0	0.0313351963764483
104	0	0.0313739144971732
105	0	0.031412322130881
106	0	0.0314504249144129
107	0	0.0314882283226062
108	0	0.0315257376746139
109	0	0.0315629581399157
110	0	0.0315998947440388
111	0	0.0316365523740053
112	0	0.0316729357835223
113	0	0.0317090495979269
114	0	0.0317448983189033
115	0	0.0317804863289818
116	0	0.0318158178958328
117	0	0.0318508971763668
118	0	0.0318857282206509
119	0	0.0325114314403666
120	0	0.0325464137993596
121	0	0.0325811550846571
122	0	0.0326156590225293
123	0	0.0326499292478944
124	0	0.0326839693073754
125	0	0.0327177826622285
126	0	0.0327513726911498
127	0	0.0327847426929647
128	0	0.0328178958892088
129	0	0.0328508354266019
130	0	0.0328835643794244
131	0	0.0329160857517968
132	0	0.03294840247987
133	0	0.0329805174339289
134	0	0.033012433420414
135	0	0.0330441531838654
136	0	0.0330756794087914
137	0	0.0331070147214659
138	0	0.0331381616916588
139	0	0.0331691228343006
140	0	0.0331999006110856
141	0	0.0332304974320158
142	0	0.0332609156568882
143	0	0.0332911575967281
144	0	0.0333212255151707
145	0	0.0333511216297935
146	0	0.0333808481134006
147	0	0.0340178686258137
148	0	0.0340477966234619
149	0	0.0340775582816777
150	0	0.0341071556426109
151	0	0.0341365907087107
152	0	0.0341658654437849
153	0	0.034194981774023
154	0	0.0342239415889846
155	0	0.0342527467425558
156	0	0.0342813990538732
157	0	0.0343099003082185
158	0	0.0343382522578828
159	0	0.0343664566230035
160	0	0.0343945150923747
161	0	0.0344224293242311
162	0	0.0344502009470074
163	0	0.0344778315600732
164	0	0.0345053227344461
165	0	0.0345326760134812
166	0	0.0345598929135404
167	0	0.034586974924641
168	0	0.0346139235110836
169	0	0.0346407401120625
170	0	0.0346674261422563
171	0	0.0346939829924021
172	0	0.0347204120298518
173	0	0.0347467145991119
174	0	0.0347728920223683
175	0	0.0347989455999954
176	0	0.0348248766110499
177	0	0.0348506863137511
178	0	0.0348763759459474
179	0	0.0349019467255691
180	0	0.035551103055267
181	0	0.0355768921477439
182	0	0.0356025638670788
183	0	0.0356281193762144
184	0	0.0356535598199388
185	0	0.0356788863252745
186	0	0.0357041000018578
187	0	0.035729201942307
188	0	0.0357541932225805
189	0	0.0357790749023267
190	0	0.0358038480252224
191	0	0.0358285136193045
192	0	0.0358530726972916
193	0	0.0358775262568971
194	0	0.0359018752811352
195	0	0.0359261207386181
196	0	0.0359502635838457
197	0	0.035974304757488
198	0	0.0359982451866607
199	0	0.0360220857851926
200	0	0.0360458274538881
201	0	0.0360694710807812
202	0	0.036093017541385
203	0	0.0361164676989332
204	0	0.0361398224046172
205	0	0.0361630824978167
206	0	0.0361862488063244
207	0	0.036209322146566
208	0	0.0362323033238142
209	0	0.0362551931323981
210	0	0.036277992355907
211	0	0.0363007017673903
212	0	0.0363233221295515
213	0	0.0363458541949384
214	0	0.0363682987061291
215	0	0.0363906563959127
216	0	0.0364129279874668
217	0	0.0364351141945303
218	0	0.0370968156757664
219	0	0.0371192194919198
220	0	0.0371415385484575
221	0	0.0371637735349044
222	0	0.0371859251320036
223	0	0.0372079940118688
224	0	0.0372299808381352
225	0	0.0372518862661056
226	0	0.0372737109428943
227	0	0.0372954555075673
228	0	0.0373171205912793
229	0	0.0373387068174088
230	0	0.0373602148016882
231	0	0.0373816451523336
232	0	0.0374029984701702
233	0	0.0374242753487551
234	0	0.0374454763744982
235	0	0.0374666021267802
236	0	0.0374876531780677
237	0	0.0375086300940268
238	0	0.0375295334336336
239	0	0.0375503637492823
240	0	0.0375711215868923
241	0	0.0375918074860108
242	0	0.0376124219799165
243	0	0.0376329655957176
244	0	0.037653438854451
245	0	0.0376738422711772
246	0	0.0376941763550747
247	0	0.037714441609532
248	0	0.0377346385322372
249	0	0.0377547676152672
250	0	0.037774829345174
251	0	0.0377948242030693
252	0	0.0378147526647086
253	0	0.0378346152005719
254	0	0.0378544122759447
255	0	0.0378741443509956
256	0	0.0378938118808541
257	0	0.037913415315686
258	0	0.0379329551007669
259	0	0.0379524316765557
260	0	0.0379718454787654
261	0	0.0379911969384333
262	0	0.0380104864819894
263	0	0.0380297145313244
264	0	0.0387048964184802
265	0	0.0387243321471274
266	0	0.0387437065817544
267	0	0.038763020133714
268	0	0.0387822732100651
269	0	0.0388014662136338
270	0	0.0388205995430742
271	0	0.0388396735929268
272	0	0.0388586887536768
273	0	0.0388776454118114
274	0	0.0388965439498754
275	0	0.0389153847465263
276	0	0.038934168176588
277	0	0.0389528946111046
278	0	0.0389715644173917
279	0	0.0389901779590884
280	0	0.0390087355962063
281	0	0.0390272376851806
282	0	0.0390456845789175
283	0	0.0390640766268423
284	0	0.0390824141749462
285	0	0.0391006975658326
286	0	0.0391189271387625
287	0	0.0391371032296984
288	0	0.039155226171349
289	0	0.0391732962932114
290	0	0.0391913139216144
291	0	0.039209279379759
292	0	0.03922719298776
293	0	0.0392450550626863
294	0	0.0392628659186003
295	0	0.0392806258665965
296	0	0.0392983352148406
297	0	0.0393159942686061
298	0	0.0393336033303123
299	0	0.0393511626995602
300	0	0.0393686726731683
301	0	0.0393861335452083
302	0	0.0394035456070393
303	0	0.0394209091473422
304	0	0.0394382244521534
305	0	0.0394554918048977
306	0	0.0394727114864205
307	0	0.0394898837750205
308	0	0.0395070089464808
309	0	0.0395240872740998
310	0	0.0395411190287221
311	0	0.0395581044787683
312	0	0.0395750438902648
313	0	0.0395919375268724
314	0	0.0396087856499154
315	0	0.0396255885184102
316	0	0.0396423463890923
317	0	0.0403312467140634
318	0	0.0403481978701895
319	0	0.040365104035447
320	0	0.0403819654619207
321	0	0.0403987823995108
322	0	0.0404155550959592
323	0	0.0404322837968752
324	0	0.0404489687457596
325	0	0.0404656101840303
326	0	0.0404822083510462
327	0	0.0404987634841308
328	0	0.0405152758185964
329	0	0.0405317455877671
330	0	0.0405481730230012
331	0	0.0405645583537146
332	0	0.0405809018074022
333	0	0.0405972036096605
334	0	0.0406134639842085
335	0	0.0406296831529098
336	0	0.0406458613357927
337	0	0.0406619987510714
338	0	0.0406780956151662
339	0	0.0406941521427237
340	0	0.0407101685466364
341	0	0.0407261450380623
342	0	0.040742081826444
343	0	0.0407579791195282
344	0	0.0407738371233838
345	0	0.0407896560424203
346	0	0.0408054360794065
347	0	0.0408211774354883
348	0	0.0408368803102057
349	0	0.0408525449015113
350	0	0.0408681714057867
351	0	0.0408837600178596
352	0	0.0408993109310211
353	0	0.0409148243370411
354	0	0.0409303004261856
355	0	0.0409457393872325
356	0	0.0409611414074868
357	0	0.0409765066727972
358	0	0.0409918353675707
359	0	0.0410071276747881
360	0	0.0410223837760194
361	0	0.0410376038514378
362	0	0.0410527880798349
363	0	0.0410679366386349
364	0	0.0410830497039089
365	0	0.0410981274503888
366	0	0.0411131700514812
367	0	0.0411281776792812
368	0	0.0411431505045858
369	0	0.0411580886969069
370	0	0.0411729924244849
371	0	0.0411878618543017
372	0	0.0412026971520929
373	0	0.0412174984823609
374	0	0.0412322660083875
375	0	0.0412469998922458
376	0	0.0412617002948125
377	0	0.0412763673757802
378	0	0.0419791844239781
379	0	0.0419940286851238
380	0	0.0420088395492655
381	0	0.0420236171740596
382	0	0.0420383617160171
383	0	0.0420530733305153
384	0	0.0420677521718081
385	0	0.0420823983930378
386	0	0.0420970121462456
387	0	0.0421115935823824
388	0	0.0421261428513195
389	0	0.042140660101859
390	0	0.0421551454817442
391	0	0.0421695991376698
392	0	0.042184021215292
393	0	0.0421984118592387
394	0	0.0422127712131187
395	0	0.0422270994195325
396	0	0.0422413966200809
397	0	0.0422556629553749
398	0	0.0422698985650455
399	0	0.0422841035877522
400	0	0.0422982781611926
401	0	0.0423124224221118
402	0	0.0423265365063104
403	0	0.0423406205486544
404	0	0.042354674683083
405	0	0.0423686990426181
406	0	0.042382693759372
407	0	0.0423966589645566
408	0	0.042410594788491
409	0	0.0424245013606106
410	0	0.0424383788094742
411	0	0.0424522272627728
412	0	0.0424660468473375
413	0	0.042479837689147
414	0	0.0424935999133356
415	0	0.0425073336442007
416	0	0.0425210390052108
417	0	0.0425347161190125
418	0	0.0425483651074382
419	0	0.0425619860915134
420	0	0.0425755791914638
421	0	0.0425891445267228
422	0	0.0426026822159382
423	0	0.0426161923769793
424	0	0.042629675126944
425	0	0.0426431305821655
426	0	0.042656558858219
427	0	0.0426699600699289
428	0	0.0426833343313744
429	0	0.0426966817558972
430	0	0.0427100024561071
431	0	0.0427232965438888
432	0	0.0427365641304083
433	0	0.0427498053261188
434	0	0.0427630202407672
435	0	0.0427762089834003
436	0	0.0427893716623704
437	0	0.0428025083853417
438	0	0.0428156192592961
439	0	0.0428287043905391
440	0	0.0428417638847054
441	0	0.042854797846765
442	0	0.0428678063810284
443	0	0.0428807895911526
444	0	0.0428937475801465
445	0	0.0429066804503765
446	0	0.0429195883035715
447	0	0.042932471240829
448	0	0.0429453293626197
449	0	0.043662394744532
450	0	0.0436754135148151
451	0	0.0436884073654055
452	0	0.0437013763959269
453	0	0.0437143207053925
454	0	0.0437272403922098
455	0	0.043740135554186
456	0	0.0437530062885326
457	0	0.0437658526918704
458	0	0.0437786748602346
459	0	0.0437914728890795
460	0	0.0438042468732827
461	0	0.0438169969071507
462	0	0.0438297230844231
463	0	0.0438424254982773
464	0	0.0438551042413328
465	0	0.0438677594056562
466	0	0.0438803910827653
467	0	0.0438929993636335
468	0	0.0439055843386946
469	0	0.0439181460978467
470	0	0.0439306847304568
471	0	0.0439432003253646
472	0	0.0439556929708873
473	0	0.0439681627548234
474	0	0.0439806097644566
475	0	0.0439930340865608
476	0	0.0440054358074029
477	0	0.0440178150127477
478	0	0.0440301717878615
479	0	0.0440425062175159
480	0	0.0440548183859924
481	0	0.0440671083770851
482	0	0.0440793762741055
483	0	0.0440916221598857
484	0	0.0441038461167823
485	0	0.0441160482266803
486	0	0.0441282285709962
487	0	0.0441403872306824
488	0	0.0441525242862299
489	0	0.0441646398176727
490	0	0.0441767339045907
491	0	0.0441888066261136
492	0	0.0442008580609239
493	0	0.0442128882872606
494	0	0.044224897382923
495	0	0.0442368854252728
496	0	0.0442488524912389
497	0	0.0442607986573197
498	0	0.0442727239995866
499	0	0.0442846285936876
500	0	0.0442965125148496
501	0	0.0443083758378827
502	0	0.0443202186371823
503	0	0.0443320409867331
504	0	0.0443438429601114
505	0	0.0443556246304884
506	0	0.0443673860706337
507	0	0.0443791273529173
508	0	0.0443908485493136
509	0	0.0444025497314038
510	0	0.0444142309703786
511	0	0.0444258923370415
512	0	0.0444375339018116
513	0	0.044449155734726
514	0	0.0444607579054432
515	0	0.0444723404832455
516	0	0.0444839035370416
517	0	0.0444954471353698
518	0	0.0445069713464004
519	0	0.0445184762379383
520	0	0.0445299618774258
521	0	0.0445414283319451
522	0	0.0445528756682211
523	0	0.0445643039526238
524	0	0.0445757132511707
525	0	0.0445871036295297
526	0	0.0445984751530215
527	0	0.0446098278866218
528	0	0.0446211618949641
529	0	0.0446324772423417
530	0	0.044643773992711
531	0	0.0453752948072339
532	0	0.0453867361631898
533	0	0.0453981588151141
534	0	0.0454095628266468
535	0	0.0454209482610967
536	0	0.0454323151814443
537	0	0.0454436636503434
538	0	0.045454993730124
539	0	0.0454663054827942
540	0	0.0454775989700423
541	0	0.0454888742532397
542	0	0.0455001313934422
543	0	0.045511370451393
544	0	0.0455225914875244
545	0	0.04553379456196
546	0	0.0455449797345169
547	0	0.0455561470647079
548	0	0.0455672966117434
549	0	0.0455784284345334
550	0	0.0455895425916903
551	0	0.0456006391415296
552	0	0.0456117181420733
553	0	0.0456227796510508
554	0	0.0456338237259017
555	0	0.0456448504237774
556	0	0.045655859801543
557	0	0.0456668519157792
558	0	0.0456778268227846
559	0	0.0456887845785771
560	0	0.0456997252388964
561	0	0.0457106488592049
562	0	0.0457215554946908
563	0	0.0457324452002688
564	0	0.0457433180305828
565	0	0.045754174040007
566	0	0.0457650132826481
567	0	0.0457758358123472
568	0	0.0457866416826811
569	0	0.0457974309469645
570	0	0.0458082036582513
571	0	0.0458189598693367
572	0	0.0458296996327588
573	0	0.0458404230008003
574	0	0.0458511300254897
575	0	0.045861820758604
576	0	0.0458724952516694
577	0	0.0458831535559633
578	0	0.0458937957225159
579	0	0.0459044218021118
580	0	0.0459150318452916
581	0	0.0459256259023535
582	0	0.0459362040233548
583	0	0.0459467662581136
584	0	0.0459573126562101
585	0	0.0459678432669885
586	0	0.0459783581395579
587	0	0.0459888573227947
588	0	0.0459993408653433
589	0	0.0460098088156177
590	0	0.0460202612218037
591	0	0.0460306981318594
592	0	0.046041119593517
593	0	0.0460515256542845
594	0	0.0460619163614468
595	0	0.0460722917620673
596	0	0.0460826519029891
597	0	0.0460929968308367
598	0	0.046103326592017
599	0	0.0461136412327209
600	0	0.0461239407989248
601	0	0.0461342253363915
602	0	0.0461444948906718
603	0	0.0461547495071062
604	0	0.0461649892308254
605	0	0.0461752141067521
606	0	0.0461854241796024
607	0	0.0461956194938869
608	0	0.046205800093912
609	0	0.046215966023781
610	0	0.0462261173273954
611	0	0.0462362540484568
612	0	0.046246376230467
613	0	0.0462564839167301
614	0	0.0462665771503533
615	0	0.0462766559742483
616	0	0.0462867204311325
617	0	0.04629677056353
618	0	0.0463068064137728
619	0	0.0463168280240024
620	0	0.0463268354361701
621	0	0.0463368286920393
622	0	0.0463468078331854
623	0	0.046356772900998
624	0	0.0463667239366813
625	0	0.0471127982952454
626	0	0.0471228788991753
627	0	0.047132945372701
628	0	0.0471429977569401
629	0	0.0471530360928271
630	0	0.0471630604211158
631	0	0.0471730707823791
632	0	0.0471830672170109
633	0	0.0471930497652272
634	0	0.0472030184670665
635	0	0.0472129733623913
636	0	0.0472229144908894
637	0	0.0472328418920743
638	0	0.0472427556052866
639	0	0.0472526556696951
640	0	0.0472625421242978
641	0	0.0472724150079223
642	0	0.0472822743592279
643	0	0.0472921202167055
644	0	0.0473019526186793
645	0	0.0473117716033075
646	0	0.0473215772085834
647	0	0.0473313694723361
648	0	0.0473411484322316
649	0	0.0473509141257739
650	0	0.0473606665903059
651	0	0.0473704058630101
652	0	0.0473801319809095
653	0	0.0473898449808691
654	0	0.047399544899596
655	0	0.047409231773641
656	0	0.0474189056393992
657	0	0.0474285665331108
658	0	0.0474382144908619
659	0	0.0474478495485859
660	0	0.047457471742064
661	0	0.047467081106926
662	0	0.0474766776786513
663	0	0.0474862614925698
664	0	0.0474958325838626
665	0	0.047505390987563
666	0	0.0475149367385572
667	0	0.0475244698715852
668	0	0.0475339904212417
669	0	0.0475434984219767
670	0	0.0475529939080967
671	0	0.047562476913765
672	0	0.0475719474730028
673	0	0.04758140561969
674	0	0.0475908513875662
675	0	0.0476002848102308
676	0	0.0476097059211446
677	0	0.0476191147536298
678	0	0.0476285113408716
679	0	0.0476378957159183
680	0	0.047647267911682
681	0	0.0476566279609403
682	0	0.0476659758963357
683	0	0.0476753117503776
684	0	0.0476846355554421
685	0	0.0476939473437731
686	0	0.047703247147483
687	0	0.047712534998554
688	0	0.0477218109288375
689	0	0.0477310749700559
690	0	0.047740327153803
691	0	0.0477495675115448
692	0	0.0477587960746197
693	0	0.04776801287424
694	0	0.0477772179414919
695	0	0.0477864113073366
696	0	0.0477955930026104
697	0	0.0478047630580267
698	0	0.0478139215041748
699	0	0.0478230683715221
700	0	0.0478322036904139
701	0	0.0478413274910746
702	0	0.0478504398036078
703	0	0.0478595406579977
704	0	0.0478686300841087
705	0	0.0478777081116872
706	0	0.0478867747703612
707	0	0.0478958300896417
708	0	0.0479048740989229
709	0	0.0479139068274828
710	0	0.0479229283044843
711	0	0.0479319385589751
712	0	0.0479409376198889
713	0	0.0479499255160457
714	0	0.0479589022761525
715	0	0.0479678679288037
716	0	0.0479768225024825
717	0	0.0479857660255599
718	0	0.047994698526297
719	0	0.0480036200328444
720	0	0.0480125305732437
721	0	0.048021430175427
722	0	0.0480303188672183
723	0	0.0480391966763339
724	0	0.0480480636303828
725	0	0.0480569197568671
726	0	0.0480657650831832
727	0	0.0480745996366218
728	0	0.0480834234443683
729	0	0.0480922365335039
730	0	0.0481010389310061
731	0	0.0488615466216664
732	0	0.0488704649211755
733	0	0.0488793724435622
734	0	0.0488882692158084
735	0	0.0488971552647933
736	0	0.0489060306172936
737	0	0.0489148952999842
738	0	0.0489237493394386
739	0	0.0489325927621301
740	0	0.0489414255944309
741	0	0.0489502478626141
742	0	0.0489590595928531
743	0	0.0489678608112231
744	0	0.0489766515437007
745	0	0.0489854318161648
746	0	0.048994201654397
747	0	0.0490029610840824
748	0	0.0490117101308095
749	0	0.0490204488200714
750	0	0.0490291771772655
751	0	0.0490378952276949
752	0	0.0490466029965679
753	0	0.0490553005089991
754	0	0.0490639877900098
755	0	0.0490726648645283
756	0	0.0490813317573903
757	0	0.0490899884933398
758	0	0.049098635097029
759	0	0.0491072715930192
760	0	0.0491158980057809
761	0	0.0491245143596946
762	0	0.0491331206790508
763	0	0.049141716988051
764	0	0.0491503033108078
765	0	0.0491588796713453
766	0	0.0491674460935993
767	0	0.0491760026014188
768	0	0.0491845492185653
769	0	0.0491930859687135
770	0	0.0492016128754519
771	0	0.0492101299622834
772	0	0.049218637252625
773	0	0.0492271347698094
774	0	0.0492356225370843
775	0	0.049244100577613
776	0	0.0492525689144757
777	0	0.0492610275706685
778	0	0.0492694765691052
779	0	0.0492779159326166
780	0	0.0492863456839517
781	0	0.0492947658457776
782	0	0.0493031764406799
783	0	0.0493115774911636
784	0	0.0493199690196528
785	0	0.0493283510484915
786	0	0.049336723599944
787	0	0.0493450866961954
788	0	0.0493534403593512
789	0	0.0493617846114387
790	0	0.0493701194744069
791	0	0.0493784449701266
792	0	0.0493867611203914
793	0	0.0493950679469177
794	0	0.0494033654713449
795	0	0.0494116537152362
796	0	0.0494199327000785
797	0	0.0494282024472833
798	0	0.0494364629781866
799	0	0.0494447143140494
800	0	0.0494529564760581
801	0	0.0494611894853248
802	0	0.0494694133628876
803	0	0.0494776281297113
804	0	0.049485833806687
805	0	0.0494940304146336
806	0	0.0495022179742967
807	0	0.0495103965063501
808	0	0.0495185660313957
809	0	0.0495267265699639
810	0	0.0495348781425137
811	0	0.0495430207694335
812	0	0.0495511544710409
813	0	0.0495592792675835
814	0	0.049567395179239
815	0	0.0495755022261153
816	0	0.0495836004282514
817	0	0.0495916898056172
818	0	0.049599770378114
819	0	0.049607842165575
820	0	0.049615905187765
821	0	0.0496239594643818
822	0	0.0496320050150552
823	0	0.0496400418593485
824	0	0.0496480700167579
825	0	0.0496560895067135
826	0	0.049664100348579
827	0	0.0496721025616524
828	0	0.0496800961651663
829	0	0.049688081178288
830	0	0.0496960576201199
831	0	0.0497040255096997
832	0	0.0497119848660009
833	0	0.0497199357079328
834	0	0.0497278780543413
835	0	0.0497358119240086
836	0	0.0497437373356535
837	0	0.0497516543079326
838	0	0.0497595628594392
839	0	0.0497674630087046
840	0	0.0497753547741983
841	0	0.0497832381743277
842	0	0.0497911132274387
843	0	0.0497989799518162
844	0	0.0498068383656842
845	0	0.0498146884872058
846	0	0.049822530334484
847	0	0.0498303639255617
848	0	0.0498381892784216
849	0	0.0498460064109873
850	0	0.0498538153411226
851	0	0.0498616160866328
852	0	0.0506366302047487
853	0	0.0506445343947583
854	0	0.0506524303281049
855	0	0.0506603180226303
856	0	0.0506681974961174
857	0	0.0506760687662912
858	0	0.0506839318508183
859	0	0.0506917867673074
860	0	0.0506996335333099
861	0	0.0507074721663193
862	0	0.0507153026837725
863	0	0.0507231251030494
864	0	0.0507309394414732
865	0	0.0507387457163109
866	0	0.0507465439447732
867	0	0.0507543341440151
868	0	0.0507621163311358
869	0	0.0507698905231795
870	0	0.0507776567371349
871	0	0.0507854149899357
872	0	0.0507931652984614
873	0	0.0508009076795369
874	0	0.0508086421499327
875	0	0.0508163687263655
876	0	0.0508240874254984
877	0	0.0508317982639407
878	0	0.050839501258249
879	0	0.0508471964249262
880	0	0.0508548837804229
881	0	0.0508625633411369
882	0	0.0508702351234138
883	0	0.0508778991435469
884	0	0.0508855554177777
885	0	0.0508932039622962
886	0	0.0509008447932405
887	0	0.0509084779266981
888	0	0.0509161033787049
889	0	0.0509237211652463
890	0	0.050931331302257
891	0	0.0509389338056216
892	0	0.0509465286911742
893	0	0.0509541159746991
894	0	0.050961695671931
895	0	0.0509692677985548
896	0	0.0509768323702063
897	0	0.0509843894024723
898	0	0.0509919389108906
899	0	0.05099948091095
900	0	0.0510070154180914
901	0	0.0510145424477072
902	0	0.0510220620151414
903	0	0.0510295741356905
904	0	0.0510370788246032
905	0	0.0510445760970809
906	0	0.0510520659682774
907	0	0.0510595484532997
908	0	0.0510670235672079
909	0	0.0510744913250152
910	0	0.0510819517416886
911	0	0.0510894048321487
912	0	0.0510968506112697
913	0	0.0511042890938805
914	0	0.0511117202947638
915	0	0.0511191442286569
916	0	0.0511265609102517
917	0	0.0511339703541952
918	0	0.051141372575089
919	0	0.0511487675874904
920	0	0.0511561554059117
921	0	0.051163536044821
922	0	0.0511709095186422
923	0	0.051178275841755
924	0	0.0511856350284954
925	0	0.0511929870931554
926	0	0.0512003320499839
927	0	0.0512076699131863
928	0	0.0512150006969247
929	0	0.0512223244153183
930	0	0.0512296410824436
931	0	0.0512369507123345
932	0	0.0512442533189823
933	0	0.051251548916336
934	0	0.0512588375183025
935	0	0.0512661191387471
936	0	0.0512733937914927
937	0	0.0512806614903212
938	0	0.0512879222489729
939	0	0.0512951760811464
940	0	0.0513024230004997
941	0	0.0513096630206497
942	0	0.0513168961551728
943	0	0.0513241224176042
944	0	0.0513313418214391
945	0	0.0513385543801325
946	0	0.0513457601070989
947	0	0.0513529590157131
948	0	0.05136015111931
949	0	0.0513673364311851
950	0	0.051374514964594
951	0	0.0513816867327535
952	0	0.0513888517488406
953	0	0.0513960100259939
954	0	0.0514031615773127
955	0	0.051410306415858
956	0	0.0514174445546519
957	0	0.0514245760066783
958	0	0.0514317007848826
959	0	0.0514388189021726
960	0	0.0514459303714179
961	0	0.05145303520545
962	0	0.0514601334170633
963	0	0.0514672250190143
964	0	0.0514743100240224
965	0	0.0514813884447696
966	0	0.0514884602939011
967	0	0.051495525584025
968	0	0.0515025843277128
969	0	0.051509636537499
970	0	0.0515166822258822
971	0	0.0515237214053243
972	0	0.051530754088251
973	0	0.051537780287052
974	0	0.0515448000140813
975	0	0.0515518132816568
976	0	0.0515588201020611
977	0	0.051565820487541
978	0	0.0515728144503082
979	0	0.0515798020025389
980	0	0.0515867831563746
981	0	0.0515937579239215
982	0	0.0516007263172512
983	0	0.0516076883484007
984	0	0.0516146440293722
985	0	0.0516215933721336
986	0	0.0516285363886186
987	0	0.0516354730907267
988	0	0.05242486402919
989	0	0.05243189304894
990	0	0.0524389156946734
991	0	0.0524459319783326
992	0	0.0524529419118263
993	0	0.0524599455070289
994	0	0.0524669427757813
995	0	0.0524739337298909
996	0	0.0524809183811314
997	0	0.0524878967412432
998	0	0.0524948688219337
999	0	0.0525018346348768
1000	0	0.0520357420629611
1001	0	0.0525157475040525
