1	0.000407750037018253	1.66358245121193e-10
2	0.000433575354751291	8.43221177780501e-11
3	0.000468938569235788	5.01210218656681e-11
4	0.000454652868638177	3.39511188664787e-11
5	0.000439460145176388	2.49764692877756e-11
6	0.000424941817375298	1.82759205306814e-11
7	0.00041150056843158	1.48395425324571e-11
8	0.000399176639736885	1.16967262470514e-11
9	0.000387895683393236	1.00467468941376e-11
10	0.000414024706050642	8.28983256713924e-12
11	0.000403716822694831	7.38225662647698e-12
12	0.000394197850811086	6.28309179215613e-12
13	0.00038537708143738	5.7369590625364e-12
14	0.000377175605939989	4.99332138335149e-12
15	0.000369525257578933	4.38542667980174e-12
16	0.00036236724081906	4.11044547910618e-12
17	0.000355650778685382	3.66429512920373e-12
18	0.000349331897562838	3.28702797092023e-12
19	0.00034337238009473	2.96516067795635e-12
20	0.000337738880860773	2.84341452826843e-12
21	0.00033240218656555	2.58980433789969e-12
22	0.000327336599436683	2.36867062658772e-12
23	0.000322519423560783	2.17469606505276e-12
24	0.000317930536354669	2.11699418729998e-12
25	0.00031355203013362	1.95674718043313e-12
26	0.000309367911328023	1.81402967092416e-12
27	0.000305363847150954	1.68637511989817e-12
28	0.000301526951405498	1.65903521968289e-12
29	0.000297845602669238	1.54996099210949e-12
30	0.00032175803994172	1.45130026338209e-12
31	0.000318067245653757	1.36176842848182e-12
32	0.000314513483595731	1.28027302698591e-12
33	0.000311088242412672	1.20588025925578e-12
34	0.000307783740982598	1.19983593985134e-12
35	0.000304592849573336	1.13394504834301e-12
36	0.00030150902113504	1.07333654791163e-12
37	0.000298526231233586	1.01746052201497e-12
38	0.000295638925376152	9.65836795599627e-13
39	0.000292841972682041	9.18044584488315e-13
40	0.000290130625018104	9.20510282654457e-13
41	0.000287500480855109	8.77108277003481e-13
42	0.000284947453215185	8.3670504602071e-13
43	0.000282467741175128	7.99030561132988e-13
44	0.000280057804469016	7.63844517263891e-13
45	0.000277714340799871	7.30932491366766e-13
46	0.000275434265525437	7.00102667939876e-13
47	0.00027321469342996	7.06501384202759e-13
48	0.000271052922333422	6.77907940486083e-13
49	0.000268946418323074	6.51015858891086e-13
50	0.000266892802420759	6.25692789723625e-13
51	0.0002648898385237	6.01819006831325e-13
52	0.000262935422477294	5.79285989847523e-13
53	0.000261027572156237	5.57995188783651e-13
54	0.000259164418445661	5.37856944650779e-13
55	0.000257344197027145	5.18789543988697e-13
56	0.000255565240885901	5.26612603677971e-13
57	0.000253825973465335	5.08582938543663e-13
58	0.000252124902403742	4.914635930225e-13
59	0.000250460613795383	4.75194299931934e-13
60	0.000248831766924723	4.59719698222088e-13
61	0.000247237089428276	4.44988861395245e-13
62	0.000245675372843501	4.30954877973791e-13
63	0.000244145468508609	4.17574477553429e-13
64	0.000242646283780944	4.04807696867495e-13
65	0.000241176778544975	4.12577452451524e-13
66	0.000239735961984036	4.00337644007748e-13
67	0.000238322889592459	3.88634537146465e-13
68	0.000236936660407196	3.77437206078435e-13
69	0.000235576414440063	3.66716920851114e-13
70	0.000234241330293576	3.56446962876979e-13
71	0.000232930622945043	3.4660245829224e-13
72	0.000231643541684982	3.37160227203164e-13
73	0.000230379368197307	3.28098647112175e-13
74	0.000229137414769837	3.19397529019711e-13
75	0.000227917022624794	3.26587091394605e-13
76	0.000226717560359848	3.18149805488307e-13
77	0.000225538422491123	3.1003530815063e-13
78	0.000224379028090386	3.02227341519155e-13
79	0.000223238819509218	2.94710658563446e-13
80	0.000222117261183736	2.87470948594128e-13
81	0.000221013838513842	2.80494769098542e-13
82	0.000219928056811573	2.73769483296238e-13
83	0.000218859440313564	2.67283202872298e-13
84	0.000217807531253017	2.61024735403542e-13
85	0.000216771888986992	2.54983536043226e-13
86	0.000215752089175128	2.4914966307449e-13
87	0.000214747723006265	2.55487725566308e-13
88	0.000213758396469648	2.49773061155878e-13
89	0.000212783729667751	2.44248009853101e-13
90	0.000211823356167869	2.38904274991459e-13
91	0.000210876922389954	2.33734008773755e-13
92	0.000209944087028323	2.28729783442463e-13
93	0.000209024520504981	2.23884564587432e-13
94	0.000208117904452584	2.19191686411756e-13
95	0.000207223931225141	2.14644828793337e-13
96	0.000206342303434697	2.10237995994679e-13
97	0.000223963299031207	2.05965496886945e-13
98	0.000223032577607455	2.01821926566417e-13
99	0.00022211431141982	1.97802149252448e-13
100	0.000209303789746941	1.97837252509644e-13
101	0.000220314028361247	1.99312219709565e-13
102	0.000219431475242172	1.9545758830423e-13
103	0.000218560304153895	1.91713706078532e-13
104	0.000217700267355208	1.88076370662333e-13
105	0.000216851124679304	1.84541577134359e-13
106	0.00021601264323635	1.81105506993325e-13
107	0.000215184597130275	1.77764517841142e-13
108	0.000214366767188971	1.74515133726128e-13
109	0.000213558940707206	1.7135403609843e-13
110	0.000212760911201476	1.68278055333668e-13
111	0.000211972478176213	1.65284162784399e-13
112	0.000211193446900665	1.62369463322143e-13
113	0.000210423628195933	1.59531188335684e-13
114	0.000209662838231577	1.56766689154021e-13
115	0.000208910898331326	1.61409055961711e-13
116	0.000208167634787346	1.58659658594126e-13
117	0.000207432878682724	1.55979916304468e-13
118	0.000206706465721627	1.5336749589144e-13
119	0.000205988236066842	1.50820161034513e-13
120	0.000205278034184252	1.48335767506414e-13
121	0.000204575708693942	1.45912258659361e-13
122	0.000203881112227566	1.43547661167328e-13
123	0.000203194101291714	1.41240081007841e-13
124	0.000202514536136925	1.38987699668054e-13
125	0.000201842280632112	1.36788770560903e-13
126	0.000201177202144121	1.34641615638146e-13
127	0.000200519171422186	1.32544622188026e-13
128	0.00019986806248702	1.30496239806144e-13
129	0.000199223752524355	1.28494977528919e-13
130	0.000198586121782714	1.26539401119732e-13
131	0.000197955053475185	1.30469144176505e-13
132	0.000197330433685067	1.28513288689373e-13
133	0.000196712151275148	1.26601085989449e-13
134	0.000196100097800519	1.24731246625235e-13
135	0.000195494167424678	1.22902528407097e-13
136	0.000194894256838869	1.21113734343675e-13
137	0.000194300265184427	1.19363710682643e-13
138	0.000193712093978057	1.17651345049857e-13
139	0.000193129647039883	1.15975564681248e-13
140	0.000192552830424152	1.14335334742256e-13
141	0.000191981552352496	1.12729656729854e-13
142	0.000191415723149612	1.11157566952567e-13
143	0.000190855255181282	1.09618135084171e-13
144	0.000190300062794614	1.08110462787015e-13
145	0.000189750062260412	1.0663368240115e-13
146	0.00018920517171762	1.05186955695718e-13
147	0.000188665311119685	1.03769472679217e-13
148	0.000188130402182829	1.02380450465517e-13
149	0.000187600368336109	1.05680833967188e-13
150	0.000187075134673204	1.04284912068239e-13
151	0.000186554627905859	1.02916466388116e-13
152	0.000186038776318913	1.01574780536075e-13
153	0.000185527509726878	1.00259161318264e-13
154	0.000185020759431932	9.89689378421863e-14
155	0.000184518458183377	9.77034606612357e-14
156	0.000184020540138395	9.6462100957268e-14
157	0.000183526940824146	9.52442497593021e-14
158	0.000183037597101074	9.40493171965203e-14
159	0.000182552447127442	9.28767317838678e-14
160	0.000182071430325005	9.17259397386353e-14
161	0.000181594487345787	9.05964043264923e-14
162	0.000181121560039939	8.94876052355348e-14
163	0.00018065259142461	8.83990379769857e-14
164	0.00018018752565381	8.73302133112498e-14
165	0.000179726307989225	8.62806566981192e-14
166	0.000179268884771939	8.52499077699583e-14
167	0.000178815203395051	8.42375198267917e-14
168	0.000178365212277129	8.32430593522501e-14
169	0.000177918860836475	8.60049139686912e-14
170	0.000177476099466211	8.50014350495636e-14
171	0.000177036879510078	8.40154166478721e-14
172	0.00017660115323901	8.30464560169653e-14
173	0.000176168873828377	8.20941619558435e-14
174	0.000175739995335942	8.1158154414245e-14
175	0.000175314472680457	8.02380641134041e-14
176	0.000174892261620888	7.9333532181768e-14
177	0.00017447331873627	7.84442098050091e-14
178	0.000174057601406134	7.7569757889693e-14
179	0.000173645067791514	7.67098467399917e-14
180	0.000173235676816512	7.58641557468752e-14
181	0.000172829388150368	7.50323730892295e-14
182	0.000172426162190075	7.4214195446379e-14
183	0.000172025960043474	7.3409327721522e-14
184	0.000171628743512822	7.26174827756094e-14
185	0.000171234475078844	7.18383811712126e-14
186	0.000170843117885209	7.10717509259612e-14
187	0.000170454635723463	7.03173272751391e-14
188	0.000170068993018364	6.95748524430564e-14
189	0.000169686154813626	6.8844075422822e-14
190	0.000169306086758055	6.81247517641728e-14
191	0.000168928755092075	7.04348602408512e-14
192	0.000168554126634595	6.97065251500997e-14
193	0.00016818216877027	6.89894290040674e-14
194	0.000167812849437066	6.82833417488864e-14
195	0.00016744613711418	6.75880391870247e-14
196	0.000167082000810284	6.69033027992942e-14
197	0.000166720410052066	6.62289195731395e-14
198	0.000166361334873097	6.55646818369557e-14
199	0.000166004745802959	6.49103871001894e-14
200	0.000165650613856693	6.42658378990005e-14
201	0.000165298910524487	6.36308416472593e-14
202	0.00016494960776166	6.30052104926726e-14
203	0.000164602677978888	6.23887611778343e-14
204	0.000164258094032692	6.1781314906014e-14
205	0.000163915829216144	6.11826972114945e-14
206	0.000163575857249847	6.05927378342864e-14
207	0.000163238152273115	6.0011270599051e-14
208	0.000162902688835385	5.94381332980692e-14
209	0.00016256944188784	5.88731675781048e-14
210	0.000162238386775249	5.83162188310136e-14
211	0.000161909499228001	5.77671360879566e-14
212	0.000161582755354339	5.72257719170829e-14
213	0.000161258131632789	5.66919823245561e-14
214	0.000160935604904768	5.61656266587919e-14
215	0.00016061515236738	5.81012166053766e-14
216	0.000160296751566373	5.75667392512766e-14
217	0.000159980380389284	5.70396031632596e-14
218	0.000159666017058739	5.65196745072253e-14
219	0.00015935364012591	5.60068224850397e-14
220	0.000159043228464136	5.55009192522666e-14
221	0.000158734761262693	5.50018398384852e-14
222	0.000158428218020713	5.45094620701077e-14
223	0.000158123578541232	5.40236664956008e-14
224	0.000157820822925403	5.3544336313032e-14
225	0.000157519931566821	5.30713572998549e-14
226	0.000157220885145993	5.26046177448558e-14
227	0.000156923664624934	5.21440083821861e-14
228	0.000156628251241873	5.16894223274068e-14
229	0.000156334626506107	5.12407550154767e-14
230	0.000156042772192952	5.07979041406177e-14
231	0.000155752670338814	5.03607695979872e-14
232	0.000155464303236373	4.99292534271046e-14
233	0.000155177653429876	4.95032597569632e-14
234	0.000154892703710533	4.90826947527771e-14
235	0.000154609437112021	4.86674665643027e-14
236	0.00015432783690608	4.82574852756857e-14
237	0.000154047886598215	4.78526628567787e-14
238	0.000153769569923491	4.74529131158849e-14
239	0.000153492870842411	4.70581516538733e-14
240	0.0001532177735369	4.66682958196305e-14
241	0.000152944262406368	4.829530457248e-14
242	0.000152672322063855	4.78984869223471e-14
243	0.000152401937332267	4.75065399254588e-14
244	0.000152133093240685	4.71193841950045e-14
245	0.000151865775020768	4.67369419550148e-14
246	0.000151599968103215	4.63591370012986e-14
247	0.000151335658114309	4.59858946634785e-14
248	0.000151072830872548	4.56171417680936e-14
249	0.000150811472385315	4.52528066027324e-14
250	0.000150551568845655	4.48928188811653e-14
251	0.000150293106629098	4.45371097094437e-14
252	0.000150036072290546	4.41856115529345e-14
253	0.000149780452561245	4.38382582042637e-14
254	0.000149526234345789	4.34949847521376e-14
255	0.000149273404719221	4.31557275510128e-14
256	0.000149021950924165	4.28204241915965e-14
257	0.00014877186036803	4.248901347214e-14
258	0.00014852312062027	4.216143537051e-14
259	0.000148275719409699	4.18376310170112e-14
260	0.000148029644621859	4.15175426679335e-14
261	0.000147784884296438	4.1201113679808e-14
262	0.000147541426624754	4.08882884843464e-14
263	0.000147299259947266	4.05790125640413e-14
264	0.000147058372751164	4.02732324284147e-14
265	0.000146818753667973	3.99708955908862e-14
266	0.000146580391471239	3.96719505462482e-14
267	0.000146343275074229	3.93763467487305e-14
268	0.000146107393527708	3.90840345906317e-14
269	0.000145872736017728	3.87949653815052e-14
270	0.000145639291863483	4.01592610017208e-14
271	0.000145407050515192	3.9864419982173e-14
272	0.00014517600155204	3.95728140764889e-14
273	0.000144946134680134	3.92843961279035e-14
274	0.000144717439730521	3.89991198357595e-14
275	0.000144489906657232	3.87169397369235e-14
276	0.000144263525535366	3.84378111876726e-14
277	0.00014403828655921	3.81616903460344e-14
278	0.000143814180040401	3.78885341545718e-14
279	0.000143591196406109	3.7618300323596e-14
280	0.00014336932619727	3.7350947314797e-14
281	0.000143148560066839	3.70864343252803e-14
282	0.000142928888778084	3.68247212719986e-14
283	0.000142710303202911	3.65657687765649e-14
284	0.000142492794320215	3.63095381504403e-14
285	0.000142276353214266	3.60559913804807e-14
286	0.000142060971073123	3.58050911148392e-14
287	0.000141846639187084	3.55568006492083e-14
288	0.000141633348947145	3.53110839133949e-14
289	0.000141421091843514	3.50679054582199e-14
290	0.000141209859464131	3.48272304427319e-14
291	0.000140999643493223	3.45890246217271e-14
292	0.000140790435709891	3.43532543335664e-14
293	0.000140582227986704	3.41198864882836e-14
294	0.000140375012288339	3.38888885559735e-14
295	0.000140168780670238	3.36602285554562e-14
296	0.000139963525277276	3.34338750432056e-14
297	0.000139759238342482	3.32097971025411e-14
298	0.000139555912185745	3.29879643330687e-14
299	0.000139353539212581	3.27683468403695e-14
300	0.000139152111912889	3.25509152259291e-14
301	0.000138951622859754	3.37017582060083e-14
302	0.000138752064708251	3.34796070805527e-14
303	0.00013855343019429	3.32596452605559e-14
304	0.000138355712133458	3.30418440726802e-14
305	0.000138158903419905	3.28261753114739e-14
306	0.000137962997025226	3.26126112302389e-14
307	0.000137767985997383	3.24011245321071e-14
308	0.000137573863459634	3.21916883613164e-14
309	0.000137380622609479	3.19842762946848e-14
310	0.000137188256717631	3.17788623332764e-14
311	0.000136996759126999	3.15754208942529e-14
312	0.000136806123251697	3.13739268029089e-14
313	0.000136616342576049	3.11743552848817e-14
314	0.00013642741065364	3.09766819585374e-14
315	0.000136239321106358	3.07808828275233e-14
316	0.000136052067623468	3.05869342734846e-14
317	0.000135865643960689	3.03948130489416e-14
318	0.000135680043939295	3.02044962703241e-14
319	0.000135495261445236	3.00159614111555e-14
320	0.000135311290428251	2.98291862953876e-14
321	0.000135128124901027	2.96441490908792e-14
322	0.000146611558283278	2.94608283030154e-14
323	0.000146414829062125	2.92792027684657e-14
324	0.000146218952105095	2.90992516490759e-14
325	0.000146023921206926	2.89209544258894e-14
326	0.000145829730225868	2.87442908932996e-14
327	0.000145636373082862	2.85692411533244e-14
328	0.000145443843760703	2.83957856100027e-14
329	0.00014525213630324	2.82239049639101e-14
330	0.000145061244814563	2.80535802067911e-14
331	0.000144871163458238	2.78847926163024e-14
332	0.000144681886456514	2.77175237508685e-14
333	0.000144493408089577	2.75517554446442e-14
334	0.000144305722694799	2.73874698025818e-14
335	0.000144118824665995	2.83588666082131e-14
336	0.000143932708452701	2.81907706437e-14
337	0.000143747368559469	2.80241648341768e-14
338	0.000143562799545152	2.78590316181033e-14
339	0.00014337899602222	2.76953536918833e-14
340	0.000143195952656077	2.7533114005332e-14
341	0.000143013664164393	2.73722957572351e-14
342	0.000142832125316443	2.72128823909992e-14
343	0.000142651330932453	2.70548575903901e-14
344	0.000142471275882974	2.68982052753577e-14
345	0.000142291955088234	2.67429095979454e-14
346	0.000142113363517533	2.65889549382809e-14
347	0.000141935496188625	2.64363259006496e-14
348	0.000141758348167119	2.6285007309645e-14
349	0.000141581914565886	2.61349842063957e-14
350	0.000141406190544478	2.59862418448694e-14
351	0.000141231171308549	2.58387656882487e-14
352	0.000141056852109293	2.5692541405379e-14
353	0.000140883228242886	2.55475548672872e-14
354	0.000140710295049939	2.54037921437684e-14
355	0.000140538047914952	2.52612395000393e-14
356	0.000140366482265784	2.51198833934585e-14
357	0.000140195593573136	2.4979710470309e-14
358	0.000140025377350018	2.48407075626453e-14
359	0.000139855829151251	2.47028616851996e-14
360	0.000139686944572968	2.45661600323502e-14
361	0.000139518719252105	2.44305899751469e-14
362	0.000139351148865933	2.42961390583935e-14
363	0.000139184229131558	2.41627949977883e-14
364	0.000139017955805462	2.40305456771167e-14
365	0.000138852324683037	2.38993791455002e-14
366	0.000138687331598112	2.37692836146943e-14
367	0.000138522972422516	2.36402474564428e-14
368	0.000138359243065619	2.35122591998762e-14
369	0.000138196139473901	2.33853075289647e-14
370	0.000138033657630518	2.32593812800152e-14
371	0.000137871793554862	2.31344694392182e-14
372	0.000137710543302161	2.39560846689152e-14
373	0.000137549902963043	2.38281184891587e-14
374	0.000137389868663139	2.37011749127281e-14
375	0.000137230436562674	2.35752430728053e-14
376	0.000137071602856076	2.34503122465369e-14
377	0.000136913363771571	2.33263718527513e-14
378	0.00013675571557081	2.32034114497179e-14
379	0.000136598654548475	2.30814207329483e-14
380	0.000136442177031916	2.29603895330366e-14
381	0.000136286279380767	2.28403078135408e-14
382	0.000136130957986587	2.27211656689015e-14
383	0.000135976209272505	2.26029533223995e-14
384	0.000135822029692848	2.24856611241493e-14
385	0.000135668415732809	2.23692795491308e-14
386	0.000135515363908089	2.22537991952547e-14
387	0.000135362870764559	2.21392107814633e-14
388	0.000135210932877919	2.20255051458667e-14
389	0.00013505954685338	2.19126732439102e-14
390	0.000134908709325321	2.18007061465768e-14
391	0.000134758416956974	2.16895950386195e-14
392	0.000134608666440098	2.15793312168271e-14
393	0.000134459454494679	2.14699060883195e-14
394	0.000134310777868607	2.13613111688734e-14
395	0.000134162633337374	2.12535380812779e-14
396	0.00013401501770377	2.11465785537189e-14
397	0.000133867927797594	2.10404244181914e-14
398	0.000133721360475346	2.09350676089409e-14
399	0.000133575312619951	2.08305001609305e-14
400	0.000133429781140467	2.07267142083358e-14
401	0.000133284762971797	2.06237019830656e-14
402	0.000133140255074421	2.05214558133082e-14
403	0.000132996254434116	2.0419968122103e-14
404	0.00013285275806168	2.03192314259367e-14
405	0.000132709762992678	2.0219238333364e-14
406	0.000132567266287164	2.01199815436513e-14
407	0.000132425265029422	2.00214538454445e-14
408	0.000132283756327719	1.99236481154585e-14
409	0.000132142737314041	1.98265573171903e-14
410	0.000132002205143844	1.97301744996529e-14
411	0.00013186215699581	1.96344927961317e-14
412	0.000131722590071602	2.03315529739941e-14
413	0.00013158350159562	2.02334307232196e-14
414	0.000131444888814761	2.01360170849316e-14
415	0.000131306748998193	2.00393052523075e-14
416	0.000131169079437115	1.99432885000599e-14
417	0.00013103187744453	1.98479601832687e-14
418	0.000130895140355022	1.97533137362301e-14
419	0.000130758865524528	1.96593426713269e-14
420	0.00013062305033012	1.95660405779164e-14
421	0.000130487692169787	1.94734011212368e-14
422	0.000130352788462221	1.93814180413327e-14
423	0.000130218336646605	1.92900851519964e-14
424	0.000130084334182402	1.91993963397292e-14
425	0.000129950778549143	1.91093455627169e-14
426	0.000129817667246238	1.90199268498244e-14
427	0.000129684997792758	1.89311342996056e-14
428	0.000129552767727243	1.88429620793295e-14
429	0.000129420974607507	1.87554044240226e-14
430	0.000129289616010438	1.86684556355262e-14
431	0.00012915868953181	1.85821100815697e-14
432	0.000129028192786094	1.84963621948582e-14
433	0.000128898123406268	1.84112064721749e-14
434	0.000128768479043631	1.83266374734987e-14
435	0.000128639257367626	1.82426498211346e-14
436	0.000128510456065655	1.81592381988596e-14
437	0.0001283820728429	1.80763973510808e-14
438	0.000128254105422149	1.79941220820075e-14
439	0.000128126551543626	1.7912407254837e-14
440	0.000127999408964806	1.78312477909521e-14
441	0.000127872675460259	1.77506386691327e-14
442	0.00012774634882148	1.76705749247788e-14
443	0.000127620426856715	1.7591051649146e-14
444	0.000127494907390802	1.7512063988593e-14
445	0.000127369788265015	1.74336071438414e-14
446	0.000127245067336892	1.73556763692462e-14
447	0.000127120742480091	1.72782669720787e-14
448	0.000126996811584222	1.72013743118194e-14
449	0.000126873272554697	1.71249937994629e-14
450	0.000126750123312581	1.70491208968334e-14
451	0.000126627361794435	1.697375111591e-14
452	0.000126504985952173	1.68988800181633e-14
453	0.000126382993752912	1.68245032139021e-14
454	0.000126261383178826	1.74205631331332e-14
455	0.000126140152227003	1.73442262325169e-14
456	0.000126019298909305	1.72683899971581e-14
457	0.000125898821252225	1.71930500583737e-14
458	0.000125778717296748	1.71182020950271e-14
459	0.000125658985098217	1.70438418329081e-14
460	0.000125539622726194	1.69699650441233e-14
461	0.000125420628264328	1.68965675464948e-14
462	0.000125301999810224	1.68236452029682e-14
463	0.000125183735475307	1.67511939210299e-14
464	0.000125065833384698	1.66792096521326e-14
465	0.000124948291677084	1.660768839113e-14
466	0.000124831108504589	1.65366261757197e-14
467	0.000124714282032655	1.6466019085894e-14
468	0.000124597810439915	1.63958632433996e-14
469	0.000124481691918065	1.63261548112051e-14
470	0.000124365924671755	1.62568899929761e-14
471	0.000124250506918463	1.61880650325585e-14
472	0.000124135436888373	1.6119676213469e-14
473	0.000124020712824269	1.60517198583941e-14
474	0.000123906332981406	1.59841923286945e-14
475	0.000123792295627407	1.59170900239193e-14
476	0.000123678599042148	1.58504093813255e-14
477	0.00012356524151764	1.57841468754047e-14
478	0.000123452221357929	1.5718299017418e-14
479	0.000123339536878974	1.56528623549359e-14
480	0.000123227186408553	1.55878334713862e-14
481	0.000123115168286144	1.55232089856082e-14
482	0.000123003480862827	1.54589855514128e-14
483	0.000122892122501179	1.53951598571496e-14
484	0.000122781091575167	1.53317286252796e-14
485	0.000122670386470048	1.52686886119547e-14
486	0.00012256000558227	1.52060366066036e-14
487	0.000122449947319369	1.51437694315217e-14
488	0.000122340210099871	1.50818839414689e-14
489	0.000122230792353199	1.50203770232728e-14
490	0.000122121692519561	1.49592455954363e-14
491	0.00012201290904988	1.48984866077521e-14
492	0.000121904440405675	1.48380970409224e-14
493	0.00012179628505898	1.47780739061834e-14
494	0.00012168844149225	1.47184142449356e-14
495	0.000121580908198267	1.46591151283793e-14
496	0.000121473683680051	1.46001736571554e-14
497	0.000121366766450771	1.45415869609903e-14
498	0.000121260155033653	1.44833521983471e-14
499	0.0001211538479619	1.44254665560807e-14
500	0.000121047843778594	1.4935018055143e-14
501	0.00012094214103662	1.48755648556179e-14
502	0.000120836738298578	1.48164659570112e-14
503	0.000120731634136696	1.47577185497125e-14
504	0.00012062682713275	1.46993198519069e-14
505	0.000120522315877981	1.4641267109245e-14
506	0.000120418098973015	1.45835575945188e-14
507	0.00012031417502778	1.45261886073408e-14
508	0.000120210542661427	1.44691574738286e-14
509	0.000120107200502252	1.44124615462933e-14
510	0.000120004147187619	1.43560982029316e-14
511	0.00011990138136388	1.43000648475233e-14
512	0.000119798901686301	1.42443589091321e-14
513	0.000119696706818981	1.41889778418109e-14
514	0.00011959479543479	1.41339191243104e-14
515	0.00011949316621528	1.40791802597927e-14
516	0.000119391817850621	1.40247587755481e-14
517	0.000119290749039523	1.39706522227155e-14
518	0.00011918995848917	1.39168581760071e-14
519	0.000119089444915145	1.38633742334371e-14
520	0.000118989207041362	1.38101980160525e-14
521	0.000118889243599992	1.37573271676696e-14
522	0.000118789553331399	1.37047593546127e-14
523	0.00011869013498407	1.36524922654561e-14
524	0.000118590987314547	1.36005236107706e-14
525	0.000118492109087361	1.35488511228723e-14
526	0.000118393499074968	1.3497472555576e-14
527	0.000118295156057676	1.344638568395e-14
528	0.00011819707882359	1.33955883040761e-14
529	0.000118099266168541	1.33450782328115e-14
530	0.000118001716896026	1.32948533075545e-14
531	0.000117904429817143	1.32449113860125e-14
532	0.000117807403750529	1.31952503459742e-14
533	0.000117710637522302	1.31458680850837e-14
534	0.000117614129965995	1.3096762520618e-14
535	0.000117517879922496	1.30479315892679e-14
536	0.000117421886239994	1.29993732469205e-14
537	0.000117326147773913	1.29510854684459e-14
538	0.000117230663386858	1.29030662474857e-14
539	0.000117135431948553	1.28553135962447e-14
540	0.000117040452335789	1.28078255452853e-14
541	0.00011694572343236	1.2760600143324e-14
542	0.000116851244129014	1.27136354570316e-14
543	0.000116757013323393	1.26669295708349e-14
544	0.000116663029919977	1.26204805867213e-14
545	0.000116569292830033	1.25742866240464e-14
546	0.000116475800971557	1.25283458193431e-14
547	0.000116382553269224	1.2482656326134e-14
548	0.000116289548654333	1.2437216314746e-14
549	0.000116196786064754	1.23920239721266e-14
550	0.000116104264444875	1.28280793946209e-14
551	0.000116011982745556	1.27816355570472e-14
552	0.000115919939924071	1.2735443487304e-14
553	0.000115828134944059	1.26895013689267e-14
554	0.000115736566775481	1.2643807401803e-14
555	0.000115645234394556	1.25983598019967e-14
556	0.000115554136783732	1.25531568015735e-14
557	0.000115463272931614	1.2508196648429e-14
558	0.000115372641832937	1.2463477606119e-14
559	0.000115282242488504	1.24189979536921e-14
560	0.000115192073905147	1.23747559855236e-14
561	0.000115102135095673	1.23307500111522e-14
562	0.000115012425078824	1.22869783551189e-14
563	0.000114922942879233	1.22434393568069e-14
564	0.000114833687527365	1.22001313702846e-14
565	0.000114744658059489	1.21570527641496e-14
566	0.00011465585351762	1.21142019213755e-14
567	0.000114567272949488	1.20715772391598e-14
568	0.000114478915408477	1.20291771287742e-14
569	0.000114390779953597	1.19870000154166e-14
570	0.000114302865649435	1.19450443380648e-14
571	0.00011421517156611	1.19033085493321e-14
572	0.000114127696779233	1.18617911153241e-14
573	0.000114040440369872	1.1820490515499e-14
574	0.000113953401424496	1.17794052425271e-14
575	0.000113866579034948	1.1738533802154e-14
576	0.000113779972298393	1.16978747130642e-14
577	0.000113693580317291	1.16574265067478e-14
578	0.000113607402199341	1.16171877273667e-14
579	0.000113521437057456	1.15771569316245e-14
580	0.000113435684009715	1.15373326886366e-14
581	0.000113350142179329	1.14977135798028e-14
582	0.000113264810694595	1.14582981986805e-14
583	0.000113179688688873	1.14190851508599e-14
584	0.000113094775300528	1.1380073053841e-14
585	0.000113010069672912	1.13412605369115e-14
586	0.000112925570954313	1.13026462410266e-14
587	0.000112841278297926	1.12642288186898e-14
588	0.000112757190861813	1.12260069338354e-14
589	0.000112673307808867	1.11879792617124e-14
590	0.00011258962830678	1.11501444887696e-14
591	0.000112506151528006	1.11125013125425e-14
592	0.000112422876649718	1.10750484415407e-14
593	0.000112339802853788	1.10377845951375e-14
594	0.000112256929326742	1.10007085034602e-14
595	0.000112174255259726	1.09638189072821e-14
596	0.000112091779848476	1.09271145579155e-14
597	0.000112009502293286	1.08905942171062e-14
598	0.000111927421798969	1.08542566569285e-14
599	0.000111845537574828	1.08181006596826e-14
600	0.000111763848834622	1.07821250177924e-14
601	0.000111682354796533	1.07463285337047e-14
602	0.000111601054683137	1.07107100197891e-14
603	0.000111519947721369	1.10858113847406e-14
604	0.000111439033142495	1.10491890450259e-14
605	0.000111358310182072	1.10127478806551e-14
606	0.000111277778079932	1.09764866985331e-14
607	0.000111197436080136	1.09404043153693e-14
608	0.000111117283430954	1.09044995575818e-14
609	0.000111037319384831	1.08687712612016e-14
610	0.000110957543198355	1.08332182717785e-14
611	0.000110877954132233	1.07978394442876e-14
612	0.000110798551451255	1.07626336430375e-14
613	0.000110719334424273	1.07275997415783e-14
614	0.000110640302324165	1.06927366226128e-14
615	0.000110561454427806	1.06580431779062e-14
616	0.000110482790016047	1.06235183081987e-14
617	0.00011040430837368	1.05891609231183e-14
618	0.000110326008789415	1.05549699410946e-14
619	0.000110247890555846	1.05209442892736e-14
620	0.000110169952969434	1.04870829034338e-14
621	0.000110092195330466	1.04533847279031e-14
622	0.00011001461694304	1.04198487154758e-14
623	0.000109937217115034	1.03864738273322e-14
624	0.000109859995158079	1.03532590329572e-14
625	0.00010978295038753	1.03202033100616e-14
626	0.000109706082122449	1.02873056445029e-14
627	0.00010962938968557	1.02545650302077e-14
628	0.000109552872403277	1.02219804690947e-14
629	0.000109476529605578	1.01895509709989e-14
630	0.000109400360626084	1.0157275553596e-14
631	0.000109324364801977	1.01251532423281e-14
632	0.00010924854147399	1.00931830703303e-14
633	0.000109172889986381	1.0061364078358e-14
634	0.000109097409686909	1.00296953147145e-14
635	0.000109022099926812	9.99817583518059e-15
636	0.000108946960060779	9.96680470294317e-15
637	0.000108871989446929	9.93558098852653e-15
638	0.000108797187446787	9.90450376972309e-15
639	0.000108722553425261	9.87357213152534e-15
640	0.000108648086750617	9.84278516605854e-15
641	0.000108573786794462	9.81214197251409e-15
642	0.000108499652931712	9.78164165708363e-15
643	0.000108425684540577	9.75128333289377e-15
644	0.000108351881002537	9.72106611994189e-15
645	0.000108278241702316	9.69098914503203e-15
646	0.000108204766027867	9.66105154171197e-15
647	0.000108131453370342	9.63125245021098e-15
648	0.00010805830312408	9.60159101737777e-15
649	0.000107985314686576	9.57206639661962e-15
650	0.000107912487458465	9.54267774784191e-15
651	0.000107839820843502	9.51342423738846e-15
652	0.000107767314248535	9.48430503798233e-15
653	0.000107694967083495	9.45531932866732e-15
654	0.00010762277876136	9.42646629475008e-15
655	0.000107550748698153	9.39774512774297e-15
656	0.000107478876312904	9.36915502530727e-15
657	0.000107407161027643	9.34069519119736e-15
658	0.000107335602267375	9.31236483520512e-15
659	0.000107264199460059	9.284163173105e-15
660	0.00010719295203659	9.60754963527649e-15
661	0.000107121859430779	9.57854187983423e-15
662	0.000107050921079338	9.54966529957086e-15
663	0.000106980136421855	9.52091910476536e-15
664	0.000106909504900774	9.49230251163063e-15
665	0.000106839025961385	9.46381474226046e-15
666	0.000106768699051797	9.43545502457618e-15
667	0.000106698523622923	9.40722259227469e-15
668	0.000106628499128461	9.37911668477662e-15
669	0.000106558625024874	9.35113654717491e-15
670	0.000106488900771378	9.32328143018444e-15
671	0.000106419325829914	9.29555059009175e-15
672	0.000106349899665144	9.26794328870515e-15
673	0.000106280621744418	9.24045879330596e-15
674	0.000106211491537766	9.21309637659964e-15
675	0.000106142508517883	9.18585531666783e-15
676	0.000106073672160102	9.15873489692063e-15
677	0.000106004981942386	9.13173440604948e-15
678	0.000105936437345304	9.10485313798063e-15
679	0.000105868037852022	9.07809039182884e-15
680	0.000105799782948277	9.05144547185177e-15
681	0.000105731672122371	9.02491768740477e-15
682	0.000105663704865145	8.99850635289603e-15
683	0.000105595880669968	8.97221078774242e-15
684	0.000105528199032721	8.94603031632555e-15
685	0.000105460659451775	8.91996426794836e-15
686	0.000105393261427987	8.89401197679232e-15
687	0.00010532600446467	8.8681727818747e-15
688	0.000105258888067588	8.84244602700661e-15
689	0.000105191911744936	8.81683106075128e-15
690	0.000105125075007326	8.7913272363829e-15
691	0.000105058377367769	8.76593391184572e-15
692	0.000104991818341664	8.74065044971368e-15
693	0.000104925397446779	8.7154762171504e-15
694	0.00010485911420324	8.69041058586949e-15
695	0.000104792968133513	8.66545293209559e-15
696	0.000104726958762389	8.64060263652531e-15
697	0.000104661085616974	8.61585908428894e-15
698	0.000104595348226666	8.59122166491232e-15
699	0.000104529746123153	8.56668977227936e-15
700	0.000104464278840385	8.54226280459461e-15
701	0.00010439894591457	8.5179401643463e-15
702	0.000104333746884156	8.49372125827001e-15
703	0.000104268681289816	8.46960549731234e-15
704	0.000104203748674439	8.44559229659512e-15
705	0.000104138948583109	8.42168107537997e-15
706	0.000104074280563097	8.39787125703314e-15
707	0.000104009744163846	8.37416226899085e-15
708	0.000103945338936957	8.35055354272469e-15
709	0.000103881064436176	8.32704451370778e-15
710	0.000103816920217384	8.30363462138074e-15
711	0.000103752905838572	8.28032330911853e-15
712	0.000103689020859846	8.25711002419722e-15
713	0.000103625264843402	8.23399421776127e-15
714	0.000103561637353512	8.21097534479105e-15
715	0.00010349813795652	8.18805286407072e-15
716	0.000103434766220824	8.16522623815651e-15
717	0.000103371521716861	8.14249493334511e-15
718	0.000103308404017101	8.11985841964246e-15
719	0.000103245412696029	8.097316170733e-15
720	0.000103182547330135	8.37764423098108e-15
721	0.000103119807497904	8.35445070989133e-15
722	0.0001030571927798	8.33135337259368e-15
723	0.000102994702758256	8.30835168798865e-15
724	0.000102932337017662	8.2854451286374e-15
725	0.000102870095144353	8.26263317073166e-15
726	0.000102807976726597	8.2399152940636e-15
727	0.000102745981354585	8.21729098199609e-15
728	0.000102684108620417	8.19475972143364e-15
729	0.00010262235811809	8.17232100279303e-15
730	0.000102560729443492	8.14997431997466e-15
731	0.000102499222194385	8.12771917033388e-15
732	0.000102437835970395	8.10555505465278e-15
733	0.000102376570373004	8.08348147711225e-15
734	0.000102315425005534	8.06149794526422e-15
735	0.00010225439947314	8.03960397000412e-15
736	0.000102193493382797	8.01779906554384e-15
737	0.000102132706343291	7.99608274938455e-15
738	0.000102072037965207	7.97445454229019e-15
739	0.000102011487860916	7.95291396826102e-15
740	0.000101951055644571	7.93146055450737e-15
741	0.00010189074093209	7.91009383142362e-15
742	0.000101830543341146	7.88881333256272e-15
743	0.000101770462491165	7.86761859461049e-15
744	0.000101710498003303	7.84650915736066e-15
745	0.000101650649500445	7.82548456368966e-15
746	0.000101590916607192	7.80454435953188e-15
747	0.00010153129894985	7.78368809385543e-15
748	0.000101471796156421	7.76291531863747e-15
749	0.000101412407856596	7.74222558884047e-15
750	0.000101353133681737	7.72161846238814e-15
751	0.000101293973264878	7.70109350014197e-15
752	0.000101234926240707	7.68065026587779e-15
753	0.000101175992245557	7.66028832626251e-15
754	0.000101117170917402	7.64000725083135e-15
755	0.000101058461895844	7.61980661196479e-15
756	0.000100999864822102	7.59968598486638e-15
757	0.000100941379339004	7.57964494754014e-15
758	0.000100883005090981	7.55968308076852e-15
759	0.00010082474172405	7.53979996809052e-15
760	0.000100766588885814	7.51999519577996e-15
761	0.000100708546225444	7.50026835282386e-15
762	0.000100650613393682	7.48061903090119e-15
763	0.000100592790042814	7.46104682436178e-15
764	0.000100535075826681	7.44155133020532e-15
765	0.000100477470400657	7.42213214806061e-15
766	0.000100419973421642	7.40278888016508e-15
767	0.000100362584548056	7.38352113134431e-15
768	0.000100305303439834	7.36432850899195e-15
769	0.000100248129758407	7.34521062304966e-15
770	0.000100191063166701	7.3261670859873e-15
771	0.000100134103329131	7.3071975127833e-15
772	0.000100077249911583	7.28830152090522e-15
773	0.000100020502581413	7.26947873029042e-15
774	9.99638610074389e-05	7.25072876332698e-15
775	9.99073248599279e-05	7.23205124483474e-15
776	9.98508938105904e-05	7.21344580204658e-15
777	9.97945675325738e-05	7.1949120645898e-15
778	9.973834570045e-05	7.17644966446755e-15
779	9.96822279902129e-05	7.15805823604081e-15
780	9.96262140792657e-05	7.13973741601015e-15
781	9.9570303646417e-05	7.12148684339774e-15
782	9.95144963718679e-05	7.10330615952968e-15
783	9.94587919372074e-05	7.08519500801832e-15
784	9.94031900254056e-05	7.06715303474478e-15
785	9.93476903208068e-05	7.31023457153909e-15
786	9.92922925091144e-05	7.29166683162714e-15
787	9.92369962773939e-05	7.27316974409317e-15
788	9.91818013140563e-05	7.25474295093748e-15
789	9.91267073088565e-05	7.23638609642491e-15
790	9.90717139528831e-05	7.21809882706785e-15
791	9.90168209385515e-05	7.19988079160912e-15
792	9.89620279595985e-05	7.18173164100513e-15
793	9.89073347110714e-05	7.16365102840911e-15
794	9.88527408893216e-05	7.14563860915471e-15
795	9.87982461920012e-05	7.1276940407393e-15
796	9.87438503180521e-05	7.10981698280794e-15
797	9.86895529676994e-05	7.09200709713706e-15
798	9.86353538424441e-05	7.07426404761857e-15
799	9.85812526450589e-05	7.05658750024401e-15
800	9.8527249079578e-05	7.03897712308877e-15
801	9.84733428512906e-05	7.0214325862965e-15
802	9.84195336667368e-05	7.00395356206372e-15
803	9.83658212336958e-05	6.98653972462448e-15
804	9.83122052611864e-05	6.96919075023521e-15
805	9.82586854594526e-05	6.95190631715962e-15
806	9.820526153996e-05	6.93468610565382e-15
807	9.81519332153926e-05	6.91752979795145e-15
808	9.80987001996406e-05	6.90043707824923e-15
809	9.80455622077951e-05	6.88340763269218e-15
810	9.79925189561487e-05	6.86644114935941e-15
811	9.79395701621764e-05	6.84953731824967e-15
812	9.78867155445394e-05	6.83269583126731e-15
813	9.78339548230743e-05	6.8159163822082e-15
814	9.7781287718788e-05	6.7991986667458e-15
815	9.77287139538518e-05	6.78254238241737e-15
816	9.76762332515938e-05	6.76594722861031e-15
817	9.76238453364934e-05	6.74941290654859e-15
818	9.75715499341748e-05	6.73293911927925e-15
819	9.7519346771403e-05	6.71652557165911e-15
820	9.74672355760729e-05	6.7001719703416e-15
821	9.74152160772087e-05	6.68387802376356e-15
822	9.73632880049538e-05	6.66764344213228e-15
823	9.7311451090569e-05	6.65146793741269e-15
824	9.72597050664205e-05	6.63535122331436e-15
825	9.72080496659804e-05	6.61929301527917e-15
826	9.71564846238154e-05	6.60329303046846e-15
827	9.7105009675588e-05	6.58735098775069e-15
828	9.70536245580408e-05	6.5714666076891e-15
829	9.7002329009e-05	6.55563961252948e-15
830	9.69511227673648e-05	6.53986972618792e-15
831	9.69000055731019e-05	6.52415667423887e-15
832	9.68489771672433e-05	6.50850018390327e-15
833	9.6798037291876e-05	6.49289998403646e-15
834	9.67471856901394e-05	6.4773558051167e-15
835	9.66964221062196e-05	6.46186737923341e-15
836	9.66457462853426e-05	6.44643444007566e-15
837	9.65951579737693e-05	6.43105672292065e-15
838	9.6544656918792e-05	6.41573396462247e-15
839	9.64942428687277e-05	6.40046590360074e-15
840	9.64439155729081e-05	6.38525227982951e-15
841	9.63936747816855e-05	6.37009283482618e-15
842	9.6343520246414e-05	6.35498731164053e-15
843	9.62934517194551e-05	6.33993545484378e-15
844	9.62434689541688e-05	6.32493701051783e-15
845	9.61935717049043e-05	6.30999172624455e-15
846	9.61437597270014e-05	6.29509935109512e-15
847	9.60940327767806e-05	6.28025963561962e-15
848	9.6044390611543e-05	6.26547233183642e-15
849	9.59948329895601e-05	6.25073719322194e-15
850	9.59453596700682e-05	6.2360539747003e-15
851	9.58959704132718e-05	6.2214224326332e-15
852	9.58466649803279e-05	6.20684232480974e-15
853	9.57974431333479e-05	6.41883939857693e-15
854	9.57483046353927e-05	6.40383180838785e-15
855	9.56992492504635e-05	6.38887678955996e-15
856	9.56502767435e-05	6.37397409683741e-15
857	9.56013868803753e-05	6.3591234863929e-15
858	9.55525794278916e-05	6.34432471581771e-15
859	9.55038541537736e-05	6.32957754411179e-15
860	9.54552108266659e-05	6.31488173167397e-15
861	9.54066492161274e-05	6.30023704029216e-15
862	9.53581690926241e-05	6.28564323313381e-15
863	9.53097702275323e-05	6.27110007473624e-15
864	9.52614523931239e-05	6.25660733099718e-15
865	9.52132153625686e-05	6.24216476916537e-15
866	9.51650589099268e-05	6.22777215783119e-15
867	9.51169828101468e-05	6.21342926691732e-15
868	9.50689868390577e-05	6.19913586766975e-15
869	9.50210707733676e-05	6.18489173264839e-15
870	9.49732343906562e-05	6.17069663571821e-15
871	9.49254774693762e-05	6.15655035204024e-15
872	9.48777997888416e-05	6.14245265806264e-15
873	9.48302011292259e-05	6.12840333151178e-15
874	9.47826812715615e-05	6.1144021513837e-15
875	9.47352399977306e-05	6.10044889793517e-15
876	9.46878770904644e-05	6.08654335267525e-15
877	9.46405923333367e-05	6.07268529835664e-15
878	9.45933855107578e-05	6.05887451896721e-15
879	9.45462564079759e-05	6.04511079972163e-15
880	9.44992048110694e-05	6.03139392705297e-15
881	9.44522305069424e-05	6.01772368860449e-15
882	9.44053332833218e-05	6.00409987322121e-15
883	9.43585129287527e-05	5.99052227094207e-15
884	9.43117692325928e-05	5.97699067299155e-15
885	9.42651019850135e-05	5.96350487177188e-15
886	9.42185109769888e-05	5.95006466085492e-15
887	9.41719960002978e-05	5.93666983497432e-15
888	9.41255568475156e-05	5.92332019001762e-15
889	9.40791933120137e-05	5.91001552301862e-15
890	9.40329051879511e-05	5.89675563214951e-15
891	9.39866922702764e-05	5.8835403167133e-15
892	9.3940554354719e-05	5.87036937713622e-15
893	9.38944912377868e-05	5.85724261496011e-15
894	9.38485027167635e-05	5.84415983283505e-15
895	9.38025885897046e-05	5.83112083451194e-15
896	9.37567486554309e-05	5.81812542483498e-15
897	9.37109827135285e-05	5.80517340973461e-15
898	9.36652905643422e-05	5.79226459622002e-15
899	9.36196720089749e-05	5.77939879237219e-15
900	9.35741268492791e-05	5.76657580733655e-15
901	9.35286548878591e-05	5.75379545131608e-15
902	9.34832559280609e-05	5.74105753556416e-15
903	9.34379297739766e-05	5.72836187237762e-15
904	9.33926762304325e-05	5.71570827508992e-15
905	9.33474951029901e-05	5.70309655806419e-15
906	9.33023861979423e-05	5.69052653668642e-15
907	9.32573493223093e-05	5.67799802735878e-15
908	9.32123842838347e-05	5.66551084749285e-15
909	9.31674908909818e-05	5.65306481550298e-15
910	9.31226689529331e-05	5.64065975079968e-15
911	9.30779182795813e-05	5.62829547378318e-15
912	9.303323868153e-05	5.61597180583672e-15
913	9.29886299700894e-05	5.60368856932028e-15
914	9.29440919572746e-05	5.59144558756412e-15
915	9.28996244557971e-05	5.57924268486236e-15
916	9.28552272790672e-05	5.56707968646676e-15
917	9.28109002411883e-05	5.55495641858047e-15
918	9.27666431569516e-05	5.54287270835181e-15
919	9.27224558418356e-05	5.530828383868e-15
920	9.26783381120035e-05	5.51882327414925e-15
921	9.26342897842948e-05	5.50685720914244e-15
922	9.25903106762305e-05	5.49493001971537e-15
923	9.25464006060002e-05	5.48304153765061e-15
924	9.25025593924664e-05	5.47119159563955e-15
925	9.24587868551582e-05	5.45938002727662e-15
926	9.24150828142693e-05	5.64448939216626e-15
927	9.23714470906524e-05	5.63232994772741e-15
928	9.23278795058192e-05	5.62020975209859e-15
929	9.22843798819351e-05	5.60812863654255e-15
930	9.22409480418182e-05	5.59608643322787e-15
931	9.21975838089329e-05	5.58408297522312e-15
932	9.21542870073898e-05	5.57211809649105e-15
933	9.21110574619425e-05	5.56019163188291e-15
934	9.20678949979834e-05	5.54830341713263e-15
935	9.20247994415406e-05	5.53645328885135e-15
936	9.19817706192751e-05	5.52464108452159e-15
937	9.19388083584803e-05	5.5128666424919e-15
938	9.1895912487075e-05	5.50112980197112e-15
939	9.18530828336019e-05	5.48943040302299e-15
940	9.18103192272267e-05	5.47776828656082e-15
941	9.17676214977343e-05	5.46614329434175e-15
942	9.1724989475522e-05	5.45455526896183e-15
943	9.16824229916021e-05	5.44300405385023e-15
944	9.16399218775983e-05	5.43148949326435e-15
945	9.15974859657386e-05	5.4200114322843e-15
946	9.15551150888571e-05	5.40856971680782e-15
947	9.15128090803884e-05	5.39716419354506e-15
948	9.14705677743668e-05	5.38579471001346e-15
949	9.1428391005421e-05	5.37446111453264e-15
950	9.13862786087752e-05	5.36316325621938e-15
951	9.13442304202422e-05	5.35190098498254e-15
952	9.13022462762223e-05	5.34067415151814e-15
953	9.12603260137021e-05	5.32948260730434e-15
954	9.12184694702508e-05	5.31832620459657e-15
955	9.11766764840154e-05	5.3072047964227e-15
956	9.11349468937213e-05	5.29611823657808e-15
957	9.10932805386682e-05	5.28506637962084e-15
958	9.10516772587264e-05	5.27404908086709e-15
959	9.10101368943362e-05	5.26306619638614e-15
960	9.09686592865054e-05	5.25211758299591e-15
961	9.09272442768023e-05	5.2412030982581e-15
962	9.08858917073602e-05	5.23032260047372e-15
963	9.08446014208698e-05	5.21947594867836e-15
964	9.08033732605771e-05	5.20866300263774e-15
965	9.07622070702826e-05	5.19788362284311e-15
966	9.07211026943375e-05	5.18713767050673e-15
967	9.06800599776436e-05	5.17642500755741e-15
968	9.06390787656454e-05	5.16574549663621e-15
969	9.05981589043345e-05	5.15509900109178e-15
970	9.05573002402407e-05	5.14448538497625e-15
971	9.05165026204348e-05	5.13390451304075e-15
972	9.04757658925224e-05	5.12335625073105e-15
973	9.04350899046452e-05	5.11284046418344e-15
974	9.0394474505474e-05	5.10235702022038e-15
975	9.03539195442095e-05	5.09190578634629e-15
976	9.03134248705804e-05	5.08148663074338e-15
977	9.02729903348371e-05	5.07109942226749e-15
978	9.02326157877549e-05	5.06074403044396e-15
979	9.01923010806259e-05	5.05042032546359e-15
980	9.01520460652631e-05	5.04012817817844e-15
981	9.01118505939902e-05	5.0298674600979e-15
982	9.00717145196476e-05	5.01963804338468e-15
983	9.00316376955836e-05	5.00943980085073e-15
984	8.9991619975655e-05	4.99927260595343e-15
985	8.99516612142262e-05	4.98913633279155e-15
986	8.99117612661621e-05	4.97903085610136e-15
987	8.98719199868315e-05	4.96895605125287e-15
988	8.98321372321022e-05	4.95891179424587e-15
989	8.9792412858337e-05	4.94889796170608e-15
990	8.97527467223961e-05	4.93891443088158e-15
991	8.97131386816298e-05	4.92896107963878e-15
992	8.96735885938803e-05	4.91903778645886e-15
993	8.96340963174774e-05	4.90914443043398e-15
994	8.95946617112361e-05	4.8992808912637e-15
995	8.95552846344572e-05	4.88944704925113e-15
996	8.95159649469212e-05	4.87964278529949e-15
997	8.94767025088893e-05	4.86986798090846e-15
998	8.94374971811012e-05	4.86012251817049e-15
999	8.93983488247689e-05	4.85040627976738e-15
1000	9.18007116445652e-05	4.87930068180369e-15
1001	8.93202224736938e-05	4.83106100961816e-15
