1	0.0492888094392362	1015.95235961912
2	0.0783399322136027	2492.76167036484
3	0.105856445355745	4406.33301701653
4	0.132503081137433	6675.02879760215
5	0.158534790702956	9233.72391819708
6	0.184085491175989	12582.0647533533
7	0.209238342750164	15691.6326811381
8	0.234050500030076	19809.8981979827
9	0.258563952044499	23330.6095769656
10	0.282811016100988	28130.7331522057
11	0.306817428614512	33354.8064007397
12	0.33060422483023	37357.7898376232
13	0.332072671705488	43165.4207694119
14	0.3540086023623	49371.0078910709
15	0.375781016699208	55972.3266180159
16	0.397400347297552	60371.0338478115
17	0.418875754864298	67453.2806237029
18	0.440215351201711	74909.517652179
19	0.461426372209964	82738.194505842
20	0.482515314334164	87263.9962856784
21	0.503488043730294	95487.1063708054
22	0.524349884713126	104063.700847589
23	0.545105692225803	112992.62997841
24	0.565759911816052	122272.808148895
25	0.586316629722987	131903.207868297
26	0.606779615048451	136264.301251864
27	0.627152355528838	146183.281324082
28	0.647438088085445	156435.941433765
29	0.667639825078825	167021.473533749
30	0.68776037700121	177939.105585842
31	0.707802372194823	189188.09883221
32	0.727768274070362	192971.698052185
33	0.747660396211786	204418.853724637
34	0.767480915683495	216182.542807453
35	0.787231884800847	228262.161913173
36	0.806915241580516	240657.129988385
37	0.826532819051377	253366.886891209
38	0.846086353577795	266390.89209385
39	0.865577492323198	279728.623496353
40	0.885007799962555	282204.255304551
41	0.904378764736238	295636.040644516
42	0.923691803924244	309368.191493783
43	0.942948268808819	323400.266897034
44	0.962149449183971	337731.839166845
45	0.981296577462549	352362.493186735
46	1.00039083242493	367291.825764957
47	1.01943334264762	382519.445034391
48	1.03842518964536	398044.969894341
49	1.05736741075591	413868.029490564
50	1.07626100179369	413915.378007341
51	1.09510691949463	429718.766255206
52	1.11390608377274	445807.551121546
53	1.13265937980597	462181.410693365
54	1.15136765996737	478840.030869128
55	1.17003174561551	495783.1050222
56	1.188652428757	513010.333684473
57	1.20723047359196	530521.424248645
58	1.22576661795304	548316.090687761
59	1.24426157464663	566394.053290725
60	1.2627160327046	584755.038412648
61	1.28113065855394	581257.616263728
62	1.29950609711084	599489.367698498
63	1.31784297280529	617992.99843361
64	1.33614189054157	636768.266086494
65	1.35440343659966	655814.933097105
66	1.37262817948192	675132.766554527
67	1.3908166707093	694721.538032222
68	1.40896944557056	714581.023431477
69	1.42708702382819	734711.002832499
70	1.44516991038392	755111.260352642
71	1.46321859590664	775781.584011397
72	1.48123355742562	796721.765601676
73	1.49921525889103	817931.600567044
74	1.51716415170431	839410.887884542
75	1.53508067522007	830129.238616723
76	1.55296525722182	851353.479792247
77	1.57081831437272	872836.902170761
78	1.58864025264342	894579.324565169
79	1.60643146771815	916580.568700375
80	1.62419234538044	938840.459126818
81	1.64192326187996	961358.823137571
82	1.6596245842813	984135.490688887
83	1.67729667079604	1007170.29432395
84	1.69493987109895	1030463.0690997
85	1.71255452662938	1054013.65251656
86	1.73014097087856	1077821.88445091
87	1.74769952966372	1101887.60709023
88	1.76523052138977	1126210.66487066
89	1.78273425729918	1150790.90441695
90	1.80021104171081	1134016.35375284
91	1.81766117224818	1158222.28761888
92	1.83508494005783	1182675.86847744
93	1.85248263001837	1207376.95628953
94	1.86985452094052	1232325.41286838
95	1.88720088575875	1257521.10183308
96	1.90452199171503	1282963.88856391
97	1.9218181005349	1308653.64015919
98	1.93908946859638	1334590.22539365
99	1.9563363470921	1360773.51467818
100	1.93117107875352	1387649.82070249
101	1.99075761515713	1413879.69499
102	2.00793248255462	1440802.3346766
103	2.02508381632427	1467971.17566041
104	2.04221184394702	1495386.09597541
105	2.05931678856535	1523046.97507696
106	2.07639886910623	1550953.69381001
107	2.09345830039931	1579106.13437823
108	2.11049529329075	1551595.31454033
109	2.12751005475294	1579242.63059672
110	2.14450278799027	1607126.7887862
111	2.16147369254082	1635247.68037582
112	2.17842296437482	1663605.19780854
113	2.19535079598928	1692199.23467859
114	2.2122573764995	1721029.68570744
115	2.22914289172733	1750096.44672063
116	2.24600752428637	1779399.4146251
117	2.2628514536643	1808938.48738738
118	2.14563293497373	1838713.56401217
119	2.16144782064797	1868724.54452177
120	2.17724370991824	1898971.32993587
121	2.19302076068098	1929453.82225209
122	2.2087791282405	1960171.92442696
123	2.22451896537206	1991125.54035743
124	2.24024042238325	2022314.57486289
125	2.25594364717316	2053738.93366775
126	2.27162878528986	2085398.52338434
127	2.28729597998584	2117293.25149644
128	2.302945372272	2149423.02634307
129	2.31857710096972	2107202.28941482
130	2.33419130276141	2138687.45294953
131	2.34978811223964	2170399.36725423
132	2.36536766195457	2202337.94695794
133	2.3809300824601	2234503.10744377
134	2.39647550235861	2266894.76483557
135	2.41200404834432	2299512.83598503
136	2.42751584524545	2332357.23845892
137	2.44301101606511	2365427.8905269
138	2.458489682021	2398724.71114933
139	2.47395196258404	2432247.61996565
140	2.48939797551568	2465996.53728286
141	2.5048278369045	2499971.38406436
142	2.52024166120146	2534172.08191905
143	2.53563956125432	2568598.55309063
144	2.55102164834106	2603250.72044728
145	2.56638803220239	2638128.50747141
146	2.58173882107344	2673231.8382498
147	2.59707412171439	2708560.63746388
148	2.61239403944052	2744114.83038028
149	2.62769867815122	2779894.34284155
150	2.64298814035845	2815899.10125714
151	2.65826252721424	2852129.03259453
152	2.67352193853761	2888584.06437062
153	2.68876647284071	2826943.00679233
154	2.70399622735436	2862607.60860663
155	2.71921129805277	2898489.53796579
156	2.73441177967788	2934588.72686681
157	2.74959776576279	2970905.10779848
158	2.76476934865482	3007438.61373417
159	2.77992661953791	3044189.17812462
160	2.79506966845438	3081156.73489092
161	2.8101985843264	3118341.21841768
162	2.82531345497651	3155742.56354631
163	2.84041436714814	3193360.70556843
164	2.85550140652518	3231195.58021943
165	2.87057465775134	3269247.1236722
166	2.88563420444904	3307515.2725309
167	2.90068012923765	3345999.96382493
168	2.91571251375148	3384701.13500306
169	2.93073143865735	3423618.72392749
170	2.9457369836716	3462752.66886829
171	2.96072922757684	3502102.90849777
172	2.9757082482382	3541669.38188494
173	2.99067412261933	3581452.0284903
174	3.00562692679793	3621450.78816041
175	3.02056673598094	3661665.60112288
176	3.03549362451943	3702096.40798128
177	3.05040766592313	3742743.14971007
178	3.06530893287463	3783605.76764988
179	3.0801974972432	3824684.20350269
180	3.09507343009848	3738186.36478051
181	3.10993680172365	3778324.13038134
182	3.12478768162844	3818670.41285274
183	3.13962613856187	3859225.15717693
184	3.15445224052465	3899988.30866377
185	3.16926605478124	3940959.81294653
186	3.18406764787195	3982139.615978
187	3.19885708562434	4023527.66402637
188	3.21363443316475	4065123.90367146
189	3.22839975492947	4106928.28180075
190	3.24315311467553	4148940.74560576
191	3.25789457549146	4191161.24257827
192	3.27262419980779	4233589.72050673
193	3.28734204940724	4276226.12747265
194	3.3020481854347	4319070.41184718
195	3.31674266840721	4362122.52228756
196	3.33142555822347	4405382.40773386
197	3.34609691417324	4448850.01740556
198	3.36075679494669	4492525.30079833
199	3.37540525864338	4536408.20768082
200	3.39004236278121	4580498.68809149
201	3.40466816430495	4624796.69233553
202	3.419282719595	4669302.1709818
203	3.43388608447552	4714015.0748598
204	3.44847831422278	4758935.35505682
205	3.46305946357312	4804062.96291489
206	3.47762958673086	4849397.85002808
207	3.4921887373759	4894939.96823962
208	3.5067369686716	4940689.26963911
209	3.52127433327179	4986645.70655988
210	3.53580088332841	5032809.23157635
211	3.55031667049852	5079179.7975012
212	3.56482174595123	4959077.29311884
213	3.57931616037479	5004340.45520624
214	3.59379996398315	5049803.79001737
215	3.60827320652267	5095467.25279748
216	3.62273593727869	5141330.79901026
217	3.63718820508176	5187394.38433572
218	3.65163005831404	5233657.96466782
219	3.66606154491541	5280121.49611221
220	3.6804827123895	5326784.9349841
221	3.69489360780963	5373648.23780605
222	3.70929427782463	5420711.36130581
223	3.72368476866458	5467974.26241427
224	3.73806512614647	5515436.89826338
225	3.75243539567952	5563099.22618407
226	3.7667956222709	5610961.20370429
227	3.78114585053079	5659022.78854697
228	3.79548612467778	5707283.93862817
229	3.80981648854395	5755744.61205506
230	3.8241369855799	5804404.76712408
231	3.83844765885969	5853264.36231908
232	3.85274855108589	5902323.35630939
233	3.86703970459412	5951581.70794823
234	3.8813211613579	6001039.37627067
235	3.89559296299338	6050696.32049202
236	3.90985515076361	6100552.50000603
237	3.92410776558331	6150607.87438336
238	3.93835084802308	6200862.40336953
239	3.95258443831385	6251316.04688365
240	3.966808576351	6301968.76501657
241	3.98102330169866	6352820.51802933
242	3.99522865359382	6403871.26635152
243	4.00942467095025	6455120.9705798
244	4.02361139236262	6506569.59147624
245	4.03778885611039	6558217.08996692
246	4.05195710016161	6610063.42714031
247	4.06611616217673	6448934.99108
248	4.08026607951229	6499507.1936297
249	4.09440688922469	6550271.76036794
250	4.10853862807377	6601228.6542432
251	4.12266133252624	6652377.83835409
252	4.13677503875931	6703719.27594818
253	4.15087978266405	6755252.93042071
254	4.16497559984889	6806978.76531314
255	4.17906252564279	6858896.74431194
256	4.19314059509864	6911006.83124736
257	4.20720984299645	6963308.99009206
258	4.22127030384648	7015803.18496004
259	4.23532201189251	7068489.38010524
260	4.24936500111475	7121367.53992042
261	4.26339930523297	7174437.62893601
262	4.27742495770952	7227699.61181891
263	4.29144199175213	7281153.45337124
264	4.30545044031702	7334799.11852937
265	4.31945033611155	7388636.57236258
266	4.33344171159712	7442665.78007211
267	4.34742459899195	7496886.70699
268	4.36139903027378	7551299.31857806
269	4.37536503718262	7605903.58042666
270	4.38932265122328	7660699.45825379
271	4.40327190366809	7715686.91790395
272	4.41721282555937	7770865.92534724
273	4.43114544771205	7826236.4466781
274	4.44506980071609	7881798.44811454
275	4.45898591493904	7937551.89599705
276	4.47289382052834	7993496.75678756
277	4.48679354741377	8049632.99706854
278	4.50068512530983	8105960.58354204
279	4.51456858371801	8162479.48302876
280	4.52844395192909	8219189.66246698
281	4.54231125902538	8276091.08891183
282	4.55617053388298	8333183.72953419
283	4.57002180517396	8390467.55161995
284	4.58386510136846	8447942.52256899
285	4.59770045073692	8505608.60989438
286	4.61152788135205	8563465.78122146
287	4.62534742109111	8349987.39975755
288	4.63915909763765	8406392.45121161
289	4.65296293848382	8462982.47523168
290	4.66675897093216	8519757.44088948
291	4.68054722209755	8576717.31736137
292	4.6943277189094	8633862.07392768
293	4.70810048811315	8691191.67997175
294	4.72186555627252	8748706.10497925
295	4.73562294977111	8806405.31853756
296	4.74937269481439	8864289.29033475
297	4.7631148174314	8922357.99015902
298	4.77684934347656	8980611.38789797
299	4.79057629863143	9039049.45353776
300	4.80429570840646	9097672.15716249
301	4.81800759814264	9156479.46895343
302	4.83171199301327	9215471.35918834
303	4.84540891802554	9274647.79824084
304	4.85909839802222	9334008.75657953
305	4.87278045768332	9393554.20476762
306	4.88645512152756	9453284.11346191
307	4.90012241391406	9513198.45341242
308	4.91378235904384	9573297.19546154
309	4.92743498096142	9633580.31054342
310	4.94108030355628	9694047.7696835
311	4.95471835056434	9754699.54399748
312	4.96834914556954	9815535.60469123
313	4.98197271200517	9876555.92305964
314	4.99558907315542	9937760.47048637
315	5.00919825215674	9999149.21844308
316	5.02280027199922	10060722.1384888
317	5.03639515552811	10122479.2022696
318	5.04998292544497	10184420.3815174
319	5.06356360430927	10246545.6480502
320	5.07713721453954	10308854.9737708
321	5.0907037784148	10371348.3306666
322	5.1042633180757	10434025.690809
323	5.11781585552612	10496887.0263526
324	5.13136141263401	10559932.3095351
325	5.14490001113303	10623161.5126763
326	5.15843167262358	10686574.6081777
327	5.17195641857406	10750171.5685221
328	5.18547427032219	10813952.3662729
329	5.19898524907603	10877916.9740738
330	5.21248937591523	10942065.3646478
331	5.22598667179222	11006397.5107973
332	5.23947715753339	10727650.2452869
333	5.25296085384011	10790343.7554643
334	5.26643778129002	10853215.2451092
335	5.27990796033796	10916264.688169
336	5.29337141131718	10979492.0586652
337	5.30682815444045	11042897.3306931
338	5.320278209801	11106480.4784211
339	5.33372159737375	11170241.4760907
340	5.34715833701615	11234180.2980157
341	5.36058844846948	11298296.9185816
342	5.37401195135956	11362591.3122456
343	5.38742886519801	11427063.4535358
344	5.40083920938316	11491713.3170511
345	5.414243003201	11556540.8774602
346	5.42764026582619	11621546.1095018
347	5.44103101632304	11686728.9879838
348	5.45441527364647	11752089.487783
349	5.46779305664288	11817627.5838445
350	5.48116438405116	11883343.2511816
351	5.49452927450355	11949236.4648753
352	5.50788774652658	12015307.2000736
353	5.521239818542	12081555.4319914
354	5.5345855088676	12147981.1359101
355	5.54792483571814	12214584.2871769
356	5.56125781720622	12281364.861205
357	5.57458447134313	12348322.8334724
358	5.5879048160396	12415458.1795223
359	5.60121886910692	12482770.8749621
360	5.61452664825731	12550260.8954636
361	5.62782817110535	12617928.2167621
362	5.64112345516822	12685772.8146563
363	5.65441251786676	12753794.6650079
364	5.66769537652636	12821993.7437412
365	5.68097204837759	12890370.0268427
366	5.69424255055697	12958923.490361
367	5.70750690010788	13027654.1104061
368	5.72076511398116	13096561.8631491
369	5.73401720903594	13165646.7248222
370	5.74726320204043	13234908.6717178
371	5.76050310967256	13304347.6801888
372	5.77373694852076	13373963.7266476
373	5.78696473508471	13443756.7875663
374	5.80018648577595	13513726.8394761
375	5.81340221691871	13583873.8589669
376	5.82661194475055	13654197.8226873
377	5.83981568542297	13724698.707344
378	5.85301345500233	13795376.4897014
379	5.86620526947018	13866231.1465817
380	5.87939114472426	13937262.6548641
381	5.89257109657893	14008470.9914848
382	5.90574514076602	13649962.3486937
383	5.91891329293527	13719339.305501
384	5.93207556865503	13788887.6248766
385	5.94523198341312	13858607.2846786
386	5.95838255261713	13928498.2628186
387	5.97152729159516	13998560.5372619
388	5.98466621559665	14068794.0860268
389	5.99779933979256	14139198.8871842
390	6.01092667927636	14209774.9188578
391	6.02404824906443	14280522.1592236
392	6.0371640640967	14351440.5865096
393	6.05027413923727	14422530.1789951
394	6.0633784892749	14493790.9150114
395	6.07647712892362	14565222.7729408
396	6.08957007282334	14636825.7312164
397	6.10265733554037	14708599.7683219
398	6.115738931568	14780544.8627917
399	6.12881487532702	14852660.9932099
400	6.14188518116629	14924948.1382109
401	6.15494986336319	14997406.2764785
402	6.16800893612436	15070035.3867457
403	6.18106241358595	15142835.4477948
404	6.19411030981443	15215806.438457
405	6.20715263880687	15288948.3376119
406	6.22018941449152	15362261.1241876
407	6.23322065072845	15435744.7771604
408	6.24624636130993	15509399.2755541
409	6.25926655996085	15583224.5984407
410	6.27228126033944	15657220.724939
411	6.28529047603747	15731387.6342154
412	6.29829422058106	15805725.3054831
413	6.31129250743083	15880233.7180017
414	6.32428534998264	15954912.8510778
415	6.3372727615679	16029762.6840637
416	6.35025475545413	16104783.196358
417	6.36323134484528	16179974.367405
418	6.37620254288235	16255336.1766947
419	6.3891683626438	16330868.603762
420	6.40212881714585	16406571.6281875
421	6.41508391934322	16482445.2295962
422	6.42803368212919	16558489.3876579
423	6.44097811833637	16634704.0820871
424	6.45391724073694	16711089.2926424
425	6.46685106204318	16787644.9991261
426	6.47977959490775	16864371.1813849
427	6.49270285192428	16941267.8193087
428	6.5056208456277	17018334.8928309
429	6.51853358849463	17095572.3819282
430	6.53144109294378	17172980.2666203
431	6.54434337133647	17250558.5269695
432	6.55724043597687	17328307.1430808
433	6.57013229911249	17406226.0951017
434	6.58301897293457	17484315.3632218
435	6.59590046957848	17562574.9276727
436	6.60877680112397	17641004.7687277
437	6.62164797959576	17186715.0566625
438	6.63451401696371	17263116.4953374
439	6.64737492514344	17339683.0326508
440	6.66023071599641	17416414.6496298
441	6.67308140133053	17493311.3273408
442	6.68592699290037	17570373.0468898
443	6.69876750240766	17647599.7894223
444	6.71160294150142	17724991.5361226
445	6.72443332177868	17802548.2682138
446	6.73725865478443	17880269.9669581
447	6.75007895201221	17958156.613656
448	6.76289422490438	18036208.1896464
449	6.77570448485254	18114424.6763064
450	6.78850974319771	18192806.0550512
451	6.80131001123087	18271352.3073338
452	6.81410530019305	18350063.4146451
453	6.82689562127597	18428939.3585132
454	6.83968098562201	18507980.1205039
455	6.85246140432488	18587185.6822198
456	6.8652368884296	18666556.0253009
457	6.87800744893314	18746091.1314241
458	6.89077309678459	18825790.9823025
459	6.90353384288533	18905655.5596864
460	6.91628969808966	18985684.8453621
461	6.92904067320478	19065878.8211523
462	6.94178677899132	19146237.4689156
463	6.9545280261636	19226760.7705467
464	6.96726442538986	19307448.707976
465	6.97999598729258	19388301.2631695
466	6.99272272244877	19469318.4181286
467	7.00544464139033	19550500.1548903
468	7.01816175460428	19631846.4555263
469	7.03087407253307	19713357.3021438
470	7.04358160557479	19795032.6768843
471	7.05628436408356	19876872.5619246
472	7.06898235836973	19958876.9394756
473	7.08167559870029	20041045.7917829
474	7.09436409529885	20123379.1011264
475	7.10704785834632	20205876.8498197
476	7.11972689798087	20288539.020211
477	7.13240122429822	20371365.5946818
478	7.14507084735211	20454356.5556478
479	7.1577357771544	20537511.8855579
480	7.17039602367535	20620831.5668945
481	7.18305159684384	20704315.5821734
482	7.19570250654778	20787963.9139436
483	7.20834876263421	20871776.5447868
484	7.22099037490966	20955753.4573179
485	7.23362735314019	21039894.6341845
486	7.24625970705207	21124200.0580667
487	7.25888744633156	21208669.7116771
488	7.27151058062539	21293303.5777606
489	7.28412911954099	21378101.6390947
490	7.29674307264663	21463063.8784883
491	7.30935244947186	21548190.278783
492	7.3219572595075	21633480.8228516
493	7.33455751220603	21718935.493599
494	7.3471532169819	21804554.2739615
495	7.35974438321146	21890337.146907
496	7.37233102023342	21976284.0954346
497	7.38491313734915	22062395.1025745
498	7.39749074382271	22148670.1513883
499	7.41006384888112	21576327.9206426
500	7.42263246171466	21660365.1278841
501	7.43519659147704	21744561.4674457
502	7.44775624728566	21828916.9230099
503	7.46031143822163	21913431.478289
504	7.47286217333042	21998105.1170248
505	7.48540846162154	22082937.8229883
506	7.49795031206909	22167929.5799799
507	7.51048773361192	22253080.3718288
508	7.52302073515392	22338390.1823936
509	7.53554932556377	22423858.9955614
510	7.54807351367591	22509486.7952483
511	7.56059330829001	22595273.5653991
512	7.57310871817157	22681219.289987
513	7.5856197520521	22767323.9530138
514	7.59812641862917	22853587.5385094
515	7.61062872656676	22940010.0305323
516	7.62312668449534	23026591.4131687
517	7.6356203010121	23113331.6705333
518	7.64810958468115	23200230.786768
519	7.66059454403373	23287288.7460433
520	7.67307518756842	23374505.5325569
521	7.68555152375119	23461881.1305343
522	7.69802356101576	23549415.5242283
523	7.71049130776374	23637108.6979194
524	7.72295477236468	23724960.6359151
525	7.73541396315639	23812971.3225501
526	7.74786888844514	23901140.7421864
527	7.76031955650584	23989468.8792128
528	7.77276597558193	24077955.7180451
529	7.78520815388612	24166601.2431258
530	7.79764609959995	24255405.4389241
531	7.81007982087433	24344368.2899359
532	7.82250932582974	24433489.7806834
533	7.83493462255629	24522769.8957154
534	7.8473557191137	24612208.6196067
535	7.85977262353192	24701805.9369587
536	7.87218534381083	24791561.8323986
537	7.88459388792075	24881476.2905799
538	7.89699826380245	24971549.2961817
539	7.9093984793674	25061780.833909
540	7.92179454249765	25152170.8884928
541	7.9341864610465	25242719.4446894
542	7.94657424283819	25333426.4872808
543	7.95895789566831	25424292.0010746
544	7.97133742730389	25515315.9709035
545	7.98371284548351	25606498.3816257
546	7.99608415791753	25697839.2181244
547	8.00845137228829	25789338.465308
548	8.02081449625015	25880996.1081099
549	8.0331735374296	25972812.1314886
550	8.04552850342561	26064786.520427
551	8.05787940180963	26156919.2599331
552	8.07022624012572	26249210.3350395
553	8.08256902589086	26341659.7308033
554	8.09490776659496	26434267.4323061
555	8.10724246970091	26527033.424654
556	8.11957314264503	26619957.6929773
557	8.13189979283691	26713040.2224307
558	8.14422242765981	26806280.9981926
559	8.1565410544705	26899680.0054662
560	8.16885568059973	26993237.229478
561	8.18116631335206	27086952.6554788
562	8.19347296000628	27180826.2687431
563	8.20577562781539	27274858.0545692
564	8.21807432400668	27369047.9982788
565	8.23036905578199	27463396.0852175
566	8.24265983031792	27557902.3007542
567	8.25494665476565	27652566.6302814
568	8.26722953625144	26937290.1746866
569	8.27950848187648	27029497.684801
570	8.29178349871729	27121858.6502806
571	8.30405459382537	27214373.0570346
572	8.31632177422803	27307040.8909943
573	8.32858504692797	27399862.1381133
574	8.34084441890356	27492836.7843675
575	8.35309989710897	27585964.8157549
576	8.36535148847439	27679246.2182954
577	8.3775991999061	27772680.9780312
578	8.38984303828646	27866269.0810261
579	8.40208301047414	27960010.5133659
580	8.41431912330449	28053905.2611581
581	8.426551383589	28147953.3105318
582	8.43877979811622	28242154.6476379
583	8.45100437365133	28336509.2586488
584	8.46322511693637	28431017.1297583
585	8.47544203469056	28525678.2471817
586	8.48765513361017	28620492.5971555
587	8.49986442036873	28715460.1659377
588	8.5120699016173	28810580.9398072
589	8.52427158398423	28905854.9050643
590	8.53646947407567	29001282.0480302
591	8.54866357847528	29096862.3550471
592	8.56085390374484	29192595.8124782
593	8.57304045642385	29288482.4067076
594	8.58522324302998	29384522.12414
595	8.59740227005896	29480714.9512009
596	8.60957754398502	29577060.8743367
597	8.62174907126061	29673559.8800139
598	8.63391685831665	29770211.95472
599	8.64608091156283	29867017.0849627
600	8.65824123738743	29963975.2572701
601	8.6703978421575	30061086.4581909
602	8.68255073221926	30158350.6742937
603	8.69469991389759	30255767.8921674
604	8.70684539349684	30353338.0984212
605	8.71898717730048	30451061.2796842
606	8.7311252715712	30548937.4226056
607	8.74325968255127	30646966.5138546
608	8.75539041646249	30745148.5401203
609	8.76751747950623	30843483.4881113
610	8.77964087786371	30941971.3445563
611	8.79176061769585	31040612.0962037
612	8.80387670514367	31139405.7298213
613	8.81598914632812	31238352.2321967
614	8.82809794735032	31337451.5901369
615	8.84020311429158	31436703.7904685
616	8.85230465321359	31536108.8200372
617	8.86440257015842	31635666.6657085
618	8.87649687114874	31735377.3143667
619	8.88858756218775	31835240.7529155
620	8.90067464925935	31935256.9682779
621	8.91275813832834	32035425.9473959
622	8.92483803534025	32135747.6772305
623	8.9369143462218	32236222.1447617
624	8.94898707688061	32336849.3369884
625	8.96105623320553	32437629.2409285
626	8.9731218210666	32538561.8436187
627	8.98518384631536	32639647.1321143
628	8.99724231478462	32740885.0934893
629	9.00929723228878	32842275.7148365
630	9.02134860462389	32943818.9832673
631	9.03339643756758	33045514.8859116
632	9.04544073687944	33147363.4099173
633	9.05748150830073	33249364.5424517
634	9.06951875755483	33351518.2706996
635	9.08155249034701	33453824.5818646
636	9.09358271236477	33556283.4631682
637	9.10560942927789	33658894.9018503
638	9.11763264673823	33761658.885169
639	9.12965237038015	33864575.4004005
640	9.14166860582048	33967644.4348388
641	9.15368135865857	34070865.9757962
642	9.16569063447634	34174240.0106026
643	9.17769643883846	34277766.5266063
644	9.18969877729243	33392103.4143985
645	9.20169765536847	33492947.056772
646	9.21369307857994	33593938.7558646
647	9.22568505242301	33695078.4994575
648	9.23767358237699	33796366.2753486
649	9.24965867390455	33897802.0713532
650	9.26164033245147	33999385.8753036
651	9.27361856344675	34101117.6750488
652	9.28559337230303	34202997.458455
653	9.29756476441632	34305025.2134052
654	9.30953274516606	34407200.9277992
655	9.32149731991558	34509524.5895534
656	9.33345849401175	34611996.1866012
657	9.34541627278522	34714615.7068924
658	9.3573706615506	34817383.1383938
659	9.36932166560632	34920298.4690885
660	9.38126929023484	35023361.6869761
661	9.3932135407027	35126572.7800729
662	9.40515442226072	35229931.7364115
663	9.41709194014361	35333438.5440407
664	9.42902609957075	35437093.1910262
665	9.44095690574561	35540895.6654496
666	9.45288436385617	35644845.9554086
667	9.464808479075	35748944.0490176
668	9.47672925655905	35853189.9344066
669	9.48864670145004	35957583.5997224
670	9.50056081887439	36062125.0331271
671	9.51247161394329	36166814.2227995
672	9.52437909175269	36271651.1569338
673	9.53628325738365	36376635.8237408
674	9.5481841159019	36481768.2114465
675	9.56008167235851	36587048.3082934
676	9.57197593178948	36692476.1025391
677	9.58386689921594	36798051.5824576
678	9.59575457964458	36903774.7363383
679	9.60763897806704	37009645.5524864
680	9.61952009946049	37115664.0192226
681	9.6313979487875	37221830.1248833
682	9.64327253099609	37328143.8578204
683	9.65514385101992	37434605.2064011
684	9.66701191377832	37541214.1590086
685	9.67887672417618	37647970.704041
686	9.6907382871042	37754874.8299121
687	9.70259660743885	37861926.5250507
688	9.71445169004268	37969125.7779012
689	9.72630353976376	38076472.5769232
690	9.73815216143659	38183966.9105913
691	9.74999755988138	38291608.7673956
692	9.76183973990478	38399398.1358411
693	9.77367870629938	38507335.0044479
694	9.785514463844	38615419.3617512
695	9.79734701730395	38723651.1963011
696	9.8091763714307	38832030.4966628
697	9.82100253096223	38940557.2514164
698	9.83282550062293	39049231.449157
699	9.84464528512381	39158053.0784942
700	9.85646188916237	39267022.1280527
701	9.86827531742279	39376138.5864719
702	9.88008557457608	39485402.4424059
703	9.89189266527971	39594813.6845234
704	9.90369659417819	39704372.301508
705	9.91549736590282	39814078.2820576
706	9.9272949850719	39923931.6148851
707	9.9390894562907	40033932.2887174
708	9.95088078415137	40144080.2922963
709	9.9626689732333	40254375.6143777
710	9.97445402810297	40364818.2437323
711	9.98623595331413	40475408.1691452
712	9.99801475340766	40586145.3794153
713	10.0097904329118	40697029.8633562
714	10.0215629963422	40808061.6097961
715	10.0333324482019	40919240.6075766
716	10.0450987929813	41030566.8455543
717	10.0568620351584	41142040.3125994
718	10.0686221791988	41253660.9975965
719	10.0803792295557	41365428.8894443
720	10.0921331906699	41477343.9770554
721	10.10388406697	41589406.2493564
722	10.1156318628724	41701615.6952881
723	10.1273765827812	41813972.303805
724	10.1391182310884	41926476.0638756
725	10.150856812174	42039126.9644823
726	10.1625923304061	42151924.9946212
727	10.1743247901404	41065927.9791873
728	10.1860541957211	41175812.1082468
729	10.1977805514803	41285839.1611693
730	10.2095038617383	41396009.1273167
731	10.2212241308038	41506321.996064
732	10.2329413629734	41616777.7567994
733	10.2446555625323	41727376.3989244
734	10.256366733754	41838117.9118536
735	10.2680748809003	41949002.2850149
736	10.2797800082217	42060029.5078489
737	10.291482119957	42171199.5698098
738	10.3031812203335	42282512.4603645
739	10.3148773135672	42393968.1689929
740	10.3265704038629	42505566.685188
741	10.3382604954137	42617307.9984557
742	10.3499475924019	42729192.0983148
743	10.3616316989981	42841218.9742968
744	10.373312819362	42953388.6159465
745	10.3849909576423	43065701.0128211
746	10.3966661179761	43178156.1544906
747	10.4083383044902	43290754.0305379
748	10.4200075212997	43403494.6305585
749	10.4316737725091	43516377.9441608
750	10.4433370622119	43629403.9609655
751	10.4549973944909	43742572.6706061
752	10.4666547734177	43855884.0627289
753	10.4783092030536	43969338.1269925
754	10.4899606874487	44082934.8530678
755	10.5016092306427	44196674.2306388
756	10.5132548366645	44310556.2494015
757	10.5248975095327	44424580.8990644
758	10.5365372532548	44538748.1693487
759	10.5481740718281	44653058.0499876
760	10.5598079692393	44767510.5307268
761	10.571438949465	44882105.6013244
762	10.5830670164708	44996843.2515505
763	10.5946921742124	45111723.471188
764	10.6063144266348	45226746.2500314
765	10.6179337776733	45341911.5778877
766	10.6295502312522	45457219.444576
767	10.6411637912864	45572669.8399278
768	10.6527744616798	45688262.7537863
769	10.6643822463269	45803998.1760069
770	10.6759871491116	45919876.0964573
771	10.6875891739082	46035896.5050168
772	10.6991883245806	46152059.391577
773	10.7107846049829	46268364.7460415
774	10.7223780189593	46384812.5583256
775	10.733968570344	46501402.8183566
776	10.7455562629615	46618135.5160738
777	10.7571411006264	46735010.6414281
778	10.7687230871434	46852028.1843824
779	10.7803022263077	46969188.1349115
780	10.7918785219046	47086490.4830017
781	10.8034519777099	47203935.2186511
782	10.8150225974896	47321522.3318697
783	10.8265903850001	47439251.812679
784	10.8381553439885	47557123.6511122
785	10.8497174781921	47675137.8372139
786	10.8612767913389	47793294.3610409
787	10.8728332871473	47911593.212661
788	10.8843869693265	48030034.3821535
789	10.8959378415761	48148617.8596101
790	10.9074859075864	48267343.6351327
791	10.9190311710385	48386211.6988358
792	10.9305736356041	48505222.0408444
793	10.9421133049459	48624374.6512958
794	10.9536501827171	48743669.5203379
795	10.9651842725619	48863106.6381306
796	10.9767155781153	48982685.9948444
797	10.9882441030033	49102407.5806619
798	10.9997698508429	49222271.3857765
799	11.0112928252417	49342277.4003931
800	11.0228130297987	49462425.6147275
801	11.0343304681038	49582716.019007
802	11.0458451437379	49703148.6034698
803	11.0573570602731	49823723.3583658
804	11.0688662212725	49944440.2739551
805	11.0803726302907	50065299.3405099
806	11.0918762908731	50186300.5483128
807	11.1033772065564	50307443.8876577
808	11.114875380869	50428729.3488496
809	11.1263708173301	50550156.9222041
810	11.1378635194503	50671726.5980485
811	11.1493534907319	50793438.3667202
812	11.1608407346683	50915292.2185679
813	11.1723252547443	51037288.1439516
814	11.1838070544363	51159426.1332413
815	11.1952861372122	51281706.1768187
816	11.2067625065314	51404128.265076
817	11.2182361658446	51526692.3884158
818	11.2297071185946	51649398.5372523
819	11.2411753682154	50324143.8646824
820	11.2526409181327	50443693.9219817
821	11.264103771764	50563382.0043416
822	11.2755639325184	50683208.1024855
823	11.2870214037968	50803172.2071474
824	11.2984761889919	50923274.3090715
825	11.3099282914881	51043514.3990123
826	11.3213777146616	51163892.4677346
827	11.3328244618806	51284408.5060135
828	11.3442685365051	51405062.5046344
829	11.3557099418869	51525854.4543929
830	11.36714868137	51646784.3460944
831	11.3785847582902	51767852.1705553
832	11.3900181759752	51889057.9186012
833	11.4014489377451	52010401.5810687
834	11.4128770469115	52131883.1488038
835	11.4243025067787	52253502.6126631
836	11.4357253206425	52375259.9635129
837	11.4471454917914	52497155.1922297
838	11.4585630235057	52619188.2897001
839	11.4699779190581	52741359.2468207
840	11.4813901817134	52863668.0544977
841	11.4927998147288	52986114.7036477
842	11.5042068213534	53108699.1851971
843	11.5156112048291	53231421.4900819
844	11.52701296839	53354281.6092485
845	11.5384121152622	53477279.5336529
846	11.5498086486648	53600415.254261
847	11.5612025718087	53723688.7620483
848	11.5725938878976	53847100.0480006
849	11.5839826001278	53970649.1031129
850	11.5953687116877	54094335.9183903
851	11.6067522257584	54218160.4848476
852	11.6181331455137	54342122.7935093
853	11.6295114741197	54466222.8354094
854	11.6408872147353	54590460.6015921
855	11.652260370512	54714836.0831106
856	11.663630944594	54839349.2710282
857	11.6749989401178	54964000.1564176
858	11.6863643602132	55088788.7303612
859	11.6977272080022	55213714.9839509
860	11.7090874865999	55338778.9082882
861	11.7204451991141	55463980.494484
862	11.7318003486453	55589319.7336589
863	11.7431529382868	55714796.6169429
864	11.7545029711249	55840411.1354754
865	11.7658504502389	55966163.2804056
866	11.7771953787005	56092053.0428915
867	11.788537759575	56218080.414101
868	11.7998775959201	56344245.3852114
869	11.8112148907866	56470547.9474091
870	11.8225496472185	56596988.0918899
871	11.8338818682527	56723565.8098592
872	11.8452115569191	56850281.0925314
873	11.8565387162407	56977133.9311303
874	11.8678633492338	57104124.316889
875	11.8791854589074	57231252.24105
876	11.890505048264	57358517.6948645
877	11.901822120299	57485920.6695937
878	11.9131366780013	57613461.1565074
879	11.9244487243527	57741139.1468848
880	11.9357582623286	57868954.6320142
881	11.9470652948972	57996907.603193
882	11.9583698250202	58124998.0517277
883	11.9696718556528	58253225.9689342
884	11.9809713897433	58381591.3461371
885	11.9922684302333	58510094.1746702
886	12.0035629800578	58638734.4458764
887	12.0148550421454	58767512.1511076
888	12.026144619418	58896427.2817246
889	12.0374317147907	59025479.8290974
890	12.0487163311724	59154669.7846046
891	12.0599984714654	59283997.1396345
892	12.0712781385654	59413461.8855832
893	12.0825553353616	59543064.0138566
894	12.093830064737	59672803.5158694
895	12.1051023295678	59802680.3830449
896	12.116372132724	59932694.6068152
897	12.1276394770694	60062846.1786215
898	12.1389043654609	60193135.0899139
899	12.1501668007496	60323561.332151
900	12.1614267857801	60454124.8968003
901	12.1726843233904	60584825.7753381
902	12.1839394164126	60715663.9592495
903	12.1951920676726	60846639.4400282
904	12.2064422799894	60977752.2091767
905	12.2176900561766	61109002.2582062
906	12.2289353990411	61240389.5786366
907	12.2401783113838	61371914.1619965
908	12.2514187959992	61503575.9998227
909	12.2626568556762	61635375.0836616
910	12.273892493197	61767311.4050671
911	12.2851257113378	61899384.9556025
912	12.2963565128692	62031595.7268391
913	12.3075849005552	62163943.7103575
914	12.3188108771539	62296428.897746
915	12.3300344454175	62429051.2806018
916	12.3412556080921	62561810.8505309
917	12.3524743679178	62694707.5991474
918	12.3636907276289	62827741.5180737
919	12.3749046899536	61224143.6789764
920	12.386116257614	61353774.6223089
921	12.3973254333269	61483538.9277356
922	12.4085322198026	61613436.5871436
923	12.4197366197457	61743467.5924271
924	12.4309386358552	61873631.9354893
925	12.4421382708239	62003929.6082412
926	12.4533355273391	62134360.6026019
927	12.4645304080821	62264924.9104984
928	12.4757229157286	62395622.5238659
929	12.4869130529484	62526453.4346482
930	12.4981008224057	62657417.6347962
931	12.5092862267588	62788515.1162696
932	12.5204692686603	62919745.8710354
933	12.5316499507575	63051109.8910694
934	12.5428282756917	63182607.1683551
935	12.5540042460985	63314237.6948835
936	12.565177864608	63446001.4626541
937	11.877822344697	63577898.463674
938	11.8883708661349	63709928.6899586
939	11.8989171737142	63842092.1335309
940	11.9094612698982	63974388.7864216
941	11.9200031571445	64106818.6406702
942	11.9305428379055	64239381.6883227
943	11.9410803146287	64372077.9214341
944	11.9516155897562	64504907.3320665
945	11.9621486657249	64637869.9122902
946	11.9726795449667	64770965.6541831
947	11.9832082299081	64904194.5498311
948	11.993734722971	65037556.5913277
949	12.0042590265717	65171051.770774
950	12.0147811431216	65304680.0802793
951	12.0253010750271	65438441.5119604
952	12.0358188246894	65572336.0579412
953	12.0463343945048	65706363.7103544
954	12.0568477868644	65840524.4613398
955	12.0673590041545	65974818.3030447
956	12.0778680487564	66109245.2276242
957	12.0883749230464	66243805.2272415
958	12.0988796293956	66378498.2940664
959	12.1093821701705	66513324.4202771
960	12.1198825477325	66648283.5980595
961	12.1303807644381	66783375.8196067
962	12.140876822639	66918601.0771191
963	12.1513707246818	67053959.3628051
964	12.1618624729086	67189450.6688807
965	12.1723520696563	67325074.9875692
966	12.182839517257	67460832.3111012
967	12.1933248180383	67596722.6317152
968	12.2038079743225	67732745.9416571
969	12.2142889884276	67868902.2331801
970	12.2247678626665	68005191.4985449
971	12.2352445993474	68141613.7300195
972	12.2457192007739	68278168.9198798
973	12.2561916692448	68414857.0604087
974	12.2666620070539	68551678.1438962
975	12.2771302164906	68688632.1626405
976	12.2875962998398	68825719.1089466
977	12.2980602593812	68962938.9751267
978	12.3085220973904	69100291.753501
979	12.3189818161377	69237777.4363966
980	12.3294394178894	69375396.0161475
981	12.3398949049068	69513147.4850956
982	12.3503482794467	69651031.8355906
983	12.3607995437614	69789049.0599877
984	12.3712487000985	69927199.1506512
985	12.3816957507013	70065482.0999517
986	12.3921406978079	70203897.900267
987	12.4025835436526	70342446.5439827
988	12.4130242904648	70481128.0234911
989	12.4234629404696	70619942.3311915
990	12.4338994958873	70758889.459491
991	12.4443339589339	70897969.4008036
992	12.4547663318212	71037182.1475502
993	12.465196616756	71176527.6921593
994	12.4756248159409	71316006.027066
995	12.4860509315743	71455617.144713
996	12.49647496585	71595361.0375496
997	12.5068969209573	71735237.6980328
998	12.5173167990813	71875247.118626
999	12.5277346024025	72015389.2918001
1000	13.0135108698474	71474362.2419776
1001	12.5485639933377	72296071.8658097
