1	0.883437706153705	0.777930198399703
2	0.882084819157618	0.773317865573043
3	0.881216683380886	0.770199881316563
4	0.880573088040769	0.767806663146232
5	0.880060654232793	0.765853434956476
6	0.879634589445789	0.764193529867476
7	0.879269809010791	0.762742538531672
8	0.878950810356782	0.761463160393572
9	0.878667329324902	0.760306834339217
10	0.878412213343744	0.759250376599842
11	0.878180276743792	0.758283171525779
12	0.877967639018838	0.757390447660379
13	0.877771320183002	0.756556760016627
14	0.877590642812398	0.755774208171566
15	0.877423855215099	0.755036409985843
16	0.877267452899118	0.754343029642392
17	0.877120211585868	0.753687966337881
18	0.876981111653179	0.753064042153974
19	0.876849294905454	0.752468195097131
20	0.876724032190523	0.751897803273629
21	0.876604698752003	0.751350603570771
22	0.876490755200089	0.750824628399447
23	0.876381732630411	0.750323115037348
24	0.876277220850936	0.749840484218751
25	0.876176858968977	0.74937429897438
26	0.876080327792336	0.74892337992402
27	0.875987343640498	0.748486673044831
28	0.875897653263095	0.748063232328869
29	0.875811029636068	0.747652205357259
30	0.875727268459667	0.747252821219258
31	0.875646185222206	0.746864380331441
32	0.87556761272331	0.746489614247654
33	0.875491398972977	0.746125570619873
34	0.875417405400029	0.745770610418098
35	0.875345505316848	0.745424250548248
36	0.875275582597609	0.745086046384772
37	0.875207530535348	0.744755587747197
38	0.875141250849591	0.744432495392544
39	0.875076652821357	0.744116417945942
40	0.875013652536396	0.743807029205073
41	0.874952172220812	0.743504025764878
42	0.874892139655856	0.743207124917763
43	0.874833487660831	0.742916062791651
44	0.874776153634809	0.742633234672546
45	0.874720079149316	0.742356409074711
46	0.874665209585324	0.742084667624828
47	0.874611493808889	0.741817809298485
48	0.874558883880611	0.741555645064993
49	0.874507334794752	0.741297996940857
50	0.874456804244467	0.741044697135425
51	0.874407252410065	0.740795587278099
52	0.874358641767639	0.740550517717912
53	0.874310936915766	0.740309346887436
54	0.87426410441826	0.740071940724053
55	0.874218112661224	0.739838172142436
56	0.874172931722879	0.739607920552907
57	0.874128533254809	0.739381071420909
58	0.874084890373453	0.739157515863468
59	0.874041977560798	0.738937726878401
60	0.873999770573345	0.738722972652212
61	0.873958246358543	0.738511180950131
62	0.873917382977964	0.73830226311904
63	0.873877159536578	0.73809613453196
64	0.873837556117555	0.73789271434494
65	0.873798553722078	0.737691925272149
66	0.873760134213726	0.737493693377555
67	0.873722280267	0.737297947881729
68	0.873684975319641	0.737104620982487
69	0.873648203528397	0.736913647688163
70	0.873611949727959	0.736724965662494
71	0.873576199392778	0.736538515080115
72	0.873540938601542	0.736354238491836
73	0.873506154004085	0.736172080698888
74	0.873471832790529	0.735991988635446
75	0.873437962662486	0.735813911258765
76	0.873404531806152	0.735637799446357
77	0.87337152886715	0.735463605899656
78	0.873338942926986	0.735291285053703
79	0.873306763480994	0.735121262689303
80	0.873274980417659	0.7349544938198
81	0.873243583999214	0.734789450499577
82	0.873212564843428	0.734626093752692
83	0.87318191390648	0.734464385945394
84	0.873151622466861	0.73430429072442
85	0.873121682110217	0.734145772958815
86	0.873092084715075	0.733988798685051
87	0.873062822439396	0.73383333505521
88	0.873033887707874	0.73367935028803
89	0.873005273199969	0.733526813622632
90	0.872976971838591	0.733375695274739
91	0.872948976779411	0.733225966395244
92	0.87292128140075	0.733077599030961
93	0.872893879294015	0.732930566087434
94	0.872866764254639	0.732784841293666
95	0.872839930273503	0.732640399168656
96	0.872813371528798	0.732497214989633
97	0.872787082378313	0.732355264761876
98	0.872761057352111	0.732214525190038
99	0.872735291145578	0.732074973650877
100	0.872714134039233	0.731938073011417
101	0.872684514760374	0.731799347383723
102	0.872659494741262	0.731663230542446
103	0.872634713849281	0.731528217461354
104	0.872610167513618	0.731394288512504
105	0.872585851293684	0.731262763117385
106	0.872561760874217	0.731132443990214
107	0.872537892060599	0.731003141549765
108	0.872514240774393	0.730874838390278
109	0.87249080304909	0.730747517561929
110	0.872467575026039	0.730621162554838
111	0.87244455295057	0.730495757283774
112	0.872421733168285	0.730371286073519
113	0.872399112121514	0.730247733644874
114	0.872376686345926	0.730125085101249
115	0.872354452467287	0.730003325915828
116	0.872332407198359	0.72988244191927
117	0.872310547335931	0.729762419287915
118	0.872288869757973	0.729643244532491
119	0.872267371420914	0.72952490448726
120	0.872246049357029	0.729407386299627
121	0.87222490067194	0.72929067742015
122	0.872203922542209	0.729174765592955
123	0.872183112213041	0.729059638846526
124	0.872162466996068	0.728945285484864
125	0.872141984267233	0.728831694078977
126	0.872121661464747	0.72871885345871
127	0.872101496087133	0.728606752704884
128	0.872081485691347	0.728495381141728
129	0.872061627890965	0.728384728329604
130	0.872041920354448	0.728274784058
131	0.872022360803466	0.728165538338783
132	0.872002947011291	0.728056981399702
133	0.871983676801249	0.727949103678128
134	0.871964548045224	0.727841895815016
135	0.871945558662228	0.727735348649096
136	0.871926706617011	0.727629549962374
137	0.871907989918735	0.727525482396976
138	0.871889406619685	0.727422042035757
139	0.871870954814031	0.727319220549215
140	0.871852632636635	0.727217009777551
141	0.871834438261898	0.727115401726028
142	0.871816369902647	0.727014388560491
143	0.871798425809068	0.726913962603033
144	0.871780604267662	0.726814116327812
145	0.871762903600253	0.726714842357009
146	0.871745322163018	0.726616133456917
147	0.871727858345555	0.72651798253416
148	0.871710510569982	0.726420382632039
149	0.871693277290067	0.726323326926993
150	0.871676156990383	0.726226808725181
151	0.871659148185496	0.726130821459164
152	0.871642249419177	0.726035358684701
153	0.87162545926364	0.725940414077648
154	0.871608776318804	0.725845981430946
155	0.871592199211583	0.725752054651712
156	0.871575726595189	0.725658627758416
157	0.871559357148471	0.72556569487815
158	0.871543089575263	0.72547325024397
159	0.871526922603755	0.725381288192337
160	0.871510854985893	0.725289803160618
161	0.87149488549678	0.725198789684672
162	0.871479012934116	0.725108242396509
163	0.871463236117636	0.725018156022012
164	0.871447553888581	0.724928525378733
165	0.871431965109171	0.724839345373753
166	0.871416468662106	0.724750611001599
167	0.871401063450074	0.724662317342229
168	0.871385748395279	0.724574459559071
169	0.871370522438976	0.724487032897119
170	0.871355384541026	0.724400032681085
171	0.871340333679465	0.724313454313601
172	0.871325557065517	0.724227293273472
173	0.87131097624097	0.724141545113982
174	0.871296477817237	0.724056205461242
175	0.871282060859816	0.723971270012586
176	0.871267724450065	0.723887296606371
177	0.871253467684849	0.72380409540294
178	0.871239289676191	0.723721281538891
179	0.871225189550934	0.723638851026255
180	0.871211166450412	0.72355679994019
181	0.871197219530129	0.723475124417641
182	0.871183347959455	0.723393820656026
183	0.871169550921314	0.723312884911968
184	0.871155827611899	0.723232313500051
185	0.871142177240378	0.723152102791615
186	0.871128599028624	0.723072249213582
187	0.871115092210936	0.722992749247305
188	0.871101656033781	0.722913599427458
189	0.871088289755533	0.722834796340946
190	0.871074992646227	0.722756336625849
191	0.871061763987312	0.722678216970384
192	0.871048603071415	0.722600434111905
193	0.871035509202112	0.722522984835917
194	0.871022481693699	0.722445865975125
195	0.871009519870977	0.722369074408497
196	0.870996623069031	0.722292607060355
197	0.870983790633033	0.722216460899493
198	0.870971021918029	0.722140632938305
199	0.870958316288744	0.722065120231945
200	0.870945673119391	0.721989919877503
201	0.87093309179348	0.721915029013199
202	0.870920571703635	0.721840444817601
203	0.870908112251418	0.721766164508861
204	0.870895712847149	0.721692185343961
205	0.87088337290974	0.72161850461799
206	0.870871091866526	0.721545119663429
207	0.870858869153103	0.721472027849455
208	0.87084670421317	0.721399226581261
209	0.870834596498378	0.721326713299393
210	0.87082254546817	0.721254485479101
211	0.870810550589644	0.721182540629708
212	0.870798611337401	0.721110876293986
213	0.870786727193408	0.721039490047556
214	0.870774897646863	0.720968379498294
215	0.870763122194055	0.720897542285753
216	0.870751400338238	0.720826976080602
217	0.8707397315895	0.720756678584067
218	0.870728115464641	0.720686647527398
219	0.870716551487047	0.720616880671337
220	0.870705039186575	0.720547375805604
221	0.870693578099431	0.720478130748388
222	0.870682167768061	0.720409143345858
223	0.870670807741036	0.720340411471678
224	0.870659497572945	0.720271970386833
225	0.870648236824286	0.72020449745686
226	0.870637025061365	0.720137271080893
227	0.87062586185619	0.720070289260284
228	0.870614746786376	0.720003550021339
229	0.870603679435042	0.719937051414895
230	0.870592659390721	0.719870791515909
231	0.870581686247261	0.719804768423059
232	0.870570759603739	0.71973898025835
233	0.870559879064367	0.719673425166725
234	0.870549044238409	0.719608101315691
235	0.87053825474009	0.719543006894948
236	0.870527510188517	0.719478140116026
237	0.870516810207593	0.719413499211934
238	0.87050615442594	0.719349082436807
239	0.870495542476818	0.719284888065569
240	0.870484973998048	0.719220914393602
241	0.87047444863194	0.719157159736412
242	0.870463966025211	0.719093622429316
243	0.870453525828923	0.719030300827124
244	0.870443127698405	0.718967193303833
245	0.870432771293185	0.718904298252325
246	0.870422456276922	0.718841614084072
247	0.870412182317341	0.718779139228844
248	0.870401949086165	0.71871687213443
249	0.870391756259054	0.718654811266354
250	0.870381603515539	0.718592955107603
251	0.870371490538963	0.718531302158364
252	0.870361417016419	0.718469850935753
253	0.870351382638691	0.718408599973565
254	0.870341387100198	0.718347547822018
255	0.870331430098936	0.718286693047504
256	0.87032151133642	0.718226034232348
257	0.870311630517634	0.718165569974567
258	0.870301787350974	0.718105298887638
259	0.870291981548196	0.718045219600269
260	0.870282212824366	0.717985330756171
261	0.870272480897805	0.717925631013835
262	0.870262785490048	0.717866119046323
263	0.870253126325786	0.717806793541045
264	0.870243503132823	0.717747653199555
265	0.870233915642031	0.717688696737346
266	0.870224363587298	0.717629922883648
267	0.87021484670549	0.717571330381225
268	0.870205364736401	0.717512917986188
269	0.870195917422713	0.717454684467801
270	0.87018650450995	0.71739662860829
271	0.870177125746442	0.717338749202666
272	0.870167780883277	0.717281045058538
273	0.870158469674267	0.717223514995938
274	0.870149191875903	0.717166157847145
275	0.870139947247319	0.717108972456518
276	0.870130735550253	0.71705195768032
277	0.870121556549013	0.716995112386562
278	0.870112410010432	0.716938435454829
279	0.870103295703841	0.716881925776134
280	0.870094213401028	0.716825582252746
281	0.870085162876204	0.716769403798051
282	0.870076143905969	0.716713389336385
283	0.870067156269282	0.7166575378029
284	0.870058199747419	0.716602392709861
285	0.870049274123951	0.716547472344985
286	0.870040379184705	0.716492710026215
287	0.870031514717734	0.716438104741706
288	0.870022680513289	0.716383655489602
289	0.870013876363785	0.716329361277902
290	0.870005102063774	0.716275221124334
291	0.869996357409915	0.716221234056225
292	0.869987642200943	0.716167399110369
293	0.869978956237644	0.716113715332911
294	0.869970299322826	0.716060181779219
295	0.869961671261292	0.716006797513766
296	0.86995307185981	0.71595356161001
297	0.869944500927093	0.71590047315028
298	0.869935958273766	0.715847531225659
299	0.869927443712347	0.715794734935873
300	0.869918957057214	0.71574208338918
301	0.869910498124591	0.715689575702259
302	0.869902066732513	0.715637211000106
303	0.869893662700808	0.715584988415925
304	0.869885285851074	0.715532907091029
305	0.869876936006652	0.71548096617473
306	0.869868612992606	0.715429164824245
307	0.869860316635701	0.715377502204597
308	0.86985204676438	0.715325977488512
309	0.869843803208741	0.715274589856329
310	0.869835585800519	0.7152233384959
311	0.869827394373062	0.715172222602505
312	0.869819228761312	0.71512124137875
313	0.869811088801785	0.715070394034485
314	0.869802974332549	0.715019679786714
315	0.869794885193207	0.714969097859504
316	0.869786821224875	0.714918647483903
317	0.869778782270165	0.714868327897852
318	0.869770768173166	0.714818138346105
319	0.869762778779425	0.714768078080145
320	0.869754813935927	0.714718146358101
321	0.869746873491083	0.714668342444673
322	0.869738957294704	0.71461866561105
323	0.869731065197992	0.714569115134834
324	0.869723197053517	0.714519690299964
325	0.869715352715202	0.71447039039664
326	0.869707532038308	0.714421214721251
327	0.869699734879416	0.714372162576299
328	0.869691961096411	0.714323233270332
329	0.869684210548468	0.714274426117867
330	0.869676483096032	0.714225740439329
331	0.869668778600809	0.714177175560974
332	0.869661096925746	0.714128730814824
333	0.869653437935019	0.714080405538604
334	0.869645801494015	0.714032199075673
335	0.869638187469321	0.713984110774959
336	0.869630595728708	0.713936139990897
337	0.869623026141119	0.713888286083363
338	0.869615478576652	0.713840548417619
339	0.869607952906548	0.713792926364243
340	0.869600449003179	0.713745419299076
341	0.869592966740032	0.713698026603158
342	0.869585505991698	0.713650747662673
343	0.869578066633859	0.713603581868888
344	0.869570648543274	0.713556528618098
345	0.86956325159777	0.713509587311573
346	0.869555875676223	0.713462757355495
347	0.869548520658556	0.713416038160911
348	0.869541186425715	0.713369429143675
349	0.869533872859668	0.713322929724398
350	0.869526579843387	0.713276539328392
351	0.869519307260839	0.713230257385622
352	0.869512054996974	0.713184083330654
353	0.869504822937715	0.713138016602604
354	0.869497610969945	0.713092056645088
355	0.869490418981498	0.713046405172622
356	0.869483246861148	0.71300115417534
357	0.869476094498598	0.712956007163752
358	0.86946896178447	0.712910963604854
359	0.869461848610294	0.71286602296986
360	0.8694547548685	0.712821184734155
361	0.869447680452407	0.712776448377253
362	0.869440625256212	0.712731813382754
363	0.86943358917498	0.712687279238297
364	0.869426572104638	0.71264284543552
365	0.869419573941965	0.712598511470018
366	0.869412594584576	0.712554276841299
367	0.869405633930922	0.712510141052746
368	0.869398691880278	0.712466103611576
369	0.869391768332728	0.712422164028797
370	0.869384863189168	0.712378321819172
371	0.869377976351285	0.71233457650118
372	0.869371107721557	0.712290927596975
373	0.869364257203243	0.712247374632351
374	0.86935742470037	0.712203917136701
375	0.86935061011773	0.712160554642985
376	0.869343813360873	0.71211728668769
377	0.86933703433609	0.712074112810794
378	0.869330272950418	0.712031032555733
379	0.86932352911162	0.711988045469362
380	0.869316802728188	0.711945151101926
381	0.869310093709326	0.71190234900702
382	0.869303401964948	0.711859638741558
383	0.869296727405672	0.71181701986574
384	0.869290069942806	0.711774491943021
385	0.86928342948835	0.711732054540071
386	0.869276805954979	0.711689707226753
387	0.869270199256044	0.711647449576083
388	0.869263609305561	0.711605281164204
389	0.869257036018206	0.711563201570354
390	0.869250479309306	0.711521210376831
391	0.869243939094836	0.711479307168971
392	0.869237415291407	0.711437491535112
393	0.869230907816266	0.711395763066566
394	0.869224416587285	0.711354121357591
395	0.869217941522956	0.711312566005362
396	0.869211482542385	0.711271096609942
397	0.869205039565286	0.711229712774256
398	0.869198612511973	0.71118841410406
399	0.869192201303359	0.711147200207916
400	0.869185805860942	0.711106070697166
401	0.869179426106808	0.711065025185903
402	0.869173061963619	0.711024063290946
403	0.869166713354609	0.710983184631813
404	0.869160380203579	0.710942388830697
405	0.869154062434892	0.710901675512439
406	0.869147759973466	0.710861044304504
407	0.869141472744768	0.710820494836956
408	0.869135200674812	0.710780026742433
409	0.869128943690148	0.710739639656123
410	0.869122701717865	0.710699333215741
411	0.869116474685576	0.710659107061502
412	0.869110262521422	0.710618960836105
413	0.869104065154061	0.7105788941847
414	0.869097882512665	0.710538906754875
415	0.869091714526915	0.710498998196625
416	0.869085561126995	0.710459168162337
417	0.869079422243591	0.710419416306761
418	0.869073297807881	0.710379742286995
419	0.869067187751533	0.710340145762458
420	0.869061092006702	0.710300626394873
421	0.869055010506021	0.710261183848242
422	0.869048943182602	0.71022181778883
423	0.869042889970026	0.710182527885138
424	0.869036850802341	0.71014331380789
425	0.869030825614061	0.710104175230007
426	0.869024814340154	0.710065111826591
427	0.869018816916046	0.710026123274903
428	0.869012833277609	0.709987209254345
429	0.869006863361165	0.709948369446439
430	0.869000907103475	0.709909603534811
431	0.868994964441737	0.709870911205171
432	0.868989035313585	0.709832292145293
433	0.868983119657079	0.709793746044996
434	0.868977217410708	0.709755272596132
435	0.868971328513381	0.709716871492561
436	0.868965452904425	0.709678542430135
437	0.868959590523581	0.709640285106684
438	0.868953741310999	0.709602099221995
439	0.868947905207239	0.709563984477796
440	0.868942082153259	0.709525940577738
441	0.868936272090421	0.70948824960487
442	0.868930474960479	0.709450754983598
443	0.86892469070558	0.709413329574811
444	0.868918919268261	0.709375973092805
445	0.868913160591443	0.709338685253695
446	0.868907414618427	0.709301465775406
447	0.868901681292895	0.709264314377653
448	0.868895960558903	0.709227230781924
449	0.868890252360876	0.709190214711472
450	0.868884556643612	0.709153265891293
451	0.868878873352269	0.709116384048111
452	0.86887320243237	0.70907956891037
453	0.868867543829796	0.709042820208214
454	0.868861897490782	0.709006137673473
455	0.868856263361918	0.70896952103965
456	0.86885064139014	0.708932970041906
457	0.868845031522732	0.708896484417048
458	0.868839433707322	0.708860063903513
459	0.868833847891877	0.708823708241354
460	0.868828274024701	0.708787417172231
461	0.868822712054432	0.708751190439389
462	0.868817161930042	0.708715027787656
463	0.868811623600829	0.708678928963419
464	0.868806097016418	0.708642893714618
465	0.868800582126757	0.708606921790733
466	0.868795078882113	0.708571012942766
467	0.868789587233073	0.708535166923235
468	0.868784107130535	0.708499383486156
469	0.868778638525714	0.708463662387035
470	0.86877318137013	0.708428003382854
471	0.868767735615613	0.708392406232058
472	0.868762301214295	0.708356870694545
473	0.868756878118612	0.708321396531654
474	0.868751466281298	0.70828598350615
475	0.868746065655383	0.708250631382219
476	0.868740676194192	0.708215339925448
477	0.868735297851342	0.708180108902824
478	0.868729930580739	0.708144938082711
479	0.868724574336575	0.70810982723485
480	0.868719229073328	0.708074776130341
481	0.868713894745758	0.708039784541635
482	0.868708571308904	0.70800485224252
483	0.868703258718083	0.707969979008117
484	0.868697956928887	0.707935164614861
485	0.868692665897182	0.707900408840497
486	0.868687385579102	0.707865711464068
487	0.868682115931054	0.707831072265904
488	0.868676856909707	0.70779649102761
489	0.868671608471997	0.70776196753206
490	0.86866637057512	0.707727501563385
491	0.868661143176534	0.707693092906964
492	0.868655926233954	0.707658741349411
493	0.868650719705349	0.707624446678571
494	0.868645523548943	0.707590208683505
495	0.868640337723214	0.707556027154484
496	0.868635162186886	0.707521901882979
497	0.868629996898931	0.707487832661651
498	0.868624841818569	0.70745381928434
499	0.868619696905261	0.707419861546062
500	0.868614562118712	0.707385959242993
501	0.868609437418865	0.707352112172464
502	0.868604322765902	0.707318320132952
503	0.86859921812024	0.707284582924069
504	0.868594123442532	0.707250900346555
505	0.868589038693661	0.707217272202272
506	0.868583963834742	0.707183698294189
507	0.868578898827117	0.70715017842638
508	0.868573843632358	0.707116712404012
509	0.868568798212259	0.707083300033338
510	0.868563762528838	0.707049941121689
511	0.868558736544336	0.707016635477464
512	0.868553720221213	0.706983382910126
513	0.868548713522146	0.706950183230189
514	0.868543716410032	0.706917036249214
515	0.868538728847977	0.706883941779801
516	0.868533750799306	0.706850899635577
517	0.868528782227552	0.706817909631195
518	0.868523823096459	0.70678497158232
519	0.86851887336998	0.706752085305626
520	0.868513933012272	0.706719250618788
521	0.868509001987701	0.70668646734047
522	0.868504080260833	0.706653735290325
523	0.868499167796439	0.706621054288983
524	0.868494264559487	0.706588424158044
525	0.868489370515146	0.706555844720071
526	0.868484485628783	0.706523315798587
527	0.868479609865961	0.706490837218062
528	0.868474743192434	0.706458408803909
529	0.868469885574154	0.70642603038248
530	0.868465036977261	0.706393701781051
531	0.868460197368086	0.706361422827826
532	0.868455366713149	0.706329193351921
533	0.868450544979157	0.706297013183364
534	0.868445732133004	0.706264882153083
535	0.868440928141766	0.706232800092904
536	0.868436132972704	0.706200766835543
537	0.868431346593261	0.706168782214598
538	0.868426568971059	0.706136846064547
539	0.868421800073901	0.706104958220735
540	0.868417039869764	0.706073118519375
541	0.868412288326807	0.706041326797537
542	0.86840754541336	0.706009582893144
543	0.868402811097927	0.70597810894412
544	0.868398085349187	0.705946798564666
545	0.868393368135988	0.705915535015395
546	0.86838865942735	0.705884318139277
547	0.86838395919246	0.705853147780097
548	0.868379267400674	0.705822023782447
549	0.868374584021514	0.705790945991722
550	0.868369909024668	0.705759914254114
551	0.868365242379985	0.705728928416608
552	0.86836058405748	0.705697988326974
553	0.868355934027329	0.705667093833763
554	0.868351292259867	0.705636244786299
555	0.868346658725591	0.70560544103468
556	0.868342033395154	0.705574682429765
557	0.868337416239366	0.705543968823174
558	0.868332807229193	0.705513300067281
559	0.868328206335759	0.705482676015207
560	0.868323613530337	0.705452096520819
561	0.868319028784356	0.705421561438721
562	0.868314452069394	0.705391070624253
563	0.868309883357183	0.705360623933481
564	0.8683053226196	0.705330221223195
565	0.868300769828675	0.705299862350904
566	0.868296224956581	0.705269547174832
567	0.868291687975639	0.705239275553912
568	0.868287158858318	0.705209047347778
569	0.868282637577227	0.705178862416766
570	0.868278124105121	0.705148720621908
571	0.868273618414895	0.705118621824924
572	0.868269120479588	0.705088565888219
573	0.868264630272377	0.70505855267488
574	0.868260147766579	0.705028582048671
575	0.86825567293565	0.704998653874026
576	0.868251205753182	0.704968768016048
577	0.868246746192906	0.704938924340501
578	0.868242294228685	0.704909122713809
579	0.868237849834519	0.704879363003049
580	0.868233412984541	0.704849645075949
581	0.868228983653017	0.704819968800882
582	0.868224561814344	0.704790334046861
583	0.868220147443051	0.704760740683538
584	0.868215740513795	0.704731188581196
585	0.868211341001366	0.704701677610748
586	0.868206948880677	0.704672207643731
587	0.868202564126774	0.704642778552302
588	0.868198186714824	0.704613390209234
589	0.868193816620125	0.704584042487915
590	0.868189453818095	0.704554735262338
591	0.86818509828428	0.704525468407102
592	0.868180749994346	0.704496241797408
593	0.868176408924084	0.704467055309052
594	0.868172075049403	0.704437908818421
595	0.868167748346338	0.704408802202494
596	0.868163428791038	0.704379735338835
597	0.868159116359775	0.704350708105587
598	0.868154811028938	0.704321720381473
599	0.868150512775034	0.704292772045789
600	0.868146221574686	0.704263862978401
601	0.868141937404633	0.704234993059742
602	0.86813766024173	0.704206162170809
603	0.868133390062945	0.704177370193156
604	0.868129126845362	0.704148617008895
605	0.868124870566175	0.704119902500691
606	0.868120621202693	0.704091226551755
607	0.868116378732334	0.704062589045845
608	0.868112143132629	0.704033989867263
609	0.868107914381216	0.704005428900846
610	0.868103692455846	0.703976906031967
611	0.868099477334376	0.703948421146534
612	0.86809526899477	0.703919974130978
613	0.868091067415103	0.70389156487226
614	0.868086872573553	0.703863193257861
615	0.868082684448405	0.70383485917578
616	0.868078503018048	0.703806562514531
617	0.868074328260978	0.703778303163143
618	0.868070160155792	0.703750081011152
619	0.868065998681192	0.703721895948598
620	0.86806184381598	0.703693747866028
621	0.868057695539063	0.703665636654484
622	0.868053553829447	0.703637562205508
623	0.868049418666238	0.703609524411135
624	0.868045290028644	0.703581523163888
625	0.868041167895969	0.70355355835678
626	0.868037052247619	0.703525629883307
627	0.868032943063096	0.703497737637447
628	0.868028840322	0.703469881513657
629	0.868024744004026	0.703442061406869
630	0.868020654088967	0.703414277212487
631	0.868016570556712	0.703386528826385
632	0.868012493387241	0.703358816144906
633	0.868008422560633	0.703331139064854
634	0.868004358057059	0.703303497483498
635	0.868000299856781	0.703275891298562
636	0.867996247940156	0.703248320408227
637	0.867992202287633	0.703220784711128
638	0.86798816287975	0.70319328410635
639	0.867984129697138	0.703165818493424
640	0.867980102720517	0.703138387772328
641	0.867976081930698	0.703110991843481
642	0.86797206730858	0.703083630607742
643	0.867968058835151	0.703056303966407
644	0.867964056491486	0.703029011821206
645	0.867960060258749	0.703001754074301
646	0.86795607011819	0.702974530628284
647	0.867952086051145	0.702947341386172
648	0.867948108039038	0.702920186251407
649	0.867944136063374	0.702893065127855
650	0.867940170105749	0.702865977919796
651	0.867936210147837	0.702838924531932
652	0.8679322561714	0.702811904869375
653	0.867928308158282	0.702784918837652
654	0.867924366090409	0.702757966342697
655	0.86792042994979	0.702731047290853
656	0.867916499718516	0.702704161588865
657	0.867912575378758	0.702677309143884
658	0.86790865691277	0.702650489863458
659	0.867904744302885	0.702623703655532
660	0.867900837531514	0.702596950428449
661	0.867896936581151	0.702570230090944
662	0.867893041434365	0.70254354255214
663	0.867889152073807	0.702516893838325
664	0.867885268482204	0.702490554074467
665	0.867881390642359	0.702464246493904
666	0.867877518537155	0.702437971008249
667	0.867873652149549	0.702411727529492
668	0.867869791462576	0.702385515969993
669	0.867865936459346	0.702359336242487
670	0.867862087123043	0.702333188260076
671	0.867858243436926	0.702307071936229
672	0.86785440538433	0.70228098718478
673	0.867850572948663	0.702254933919927
674	0.867846746113404	0.702228912056227
675	0.867842924862109	0.702202921508597
676	0.867839109178403	0.70217696219231
677	0.867835299045985	0.702151034022993
678	0.867831494448626	0.702125136916628
679	0.867827695370167	0.702099270789544
680	0.86782390179452	0.702073435558422
681	0.867820113705667	0.702047631140288
682	0.867816331087663	0.702021857452514
683	0.867812553924628	0.701996114412812
684	0.867808782200756	0.701970401939238
685	0.867805015900305	0.701944719950185
686	0.867801255007604	0.701919068364385
687	0.867797499507052	0.701893447100903
688	0.867793749383111	0.701867856079137
689	0.867790004620313	0.701842295218821
690	0.867786265203257	0.701816764440012
691	0.867782531116608	0.7017912636631
692	0.867778802345095	0.701765792808799
693	0.867775078873517	0.701740351798148
694	0.867771360686735	0.701714940552505
695	0.867767647769675	0.701689558993554
696	0.867763940107329	0.701664207043294
697	0.867760237684753	0.701638884624042
698	0.867756540487065	0.70161359165843
699	0.867752848499449	0.701588328069405
700	0.86774916170715	0.701563093780225
701	0.867745480095478	0.701537888714457
702	0.867741803649803	0.701512712795979
703	0.867738132355558	0.701487565948974
704	0.867734466198238	0.701462448097929
705	0.8677308051634	0.701437359167638
706	0.86772714923666	0.701412299083194
707	0.867723498403695	0.701387267769991
708	0.867719852650245	0.701362265153721
709	0.867716211962106	0.701337291160375
710	0.867712576325137	0.701312345716235
711	0.867708945725254	0.701287428747882
712	0.867705320148433	0.701262540182186
713	0.867701699580709	0.701237679946308
714	0.867698084008175	0.701212847967698
715	0.867694473416981	0.701188044174093
716	0.867690867793336	0.701163268493519
717	0.867687267123505	0.701138520854282
718	0.867683671393811	0.701113801184973
719	0.867680080590634	0.701089109414466
720	0.86767649470041	0.701064445471911
721	0.86767291370963	0.70103980928674
722	0.867669337604843	0.701015200788659
723	0.867665766372651	0.700990619907653
724	0.867662199999713	0.700966066573976
725	0.867658638472742	0.70094154071816
726	0.867655081778506	0.700917042271004
727	0.867651529903827	0.700892571163579
728	0.867647982835581	0.700868127327222
729	0.867644440560697	0.700843710693538
730	0.867640903066159	0.7008193211944
731	0.867637370339003	0.70079495876194
732	0.867633842366316	0.700770623328557
733	0.867630319135242	0.700746314826908
734	0.867626800632974	0.700722033189912
735	0.867623286846756	0.700697778350746
736	0.867619777763887	0.700673550242844
737	0.867616273371715	0.700649348799895
738	0.867612773657639	0.700625173955846
739	0.867609278609111	0.700601025644892
740	0.86760578821363	0.700576903801485
741	0.86760230245875	0.700552808360323
742	0.86759882133207	0.700528739256357
743	0.867595344821242	0.700504696424784
744	0.867591872913967	0.700480679801047
745	0.867588405597994	0.700456689320838
746	0.867584942861123	0.700432724920089
747	0.8675814846912	0.700408786534978
748	0.867578031076121	0.700384874101923
749	0.867574582003831	0.700360987557583
750	0.867571137462322	0.700337126838855
751	0.867567697439633	0.700313291882878
752	0.867564261923851	0.700289482627022
753	0.86756083090311	0.700265699008898
754	0.867557404365592	0.700241940966347
755	0.867553982299524	0.700218208437446
756	0.867550564693181	0.700194501360504
757	0.867547151534882	0.700170819674058
758	0.867543742812994	0.700147163316879
759	0.86754033851593	0.700123532227962
760	0.867536938632146	0.700099926346533
761	0.867533543150145	0.700076345612043
762	0.867530152058475	0.700052789964167
763	0.867526765345728	0.700029259342804
764	0.867523383000541	0.700005753688078
765	0.867520005011596	0.699982272940333
766	0.867516631367617	0.699958817040134
767	0.867513262057374	0.699935385928264
768	0.867509897069678	0.699911979545727
769	0.867506536393387	0.699888597833743
770	0.867503180017399	0.699865240733749
771	0.867499827930656	0.699841908187394
772	0.867496480122143	0.699818600136545
773	0.867493136580888	0.699795316523281
774	0.867489797295959	0.699772057289891
775	0.867486462256468	0.699748822378878
776	0.86748313145157	0.699725611732952
777	0.867479804870457	0.699702425295033
778	0.867476482502368	0.699679263008249
779	0.867473164336579	0.699656124815935
780	0.86746985036241	0.699633010661632
781	0.867466540569218	0.699609920489083
782	0.867463234946405	0.699586854242238
783	0.867459933483411	0.699563811865249
784	0.867456636169715	0.699540793302469
785	0.867453342994839	0.699517798498453
786	0.867450053948342	0.699494827397953
787	0.867446769019823	0.699471879945923
788	0.867443488198923	0.699448956087512
789	0.867440211475319	0.69942605576807
790	0.867436938838727	0.699403178933139
791	0.867433670278905	0.699380325528457
792	0.867430405785646	0.699357495499958
793	0.867427145348782	0.699334688793765
794	0.867423888958186	0.699311905356197
795	0.867420636603765	0.699289145133763
796	0.867417388275466	0.699266408073162
797	0.867414143963274	0.699243694121283
798	0.867410903657211	0.699221003225202
799	0.867407667347334	0.699198335332185
800	0.867404435023741	0.699175690389682
801	0.867401206676564	0.699153068345332
802	0.867397982295973	0.699130469146955
803	0.867394761872173	0.699107892742558
804	0.867391545395406	0.69908533908033
805	0.867388332855953	0.699062880483436
806	0.867385124244125	0.699040609176774
807	0.867381919550275	0.69901836022008
808	0.867378718764787	0.698996133562803
809	0.867375521878083	0.698973929154573
810	0.867372328880619	0.698951746945194
811	0.867369139762887	0.698929586884644
812	0.867365954515414	0.698907448923077
813	0.867362773128759	0.698885333010822
814	0.86735959559352	0.698863239098377
815	0.867356421900326	0.698841167136417
816	0.867353252039841	0.698819117075783
817	0.867350086002765	0.698797088867491
818	0.867346923779829	0.698775082462722
819	0.8673437653618	0.698753097812831
820	0.867340610739476	0.698731134869335
821	0.867337459903692	0.698709193583924
822	0.867334312845313	0.698687273908452
823	0.867331169555239	0.698665375794937
824	0.867328030024402	0.698643499195564
825	0.867324894243767	0.698621644062681
826	0.867321762204332	0.698599810348801
827	0.867318633897127	0.698577998006598
828	0.867315509313214	0.698556206988909
829	0.867312388443689	0.69853443724873
830	0.867309271279676	0.69851268873922
831	0.867306157812335	0.698490961413696
832	0.867303048032856	0.698469255225634
833	0.86729994193246	0.69844757012867
834	0.867296839502401	0.698425906076594
835	0.867293740733962	0.698404263023356
836	0.867290645618459	0.69838264092306
837	0.867287554147238	0.698361039729965
838	0.867284466311676	0.698339459398487
839	0.86728138210318	0.698317899883194
840	0.867278301513189	0.698296361138806
841	0.867275224533171	0.698274843120198
842	0.867272151154624	0.698253345782396
843	0.867269081369078	0.698231869080576
844	0.867266015168092	0.698210412970065
845	0.867262952543252	0.698188977406339
846	0.867259893486179	0.698167562345026
847	0.867256837988518	0.698146167741898
848	0.867253786041948	0.698124793552877
849	0.867250737638174	0.698103439734033
850	0.867247692768931	0.698082106241581
851	0.867244651425984	0.698060793031881
852	0.867241613601125	0.698039500061439
853	0.867238579286177	0.698018227286905
854	0.86723554847299	0.697996974665073
855	0.867232521153442	0.697975742152881
856	0.86722949731944	0.697954529707408
857	0.867226476962919	0.697933337285874
858	0.867223460075843	0.697912164845644
859	0.867220446650202	0.697891012344218
860	0.867217436678015	0.697869879739241
861	0.867214430151329	0.697848766988494
862	0.867211427062217	0.697827674049899
863	0.867208427402781	0.697806600881514
864	0.867205431165149	0.697785547441536
865	0.867202438341477	0.697764513688298
866	0.867199448923948	0.697743499580269
867	0.867196462904771	0.697722505076054
868	0.867193480276183	0.697701530134394
869	0.867190501030446	0.697680574714162
870	0.867187525159849	0.697659638774368
871	0.86718455265671	0.697638722274152
872	0.867181583513369	0.697617825172789
873	0.867178617722195	0.697596947429685
874	0.867175655275583	0.697576089004379
875	0.867172696165952	0.697555249856539
876	0.867169740385749	0.697534429945963
877	0.867166787927445	0.697513629232582
878	0.867163838783537	0.697492847676452
879	0.867160892946549	0.69747208523776
880	0.867157950409028	0.697451341876823
881	0.867155011163547	0.697430617554081
882	0.867152075202705	0.697409912230104
883	0.867149142519125	0.697389225865588
884	0.867146213105456	0.697368558421355
885	0.867143286954369	0.697347909858351
886	0.867140364058564	0.697327280137649
887	0.867137444410761	0.697306669220443
888	0.867134528003708	0.697286077068055
889	0.867131614830176	0.697265503641927
890	0.867128704882959	0.697244948903624
891	0.867125798154877	0.697224412814835
892	0.867122894638774	0.697203895337368
893	0.867119994327515	0.697183396433154
894	0.867117097213993	0.697162916064243
895	0.867114203291122	0.697142454192807
896	0.867111312551839	0.697122010781136
897	0.867108424989107	0.69710158579164
898	0.867105540595911	0.697081179186847
899	0.867102659365259	0.697060790929402
900	0.867099781290182	0.69704042098207
901	0.867096906363735	0.69702006930773
902	0.867094034578995	0.69699973586938
903	0.867091165929062	0.696979420630132
904	0.86708830040706	0.696959123553216
905	0.867085438006134	0.696938844601974
906	0.867082578719454	0.696918583739866
907	0.867079722540208	0.696898340930462
908	0.86707686946161	0.696878116137449
909	0.867074019476897	0.696857909324626
910	0.867071172579324	0.696837720455903
911	0.867068328762172	0.696817549495305
912	0.867065488018742	0.696797396406967
913	0.867062650342358	0.696777261155135
914	0.867059815726365	0.696757143704166
915	0.867056984164129	0.696737044018529
916	0.86705415564904	0.696716962062799
917	0.867051330174506	0.696696897801664
918	0.86704850773396	0.69667685119992
919	0.867045688320854	0.696656822222469
920	0.867042871928662	0.696636810834325
921	0.867040058550879	0.696616817000607
922	0.867037248181021	0.696596840686541
923	0.867034440812624	0.69657688185746
924	0.867031636439247	0.696556940478805
925	0.867028835054469	0.696537016516119
926	0.867026036651888	0.696517109935055
927	0.867023241225125	0.696497220701366
928	0.867020448767819	0.696477348780913
929	0.867017659273632	0.696457494139661
930	0.867014872736244	0.696437656743675
931	0.867012089149357	0.696417836559128
932	0.867009308506692	0.696398033552292
933	0.867006530801992	0.696378247689544
934	0.867003756029016	0.696358478937361
935	0.867000984181548	0.696338727262321
936	0.866998215253387	0.696318992631106
937	0.866995449238355	0.696299275010496
938	0.866992686130293	0.696279574367373
939	0.866989925923059	0.696259890668717
940	0.866987168610535	0.696240223881608
941	0.866984414186619	0.696220573973226
942	0.866981662645229	0.69620094091085
943	0.866978913980303	0.696181324661855
944	0.866976168185798	0.696161725193716
945	0.866973425255688	0.696142142474003
946	0.86697068518397	0.696122576470386
947	0.866967947964656	0.69610302715063
948	0.866965213591779	0.696083494482596
949	0.86696248205939	0.696063978434241
950	0.86695975336156	0.696044478973619
951	0.866957027492375	0.696024996068877
952	0.866954304445945	0.696005529688258
953	0.866951584216392	0.695986079800097
954	0.866948866797863	0.695966646372828
955	0.866946152184518	0.695947229374973
956	0.866943440370537	0.69592782877515
957	0.866940731350121	0.69590844454207
958	0.866938025117483	0.695889076644536
959	0.86693532166686	0.695869725051442
960	0.866932620992503	0.695850389731775
961	0.866929923088682	0.695831070654613
962	0.866927227949686	0.695811767789126
963	0.86692453556982	0.695792481104572
964	0.866921845943407	0.695773210570302
965	0.866919159064788	0.695753956155754
966	0.866916474928321	0.69573471783046
967	0.866913793528382	0.695715495564036
968	0.866911114859363	0.695696289326191
969	0.866908438915675	0.695677099086719
970	0.866905765691746	0.695657924815506
971	0.866903095182018	0.695638931152271
972	0.866900427380956	0.695619988853718
973	0.866897762283035	0.6956010622676
974	0.866895099882753	0.69558215136446
975	0.86689244017462	0.695563256114929
976	0.866889783153167	0.695544376489721
977	0.866887128812939	0.695525512459635
978	0.866884477148497	0.695506663995557
979	0.866881828154422	0.695487831068454
980	0.866879181825308	0.69546901364938
981	0.866876538155766	0.695450211709468
982	0.866873897140427	0.695431425219939
983	0.866871258773932	0.695412654152094
984	0.866868623050944	0.695393898477318
985	0.866865989966139	0.695375158167077
986	0.86686335951421	0.695356433192919
987	0.866860731689866	0.695337723526475
988	0.866858106487832	0.695319029139456
989	0.866855483902848	0.695300350003655
990	0.866852863929671	0.695281686090943
991	0.866850246563075	0.695263037373275
992	0.866847631797846	0.695244403822684
993	0.866845019628788	0.695225785411283
994	0.866842410050722	0.695207182111263
995	0.866839803058481	0.695188593894897
996	0.866837198646917	0.695170020734535
997	0.866834596810894	0.695151462602606
998	0.866831997545295	0.695132919471616
999	0.866829400845014	0.695114391314151
1000	0.866829545279468	0.695097378756108
1001	0.866824215120074	0.69507737981052
