1	7.150645808974e-05	0.0034400475640442
2	8.62742005895202e-05	0.00492141952637044
3	9.80671343071029e-05	0.00641511771482178
4	0.000108140545404749	0.00763975035680933
5	0.000117048694137261	0.0090072642496629
6	0.000125099122694349	0.0103472956863051
7	0.000132484395681782	0.0113496111989373
8	0.000139334734123561	0.0126131233270465
9	0.000145743093706086	0.0138607165184208
10	0.000151778564177643	0.0150943351729221
11	0.000157494137874135	0.0158861811536716
12	0.000162931500169967	0.017064346678313
13	0.000168124130257171	0.0182326372250198
14	0.00017309938858892	0.0193919016418839
15	0.000177879968590041	0.0205428629295352
16	0.000182484934314233	0.0216861438296505
17	0.000186930479753422	0.0222371135026347
18	0.000191230495875173	0.0233376308665131
19	0.000195397001676628	0.0244320644014562
20	0.000199440477054711	0.0255207779869154
21	0.000203370123475663	0.0266040972675431
22	0.000207194070677593	0.027682315242497
23	0.000203787924894966	0.0287556968266833
24	0.000207298217894961	0.0298244826088827
25	0.000210725200703854	0.0301166834204323
26	0.00021407391552867	0.0311504112978356
27	0.000217348925476533	0.0321802477621644
28	0.000220554375472117	0.0332063584852072
29	0.000223694043603715	0.0342288965622235
30	0.000226771384669937	0.0352480038557135
31	0.000229789567324464	0.036263812156711
32	0.000232751505930131	0.0372764441933435
33	0.00023565988801296	0.0382860145107933
34	0.000238517198035058	0.0392926302423735
35	0.000241325738070751	0.0402963917879351
36	0.000244087645863872	0.0412973934130126
37	0.000246804910659535	0.0412641338677926
38	0.000249479387135819	0.0422355900800006
39	0.000252112807706145	0.0432045985801364
40	0.000254706793418719	0.0441712320404651
41	0.000257262863643254	0.0451355592365164
42	0.000259782444705438	0.0460976453441873
43	0.000262266877605229	0.0470575522077986
44	0.000264717424934702	0.0480153385825403
45	0.000267135277094366	0.0489710603542695
46	0.000269521557892731	0.049924770739224
47	0.000271877329602114	0.0508765204658729
48	0.00027420359753366	0.051826357940844
49	0.000276501314186163	0.0527743294006177
50	0.000278771383016077	0.0537204790504692
51	0.000281014661870046	0.0546648491919597
52	0.00028323196611604	0.0556074803401238
53	0.000285424071504747	0.0552020330795062
54	0.000287591716788975	0.0561189376286776
55	0.000289735606125593	0.0570342537896212
56	0.000291856411281565	0.0579480151118276
57	0.000293954773663227	0.0588602538527855
58	0.000296031306185771	0.0597710010492685
59	0.000298086594997972	0.0606802865835453
60	0.000300121201075631	0.0615881392449518
61	0.000302135661695665	0.0624945867872218
62	0.000304130491801588	0.0633996559819316
63	0.000306106185269968	0.0643033726683803
64	0.000308063216086471	0.0652057618001949
65	0.000310002039439225	0.0661068474889223
66	0.000311923092736508	0.0670066530448468
67	0.000313826796555	0.0679052010152459
68	0.00031571355552433	0.0688025132202856
69	0.000317583759153028	0.0696986107867259
70	0.000319437782600547	0.0705935141796066
71	0.000321275987399598	0.0714872432320558
72	0.000323098722132624	0.0723798171733605
73	0.000324906323065912	0.0732712546554202
74	0.000326699114744549	0.072436897921692
75	0.000328477410551105	0.0733054367462253
76	0.000330241513230708	0.0741729170485655
77	0.000331991715384961	0.0750393550215371
78	0.000333728299936885	0.0759047664031126
79	0.000335451540568984	0.0767691664948198
80	0.00033716170213624	0.0776325701791861
81	0.000338859041055829	0.0784949919362746
82	0.00034054380567508	0.0793564458593754
83	0.000342216236619174	0.0802169456699019
84	0.000343876567119917	0.0810765047315435
85	0.000345525023326822	0.0819351360637155
86	0.000347161824601638	0.0827928523543571
87	0.000348787183797422	0.0836496659721077
88	0.000350401307523084	0.0845055889779035
89	0.000352004396394351	0.085360633136027
90	0.000353596645271966	0.0862148099246408
91	0.00035517824348793	0.0870681305458352
92	0.000356749375060484	0.0879206059352161
93	0.000358310218898517	0.0887722467710629
94	0.000359860948996036	0.0896230634830735
95	0.000361401734617262	0.0904730662607259
96	0.000362932740472917	0.0913222650612717
97	0.000364454126888185	0.0921706696173862
98	0.000365966049962837	0.0930182894444878
99	0.000367468661723963	0.0938651338477496
100	0.000370632407247044	0.0934001338863235
101	0.000370446539918406	0.0955565325922309
102	0.000371922091321481	0.0964011045516287
103	0.00037338890161044	0.0950348354723517
104	0.000374847104508271	0.0958587740582412
105	0.000376296830447567	0.0966820054401694
106	0.000377738206681623	0.0975045374429782
107	0.000379171357390788	0.0983263777316336
108	0.000380596403784309	0.0991475338159528
109	0.000382013464197904	0.0999680130551479
110	0.000383422654187271	0.1007878226622
111	0.000384824086617737	0.101606969708064
112	0.000386217871750258	0.102425461125717
113	0.000387604117323921	0.103243303714059
114	0.000388982928635145	0.104060504141664
115	0.00039035440861372	0.104877068950401
116	0.000391718657895857	0.105693004558919
117	0.000393075774894371	0.10650831726601
118	0.000394425855866146	0.107323013253851
119	0.000395768994977005	0.108137098591132
120	0.000397105284364099	0.108950579236073
121	0.000398434814195951	0.109763461039341
122	0.000399757672730228	0.11057574974686
123	0.000401073946369382	0.11138745100253
124	0.000402383719714219	0.112198570350856
125	0.00040368707561552	0.113009113239479
126	0.000404984095223777	0.113819085021637
127	0.000406274858037143	0.114628490958528
128	0.000407559441947667	0.115437336221613
129	0.000408837923285877	0.116245625894828
130	0.000410110376863806	0.117053364976739
131	0.000411376876016515	0.117860558382615
132	0.000412637492642159	0.118667210946446
133	0.000413892297240693	0.119473327422889
134	0.000415141358951246	0.120278912489161
135	0.000416384745588226	0.121083970746863
136	0.000417622523676217	0.121888506723758
137	0.000418854758483696	0.122692524875488
138	0.000420081514055654	0.123496029587243
139	0.000421302853245113	0.124299025175376
140	0.000422518837743641	0.122321492978435
141	0.000423729528110852	0.123105660993217
142	0.000424934983802972	0.123889343470843
143	0.000426135263200482	0.124672544377406
144	0.000427330423634879	0.125455267618917
145	0.000428520521414601	0.126237517042627
146	0.000429705611850136	0.127019296438316
147	0.000430885749278338	0.127800609539529
148	0.000432060987086003	0.1285814600248
149	0.000433231377732723	0.129361851518819
150	0.000434396972773026	0.130141787593582
151	0.000435557822877859	0.130921271769502
152	0.00043671397785542	0.131700307516489
153	0.000437865486671358	0.132478898255007
154	0.00043901239746839	0.133257047357094
155	0.000440154757585318	0.134034758147357
156	0.000441292613575504	0.134812033903944
157	0.000442426011224793	0.135588877859488
158	0.000443554995568932	0.136365293202019
159	0.000444679610910464	0.137141283075867
160	0.000445799900835168	0.137916850582526
161	0.000446915908228	0.138691998781503
162	0.000448027675288613	0.139466730691146
163	0.000449135243546412	0.140241049289449
164	0.000450238653875217	0.141014957514832
165	0.000451337946507495	0.14178845826691
166	0.00045243316104821	0.142561554407236
167	0.000453524336488296	0.143334248760028
168	0.000454611511217757	0.144106544112874
169	0.000455694723038413	0.144878443217428
170	0.000456774009176302	0.145649948790079
171	0.000457849406293752	0.14642106351261
172	0.000458920950501133	0.147191790032839
173	0.000459988677368287	0.147962130965243
174	0.000461052621935674	0.148732088891573
175	0.000462112818725209	0.149501666361441
176	0.000463169301750832	0.150270865892912
177	0.000464222104528795	0.151039689973065
178	0.000465271260087682	0.15180814105855
179	0.000466316800978183	0.152576221576128
180	0.000467358759282615	0.153343933923201
181	0.000468397166624189	0.15411128046833
182	0.000469432054176068	0.154878263551736
183	0.000470463452670177	0.155644885485797
184	0.000471491392405803	0.156411148555529
185	0.000472515903257986	0.157177055019055
186	0.000473537014685688	0.157942607108067
187	0.000474554755739781	0.158707807028278
188	0.000475569155070826	0.156005870316007
189	0.00047658024093667	0.156753752797758
190	0.000477588041209858	0.157501297091621
191	0.000478592583384868	0.158248505257903
192	0.000479593894585169	0.158995379333556
193	0.000480592001570121	0.15974192133256
194	0.000481586930741701	0.160488133246302
195	0.000482578708151077	0.161234017043943
196	0.000483567359505031	0.16197957467278
197	0.000484552910172222	0.162724808058601
198	0.000485535385189317	0.163469719106027
199	0.000486514809266969	0.164214309698853
200	0.000487491206795673	0.16495858170038
201	0.000488464601851467	0.165702536953739
202	0.000489435018201519	0.166446177282208
203	0.000490402479309596	0.167189504489525
204	0.000491367008341384	0.167932520360192
205	0.000492328628169705	0.168675226659772
206	0.00049328736137963	0.169417625135185
207	0.00049424323027345	0.170159717514992
208	0.000495196256875562	0.170901505509676
209	0.000496146462937237	0.171642990811921
210	0.000497093869941275	0.172384175096877
211	0.000498038499106593	0.173125060022426
212	0.000498980371392665	0.173865647229444
213	0.000499919507503912	0.174605938342048
214	0.000500855927893957	0.175345934967855
215	0.000501789652769834	0.176085638698219
216	0.000502720702096063	0.176825051108472
217	0.000503649095598671	0.177564173758162
218	0.000504574852769111	0.178303008191278
219	0.000505497992868109	0.179041555936483
220	0.000506418534929426	0.179779818507328
221	0.000507336497763541	0.180517797402475
222	0.000508251899961261	0.18125549410591
223	0.000509164759897258	0.181992910087149
224	0.000510075095733519	0.182730046801448
225	0.000510982925422759	0.183466905690001
226	0.000511888266711721	0.184203488180139
227	0.000512791137144449	0.184939795685525
228	0.000513691554065468	0.185675829606345
229	0.000514589534622915	0.186411591329495
230	0.000515485095771602	0.187147082228761
231	0.000516378254276017	0.187882303665006
232	0.000517269026713269	0.188617256986345
233	0.00051815742947598	0.189351943528315
234	0.0005190434787751	0.19008636461405
235	0.000519927190642697	0.190820521554449
236	0.000520808580934668	0.191554415648341
237	0.000521687665333407	0.192288048182642
238	0.000522564459350425	0.193021420432521
239	0.000523438978328913	0.193754533661553
240	0.000524311237446259	0.194487389121872
241	0.000525181251716521	0.195219988054325
242	0.000526049035992845	0.195952331688616
243	0.000526914604969836	0.196684421243456
244	0.000527777973185911	0.197416257926703
245	0.000528639155025559	0.198147842935505
246	0.000529498164721606	0.198879177456439
247	0.000530355016357418	0.199610262665643
248	0.000531209723869052	0.200341099728955
249	0.000532062301047395	0.196793578483978
250	0.000532912761540231	0.19750838346939
251	0.000533761118854304	0.198222948952498
252	0.000534607386357318	0.198937276035271
253	0.000535451577279911	0.199651365810214
254	0.000536293704717592	0.200365219360489
255	0.000537133781632642	0.201078837760035
256	0.00053797182085599	0.20179222207368
257	0.000538807835089032	0.202505373357252
258	0.00053964183690545	0.203218292657693
259	0.000540473838752972	0.203930981013167
260	0.000541303852955115	0.204643439453165
261	0.000542131891712891	0.205355668998617
262	0.000542957967106488	0.206067670661986
263	0.000543782091096912	0.206779445447379
264	0.000544604275527627	0.207490994350646
265	0.000545424532126123	0.208202318359476
266	0.000546242872505494	0.208913418453494
267	0.000547059308165976	0.209624295604362
268	0.00054787385049646	0.21033495077587
269	0.00054868651077597	0.211045384924029
270	0.000549497300175137	0.211755598997164
271	0.000550306229757616	0.212465593936001
272	0.000551113310481522	0.213175370673762
273	0.000551918553200798	0.213884930136245
274	0.00055272196866659	0.214594273241915
275	0.000553523567528584	0.215303400901987
276	0.000554323360336335	0.21601231402051
277	0.000555121357540551	0.216721013494448
278	0.00055591756949438	0.217429500213765
279	0.000556712006454669	0.218137775061498
280	0.00055750467858318	0.218845838913841
281	0.000558295595947831	0.219553692640221
282	0.000559084768523869	0.220261337103374
283	0.000559872206195057	0.22096877315942
284	0.000560657918754833	0.221676001657935
285	0.000561441915907435	0.222383023442031
286	0.000562224207269035	0.223089839348417
287	0.000563004802368832	0.223796450207481
288	0.000563783710650147	0.224502856843351
289	0.000564560941471474	0.22520906007397
290	0.000565336504107541	0.225915060711157
291	0.000566110407750347	0.226620859560684
292	0.00056688266151017	0.22732645742233
293	0.000567653274416573	0.228031855089955
294	0.000568422255419393	0.228737053351561
295	0.000569189613389707	0.229442052989353
296	0.000569955357120789	0.230146854779805
297	0.00057071949532905	0.230851459493716
298	0.000571482036654968	0.231555867896278
299	0.000572242989663996	0.232260080747128
300	0.000573002362847461	0.232964098800412
301	0.00057376016462345	0.233667922804841
302	0.000574516403337676	0.234371553503748
303	0.000575271087264351	0.235074991635145
304	0.000576024224607009	0.235778237931778
305	0.000576775823499354	0.236481293121183
306	0.000577525892006072	0.237184157925737
307	0.000578274438123642	0.237886833062716
308	0.000579021469781134	0.238589319244345
309	0.000579766994840986	0.239291617177848
310	0.000580511021099777	0.239993727565505
311	0.000581253556289	0.240695651104695
312	0.000581994608075788	0.241397388487951
313	0.000582734184063671	0.24209894040301
314	0.000583472291793304	0.242800307532857
315	0.000584208938743172	0.243501490555776
316	0.000584944132330304	0.244202490145397
317	0.000585677879910973	0.244903306970742
318	0.00058641018878137	0.245603941696271
319	0.000587141066178298	0.246304394981928
320	0.000587870519279822	0.247004667483186
321	0.000588598555205935	0.247704759851088
322	0.000589325181019205	0.248404672732297
323	0.000590050403725415	0.249104406769133
324	0.000590774230274188	0.249803962599619
325	0.000591496667559612	0.250503340857521
326	0.00059221772242085	0.251202542172392
327	0.000592937401642744	0.246653627110059
328	0.000593655711956406	0.247337917047226
329	0.000594372660039819	0.24802203555263
330	0.000595088252518394	0.248705983226598
331	0.000595802495965555	0.249389760665522
332	0.000596515396903301	0.250073368461901
333	0.000597226961802758	0.250756807204379
334	0.000597937197084723	0.251440077477779
335	0.000598646109120208	0.252123179863141
336	0.000599353704230972	0.252806114937755
337	0.000600059988690044	0.253488883275199
338	0.000600764968722249	0.254171485445374
339	0.000601468650504702	0.254853922014536
340	0.000602171040167331	0.255536193545333
341	0.000602872143793363	0.256218300596837
342	0.000603571967419816	0.256900243724575
343	0.000604270517037986	0.257582023480568
344	0.000604967798593923	0.258263640413357
345	0.000605663817988905	0.258945095068038
346	0.000606358581079895	0.259626387986292
347	0.000587799553321034	0.26030751970642
348	0.000588469846798553	0.260988490763369
349	0.000589138940609498	0.261669301688765
350	0.000589806840257691	0.262349953010944
351	0.00059047355120623	0.263030445254978
352	0.000591139078877876	0.263710778942711
353	0.000591803428655482	0.264390954592781
354	0.000592466605882395	0.265070972720652
355	0.000593128615862854	0.265750833838642
356	0.000593789463862381	0.266430538455953
357	0.000594449155108173	0.267110087078695
358	0.000595107694789498	0.267789480209916
359	0.000595765088058055	0.268468718349628
360	0.000596421340028364	0.269147801994836
361	0.000597076455778126	0.269826731639559
362	0.000597730440348597	0.270505507774863
363	0.000598383298744949	0.271184130888882
364	0.000599035035936615	0.271862601466845
365	0.000599685656857653	0.272540919991102
366	0.00060033516640709	0.273219086941148
367	0.000600983569449261	0.273897102793648
368	0.000601630870814149	0.274574968022462
369	0.000602277075297725	0.275252683098668
370	0.000602922187662274	0.275930248490587
371	0.000603566212636725	0.276607664663804
372	0.000604209154916961	0.277284932081196
373	0.000604851019166155	0.27796205120295
374	0.000605491810015075	0.278639022486591
375	0.000606131532062392	0.279315846386998
376	0.000606770189874994	0.279992523356434
377	0.000607407787988282	0.28066905384456
378	0.000608044330906479	0.281345438298465
379	0.000608679823102913	0.28202167716268
380	0.000609314269020317	0.282697770879205
381	0.000609947673071121	0.283373719887526
382	0.000610580039637728	0.28404952462464
383	0.000611211373072801	0.284725185525071
384	0.000611841677699543	0.285400703020894
385	0.000612470957811969	0.286076077541754
386	0.000613099217675173	0.286751309514885
387	0.000613726461525612	0.287426399365133
388	0.000614352693571357	0.28810134751497
389	0.000614977917992357	0.28877615438452
390	0.000615602138940704	0.28945082039157
391	0.000616225360540889	0.2901253459516
392	0.000616847586890043	0.290799731477789
393	0.000617468822058211	0.291473977381044
394	0.000618089070088569	0.292148084070013
395	0.000618708334997694	0.292822051951104
396	0.000619326620775796	0.293495881428503
397	0.000619943931386949	0.294169572904192
398	0.000620560270769343	0.294843126777968
399	0.000621175642835503	0.295516543447457
400	0.000621790051472528	0.296189823308136
401	0.000622403500542316	0.296862966753342
402	0.000623015993881788	0.2975359741743
403	0.000623627535303114	0.29820884596013
404	0.000624238128593932	0.298881582497869
405	0.000624847777517568	0.299554184172483
406	0.00062545648581324	0.300226651366888
407	0.000626064257196291	0.300898984461963
408	0.00062667109535838	0.301571183836567
409	0.000627277003967703	0.302243249867552
410	0.00062788198666919	0.302915182929785
411	0.000628486047084718	0.303586983396154
412	0.000629089188813302	0.304258651637591
413	0.000629691415431303	0.304930188023083
414	0.000630292730492613	0.30560159291969
415	0.000630893137528869	0.306272866692556
416	0.000631492640049622	0.306944009704927
417	0.000632091241542545	0.307615022318163
418	0.000632688945473615	0.308285904891752
419	0.000633285755287299	0.308956657783327
420	0.000633881674406739	0.30962728134868
421	0.000634476706233929	0.310297775941771
422	0.000635070854149908	0.310968141914745
423	0.000635664121514925	0.31163837961795
424	0.000636256511668617	0.305934855555683
425	0.000636848027930194	0.306591164654478
426	0.000637438673598599	0.307247349120387
427	0.000638028451952688	0.307903409289676
428	0.000638617366251391	0.308559345496914
429	0.000639205419733883	0.30921515807498
430	0.000639792615619748	0.309870847355081
431	0.000640378957109145	0.310526413666757
432	0.000640964447382967	0.3111818573379
433	0.000641549089603005	0.311837178694766
434	0.000642132886912098	0.312492378061981
435	0.000642715842434297	0.313147455762558
436	0.000643297959275021	0.313802412117908
437	0.000643879240521198	0.314457247447848
438	0.000644459689241438	0.31511196207062
439	0.000645039308486162	0.315766556302894
440	0.000645618101287762	0.316421030459785
441	0.000646196070660749	0.317075384854861
442	0.000646773219601891	0.317729619800156
443	0.000647349551090363	0.318383735606182
444	0.000647925068087884	0.319037732581936
445	0.00064849977353887	0.319691611034912
446	0.000649073670370559	0.320345371271116
447	0.000649646761493155	0.320999013595072
448	0.000650219049799969	0.321652538309833
449	0.000650790538167547	0.322305945716993
450	0.000651361229455811	0.322959236116695
451	0.000651931126508182	0.323612409807643
452	0.000652500232151729	0.324265467087116
453	0.000653068549197272	0.324918408250966
454	0.000653636080439537	0.325571233593641
455	0.000654202828657271	0.326223943408189
456	0.000654768796613359	0.326876537986266
457	0.000655333987054976	0.327529017618149
458	0.000655898402713683	0.328181382592745
459	0.000656462046305557	0.3288336331976
460	0.000657024920531321	0.329485769718905
461	0.000657587028076456	0.330137792441513
462	0.000658148371611319	0.330789701648939
463	0.000658708953791266	0.331441497623379
464	0.000659268777256765	0.332093180645711
465	0.000659827844633507	0.332744750995506
466	0.000660386158532525	0.333396208951039
467	0.000660943721550315	0.334047554789296
468	0.000661500536268926	0.334698788785984
469	0.000662056605256091	0.335349911215539
470	0.000662611931065328	0.336000922351133
471	0.000663166516236049	0.336651822464686
472	0.000663720363293671	0.337302611826869
473	0.000664273474749717	0.33795329070712
474	0.000664825853101922	0.338603859373645
475	0.000665377500834346	0.33925431809343
476	0.000665928420417462	0.33990466713225
477	0.000666478614308279	0.340554906754673
478	0.000667028084950421	0.341205037224071
479	0.000667576834774244	0.341855058802627
480	0.000668124866196931	0.342504971751343
481	0.000668672181622579	0.343154776330052
482	0.000669218783442319	0.343804472797414
483	0.000669764674034396	0.34445406141094
484	0.000670309855764269	0.345103542426982
485	0.000670854330984702	0.345752916100755
486	0.000671398102035868	0.346402182686338
487	0.000671941171245432	0.347051342436682
488	0.000672483540928653	0.347700395603617
489	0.000673025213388461	0.348349342437859
490	0.000673566190915563	0.348998183189019
491	0.00067410647578852	0.349646918105611
492	0.000674646070273847	0.350295547435054
493	0.00067518497662609	0.350944071423682
494	0.00067572319708792	0.351592490316755
495	0.000676260733890221	0.352240804358458
496	0.00067679758925217	0.352889013791915
497	0.000677333765381324	0.35353711885919
498	0.000677869264473698	0.354185119801299
499	0.000678404088713865	0.354833016858212
500	0.000678938240275022	0.355480810268863
501	0.000679471721319074	0.356128500271155
502	0.000680004533996723	0.356776087101965
503	0.000680536680447542	0.357423570997154
504	0.000681068162800056	0.358070952191574
505	0.000681598983171816	0.358718230919067
506	0.000682129143669486	0.359365407412479
507	0.000682658646388914	0.360012481903663
508	0.000683187493415216	0.360659454623487
509	0.000683715686822834	0.361306325801836
510	0.000684243228675634	0.361953095667623
511	0.000684770121026966	0.362599764448793
512	0.000685296365919738	0.363246332372328
513	0.000685821965386501	0.363892799664253
514	0.000686346921449508	0.364539166549646
515	0.000686871236120793	0.365185433252638
516	0.000687394911402239	0.365831599996423
517	0.000687917949285655	0.366477667003259
518	0.000688440351752836	0.367123634494481
519	0.000688962120775641	0.367769502690501
520	0.000689483258316055	0.368415271810812
521	0.000690003766326267	0.369060942074003
522	0.000690523646748726	0.369706513697753
523	0.000691042901516212	0.370351986898843
524	0.00069156153255191	0.370997361893161
525	0.000692079541769465	0.371642638895707
526	0.000692596931073052	0.372287818120596
527	0.000693113702357441	0.372932899781066
528	0.000693629857508058	0.373577884089484
529	0.000694145398401057	0.374222771257347
530	0.00069466032690337	0.374867561495293
531	0.000695174644872781	0.375512255013099
532	0.000695688354157983	0.376156852019694
533	0.000696201456598635	0.376801352723158
534	0.000696713954025436	0.377445757330731
535	0.000697225848260167	0.378090066048812
536	0.00069773714111577	0.378734279082974
537	0.00069824783439639	0.379378396637959
538	0.000698757929897449	0.380022418917687
539	0.000699267429405689	0.380666346125264
540	0.000699776334699247	0.38131017846298
541	0.000700284647547698	0.381953916132318
542	0.000700792369712113	0.38259755933396
543	0.000701299502945127	0.375576294464349
544	0.000701806048990984	0.376206880230205
545	0.000702312009585594	0.376837374003046
546	0.000702817386456593	0.377467775976438
547	0.000703322181323389	0.378098086343181
548	0.000703826395897225	0.378728305295314
549	0.000704330031881228	0.379358433024123
550	0.000704833090970459	0.379988469720143
551	0.000705335574851977	0.380618415573158
552	0.000705837485204873	0.381248270772215
553	0.000706338823700341	0.381878035505619
554	0.000706839592001716	0.382507709960942
555	0.00070733979176453	0.383137294325025
556	0.000707839424636566	0.383766788783985
557	0.000708338492257895	0.384396193523217
558	0.000708836996260947	0.385025508727396
559	0.000709334938270541	0.385654734580488
560	0.000709832319903939	0.386283871265745
561	0.0007103291427709	0.386912918965717
562	0.000710825408473725	0.387541877862251
563	0.000711321118607304	0.388170748136496
564	0.000711816274759161	0.388799529968907
565	0.000712310878509503	0.389428223539253
566	0.000712804931431275	0.390056829026612
567	0.000713298435090186	0.390685346609384
568	0.000713791391044773	0.391313776465288
569	0.000714283800846443	0.39194211877137
570	0.000714775666039511	0.392570373704005
571	0.000715266988161252	0.393198541438901
572	0.000715757768741938	0.393826622151102
573	0.00071624800930489	0.394454616014994
574	0.000716737711366516	0.395082523204307
575	0.000717226876436358	0.395710343892115
576	0.000717715506017131	0.396338078250848
577	0.00071820360160477	0.396965726452289
578	0.000718691164688466	0.397593288667576
579	0.000719178196750716	0.398220765067215
580	0.000719664699267361	0.398848155821072
581	0.000720150673707617	0.399475461098384
582	0.000720636121534139	0.400102681067761
583	0.000721121044203037	0.400729815897187
584	0.000721605443163936	0.401356865754024
585	0.000722089319860004	0.40198383080502
586	0.000722572675727989	0.402610711216306
587	0.000723055512198272	0.403237507153402
588	0.000723537830694899	0.40386421878122
589	0.00072401963263561	0.40449084626407
590	0.0007245009194319	0.405117389765659
591	0.000724981692489031	0.405743849449095
592	0.000725461953206089	0.406370225476892
593	0.000725941702976009	0.406996518010974
594	0.000726420943185628	0.407622727212674
595	0.000726899675215704	0.408248853242741
596	0.000727377900440964	0.408874896261343
597	0.000727855620230138	0.409500856428065
598	0.00072833283594599	0.410126733901921
599	0.000728809548945364	0.410752528841348
600	0.000729285760579209	0.411378241404214
601	0.000729761472192619	0.412003871747822
602	0.000730236685124873	0.412629420028907
603	0.000730711400709459	0.413254886403648
604	0.000731185620274119	0.413880271027661
605	0.000731659345140874	0.414505574056009
606	0.000732132576626063	0.415130795643203
607	0.000732605316040381	0.415755935943205
608	0.0007330775646889	0.416380995109429
609	0.000733549323871119	0.417005973294744
610	0.000734020594880977	0.417630870651483
611	0.000734491379006904	0.418255687331436
612	0.000734961677531843	0.41888042348586
613	0.000735431491733288	0.41950507926548
614	0.000735900822883309	0.420129654820489
615	0.000736369672248587	0.420754150300555
616	0.00073683804109045	0.421378565854819
617	0.000737305930664901	0.422002901631903
618	0.000737773342222645	0.42262715777991
619	0.000738240277009126	0.423251334446424
620	0.000738706736264552	0.423875431778518
621	0.000739172721223932	0.424499449922753
622	0.000739638233117098	0.42512338902518
623	0.00074010327316874	0.425747249231347
624	0.000740567842598442	0.426371030686296
625	0.000741031942620698	0.42699473353457
626	0.000741495574444942	0.42761835792021
627	0.000741958739275595	0.428241903986769
628	0.000742421438312071	0.428865371877298
629	0.000742883672748826	0.429488761734364
630	0.000743345443775365	0.430112073700041
631	0.000743806752576291	0.430735307915918
632	0.00074426760033132	0.431358464523104
633	0.000744727988215309	0.431981543662223
634	0.000745187917398295	0.432604545473422
635	0.000745647389045506	0.433227470096373
636	0.000746106404317401	0.43385031767027
637	0.000746564964369692	0.434473088333841
638	0.000747023070353371	0.43509578222534
639	0.000747480723414739	0.435718399482557
640	0.000747937924695421	0.436340940242818
641	0.000748394675332417	0.436963404642983
642	0.0007488509764581	0.437585792819456
643	0.000749306829200255	0.438208104908182
644	0.000749762234682114	0.43883034104465
645	0.000750217194022361	0.439452501363895
646	0.000750671708335171	0.440074586000504
647	0.000751125778730233	0.440696595088613
648	0.000751579406312776	0.441318528761909
649	0.000752032592183586	0.441940387153641
650	0.000752485337439041	0.442562170396609
651	0.000752937643171126	0.443183878623179
652	0.000753389510467468	0.443805511965272
653	0.000753840940411348	0.444427070554381
654	0.000754291934081731	0.445048554521559
655	0.000754742492553295	0.44566996399743
656	0.000755192616896447	0.446291299112187
657	0.000755642308177341	0.446912559995599
658	0.000756091567457922	0.447533746777006
659	0.000756540395795924	0.448154859585326
660	0.000756988794244911	0.448775898549054
661	0.000757436763854291	0.449396863796269
662	0.000757884305669341	0.45001775545463
663	0.000758331420731233	0.450638573651379
664	0.000758778110077048	0.451259318513351
665	0.000759224374739804	0.451879990166962
666	0.000759670215748478	0.452500588738224
667	0.000760115634128028	0.453121114352739
668	0.000760560630899411	0.453741567135704
669	0.000761005207079609	0.454361947211911
670	0.000761449363681642	0.454982254705754
671	0.000761893101714608	0.455602489741223
672	0.000762336422183677	0.456222652441912
673	0.000762779326090137	0.456842742931016
674	0.000763221814431401	0.457462761331343
675	0.000763663888201029	0.4580827077653
676	0.000764105548388751	0.45870258235491
677	0.000764546795980496	0.459322385221802
678	0.000764987631958384	0.459942116487222
679	0.000765428057300785	0.460561776272029
680	0.000765868072982306	0.4611813646967
681	0.00076630767997383	0.461800881881329
682	0.000766746879242528	0.462420327945629
683	0.000767185671751883	0.46303970300894
684	0.000767624058461701	0.46365900719022
685	0.000768062040328142	0.464278240608056
686	0.000768499618303727	0.46489740338066
687	0.000768936793337371	0.465516495625875
688	0.000769373566374386	0.466135517461173
689	0.000769809938356513	0.457602428541226
690	0.000770245910221935	0.458209174977361
691	0.000770681482905297	0.458815852727519
692	0.00077111665733772	0.459422461905437
693	0.000771551434446823	0.460029002624499
694	0.000771985815156748	0.460635474997736
695	0.000772419800388164	0.461241879137826
696	0.00077285339105829	0.461848215157102
697	0.000773286588080925	0.462454483167547
698	0.000773719392366449	0.463060683280799
699	0.000774151804821839	0.463666815608148
700	0.000774583826350714	0.464272880260548
701	0.000775015457853318	0.464878877348606
702	0.000775446700226556	0.465484806982593
703	0.000775877554364007	0.466090669272437
704	0.000776308021155943	0.466696464327735
705	0.000776738101489341	0.467302192257745
706	0.000777167796247909	0.467907853171391
707	0.00077759710631209	0.468513447177268
708	0.000778026032559091	0.469118974383637
709	0.000778454575862888	0.469724434898432
710	0.000778882737094252	0.470329828829258
711	0.000779310517120765	0.470935156283394
712	0.00077973791680682	0.471540417367794
713	0.000780164937013662	0.472145612189088
714	0.000780591578599389	0.472750740853588
715	0.000781017842418968	0.473355803467277
716	0.000781443729324249	0.473960800135828
717	0.000781869240163993	0.474565730964591
718	0.000782294375783876	0.475170596058599
719	0.000782719137026505	0.475775395522576
720	0.000783143524731439	0.476380129460924
721	0.000783567539735205	0.47698479797774
722	0.000783991182871303	0.477589401176805
723	0.000784414454970226	0.478193939161594
724	0.000784837356859484	0.478798412035274
725	0.000785259889363606	0.479402819900701
726	0.000785682053304162	0.480007162860432
727	0.000786103849499775	0.480611441016712
728	0.000786525278766137	0.481215654471492
729	0.000786946341916023	0.481819803326413
730	0.000787367039759304	0.482423887682822
731	0.000787787373102965	0.483027907641765
732	0.000788207342751112	0.483631863303989
733	0.000788626949504995	0.484235754769949
734	0.000789046194163019	0.4848395821398
735	0.000789465077520749	0.485443345513405
736	0.000789883600370944	0.486047044990335
737	0.000790301763503545	0.48665068066987
738	0.000790719567705718	0.487254252651
739	0.000791137013761833	0.487857761032425
740	0.000791554102453512	0.488461205912559
741	0.000791970834559621	0.489064587389528
742	0.000792387210856281	0.489667905561176
743	0.000792803232116907	0.490271160525059
744	0.000793218899112191	0.490874352378454
745	0.000793634212610126	0.491477481218352
746	0.000794049173376029	0.492080547141471
747	0.000794463782172544	0.492683550244244
748	0.000794878039759648	0.493286490622826
749	0.000795291946894683	0.493889368373099
750	0.000795705504332352	0.494492183590668
751	0.000796118712824742	0.495094936370861
752	0.000796531573121324	0.495697626808738
753	0.000796944085968983	0.49630025499908
754	0.000797356252112016	0.496902821036403
755	0.000797768072292151	0.49750532501495
756	0.000798179547248556	0.498107767028698
757	0.000798590677717852	0.498710147171354
758	0.000799001464434134	0.499312465536359
759	0.00079941190812896	0.499914722216888
760	0.000799822009531395	0.500516917305856
761	0.00080023176936799	0.501119050895909
762	0.000800641188362826	0.501721123079434
763	0.000801050267237493	0.502323133948556
764	0.000801459006711123	0.502925083595142
765	0.000801867407500407	0.503526972110798
766	0.000802275470319585	0.504128799586874
767	0.000802683195880472	0.504730566114463
768	0.00080309058489246	0.505332271784399
769	0.000803497638062548	0.505933916687267
770	0.000803904356095332	0.506535500913396
771	0.000804310739693022	0.507137024552861
772	0.000804716789555466	0.507738487695487
773	0.000805122506380144	0.50833989043085
774	0.000805527890862186	0.508941232848274
775	0.000805932943694379	0.509542515036833
776	0.000806337665567196	0.510143737085362
777	0.000806742057168774	0.510744899082439
778	0.000807146119184961	0.511346001116404
779	0.000807549852299295	0.51194704327535
780	0.000807953257193034	0.512548025647126
781	0.00080835633454516	0.51314894831934
782	0.000808759085032396	0.51374981137936
783	0.000809161509329203	0.514350614914307
784	0.0008095636081078	0.514951359011071
785	0.00080996538203818	0.515552043756297
786	0.000810366831788102	0.516152669236399
787	0.00081076795802312	0.516753235537547
788	0.000811168761406582	0.517353742745681
789	0.000811569242599645	0.517954190946502
790	0.000811969402261277	0.518554580225481
791	0.000812369241048284	0.519154910667855
792	0.0008127687596153	0.519755182358628
793	0.000813167958614808	0.520355395382573
794	0.000813566838697152	0.520955549824235
795	0.000813965400510537	0.521555645767927
796	0.000814363644701047	0.522155683297738
797	0.00081476157191265	0.522755662497524
798	0.00081515918278721	0.52335558345092
799	0.000815556477964499	0.523955446241333
800	0.000815953458082194	0.524555250951943
801	0.000816350123775901	0.525154997665712
802	0.000816746475679167	0.525754686465373
803	0.000817142514423463	0.526354317433443
804	0.00081753824063823	0.526953890652211
805	0.000817933654950855	0.527553406203753
806	0.000818328757986706	0.528152864169919
807	0.000818723550369118	0.528752264632346
808	0.000819118032719426	0.52935160767245
809	0.000819512205656951	0.52995089337143
810	0.000819906069799029	0.530550121810274
811	0.000820299625760998	0.531149293069747
812	0.000820692874156236	0.531748407230405
813	0.000821085815596139	0.53234746437259
814	0.000821478450690147	0.53294646457643
815	0.000821870780045755	0.533545407921842
816	0.000822262804268509	0.534144294488533
817	0.000822654523962027	0.534743124355996
818	0.000823045939728	0.535341897603519
819	0.000823437052166197	0.535940614310181
820	0.000823827861874492	0.53653927455485
821	0.000824218369448847	0.53713787841619
822	0.000824608575483335	0.537736425972658
823	0.000824998480570156	0.538334917302504
824	0.00082538808529962	0.538933352483779
825	0.00082577739026018	0.539531731594322
826	0.000826166396038431	0.540130054711775
827	0.000826555103219112	0.540728321913577
828	0.000826943512385122	0.541326533276964
829	0.000827331624117531	0.541924688878971
830	0.000827719438995575	0.542522788796433
831	0.000828106957596671	0.543120833105989
832	0.000828494180496437	0.543718821884077
833	0.000828881108268676	0.544316755206937
834	0.000829267741485399	0.544914633150612
835	0.000829654080716833	0.545512455790953
836	0.000830040126531427	0.546110223203607
837	0.000830425879495847	0.546707935464037
838	0.000830811340175011	0.547305592647504
839	0.000831196509132071	0.547903194829076
840	0.000831581386928426	0.548500742083635
841	0.000831965974123743	0.549098234485865
842	0.00083235027127595	0.549695672110261
843	0.000832734278941249	0.55029305503113
844	0.00083311799767412	0.550890383322582
845	0.000833501428027335	0.551487657058549
846	0.000833884570551962	0.552084876312766
847	0.00083426742579737	0.552682041158784
848	0.00083464999431123	0.553279151669966
849	0.000835032276639544	0.55387620791949
850	0.000835414273326627	0.55447320998035
851	0.000835795984915132	0.55507015792535
852	0.000836177411946048	0.555667051827116
853	0.000836558554958706	0.556263891758088
854	0.000836939414490793	0.556860677790522
855	0.000837319991078359	0.557457409996494
856	0.000837700285255807	0.558054088447898
857	0.000838080297555927	0.558650713216448
858	0.000838460028509883	0.559247284373675
859	0.000838839478647221	0.559843801990936
860	0.000839218648495892	0.560440266139404
861	0.000839597538582235	0.561036676890078
862	0.000839976149431006	0.561633034313777
863	0.00084035448156536	0.562229338481145
864	0.00084073253550689	0.562825589462647
865	0.000841110311775608	0.563421787328577
866	0.000841487810889951	0.564017932149052
867	0.000841865033366811	0.553756069552148
868	0.000842241979721513	0.554340646202869
869	0.000842618650467838	0.554925171033524
870	0.000842995046118037	0.555509644112201
871	0.000843371167182805	0.556094065506822
872	0.000843747014171331	0.556678435285138
873	0.000844122587591267	0.557262753514736
874	0.000844497887948756	0.557847020263035
875	0.00084487291574843	0.558431235597289
876	0.000845247671493417	0.559015399584586
877	0.000845622155685352	0.559599512291848
878	0.000845996368824369	0.560183573785835
879	0.000846370311409131	0.560767584133145
880	0.000846743983936815	0.561351543400206
881	0.000847117386903123	0.561935451653292
882	0.000847490520802291	0.56251930895851
883	0.000847863386127102	0.563103115381807
884	0.00084823598336888	0.563686870988972
885	0.000848608313017492	0.564270575845629
886	0.000848980375561375	0.564854230017246
887	0.000849352171487522	0.565437833569133
888	0.000849723701281496	0.566021386566438
889	0.000850094965427439	0.566604889074154
890	0.000850465964408058	0.567188341157115
891	0.000850836698704668	0.567771742879999
892	0.000851207168797163	0.568355094307329
893	0.000851577375164039	0.568938395503473
894	0.000851947318282386	0.56952164653264
895	0.000852316998627917	0.570104847458887
896	0.00085268641667495	0.57068799834612
897	0.000853055572896424	0.571271099258085
898	0.000853424467763906	0.571854150258382
899	0.000853793101747596	0.572437151410454
900	0.000854161475316323	0.573020102777594
901	0.000854529588937565	0.573603004422945
902	0.000854897443077448	0.574185856409495
903	0.000855265038200741	0.574768658800088
904	0.000855632374770884	0.575351411657413
905	0.000855999453249973	0.575934115044012
906	0.000856366274098775	0.576516769022279
907	0.00085673283777673	0.577099373654459
908	0.000857099144741958	0.577681929002649
909	0.000857465195451263	0.578264435128801
910	0.00085783099036014	0.578846892094717
911	0.000858196529922783	0.579429299962057
912	0.000858561814592076	0.580011658792334
913	0.000858926844819618	0.580593968646913
914	0.000859291621055712	0.581176229587016
915	0.000859656143749378	0.581758441673725
916	0.000860020413348365	0.582340604967974
917	0.000860384430299134	0.582922719530553
918	0.000860748195046885	0.583504785422116
919	0.000861111708035554	0.584086802703167
920	0.00086147496970781	0.584668771434074
921	0.000861837980505077	0.585250691675061
922	0.000862200740867526	0.585832563486212
923	0.000862563251234078	0.586414386927472
924	0.000862925512042422	0.586996162058646
925	0.000863287523729007	0.587577888939397
926	0.000863649286729054	0.588159567629255
927	0.00086401080147656	0.588741198187605
928	0.000864372068404294	0.589322780673701
929	0.000864733087943816	0.589904315146654
930	0.000865093860525478	0.590485801665441
931	0.000865454386578413	0.591067240288903
932	0.000865814666530567	0.591648631075744
933	0.000866174700808674	0.592229974084533
934	0.000866534489838289	0.592811269373703
935	0.000866894034043769	0.593392517001555
936	0.000867253333848292	0.593973717026253
937	0.000867612389673857	0.59455486950583
938	0.000867971201941286	0.595135974498183
939	0.000868329771070238	0.595717032061078
940	0.000868688097479199	0.59629804225215
941	0.000869046181585498	0.596879005128901
942	0.000869404023805305	0.597459920748699
943	0.000869761624553638	0.598040789168787
944	0.000870118984244375	0.598621610446269
945	0.000870476103290239	0.599202384638127
946	0.000870832982102823	0.599783111801211
947	0.000871189621092581	0.60036379199224
948	0.000871546020668838	0.600944425267803
949	0.000871902181239794	0.601525011684367
950	0.000872258103212525	0.602105551298265
951	0.000872613786992995	0.602686044165703
952	0.000872969232986043	0.603266490342764
953	0.000873324441595417	0.603846889885401
954	0.000873679413223742	0.604427242849441
955	0.00087403414827255	0.605007549290585
956	0.000874388647142287	0.605587809264411
957	0.000874742910232285	0.60616802282637
958	0.000875096937940808	0.606748190031788
959	0.000875450730665023	0.607328310935868
960	0.000875804288801025	0.60790838559369
961	0.000876157612743822	0.608488414060208
962	0.000876510702887367	0.609068396390255
963	0.000876863559624532	0.609648332638541
964	0.000877216183347123	0.610228222859656
965	0.000877568574445898	0.610808067108062
966	0.000877920733310551	0.611387865438107
967	0.000878272660329724	0.611967617904015
968	0.000878624355891014	0.612547324559888
969	0.00087897582038097	0.613126985459709
970	0.000879327054185106	0.613706600657344
971	0.000879678057687894	0.614286170206533
972	0.000880028831272773	0.614865694160906
973	0.00088037937532216	0.615445172573966
974	0.000880729690217441	0.616024605499102
975	0.00088107977633898	0.616603992989585
976	0.000881429634066134	0.617183335098567
977	0.000881779263777225	0.617762631879085
978	0.000882128665849588	0.618341883384057
979	0.000882477840659539	0.618921089666289
980	0.000882826788582395	0.619500250778464
981	0.00088317550999247	0.620079366773157
982	0.000883524005263092	0.620658437702821
983	0.00088387227476659	0.6212374636198
984	0.000884220318874302	0.62181644457632
985	0.000884568137956593	0.622395380624493
986	0.000884915732382838	0.622974271816319
987	0.000885263102521435	0.623553118203683
988	0.000885610248739817	0.62413191983836
989	0.000885957171404438	0.624710676772007
990	0.000886303870880789	0.625289389056174
991	0.000886650347533393	0.625868056742297
992	0.000886996601725827	0.6264466798817
993	0.000887342633820698	0.627025258525595
994	0.000887688444179668	0.627603792725086
995	0.000888034033163444	0.628182282531165
996	0.000888379401131795	0.628760727994709
997	0.000888724548443545	0.629339129166496
998	0.000889069475456572	0.629917486097187
999	0.000889414182527829	0.630495798837332
1000	0.000893789965329175	0.630746236953124
1001	0.000890102938268172	0.631652291947662
