1	0	0.00069195357847986
2	0	0.000966524001732456
3	0	0.00116219302577804
4	0	0.00129173210140466
5	0	0.00142771698969375
6	0	0.00151563677726851
7	0	0.00162662651302352
8	0	0.00169301344775887
9	0	0.00175142933214862
10	0	0.00184350667145654
11	0	0.00189128041592216
12	0	0.00193456284932375
13	0	0.00197404677701679
14	0	0.0020539825882707
15	0	0.00208813508046637
16	0	0.00211978650639597
17	0	0.00214924104178787
18	0	0.00217675264181209
19	0	0.00224939777324336
20	0	0.00227414917242622
21	0	0.00229747983737344
22	0	0.00231952701842066
23	0	0.00234040983436372
24	0	0.00236023226588867
25	0	0.00242864982119584
26	0	0.00244698871550577
27	0	0.00246449320103013
28	0	0.00248122801574861
29	0	0.0024972509779428
30	0	0.00251261391553095
31	0	0.00252736344652314
32	0	0.00254154163810793
33	0	0.00260733321159749
34	0	0.00262074772875189
35	0	0.00263368546542909
36	0	0.00264617571135816
37	0	0.00265824525765362
38	0	0.00266991866619461
39	0	0.00268121850419744
40	0	0.00269216554919053
41	0	0.00270277896871931
42	0	0.0027130764783925
43	0	0.00277753595535476
44	0	0.00278744393990479
45	0	0.00279707636250809
46	0	0.00280644663782192
47	0	0.0028155672668544
48	0	0.00282444991604859
49	0	0.00283310548812496
50	0	0.00284154418568075
51	0	0.0028497755684079
52	0	0.00285780860467432
53	0	0.00286565171811512
54	0	0.00287331282979571
55	0	0.0029372856464273
56	0	0.00294474820609211
57	0	0.00295204672216416
58	0	0.0029591875771606
59	0	0.0029661768038678
60	0	0.00297302010981829
61	0	0.00297972289969667
62	0	0.00298629029587894
63	0	0.00299272715728671
64	0	0.00299903809671783
65	0	0.00300522749679715
66	0	0.00301129952467575
67	0	0.00301725814559341
68	0	0.00302310713540702
69	0	0.00308709719892035
70	0	0.00309284602214376
71	0	0.00309849360702011
72	0	0.00310404313962942
73	0	0.00310949766404024
74	0	0.00311486009042909
75	0	0.00312013320263684
76	0	0.0031253196652074
77	0	0.0031304220299505
78	0	0.00313544274206614
79	0	0.00314038414586493
80	0	0.00314524849011579
81	0	0.00315003793304912
82	0	0.00315475454704173
83	0	0.00315940032300722
84	0	0.00316397717451333
85	0	0.00316848694164634
86	0	0.00317293139464081
87	0	0.00323726151635664
88	0	0.00324166187749009
89	0	0.00324600070976951
90	0	0.0032502795649168
91	0	0.00325449993893728
92	0	0.00325866327469613
93	0	0.00326277096434982
94	0	0.00326682435164202
95	0	0.003270824734073
96	0	0.00327477336495058
97	0	0.00327867145533029
98	0	0.0032825201758518
99	0	0.00328632065847803
100	0	0.00329062289263818
101	0	0.00329378125431491
102	0	0.00329744345247666
103	0	0.00330106158553391
104	0	0.00330463661514984
105	0	0.00330816947301409
106	0	0.0033116610620487
107	0	0.00337650321834359
108	0	0.00337997804787725
109	0	0.00338341343886819
110	0	0.00338681020488595
111	0	0.00339016913550318
112	0	0.00339349099721007
113	0	0.00339677653428631
114	0	0.00340002646963272
115	0	0.00340324150556501
116	0	0.00340642232457141
117	0	0.00340956959003641
118	0	0.00341268394693203
119	0	0.00341576602247876
120	0	0.00341881642677739
121	0	0.00342183575341335
122	0	0.00342482458003505
123	0	0.0034277834689075
124	0	0.00343071296744229
125	0	0.00343361360870543
126	0	0.00343648591190383
127	0	0.00343933038285169
128	0	0.00344214751441767
129	0	0.00344493778695384
130	0	0.00344770166870723
131	0	0.00351317487625429
132	0	0.00351593665219512
133	0	0.00351867291779334
134	0	0.00352138410437407
135	0	0.00352407063279508
136	0	0.00352673291377585
137	0	0.00352937134821408
138	0	0.00353198632748993
139	0	0.00353457823375893
140	0	0.00353714744023372
141	0	0.00353969431145529
142	0	0.00354221920355422
143	0	0.00354472246450217
144	0	0.00354720443435426
145	0	0.0035496654454826
146	0	0.00355210582280138
147	0	0.0035545258839839
148	0	0.00355692593967184
149	0	0.00355930629367719
150	0	0.00356166724317696
151	0	0.00356400907890126
152	0	0.00356633208531466
153	0	0.00356863654079145
154	0	0.00357092271778483
155	0	0.00357319088299034
156	0	0.00357544129750378
157	0	0.00357767421697383
158	0	0.00357988989174955
159	0	0.00364605442957888
160	0	0.00364827530833999
161	0	0.00365047936798648
162	0	0.00365266684316563
163	0	0.00365483796381021
164	0	0.00365699295526151
165	0	0.00365913203838846
166	0	0.00366125542970285
167	0	0.00366336334147101
168	0	0.00366545598182198
169	0	0.00366753355485223
170	0	0.00366959626072715
171	0	0.00367164429577953
172	0	0.00367367785260477
173	0	0.00367569712015345
174	0	0.00367770228382091
175	0	0.0036796935255342
176	0	0.00368167102383644
177	0	0.00368363495396857
178	0	0.00368558548794881
179	0	0.00368752279464967
180	0	0.00368944703987274
181	0	0.0036913583864213
182	0	0.00369325699417083
183	0	0.00369514302013746
184	0	0.00369701661854447
185	0	0.00369887794088692
186	0	0.00370072713599439
187	0	0.00370256435009197
188	0	0.00370438972685958
189	0	0.00370620340748959
190	0	0.00370800553074279
191	0	0.00370979623300294
192	0	0.00377669100668931
193	0	0.00377849028900081
194	0	0.00378027835229929
195	0	0.0037820553262107
196	0	0.00378382133819749
197	0	0.00378557651360565
198	0	0.00378732097571033
199	0	0.00378905484576049
200	0	0.00379077824302218
201	0	0.00379249128482075
202	0	0.00379419408658197
203	0	0.0037958867618721
204	0	0.00379756942243683
205	0	0.00379924217823935
206	0	0.00380090513749728
207	0	0.00380255840671885
208	0	0.00380420209073797
209	0	0.00380583629274859
210	0	0.00380746111433804
211	0	0.00380907665551962
212	0	0.00381068301476443
213	0	0.00381228028903223
214	0	0.00381386857380176
215	0	0.00381544796310014
216	0	0.00381701854953167
217	0	0.00381858042430582
218	0	0.00382013367726466
219	0	0.00382167839690953
220	0	0.00382321467042712
221	0	0.00382474258371493
222	0	0.00382626222140609
223	0	0.00382777366689361
224	0	0.00382927700235408
225	0	0.00383077230877078
226	0	0.00383225966595628
227	0	0.00383373915257447
228	0	0.00383521084616212
229	0	0.00383667482314994
230	0	0.00390430583080728
231	0	0.00390577957835332
232	0	0.00390724570295606
233	0	0.00390870427806792
234	0	0.00391015537611618
235	0	0.00391159906852156
236	0	0.00391303542571651
237	0	0.00391446451716301
238	0	0.00391588641137003
239	0	0.00391730117591057
240	0	0.00391870887743834
241	0	0.00392010958170404
242	0	0.00392150335357137
243	0	0.0039228902570326
244	0	0.00392427035522384
245	0	0.00392564371044001
246	0	0.0039270103841494
247	0	0.00392837043700806
248	0	0.00392972392887372
249	0	0.00393107091881957
250	0	0.00393241146514763
251	0	0.00393374562540187
252	0	0.00393507345638113
253	0	0.00393639501415164
254	0	0.00393771035405941
255	0	0.00393901953074227
256	0	0.0039403225981417
257	0	0.00394161960951439
258	0	0.00394291061744365
259	0	0.00394419567385044
260	0	0.00394547483000431
261	0	0.00394674813653406
262	0	0.00394801564343819
263	0	0.00394927740009512
264	0	0.00395053345527325
265	0	0.00395178385714081
266	0	0.00395302865327548
267	0	0.00395426789067382
268	0	0.0039555016157606
269	0	0.00395672987439783
270	0	0.00395795271189368
271	0	0.00395917017301122
272	0	0.00396038230197697
273	0	0.00396158914248931
274	0	0.00402995667974809
275	0	0.00403117335022965
276	0	0.00403238477280037
277	0	0.00403359098983304
278	0	0.00403479204320368
279	0	0.0040359879742991
280	0	0.00403717882402441
281	0	0.00403836463281029
282	0	0.00403954544062024
283	0	0.00404072128695759
284	0	0.0040418922108724
285	0	0.0040430582509683
286	0	0.00404421944540916
287	0	0.00404537583192559
288	0	0.0040465274478214
289	0	0.00404767432997988
290	0	0.00404881651487002
291	0	0.00404995403855259
292	0	0.00405108693668608
293	0	0.00405221524453261
294	0	0.00405333899696362
295	0	0.00405445822846559
296	0	0.00405557297314559
297	0	0.00405668326473668
298	0	0.00405778913660329
299	0	0.00405889062174655
300	0	0.00405998775280937
301	0	0.00406108056208157
302	0	0.00406216908150484
303	0	0.0040632533426777
304	0	0.00406433337686025
305	0	0.00406540921497898
306	0	0.00406648088763135
307	0	0.0040675484250904
308	0	0.0040686118573093
309	0	0.00406967121392566
310	0	0.00407072652426595
311	0	0.00407177781734974
312	0	0.00407282512189395
313	0	0.00407386846631689
314	0	0.00407490787874238
315	0	0.00407594338700376
316	0	0.00407697501864772
317	0	0.00407800280093825
318	0	0.00407902676086044
319	0	0.00408004692512409
320	0	0.00408106332016753
321	0	0.00408207597216114
322	0	0.00408308490701093
323	0	0.00415215831728077
324	0	0.00415317658748301
325	0	0.00415419115602483
326	0	0.00415520204820381
327	0	0.00415620928906593
328	0	0.00415721290340886
329	0	0.00415821291578516
330	0	0.00415920935050545
331	0	0.00416020223164156
332	0	0.00416119158302953
333	0	0.00416217742827272
334	0	0.0041631597907447
335	0	0.00416413869359223
336	0	0.00416511415973811
337	0	0.00416608621188403
338	0	0.00416705487251336
339	0	0.00416802016389388
340	0	0.0041689821080805
341	0	0.00416994072691793
342	0	0.00417089604204328
343	0	0.00417184807488866
344	0	0.00417279684668371
345	0	0.00417374237845808
346	0	0.00417468469104396
347	0	0.00417562380507846
348	0	0.00417655974100598
349	0	0.00417749251908061
350	0	0.00417842215936844
351	0	0.00417934868174982
352	0	0.00418027210592162
353	0	0.00418119245139947
354	0	0.00418210973751991
355	0	0.00418302398344255
356	0	0.00418393520815218
357	0	0.00418484343046092
358	0	0.00418574866901017
359	0	0.00418665094227272
360	0	0.00418755026855472
361	0	0.00418844666599764
362	0	0.00418934015258022
363	0	0.00419023074612038
364	0	0.00419111846427709
365	0	0.00419200332455225
366	0	0.0041928853442925
367	0	0.00419376454069103
368	0	0.00419464093078935
369	0	0.00419551453147905
370	0	0.00419638535950354
371	0	0.00419725343145971
372	0	0.00419811876379966
373	0	0.0041989813728323
374	0	0.00419984127472504
375	0	0.00420069848550536
376	0	0.00420155302106239
377	0	0.0042024048971485
378	0	0.00420325412938082
379	0	0.00420410073324279
380	0	0.00427387824226215
381	0	0.00427473342864081
382	0	0.00427558598997252
383	0	0.00427643594146594
384	0	0.00427728329820126
385	0	0.00427812807513158
386	0	0.00427897028708435
387	0	0.00427980994876273
388	0	0.00428064707474695
389	0	0.00428148167949569
390	0	0.00428231377734734
391	0	0.0042831433825214
392	0	0.00428397050911971
393	0	0.00428479517112774
394	0	0.00428561738241584
395	0	0.0042864371567405
396	0	0.00428725450774556
397	0	0.00428806944896342
398	0	0.00428888199381626
399	0	0.00428969215561716
400	0	0.0042904999475713
401	0	0.00429130538277711
402	0	0.00429210847422737
403	0	0.00429290923481038
404	0	0.00429370767731099
405	0	0.00429450381441174
406	0	0.00429529765869392
407	0	0.00429608922263862
408	0	0.00429687851862779
409	0	0.00429766555894525
410	0	0.00429845035577774
411	0	0.00429923292121588
412	0	0.00430001326725523
413	0	0.00430079140579721
414	0	0.00430156734865008
415	0	0.00430234110752991
416	0	0.00430311269406154
417	0	0.00430388211977945
418	0	0.00430464939612876
419	0	0.00430541453446605
420	0	0.00430617754606036
421	0	0.00430693844209397
422	0	0.00430769723366335
423	0	0.00430845393177999
424	0	0.00430920854737125
425	0	0.00430996109128123
426	0	0.00431071157427157
427	0	0.00431146000702231
428	0	0.00431220640013264
429	0	0.00431295076412174
430	0	0.00431369310942962
431	0	0.00431443344641781
432	0	0.00431517178537018
433	0	0.00431590813649371
434	0	0.00431664250991921
435	0	0.00431737491570211
436	0	0.00431810536382317
437	0	0.00431883386418919
438	0	0.00431956042663376
439	0	0.00432028506091797
440	0	0.00432100777673108
441	0	0.00432172858369122
442	0	0.00432244749134611
443	0	0.0043231645091737
444	0	0.00432387964658286
445	0	0.00439434440991937
446	0	0.004395067288716
447	0	0.00439578828503214
448	0	0.0043965074081542
449	0	0.00439722466730169
450	0	0.00439794007162782
451	0	0.00439865363022011
452	0	0.00439936535210106
453	0	0.00440007524622869
454	0	0.00440078332149722
455	0	0.00440148958673759
456	0	0.00440219405071813
457	0	0.00440289672214505
458	0	0.00440359760966313
459	0	0.00440429672185617
460	0	0.00440499406724763
461	0	0.00440568965430117
462	0	0.00440638349142121
463	0	0.00440707558695342
464	0	0.00440776594918535
465	0	0.00440845458634686
466	0	0.00440914150661075
467	0	0.00440982671809317
468	0	0.00441051022885423
469	0	0.00441119204689846
470	0	0.00441187218017531
471	0	0.00441255063657967
472	0	0.00441322742395234
473	0	0.00441390255008051
474	0	0.00441457602269832
475	0	0.00441524784948719
476	0	0.00441591803807643
477	0	0.00441658659604361
478	0	0.00441725353091507
479	0	0.00441791885016636
480	0	0.0044185825612227
481	0	0.00441924467145939
482	0	0.00441990518820229
483	0	0.00442056411872823
484	0	0.00442122147026549
485	0	0.00442187724999411
486	0	0.00442253146504646
487	0	0.00442318412250754
488	0	0.00442383522941545
489	0	0.00442448479276178
490	0	0.00442513281949201
491	0	0.00442577931650594
492	0	0.00442642429065803
493	0	0.00442706774875783
494	0	0.00442770969757035
495	0	0.00442835014381648
496	0	0.00442898909417328
497	0	0.00442962655527447
498	0	0.0044302625337107
499	0	0.00443089703602997
500	0	0.00443153006873798
501	0	0.0044321616382985
502	0	0.0044327917511337
503	0	0.0044334204136245
504	0	0.00443404763211096
505	0	0.00443467341289259
506	0	0.00443529776222867
507	0	0.00443592068633863
508	0	0.00443654219140238
509	0	0.00443716228356061
510	0	0.00443778096891513
511	0	0.0044383982535292
512	0	0.00443901414342784
513	0	0.00443962864459816
514	0	0.00444024176298966
515	0	0.00444085350451455
516	0	0.00444146387504803
517	0	0.00451258197242178
518	0	0.00451319926362992
519	0	0.0045138151797679
520	0	0.00451442972665696
521	0	0.00451504291008225
522	0	0.00451565473579317
523	0	0.00451626520950364
524	0	0.00451687433689235
525	0	0.00451748212360314
526	0	0.00451808857524516
527	0	0.00451869369739327
528	0	0.00451929749558823
529	0	0.004519899975337
530	0	0.00452050114211302
531	0	0.00452110100135647
532	0	0.00452169955847454
533	0	0.00452229681884167
534	0	0.00452289278779985
535	0	0.00452348747065885
536	0	0.00452408087269647
537	0	0.00452467299915883
538	0	0.00452526385526056
539	0	0.00452585344618511
540	0	0.00452644177708496
541	0	0.00452702885308185
542	0	0.00452761467926706
543	0	0.00452819926070164
544	0	0.0045287826024166
545	0	0.00452936470941321
546	0	0.00452994558666317
547	0	0.0045305252391089
548	0	0.00453110367166371
549	0	0.00453168088921207
550	0	0.00453225689660978
551	0	0.00453283169868427
552	0	0.00453340530023474
553	0	0.0045339777060324
554	0	0.00453454892082072
555	0	0.0045351189493156
556	0	0.00453568779620559
557	0	0.00453625546615211
558	0	0.00453682196378965
559	0	0.00453738729372597
560	0	0.00453795146054229
561	0	0.00453851446879356
562	0	0.00453907632300853
563	0	0.00453963702769007
564	0	0.00454019658731533
565	0	0.00454075500633586
566	0	0.00454131228917792
567	0	0.00454186844024259
568	0	0.00454242346390596
569	0	0.00454297736451936
570	0	0.00454353014640953
571	0	0.00454408181387874
572	0	0.00454463237120508
573	0	0.00454518182264255
574	0	0.00454573017242128
575	0	0.00454627742474768
576	0	0.00454682358380468
577	0	0.00454736865375178
578	0	0.00454791263872535
579	0	0.00454845554283873
580	0	0.00454899737018241
581	0	0.0045495381248242
582	0	0.00455007781080938
583	0	0.00455061643216092
584	0	0.00455115399287955
585	0	0.004551690496944
586	0	0.00455222594831113
587	0	0.0045527603509161
588	0	0.00455329370867246
589	0	0.00455382602547243
590	0	0.00455435730518695
591	0	0.00455488755166587
592	0	0.00455541676873809
593	0	0.00455594496021173
594	0	0.00455647212987427
595	0	0.00455699828149268
596	0	0.00455752341881355
597	0	0.00455804754556334
598	0	0.00455857066544838
599	0	0.00463032860573376
600	0	0.00463085786538731
601	0	0.00463138611361581
602	0	0.00463191335410342
603	0	0.00463243959051465
604	0	0.0046329648264945
605	0	0.00463348906566854
606	0	0.0046340123116431
607	0	0.00463453456800539
608	0	0.00463505583832362
609	0	0.00463557612614714
610	0	0.00463609543500657
611	0	0.00463661376841393
612	0	0.00463713112986281
613	0	0.00463764752282839
614	0	0.00463816295076768
615	0	0.00463867741711961
616	0	0.0046391909253051
617	0	0.00463970347872727
618	0	0.0046402150807715
619	0	0.00464072573480556
620	0	0.00464123544417976
621	0	0.00464174421222707
622	0	0.00464225204226318
623	0	0.00464275893758668
624	0	0.00464326490147913
625	0	0.00464376993720523
626	0	0.00464427404801289
627	0	0.00464477723713335
628	0	0.00464527950778128
629	0	0.00464578086315494
630	0	0.00464628130643627
631	0	0.00464678084079093
632	0	0.00464727946936854
633	0	0.00464777719530267
634	0	0.00464827402171099
635	0	0.00464876995169542
636	0	0.00464926498834215
637	0	0.00464975913472182
638	0	0.00465025239388956
639	0	0.00465074476888516
640	0	0.00465123626273311
641	0	0.00465172687844273
642	0	0.00465221661900829
643	0	0.00465270548740905
644	0	0.00465319348660942
645	0	0.00465368061955901
646	0	0.00465416688919279
647	0	0.0046546522984311
648	0	0.00465513685017982
649	0	0.00465562054733042
650	0	0.00465610339276007
651	0	0.00465658538933174
652	0	0.00465706653989427
653	0	0.00465754684728249
654	0	0.00465802631431729
655	0	0.00465850494380572
656	0	0.00465898273854107
657	0	0.00465945970130296
658	0	0.00465993583485745
659	0	0.00466041114195707
660	0	0.00466088562534101
661	0	0.00466135928773508
662	0	0.0046618321318519
663	0	0.0046623041603909
664	0	0.00466277537603849
665	0	0.00466324578146807
666	0	0.00466371537934012
667	0	0.00466418417230237
668	0	0.00466465216298975
669	0	0.00466511935402457
670	0	0.00466558574801653
671	0	0.00466605134756287
672	0	0.0046665161552484
673	0	0.00466698017364557
674	0	0.00466744340531461
675	0	0.00466790585280351
676	0	0.0046683675186482
677	0	0.00466882840537255
678	0	0.00466928851548849
679	0	0.00466974785149605
680	0	0.00467020641588343
681	0	0.00467066421112714
682	0	0.00467112123969201
683	0	0.00467157750403126
684	0	0.0046720330065866
685	0	0.00467248774978831
686	0	0.00467294173605525
687	0	0.00467339496779502
688	0	0.00467384744740396
689	0	0.00467429917726722
690	0	0.00474666939201185
691	0	0.0047471265562272
692	0	0.00474758296636058
693	0	0.00474803862478916
694	0	0.00474849353387913
695	0	0.00474894769598575
696	0	0.00474940111345343
697	0	0.00474985378861572
698	0	0.00475030572379553
699	0	0.00475075692130501
700	0	0.00475120738344576
701	0	0.00475165711250883
702	0	0.00475210611077477
703	0	0.00475255438051374
704	0	0.00475300192398554
705	0	0.00475344874343968
706	0	0.00475389484111545
707	0	0.00475434021924194
708	0	0.00475478488003818
709	0	0.00475522882571313
710	0	0.00475567205846575
711	0	0.00475611458048512
712	0	0.0047565563939504
713	0	0.00475699750103097
714	0	0.00475743790388645
715	0	0.00475787760466677
716	0	0.00475831660551222
717	0	0.00475875490855351
718	0	0.00475919251591184
719	0	0.00475962942969892
720	0	0.00476006565201706
721	0	0.00476050118495923
722	0	0.00476093603060907
723	0	0.00476137019104099
724	0	0.0047618036683202
725	0	0.00476223646450277
726	0	0.0047626685816357
727	0	0.00476310002175694
728	0	0.00476353078689545
729	0	0.00476396087907128
730	0	0.00476439030029559
731	0	0.00476481905257074
732	0	0.00476524713789027
733	0	0.00476567455823904
734	0	0.0047661013155932
735	0	0.0047665274119203
736	0	0.00476695284917931
737	0	0.00476737762932067
738	0	0.00476780175428634
739	0	0.00476822522600986
740	0	0.00476864804641638
741	0	0.00476907021742273
742	0	0.00476949174093746
743	0	0.00476991261886085
744	0	0.00477033285308502
745	0	0.00477075244549393
746	0	0.00477117139796345
747	0	0.00477158971236141
748	0	0.00477200739054758
749	0	0.00477242443437384
750	0	0.0047728408456841
751	0	0.00477325662631441
752	0	0.00477367177809303
753	0	0.00477408630284036
754	0	0.00477450020236912
755	0	0.00477491347848432
756	0	0.0047753261329833
757	0	0.0047757381676558
758	0	0.00477614958428399
759	0	0.00477656038464251
760	0	0.00477697057049851
761	0	0.00477738014361171
762	0	0.00477778910573441
763	0	0.00477819745861157
764	0	0.00477860520398081
765	0	0.00477901234357247
766	0	0.00477941887910966
767	0	0.00477982481230828
768	0	0.00478023014487709
769	0	0.0047806348785177
770	0	0.00478103901492464
771	0	0.00478144255578543
772	0	0.00478184550278055
773	0	0.00478224785758352
774	0	0.00478264962186094
775	0	0.00478305079727251
776	0	0.00478345138547109
777	0	0.0047838513881027
778	0	0.00478425080680661
779	0	0.00478464964321532
780	0	0.00478504789895465
781	0	0.00478544557564372
782	0	0.00478584267489504
783	0	0.00478623919831452
784	0	0.00478663514750148
785	0	0.00478703052404876
786	0	0.00478742532954268
787	0	0.00478781956556309
788	0	0.00478821323368344
789	0	0.00478860633547078
790	0	0.00478899887248581
791	0	0.00478939084628292
792	0	0.00486235471603822
793	0	0.00486275149003879
794	0	0.00486314769698346
795	0	0.00486354333842484
796	0	0.00486393841590929
797	0	0.00486433293097693
798	0	0.00486472688516175
799	0	0.00486512027999155
800	0	0.00486551311698803
801	0	0.00486590539766681
802	0	0.00486629712353744
803	0	0.00486668829610347
804	0	0.00486707891686245
805	0	0.00486746898730598
806	0	0.00486785850891972
807	0	0.00486824748318346
808	0	0.0048686359115711
809	0	0.00486902379555071
810	0	0.00486941113658458
811	0	0.0048697979361292
812	0	0.00487018419563533
813	0	0.00487056991654802
814	0	0.00487095510030662
815	0	0.00487133974834485
816	0	0.00487172386209077
817	0	0.0048721074429669
818	0	0.00487249049239012
819	0	0.00487287301177183
820	0	0.00487325500251791
821	0	0.00487363646602873
822	0	0.00487401740369924
823	0	0.00487439781691895
824	0	0.00487477770707196
825	0	0.00487515707553703
826	0	0.00487553592368754
827	0	0.00487591425289159
828	0	0.00487629206451197
829	0	0.00487666935990623
830	0	0.00487704614042664
831	0	0.00487742240742033
832	0	0.00487779816222918
833	0	0.00487817340618997
834	0	0.0048785481406343
835	0	0.00487892236688872
836	0	0.00487929608627466
837	0	0.00487966930010852
838	0	0.00488004200970167
839	0	0.00488041421636046
840	0	0.00488078592138629
841	0	0.0048811571260756
842	0	0.0048815278317199
843	0	0.00488189803960581
844	0	0.00488226775101504
845	0	0.00488263696722448
846	0	0.00488300568950619
847	0	0.00488337391912741
848	0	0.00488374165735059
849	0	0.00488410890543348
850	0	0.00488447566462901
851	0	0.00488484193618547
852	0	0.00488520772134642
853	0	0.0048855730213508
854	0	0.00488593783743287
855	0	0.00488630217082228
856	0	0.00488666602274412
857	0	0.00488702939441884
858	0	0.00488739228706241
859	0	0.00488775470188622
860	0	0.00488811664009721
861	0	0.00488847810289776
862	0	0.00488883909148588
863	0	0.00488919960705505
864	0	0.00488955965079442
865	0	0.00488991922388866
866	0	0.00489027832751812
867	0	0.00489063696285879
868	0	0.00489099513108231
869	0	0.00489135283335601
870	0	0.00489171007084295
871	0	0.0048920668447019
872	0	0.0048924231560874
873	0	0.00489277900614974
874	0	0.00489313439603502
875	0	0.00489348932688512
876	0	0.00489384379983779
877	0	0.00489419781602664
878	0	0.00489455137658109
879	0	0.00489490448262653
880	0	0.0048952571352842
881	0	0.0048956093356713
882	0	0.00489596108490099
883	0	0.00489631238408237
884	0	0.00489666323432055
885	0	0.00489701363671665
886	0	0.00489736359236781
887	0	0.0048977131023672
888	0	0.00489806216780409
889	0	0.00489841078976382
890	0	0.00489875896932782
891	0	0.00489910670757365
892	0	0.004899454005575
893	0	0.00489980086440174
894	0	0.0049001472851199
895	0	0.00490049326879169
896	0	0.00490083881647556
897	0	0.00490118392922616
898	0	0.00490152860809441
899	0	0.00490187285412748
900	0	0.00490221666836883
901	0	0.00490256005185822
902	0	0.00490290300563172
903	0	0.00490324553072173
904	0	0.00490358762815701
905	0	0.00490392929896269
906	0	0.0049774686112698
907	0	0.00497781451875294
908	0	0.00497815999633819
909	0	0.00497850504505141
910	0	0.00497884966591484
911	0	0.00497919385994715
912	0	0.00497953762816344
913	0	0.00497988097157523
914	0	0.00498022389119055
915	0	0.00498056638801388
916	0	0.00498090846304621
917	0	0.00498125011728503
918	0	0.00498159135172436
919	0	0.00498193216735479
920	0	0.00498227256516344
921	0	0.00498261254613401
922	0	0.00498295211124682
923	0	0.00498329126147877
924	0	0.00498362999780339
925	0	0.00498396832119084
926	0	0.00498430623260795
927	0	0.00498464373301823
928	0	0.00498498082338183
929	0	0.00498531750465563
930	0	0.00498565377779323
931	0	0.00498598964374495
932	0	0.00498632510345784
933	0	0.00498666015787573
934	0	0.0049869948079392
935	0	0.00498732905458564
936	0	0.00498766289874924
937	0	0.00498799634136099
938	0	0.00498832938334871
939	0	0.00498866202563709
940	0	0.00498899426914768
941	0	0.00498932611479885
942	0	0.0049896575635059
943	0	0.00498998861618106
944	0	0.00499031927373341
945	0	0.00499064953706898
946	0	0.00499097940709078
947	0	0.00499130888469872
948	0	0.00499163797078973
949	0	0.00499196666625768
950	0	0.00499229497199346
951	0	0.00499262288888496
952	0	0.0049929504178171
953	0	0.00499327755967184
954	0	0.00499360431532817
955	0	0.00499393068566216
956	0	0.00499425667154695
957	0	0.00499458227385276
958	0	0.00499490749344692
959	0	0.00499523233119387
960	0	0.00499555678795518
961	0	0.00499588086458955
962	0	0.00499620456195282
963	0	0.00499652788089803
964	0	0.00499685082227538
965	0	0.00499717338693223
966	0	0.00499749557571318
967	0	0.00499781738946002
968	0	0.00499813882901178
969	0	0.0049984598952047
970	0	0.00499878058887231
971	0	0.00499910091084536
972	0	0.00499942086195188
973	0	0.00499974044301722
974	0	0.00500005965486399
975	0	0.00500037849831212
976	0	0.00500069697417885
977	0	0.00500101508327877
978	0	0.0050013328264238
979	0	0.0050016502044232
980	0	0.00500196721808362
981	0	0.00500228386820909
982	0	0.005002600155601
983	0	0.00500291608105816
984	0	0.00500323164537677
985	0	0.00500354684935048
986	0	0.00500386169377036
987	0	0.00500417617942491
988	0	0.0050044903071001
989	0	0.00500480407757937
990	0	0.00500511749164359
991	0	0.00500543055007119
992	0	0.00500574325363804
993	0	0.00500605560311754
994	0	0.00500636759928061
995	0	0.00500667924289568
996	0	0.00500699053472874
997	0	0.00500730147554332
998	0	0.00500761206610052
999	0	0.00500792230715899
1000	0	0.00503609994597321
1001	0	0.00500854174380231
