1	0.000511015014382014	0.140261588910442
2	0.000611132753007199	0.200832070793659
3	0.00068380234647676	0.250529403164017
4	0.000742508968074476	0.300540671751712
5	0.000792571431769377	0.339894072391301
6	0.000836669344292254	0.384212800159537
7	0.000847172893096367	0.417662907341986
8	0.000882213529010177	0.458611872213195
9	0.00091459530476002	0.498730128184551
10	0.000944781683376036	0.526466813885571
11	0.000973116813789812	0.564485088028485
12	0.000999864277562245	0.602024431951301
13	0.00102523111461832	0.639148283362763
14	0.00104938340140718	0.661526112702785
15	0.00107245673393274	0.697185560056118
16	0.00109456350700783	0.73256062779539
17	0.00111579810649674	0.767678734124195
18	0.00113624070005263	0.802563009273765
19	0.00115596006147616	0.819790826221149
20	0.00117501571308723	0.853545664872169
21	0.00119345957682888	0.887121898791926
22	0.00121133726495791	0.92053214607113
23	0.00122868910195332	0.953787520344045
24	0.00124555094299398	0.986897872103878
25	0.00126195483639367	0.999058278418902
26	0.00127792956487593	1.03123369618587
27	0.00129350109172127	1.06329030442878
28	0.00130869293145962	1.09523438277636
29	0.00132352646014799	1.12707163500415
30	0.00133802117685433	1.15880726167207
31	0.00135219492541555	1.1904460213684
32	0.00136606408361084	1.22199228266327
33	0.00137964372542152	1.22838107609682
34	0.00139294776091737	1.25912664098596
35	0.00140598905743091	1.28979251225483
36	0.00141877954499263	1.3203818198155
37	0.00143133030845751	1.35089747619986
38	0.00144365166832127	1.38134219770481
39	0.00145575325187934	1.41171852293971
40	0.00146764405610324	1.44202882915627
41	0.00147933250338329	1.47227534667752
42	0.00149082649110304	1.50246017169003
43	0.0015021334358595	1.50253459432556
44	0.00151326031301977	1.53201228808187
45	0.00152421369220105	1.56143498089094
46	0.00153499976917633	1.59080430208289
47	0.00154562439463569	1.62012179466744
48	0.00155609310017412	1.64938892181537
49	0.00156641112182525	1.678607072718
50	0.00157658342141871	1.70777756789659
51	0.0015866147060015	1.73690166402394
52	0.0015965094455338	1.76598055831224
53	0.00160627188904252	1.79501539251446
54	0.00161590607939369	1.82400725658007
55	0.00162541586682512	1.81732340769601
56	0.00163480492136394	1.84567646818415
57	0.00164407674423917	1.87399031849535
58	0.00165323467838673	1.90226585462105
59	0.00166228191813356	1.9305039356907
60	0.00167122151813755	1.95870538613579
61	0.00168005640165203	1.9868709976903
62	0.0016887893681759	2.01500153124254
63	0.00169742310054433	2.04309771855186
64	0.00170596017150888	2.07116026384207
65	0.00171440304985139	2.09918984528252
66	0.00172275410607114	2.1271871163663
67	0.00173101561768104	2.15515270719443
68	0.00173918977414515	2.18308722567365
69	0.00174727868148664	2.16927444975228
70	0.00175528436659268	2.19662263728881
71	0.00176320878124004	2.2239420080284
72	0.00177105380586334	2.25123308159421
73	0.00177882125308555	2.27849636066088
74	0.00178651287102887	2.30573233174645
75	0.00179413034642231	2.33294146595641
76	0.00180167530752104	2.36012421968338
77	0.00180914932685117	2.38728103526564
78	0.0018165539237924	2.41441234160759
79	0.00182389056701032	2.44151855476475
80	0.00183116067674856	2.46860007849564
81	0.00183836562699072	2.49565730478313
82	0.00184550674750079	2.52269061432708
83	0.00185258532575052	2.54970037701021
84	0.00185960260874091	2.5766869523392
85	0.00186655980472519	2.60365068986237
86	0.00187345808483942	2.63059192956554
87	0.00188029858464677	2.6082978423319
88	0.001887082405601	2.63469697313398
89	0.00189381061643411	2.66107497109271
90	0.00190048425447308	2.68743213586006
91	0.00190710432688977	2.71376875936906
92	0.00191367181188839	2.74008512611939
93	0.00192018765983402	2.76638151344921
94	0.00192665279432582	2.79265819179426
95	0.0019330681132182	2.81891542493457
96	0.00193943448959295	2.84515347022995
97	0.00194575277268513	2.87137257884451
98	0.00195202378876546	2.89757299596105
99	0.0019582483419816	2.92375496098582
100	0.0019415408717078	2.94942664463264
101	0.00197056117057469	2.97606446466765
102	0.00197665095067267	3.00219245497279
103	0.00198269727877815	3.02830289683247
104	0.00198870085975717	3.05439600353969
105	0.00199466238065633	3.08047198366461
106	0.00200058251131313	3.10653104120503
107	0.00200646190494009	3.07561750249674
108	0.00201230119868381	3.10117011278431
109	0.00201810101416038	3.12670668348846
110	0.00202386195796839	3.15222739830005
111	0.00202958462218053	3.1777324370734
112	0.00203526958481495	3.20322197594164
113	0.00204091741028734	3.22869618742746
114	0.00204652864984477	3.25415524054973
115	0.00205210384198201	3.27959930092588
116	0.00205764351284133	3.30502853087052
117	0.00206314817659654	3.33044308949019
118	0.00206861833582191	3.35584313277476
119	0.00207405448184684	3.38122881368528
120	0.00207945709509686	3.40660028223871
121	0.0020848266454216	3.43195768558956
122	0.00209016359241027	3.45730116810851
123	0.00209546838569546	3.48263087145833
124	0.00210074146524537	3.50794693466703
125	0.00210598326164548	3.53324949419848
126	0.0021111941963697	3.55853868402052
127	0.00211637468204172	3.58381463567081
128	0.00212152512268694	3.6090774783203
129	0.0021266459139753	3.63432733883464
130	0.00213173744345552	3.65956434183347
131	0.00213680009078111	3.61898881902692
132	0.00214183422792829	3.64375026405039
133	0.00214684021940656	3.66849943565809
134	0.0021518184224618	3.69323644796535
135	0.00215676918727253	3.71796141314512
136	0.00216169285713944	3.74267444147565
137	0.00216658976866851	3.76737564138665
138	0.00217146025194799	3.79206511950398
139	0.00217630463071956	3.81674298069292
140	0.00218112322254369	3.84140932810011
141	0.00218591633895965	3.8660642631942
142	0.00219068428564037	3.89070788580518
143	0.00219542736254212	3.91534029416263
144	0.00220014586404949	3.93996158493268
145	0.00220484007911575	3.96457185325396
146	0.00220951029139864	3.98917119277239
147	0.00221415677939203	4.01375969567502
148	0.00221877981655334	4.0383374527228
149	0.00222337967142705	4.06290455328245
150	0.00222795660776438	4.08746108535733
151	0.00223251088463931	4.11200713561752
152	0.00223704275656104	4.13654278942895
153	0.00224155247358302	4.16106813088172
154	0.00224604028140879	4.18558324281768
155	0.00225050642149456	4.21008820685712
156	0.00225495113114877	4.23458310342483
157	0.00225937464362869	4.25906801177536
158	0.00226377718823426	4.28354301001764
159	0.00226815899039906	4.23242908981718
160	0.00227252027177881	4.25645545545247
161	0.00227686125033713	4.28047230853545
162	0.00228118214042903	4.30447972153124
163	0.00228548315288185	4.32847776589073
164	0.00228976449507406	4.35246651207111
165	0.00229402637101173	4.37644602955579
166	0.00229826898140295	4.40041638687388
167	0.00230249252373007	4.42437765161916
168	0.00230669719232009	4.44832989046845
169	0.002310883178413	4.47227316919963
170	0.00231505067022827	4.49620755270918
171	0.0023191998530296	4.52013310502919
172	0.00232333090918782	4.54404988934408
173	0.0023274440182422	4.56795796800673
174	0.00233153935696009	4.59185740255438
175	0.00233561709939491	4.61574825372401
176	0.00233967741694272	4.63963058146739
177	0.00234372047839721	4.66350444496578
178	0.00234774645000332	4.68736990264423
179	0.00235175549550943	4.71122701218555
180	0.00235574777621824	4.73507583054394
181	0.00228572451886729	4.75891641395836
182	0.00228955955521046	4.78274881796541
183	0.0022933788097238	4.80657309741212
184	0.0022971824296172	4.83038930646827
185	0.00230097055996011	4.85419749863854
186	0.00230474334372363	4.87799772677426
187	0.00230850092182181	4.901790043085
188	0.00231224343315171	4.92557449914982
189	0.0023159710146326	4.94935114592831
190	0.00231968380124414	4.97312003377132
191	0.0023233819260637	4.99688121243153
192	0.00232706552030269	4.93407206838102
193	0.00233073471334204	4.95740856339074
194	0.00233438963276692	4.9807376253918
195	0.00233803040440043	5.0040593010264
196	0.00234165715233674	5.02737363639712
197	0.00234526999897323	5.05068067707601
198	0.00234886906504204	5.07398046811346
199	0.0023524544696407	5.09727305404682
200	0.00235602633026229	5.12055847890883
201	0.00235958476282465	5.14383678623595
202	0.00236312988169909	5.16710801907643
203	0.00236666179973839	5.19037221999821
204	0.0023701806283041	5.21362943109675
205	0.00237368647729334	5.23687969400254
206	0.00237717945516488	5.26012304988861
207	0.00238065966896472	5.28335953947774
208	0.00238412722435099	5.30658920304968
209	0.00238758222561847	5.32981208044803
210	0.00239102477572236	5.35302821108716
211	0.00239445497630167	5.37623763395885
212	0.00239787292770206	5.39944038763889
213	0.00240127872899813	5.4226365102935
214	0.0024046724780153	5.44582603968562
215	0.00240805427135118	5.46900901318109
216	0.00241142420439645	5.49218546775471
217	0.00241478237135536	5.51535543999613
218	0.00241812886526571	5.53851896611572
219	0.0024214637780185	5.5616760819502
220	0.00242478720037706	5.58482682296832
221	0.00242809922199585	5.60797122427623
222	0.00243139993143885	5.63110932062289
223	0.00243468941619754	5.6542411464054
224	0.00243796776270853	5.67736673567407
225	0.00244123505637085	5.70048612213755
226	0.00244449138156276	5.72359933916772
227	0.00244773682165844	5.7467064198047
228	0.00245097145904408	5.76980739676152
229	0.00245419537513384	5.79290230242883
230	0.00245740865038537	5.71741505210168
231	0.00246061136431512	5.74010667619085
232	0.00246380359551319	5.76279242556219
233	0.00246698542165807	5.78547233083426
234	0.00247015691953092	5.80814642233044
235	0.00247331816502967	5.83081473008317
236	0.00247646923318279	5.85347728383801
237	0.00247961019816284	5.87613411305754
238	0.00248274113329966	5.89878524692528
239	0.00248586211109342	5.92143071434957
240	0.00248897320322735	5.94407054396731
241	0.0024920744805802	5.96670476414763
242	0.00249516601323851	5.98933340299556
243	0.00249824787050865	6.01195648835557
244	0.00250132012092858	6.03457404781507
245	0.00250438283227939	6.05718610870788
246	0.00250743607159671	6.07979269811761
247	0.00251047990518176	6.10239384288092
248	0.00251351439861233	6.12498956959088
249	0.00251653961675346	6.14757990460011
250	0.00251955562376797	6.17016487402394
251	0.00252256248312673	6.19274450374358
252	0.00252556025761889	6.21531881940905
253	0.00252854900936169	6.23788784644228
254	0.00253152879981034	6.26045161003998
255	0.0025344996897675	6.28301013517658
256	0.00253746173939271	6.30556344660706
257	0.00254041500821169	6.32811156886975
258	0.00254335955512528	6.35065452628907
259	0.00254629543841846	6.37319234297826
260	0.00254922271576901	6.39572504284202
261	0.00255214144425613	6.41825264957914
262	0.00255505168036888	6.44077518668506
263	0.00255795348001443	6.46329267745442
264	0.00256084689852623	6.48580514498354
265	0.00256373199067197	6.50831261217287
266	0.00256660881066142	6.53081510172941
267	0.00256947741215424	6.55331263616909
268	0.00257233784826741	6.57580523781904
269	0.00257519017158279	6.59829292882002
270	0.0025780344341544	6.62077573112851
271	0.00258087068751561	6.64325366651909
272	0.00258369898268619	6.66572675658654
273	0.00258651937017933	6.688195022748
274	0.00258933190000837	6.59881418253898
275	0.00259213662169358	6.62089855306984
276	0.00259493358426873	6.64297824224653
277	0.00259772283628758	6.66505327045113
278	0.00260050442583029	6.68712365790118
279	0.00260327840050963	6.70918942465162
280	0.0026060448074772	6.73125059059663
281	0.00260880369342948	6.75330717547157
282	0.00261155510461375	6.77535919885476
283	0.00261429908683404	6.79740668016936
284	0.00261703568545681	6.8194496386851
285	0.00261976494541667	6.84148809352009
286	0.00262248691122199	6.86352206364245
287	0.00262520162696029	6.88555156787217
288	0.00262790913630374	6.90757662488269
289	0.00263060948251442	6.92959725320258
290	0.00263330270844958	6.95161347121718
291	0.00263598885656673	6.97362529717018
292	0.00263866796892875	6.99563274916526
293	0.00264134008720885	7.01763584516759
294	0.00264400525269549	7.03963460300544
295	0.00264666350629715	7.06162904037161
296	0.00264931488854714	7.083619174825
297	0.00265195943960823	7.10560502379202
298	0.00265459719927727	7.12758660456816
299	0.00265722820698968	7.14956393431922
300	0.00265985250182396	7.17153703008291
301	0.00266247012250603	7.19350590877015
302	0.00266508110741357	7.21547058716648
303	0.00266768549458026	7.23743108193333
304	0.00267028332169999	7.25938740960949
305	0.00267287462613092	7.28133958661228
306	0.00267545944489963	7.30328762923895
307	0.00267803781470503	7.32523155366792
308	0.00268060977192235	7.34717137596
309	0.002683175352607	7.36910711205969
310	0.00268573459249837	7.39103877779642
311	0.00268828752702361	7.41296638888567
312	0.00269083419130134	7.43488996093022
313	0.00269337462014528	7.45680950942136
314	0.00269590884806784	7.47872504973997
315	0.00269843690928368	7.50063659715771
316	0.00270095883771317	7.52254416683813
317	0.00270347466698587	7.54444777383782
318	0.00270598443044387	7.56634743310742
319	0.00270848816114514	7.58824315949285
320	0.00271098589186682	7.61013496773621
321	0.00271347765510847	7.63202287247694
322	0.00271596348309526	7.65390688825285
323	0.00271844340778106	7.54995445934542
324	0.00272091746085163	7.57147211284104
325	0.00272338567372762	7.59298598343395
326	0.00272584807756756	7.61449608503364
327	0.00272830470327091	7.63600243145457
328	0.00273075558148088	7.65750503641707
329	0.00273320074258742	7.67900391354827
330	0.00273564021672996	7.70049907638308
331	0.00273807403380032	7.72199053836496
332	0.00274050222344535	7.74347831284703
333	0.00274292481506978	7.76496241309272
334	0.00274534183783881	7.78644285227684
335	0.0027477533206808	7.80791964348633
336	0.00275015929228988	7.82939279972115
337	0.00275255978112852	7.8508623338951
338	0.00275495481543007	7.87232825883666
339	0.00275734442320126	7.89379058728984
340	0.00275972863222466	7.91524933191496
341	0.00276210747006115	7.93670450528943
342	0.00276448096405231	7.9581561199086
343	0.00276684914132272	7.97960418818645
344	0.00276921202878242	8.00104872245646
345	0.00277156965312912	8.0224897349723
346	0.00277392204085052	8.04392723790863
347	0.00277626921822651	8.06536124336175
348	0.00277861121133146	8.08679176335049
349	0.00278094804603629	8.10821880981677
350	0.00278327974801074	8.12964239462641
351	0.00278560634272543	8.15106252956982
352	0.00278792785545395	8.17247922636268
353	0.00279024431127498	8.19389249664663
354	0.00279255573507426	8.21530235198998
355	0.00279486215154669	8.23670880388836
356	0.00279716358519824	8.25811186376538
357	0.00279946006034794	8.27951154297327
358	0.00280175160112985	8.30090785279361
359	0.00280403823149493	8.32230080443785
360	0.0028063199752129	8.34369040904805
361	0.0028085968558742	8.36507667769745
362	0.00281086889689172	8.38645962139107
363	0.00281313612150265	8.4078392510664
364	0.00281539855277033	8.42921557759395
365	0.00281765621358591	8.4505886117778
366	0.00281990912667018	8.47195836435629
367	0.00282215731457525	8.49332484600255
368	0.00282440079968629	8.51468806732509
369	0.00282663960422312	8.53604803886831
370	0.00282887375024196	8.55740477111319
371	0.00283110325963707	8.57875827447771
372	0.00283332815414226	8.6001085593175
373	0.00283554845533258	8.62145563592633
374	0.00283776418462591	8.64279951453664
375	0.00283997536328441	8.66414020532014
376	0.00284218201241614	8.68547771838826
377	0.00284438415297659	8.70681206379271
378	0.00284658180577011	8.728143251526
379	0.0028487749914514	8.74947129152186
380	0.00285096373052706	8.62933174273651
381	0.00285314804335693	8.65030961724108
382	0.00285532795015553	8.67128442375724
383	0.00285750347099355	8.6922561718324
384	0.00285967462579913	8.71322487095861
385	0.00286184143435931	8.73419053057303
386	0.00286400391632135	8.75515316005844
387	0.0028661620911941	8.77611276874363
388	0.00286831597834929	8.79706936590388
389	0.00287046559702285	8.81802296076141
390	0.00287261096631624	8.83897356248587
391	0.00287475210519765	8.85992118019467
392	0.00287688903250335	8.88086582295348
393	0.00287902176693885	8.90180749977666
394	0.00288115032708021	8.92274621962768
395	0.0028832747313752	8.94368199141951
396	0.00288539499814453	8.96461482401508
397	0.00288751114558304	8.98554472622764
398	0.00288962319176085	9.00647170682118
399	0.00289173115462455	9.02739577451088
400	0.00289383505199832	9.04831693796345
401	0.0028959349015851	9.06923520579752
402	0.00289803072096766	9.09015058658407
403	0.00290012252760976	9.11106308884675
404	0.00290221033885721	9.13197272106238
405	0.00290429417193895	9.15287949166118
406	0.00290637404396813	9.17378340902723
407	0.00290844997194317	9.19468448149881
408	0.00291052197274883	9.2155827173688
409	0.00291259006315714	9.23647812488497
410	0.00291465425982857	9.25737071225041
411	0.00291671457931291	9.27826048762387
412	0.00291877103805037	9.29914745912003
413	0.00292082365237244	9.32003163480996
414	0.00292287243850302	9.34091302272138
415	0.00292491741255925	9.36179163083908
416	0.00292695859055255	9.38266746710513
417	0.0029289959883895	9.40354053941935
418	0.00293102962187282	9.42441085563953
419	0.00293305950670228	9.44527842358185
420	0.00293508565847558	9.46614325102108
421	0.00293710809268929	9.487005345691
422	0.00293912682473972	9.50786471528473
423	0.00294114186992378	9.52872136745495
424	0.00294315324343994	9.54957530981427
425	0.00294516096038897	9.57042654993553
426	0.00294716503577484	9.59127509535206
427	0.00294916548450562	9.61212095355804
428	0.00295116232139424	9.63296413200882
429	0.00295315556115933	9.65380463812109
430	0.00295514521842606	9.67464247927327
431	0.00295713130772691	9.69547766280579
432	0.00295911384350251	9.71631019602135
433	0.00296109284010238	9.73714008618521
434	0.00296306831178577	9.75796734052549
435	0.00296504027272234	9.77879196623343
436	0.00296700873699303	9.79961397046361
437	0.00296897371859077	9.82043336033435
438	0.00297093523142118	9.84125014292787
439	0.0029728932893034	9.86206432529058
440	0.00297484790597071	9.88287591443336
441	0.0029767990950714	9.90368491733185
442	0.00297874687016931	9.92449134092663
443	0.0029806912447447	9.94529519212354
444	0.00298263223219486	9.9660964777939
445	0.00298456984583479	9.82837306222351
446	0.00298650409889797	9.84883913929786
447	0.00298843500453696	9.86930271165382
448	0.00299036257582409	9.88976378592027
449	0.00299228682575216	9.91022236869336
450	0.00299420776723505	9.93067846653672
451	0.00299612541310839	9.95113208598167
452	0.00299803977613023	9.97158323352756
453	0.00299995086898162	9.99203191564187
454	0.0030018587042673	10.0124781387605
455	0.00300376329451627	10.032921909288
456	0.00300566465218244	10.0533632335978
457	0.00300756278964528	10.0738021180323
458	0.00300945771921031	10.0942385689033
459	0.00301134945310981	10.1146725924922
460	0.00301323800350337	10.13510419505
461	0.00301512338247847	10.1555333827976
462	0.00301700560205106	10.1759601619262
463	0.00301888467416617	10.1963845385973
464	0.00302076061069842	10.2168065189429
465	0.00302263342345265	10.2372261090658
466	0.0030245031241644	10.25764331504
467	0.00302636972450053	10.2780581429103
468	0.00302823323605976	10.2984705986931
469	0.00303009367037315	10.3188806883765
470	0.00303195103890471	10.3392884179201
471	0.00303380535305185	10.3596937932555
472	0.00303565662414601	10.3800968202868
473	0.00303750486345307	10.40049750489
474	0.00303935008217397	10.4208958529138
475	0.0030411922914451	10.4412918701798
476	0.00304303150233891	10.4616855624823
477	0.00304486772586434	10.4820769355888
478	0.00304670097296739	10.50246599524
479	0.0030485312545315	10.52285274715
480	0.00305035858137814	10.5432371970068
481	0.00305218296426721	10.563619350472
482	0.00305400441389758	10.5839992131812
483	0.00305582294090751	10.6043767907442
484	0.00305763855587515	10.6247520887452
485	0.00305945126931899	10.6451251127427
486	0.0030612610916983	10.6654958682702
487	0.0030630680334136	10.6858643608357
488	0.00306487210480713	10.7062305959225
489	0.00306667331616323	10.7265945789889
490	0.00306847167770885	10.7469563154687
491	0.00307026719961393	10.7673158107709
492	0.0030720598919919	10.7876730702805
493	0.00307384976490001	10.8080280993582
494	0.00307563682833984	10.8283809033406
495	0.00307742109225765	10.8487314875406
496	0.00307920256654487	10.8690798572472
497	0.00308098126103846	10.8894260177261
498	0.00308275718552128	10.9097699742194
499	0.00308453034972263	10.930111731946
500	0.00308630076331849	10.9504512961018
501	0.00308806843593201	10.9707886718596
502	0.00308983337713387	10.9911238643694
503	0.00309159559644268	11.0114568787588
504	0.00309335510332538	11.0317877201327
505	0.00309511190719758	11.0521163935736
506	0.00309686601742395	11.0724429041418
507	0.00309861744331864	11.0927672568757
508	0.00310036619414559	11.1130894567915
509	0.00310211227911892	11.1334095088839
510	0.00310385570740332	11.1537274181255
511	0.00310559648811435	11.1740431894679
512	0.00310733463031887	11.194356827841
513	0.00310907014303533	11.2146683381534
514	0.00311080303523417	11.2349777252928
515	0.0031125333158381	11.2552849941258
516	0.00311426099372257	11.2755901494982
517	0.00311598607771593	11.1193948683628
518	0.00311770857659996	11.1393786090331
519	0.00311942849911007	11.1593602834539
520	0.00312114585393566	11.1793398963142
521	0.0031228606497205	11.1993174522834
522	0.003124572895063	11.2192929560111
523	0.00312628259851655	11.2392664121271
524	0.00312798976858985	11.2592378252418
525	0.00312969441374723	11.2792071999461
526	0.00313139654240892	11.2991745408116
527	0.00313309616295144	11.3191398523909
528	0.00313479328370784	11.3391031392174
529	0.00313648791296802	11.3590644058055
530	0.00313818005897908	11.3790236566509
531	0.00313986972994555	11.3989808962305
532	0.00314155693402974	11.4189361290029
533	0.003143241679352	11.4388893594076
534	0.00314492397399106	11.4588405918664
535	0.00314660382598427	11.4787898307825
536	0.00314828124332791	11.4987370805409
537	0.00314995623397746	11.5186823455086
538	0.00315162880584791	11.5386256300349
539	0.00315329896681404	11.5585669384511
540	0.00315496672471069	11.5785062750706
541	0.00315663208733295	11.5984436441895
542	0.00315829506243661	11.6183790500863
543	0.00315995565773826	11.638312497022
544	0.00316161388091569	11.6582439892403
545	0.00316326973960804	11.6781735309678
546	0.00316492324141615	11.6981011264141
547	0.00316657439390278	11.7180267797715
548	0.00316822320459287	11.7379504952157
549	0.00316986968097384	11.7578722769054
550	0.00317151383049577	11.7777921289827
551	0.00317315566057171	11.7977100555732
552	0.00317479517857792	11.8176260607857
553	0.00317643239185409	11.8375401487129
554	0.00317806730770361	11.8574523234311
555	0.00317969993339385	11.8773625890004
556	0.0031813302761563	11.8972709494645
557	0.00318295834318691	11.9171774088516
558	0.00318458414164629	11.9370819711735
559	0.00318620767865993	11.9569846404264
560	0.00318782896131846	11.9768854205906
561	0.00318944799667787	11.996784315631
562	0.00319106479175972	12.0166813294966
563	0.00319267935355141	12.0365764661212
564	0.00319429168900639	12.0564697294229
565	0.00319590180504437	12.0763611233048
566	0.00319750970855154	12.0962506516547
567	0.0031991154063808	12.1161383183452
568	0.00320071890535201	12.1360241272338
569	0.00320232021225214	12.1559080821633
570	0.00320391933383553	12.1757901869612
571	0.00320551627682412	12.1956704454407
572	0.00320711104790759	12.2155488613999
573	0.00320870365374366	12.2354254386225
574	0.00321029410095823	12.2553001808775
575	0.0032118823961456	12.2751730919197
576	0.00321346854586872	12.2950441754892
577	0.00321505255665932	12.314913435312
578	0.00321663443501816	12.3347808750998
579	0.00321821418741522	12.3546464985503
580	0.00321979182028991	12.3745103093469
581	0.00322136734005121	12.3943723111591
582	0.00322294075307795	12.4142325076427
583	0.00322451206571893	12.4340909024395
584	0.00322608128429318	12.4539474991774
585	0.00322764841509006	12.4738023014709
586	0.00322921346436953	12.4936553129208
587	0.00323077643836231	12.5135065371142
588	0.00323233734327004	12.5333559776251
589	0.00323389618526553	12.5532036380138
590	0.00323545297049283	12.5730495218275
591	0.00323700770506755	12.5928936326
592	0.00323856039507692	12.6127359738521
593	0.00324011104658006	12.6325765490914
594	0.00324165966560806	12.6524153618125
595	0.00324320625816427	12.6722524154971
596	0.00324475083022437	12.692087713614
597	0.00324629338773661	12.7119212596191
598	0.00324783393662195	12.7317530569558
599	0.00324937248277425	12.5554049104747
600	0.00325090903206038	12.5749281698242
601	0.0032524435903205	12.5944497175041
602	0.00325397616336813	12.613969556855
603	0.00325550675699033	12.6334876912056
604	0.0032570353769479	12.6530041238724
605	0.00325856202897549	12.6725188581595
606	0.00326008671878184	12.6920318973593
607	0.00326160945204984	12.7115432447523
608	0.00326313023443677	12.7310529036069
609	0.00326464907157441	12.7505608771797
610	0.00326616596906922	12.7700671687156
611	0.0032676809325025	12.7895717814479
612	0.00326919396743048	12.809074718598
613	0.00327070507938459	12.8285759833759
614	0.00327221427387148	12.8480755789802
615	0.00327372155637328	12.8675735085977
616	0.00327522693234766	12.8870697754042
617	0.00327673040722807	12.9065643825638
618	0.0032782319864238	12.9260573332295
619	0.00327973167532017	12.9455486305431
620	0.00328122947927867	12.9650382776353
621	0.00328272540363708	12.9845262776254
622	0.00328421945370968	13.004012633622
623	0.00328571163478728	13.0234973487225
624	0.00328720195213748	13.0429804260134
625	0.00328869041100469	13.0624618685705
626	0.0032901770166104	13.0819416794585
627	0.00329166177415319	13.1014198617315
628	0.00329314468880894	13.1208964184328
629	0.00329462576573096	13.1403713525953
630	0.00329610501005009	13.1598446672409
631	0.00329758242687488	13.1793163653814
632	0.00329905802129166	13.1987864500176
633	0.00330053179836473	13.2182549241402
634	0.00330200376313645	13.2377217907296
635	0.00330347392062743	13.2571870527556
636	0.00330494227583655	13.2766507131779
637	0.00330640883374117	13.2961127749458
638	0.00330787359929725	13.3155732409986
639	0.00330933657743949	13.3350321142654
640	0.00331079777308134	13.3544893976652
641	0.00331225719111528	13.373945094107
642	0.00331371483641285	13.3933992064899
643	0.0033151707138248	13.412851737703
644	0.00331662482818118	13.4323026906255
645	0.00331807718429149	13.4517520681268
646	0.00331952778694481	13.4711998730665
647	0.0033209766409099	13.4906461082946
648	0.00332242375093526	13.5100907766513
649	0.00332386912174939	13.5295338809672
650	0.00332531275806076	13.5489754240632
651	0.00332675466455799	13.568415408751
652	0.00332819484590996	13.5878538378324
653	0.00332963330676594	13.6072907141001
654	0.00333107005175564	13.6267260403371
655	0.0033325050854894	13.6461598193174
656	0.00333393841255824	13.6655920538053
657	0.00333537003753402	13.6850227465561
658	0.00333679996496947	13.7044519003159
659	0.00333822819939841	13.7238795178216
660	0.00333965474533575	13.7433056018009
661	0.00334107960727767	13.7627301549723
662	0.0033425027897017	13.7821531800457
663	0.0033439242970668	13.8015746797216
664	0.00334534413381353	13.8209946566917
665	0.00334676230436407	13.8404131136388
666	0.00334817881312238	13.8598300532369
667	0.00334959366447429	13.879245478151
668	0.00335100686278761	13.8986593910375
669	0.00335241841241221	13.918071794544
670	0.00335382831768012	13.9374826913095
671	0.00335523658290563	13.9568920839642
672	0.00335664321238544	13.9762999751297
673	0.00335804821039868	13.9957063674191
674	0.00335945158120703	14.0151112634371
675	0.00336085332905488	14.0345146657797
676	0.00336225345816933	14.0539165770346
677	0.00336365197276033	14.0733169997809
678	0.0033650488770208	14.0927159365896
679	0.00336644417512668	14.1121133900232
680	0.00336783787123705	14.131509362636
681	0.00336922996949421	14.1509038569739
682	0.00337062047402376	14.1702968755748
683	0.00337200938893475	14.1896884209684
684	0.00337339671831968	14.2090784956761
685	0.00337478246625464	14.2284671022113
686	0.00337616663679946	14.2478542430795
687	0.00337754923399764	14.267239920778
688	0.00337893026187661	14.2866241377961
689	0.00338030972444772	14.3060068966153
690	0.00338168762570632	14.108336866245
691	0.0033830639696319	14.1274230819891
692	0.00338443876018816	14.146507868913
693	0.00338581200132307	14.1655912294298
694	0.00338718369696897	14.1846731659447
695	0.00338855385104265	14.2037536808553
696	0.00338992246744545	14.2228327765518
697	0.00339128955006334	14.2419104554166
698	0.00339265510276694	14.260986719825
699	0.00339401912941173	14.2800615721443
700	0.003395381633838	14.2991350147349
701	0.00339674261987102	14.3182070499494
702	0.00339810209132106	14.3372776801332
703	0.00339946005198349	14.3563469076245
704	0.00340081650563891	14.3754147347539
705	0.00340217145605316	14.3944811638451
706	0.00340352490697739	14.4135461972141
707	0.00340487686214823	14.4326098371702
708	0.00340622732528775	14.4516720860152
709	0.00340757630010364	14.470732946044
710	0.00340892379028918	14.4897924195441
711	0.00341026979952344	14.5088505087962
712	0.00341161433147124	14.5279072160739
713	0.00341295738978332	14.5469625436437
714	0.00341429897809631	14.5660164937653
715	0.00341563910003291	14.5850690686912
716	0.00341697775920187	14.6041202706673
717	0.00341831495919815	14.6231701019324
718	0.00341965070360293	14.6422185647185
719	0.0034209849959837	14.6612656612508
720	0.00342231783989431	14.6803113937477
721	0.0034236492388751	14.6993557644209
722	0.00342497919645291	14.7183987754753
723	0.00342630771614117	14.7374404291092
724	0.00342763480143996	14.756480727514
725	0.00342896045583614	14.7755196728748
726	0.00343028468280329	14.7945572673698
727	0.00343160748580192	14.8135935131708
728	0.00343292886827946	14.8326284124429
729	0.00343424883367031	14.8516619673449
730	0.00343556738539597	14.8706941800289
731	0.00343688452686504	14.8897250526406
732	0.00343820026147337	14.9087545873193
733	0.00343951459260401	14.9277827861978
734	0.00344082752362739	14.9468096514026
735	0.00344213905790129	14.965835185054
736	0.003443449198771	14.9848593892656
737	0.00344475794956928	15.003882266145
738	0.00344606531361652	15.0229038177935
739	0.00344737129422069	15.041924046306
740	0.00344867589467755	15.0609429537713
741	0.00344997911827056	15.0799605422722
742	0.00345128096827108	15.0989768138848
743	0.0034525814479383	15.1179917706797
744	0.0034538805605194	15.1370054147211
745	0.00345517830924956	15.1560177480669
746	0.00345647469735207	15.1750287727693
747	0.0034577697280383	15.1940384908743
748	0.00345906340450786	15.2130469044221
749	0.00346035572994859	15.2320540154465
750	0.00346164670753666	15.2510598259757
751	0.00346293634043658	15.270064338032
752	0.00346422463180132	15.2890675536315
753	0.00346551158477232	15.3080694747847
754	0.00346679720247954	15.3270701034962
755	0.00346808148804161	15.3460694417646
756	0.00346936444456572	15.3650674915829
757	0.00347064607514785	15.3840642549382
758	0.00347192638287272	15.403059733812
759	0.00347320537081383	15.4220539301799
760	0.00347448304203366	15.4410468460118
761	0.00347575939958351	15.4600384832721
762	0.00347703444650373	15.4790288439194
763	0.00347830818582371	15.4980179299067
764	0.0034795806205619	15.5170057431814
765	0.00348085175372594	15.5359922856853
766	0.00348212158831263	15.5549775593546
767	0.00348339012730806	15.5739615661201
768	0.00348465737368759	15.5929443079069
769	0.00348592333041598	15.6119257866348
770	0.00348718800044735	15.6309060042179
771	0.00348845138672533	15.6498849625652
772	0.003489713492183	15.6688626635799
773	0.00349097431974308	15.68783910916
774	0.00349223387231784	15.7068143011981
775	0.00349349215280924	15.7257882415815
776	0.00349474916410895	15.744760932192
777	0.00349600490909839	15.7637323749062
778	0.00349725939064881	15.7827025715955
779	0.00349851261162132	15.8016715241259
780	0.00349976457486691	15.820639234358
781	0.00350101528322657	15.8396057041476
782	0.00350226473953126	15.858570935345
783	0.00350351294660202	15.8775349297952
784	0.00350475990724997	15.8964976893385
785	0.0035060056242764	15.9154592158096
786	0.00350725010047274	15.9344195110382
787	0.00350849333862075	15.9533785768491
788	0.0035097353414924	15.9723364150619
789	0.00351097611185003	15.991293027491
790	0.00351221565244635	16.0102484159459
791	0.00351345396602452	16.0292025822312
792	0.00351469105531811	15.8086308214784
793	0.00351592692305126	15.8272996872144
794	0.00351716157193867	15.8459673543253
795	0.0035183950046856	15.864633824569
796	0.00351962722398801	15.8832990996987
797	0.00352085823253249	15.9019631814627
798	0.00352208803299645	15.9206260716045
799	0.00352331662804801	15.9392877718629
800	0.00352454402034613	15.9579482839718
801	0.00352577021254065	15.9766076096604
802	0.00352699520727229	15.9952657506533
803	0.00352821900717277	16.0139227086702
804	0.00352944161486474	16.0325784854263
805	0.00353066303296194	16.0512330826319
806	0.00353188326406916	16.0698865019929
807	0.00353310231078229	16.0885387452104
808	0.0035343201756884	16.107189813981
809	0.00353553686136577	16.1258397099966
810	0.0035367523703839	16.1444884349445
811	0.0035379667053036	16.1631359905076
812	0.00353917986867692	16.1817823783642
813	0.00354039186304737	16.2004276001879
814	0.00354160269094982	16.219071657648
815	0.00354281235491055	16.2377145524093
816	0.00354402085744737	16.2563562861321
817	0.00354522820106958	16.2749968604721
818	0.00354643438827804	16.2936362770807
819	0.00354763942156521	16.3122745376051
820	0.00354884330341518	16.3309116436876
821	0.0035500460363037	16.3495475969665
822	0.00355124762269824	16.3681823990756
823	0.00355244806505803	16.3868160516444
824	0.00355364736583407	16.4054485562981
825	0.00355484552746921	16.4240799146574
826	0.0035560425523981	16.442710128339
827	0.00355723844304734	16.4613391989549
828	0.00355843320183544	16.4799671281133
829	0.00355962683117288	16.4985939174179
830	0.00356081933346218	16.5172195684681
831	0.00356201071109781	16.5358440828593
832	0.00356320096646644	16.5544674621825
833	0.00356439010194674	16.5730897080246
834	0.00356557811990961	16.5917108219685
835	0.00356676502271809	16.6103308055925
836	0.00356795081272746	16.6289496604713
837	0.00356913549228523	16.6475673881751
838	0.00357031906373122	16.6661839902702
839	0.00357150152939755	16.6847994683186
840	0.00357268289160872	16.7034138238785
841	0.00357386315268161	16.7220270585039
842	0.00357504231492553	16.7406391737447
843	0.00357622038064223	16.7592501711468
844	0.00357739735212597	16.7778600522523
845	0.00357857323166353	16.796468818599
846	0.00357974802153422	16.8150764717208
847	0.00358092172401	16.8336830131479
848	0.00358209434135541	16.8522884444061
849	0.00358326587582764	16.8708927670177
850	0.0035844363296766	16.8894959825007
851	0.00358560570514489	16.9080980923694
852	0.00358677400446788	16.9266990981344
853	0.00358794122987372	16.9452990013019
854	0.00358910738358339	16.9638978033748
855	0.00359027246781067	16.9824955058518
856	0.00359143648476228	17.0010921102278
857	0.0035925994366378	17.019687617994
858	0.00359376132562978	17.0382820306377
859	0.00359492215392374	17.0568753496426
860	0.00359608192369818	17.0754675764882
861	0.00359724063712464	17.0940587126508
862	0.00359839829636776	17.1126487596025
863	0.00359955490358519	17.1312377188119
864	0.0036007104609278	17.1498255917438
865	0.00360186497053956	17.1684123798593
866	0.00360301843455759	17.1869980846157
867	0.00360417085511232	17.2055827074669
868	0.00360532223432729	17.2241662498628
869	0.00360647257431944	17.24274871325
870	0.00360762187719891	17.2613300990712
871	0.00360877014506923	17.2799104087655
872	0.00360991738002723	17.2984896437684
873	0.00361106358416319	17.317067805512
874	0.00361220875956076	17.3356448954245
875	0.00361335290829702	17.3542209149308
876	0.00361449603244258	17.372795865452
877	0.00361563813406148	17.3913697484059
878	0.00361677921521131	17.4099425652066
879	0.00361791927794323	17.4285143172647
880	0.00361905832430194	17.4470850059874
881	0.0036201963563258	17.4656546327781
882	0.00362133337604676	17.4842231990372
883	0.00362246938549045	17.5027907061612
884	0.00362360438667618	17.5213571555435
885	0.00362473838161698	17.5399225485736
886	0.00362587137231963	17.558486886638
887	0.00362700336078467	17.5770501711197
888	0.00362813434900643	17.595612403398
889	0.00362926433897305	17.6141735848492
890	0.00363039333266656	17.6327337168459
891	0.0036315213320628	17.6512928007576
892	0.00363264833913156	17.6698508379502
893	0.00363377435583653	17.6884078297863
894	0.00363489938413535	17.7069637776254
895	0.00363602342597963	17.7255186828234
896	0.00363714648331498	17.7440725467329
897	0.00363826855808107	17.7626253707035
898	0.00363938965221157	17.7811771560812
899	0.00364050976763424	17.7997279042088
900	0.00364162890627095	17.8182776164259
901	0.00364274707003768	17.8368262940689
902	0.00364386426084457	17.8553739384707
903	0.00364498048059593	17.8739205509613
904	0.00364609573119025	17.8924661328672
905	0.00364721001452026	17.9110106855119
906	0.00364832333247291	17.6658842978928
907	0.00364943568692946	17.6841541121763
908	0.00365054707976544	17.7024229162277
909	0.00365165751285065	17.7206907113387
910	0.0036527669880493	17.7389574987974
911	0.00365387550721992	17.7572232798892
912	0.00365498307221545	17.7754880558962
913	0.0036560896848832	17.7937518280975
914	0.00365719534706495	17.8120145977691
915	0.00365830006059692	17.830276366184
916	0.00365940382730979	17.8485371346122
917	0.00366050664902877	17.8667969043205
918	0.00366160852757357	17.8850556765728
919	0.00366270946475844	17.9033134526301
920	0.0036638094623922	17.9215702337503
921	0.00366490852227828	17.9398260211881
922	0.00366600664621468	17.9580808161957
923	0.00366710383599408	17.9763346200219
924	0.00366820009340376	17.9945874339127
925	0.0036692954202257	18.0128392591112
926	0.00367038981823662	18.0310900968576
927	0.00367148328920788	18.049339948389
928	0.00367257583490563	18.0675888149397
929	0.00367366745709075	18.0858366977412
930	0.00367475815751895	18.1040835980218
931	0.00367584793794069	18.1223295170073
932	0.00367693680010129	18.1405744559204
933	0.00367802474574087	18.1588184159808
934	0.00367911177659449	18.1770613984058
935	0.00368019789439201	18.1953034044093
936	0.00368128310085827	18.2135444352027
937	0.00368236739771298	18.2317844919946
938	0.00368345078667083	18.2500235759907
939	0.00368453326944149	18.2682616883937
940	0.00368561484772956	18.2864988304039
941	0.00368669552323469	18.3047350032185
942	0.00368777529765156	18.322970208032
943	0.00368885417266988	18.3412044460362
944	0.00368993214997444	18.3594377184201
945	0.0036910092312451	18.37767002637
946	0.00369208541815683	18.3959013710693
947	0.00369316071237974	18.4141317536988
948	0.00369423511557906	18.4323611754365
949	0.00369530862941519	18.4505896374579
950	0.00369638125554374	18.4688171409356
951	0.00369745299561547	18.4870436870394
952	0.00369852385127641	18.5052692769367
953	0.00369959382416782	18.5234939117919
954	0.00370066291592616	18.5417175927672
955	0.00370173112818324	18.5599403210216
956	0.00370279846256615	18.5781620977119
957	0.00370386492069725	18.5963829239919
958	0.00370493050419428	18.614602801013
959	0.0037059952146703	18.6328217299239
960	0.00370705905373375	18.6510397118708
961	0.00370812202298846	18.669256747997
962	0.00370918412403366	18.6874728394436
963	0.00371024535846398	18.7056879873487
964	0.00371130572786952	18.7239021928481
965	0.00371236523383584	18.7421154570751
966	0.00371342387794395	18.7603277811601
967	0.00371448166177036	18.7785391662312
968	0.0037155385868871	18.796749613414
969	0.00371659465486172	18.8149591238312
970	0.00371764986725731	18.8331676986035
971	0.00371870422563255	18.8513753388487
972	0.00371975773154165	18.8695820456821
973	0.00372081038653444	18.8877878202167
974	0.00372186219215639	18.9059926635629
975	0.00372291314994855	18.9241965768286
976	0.00372396326144766	18.9423995611191
977	0.00372501252818609	18.9606016175375
978	0.00372606095169191	18.9788027471843
979	0.00372710853348889	18.9970029511575
980	0.00372815527509649	19.0152022305526
981	0.00372920117802991	19.0334005864629
982	0.00373024624380011	19.051598019979
983	0.00373129047391378	19.0697945321892
984	0.00373233386987344	19.0879901241795
985	0.00373337643317734	19.1061847970333
986	0.00373441816531958	19.1243785518316
987	0.00373545906779008	19.1425713896532
988	0.00373649914207461	19.1607633115744
989	0.00373753838965476	19.1789543186691
990	0.00373857681200804	19.1971444120088
991	0.00373961441060782	19.2153335926627
992	0.00374065118692338	19.2335218616977
993	0.00374168714241993	19.2517092201782
994	0.00374272227855858	19.2698956691664
995	0.00374375659679646	19.2880812097222
996	0.00374479009858659	19.306265842903
997	0.00374582278537802	19.3244495697641
998	0.00374685465861577	19.3426323913582
999	0.00374788571974086	19.360814308736
1000	0.00376567796649282	19.2717597766214
1001	0.00374994541139748	19.3971754350334
