0.964292297152794	0.67514908373956	0	0
0.964266520977567	0.675097283902985	7.26396508567731e-05	7.26396508567731e-05
0.964240718900526	0.675045432136024	0.000145279301713546	0.000145279301713546
0.964214890869652	0.674993528334452	0.000217918952570319	0.000217918952570319
0.964189036832771	0.674941572393728	0.000290558603427092	0.000290558603427092
0.964163156737551	0.674889564208997	0.000363198254283866	0.000363198254283866
0.964137250531503	0.674837503675089	0.000435837905140639	0.000435837905140639
0.964111318161979	0.674785390686512	0.000508477555997412	0.000508477555997412
0.964085359576171	0.674733225137459	0.000581117206854185	0.000581117206854185
0.96405937472111	0.6746810069218	0.000653756857710958	0.000653756857710958
0.964033363543669	0.674628735933085	0.000726396508567731	0.000726396508567731
0.964007325990558	0.674576412064539	0.000799036159424504	0.000799036159424504
0.963981262008325	0.674524035209063	0.000871675810281277	0.000871675810281277
0.963955171543356	0.674471605259235	0.00094431546113805	0.00094431546113805
0.963929054541873	0.674419122107302	0.00101695511199482	0.00101695511199482
0.963902910949936	0.674366585645185	0.0010895947628516	0.0010895947628516
0.963876740713437	0.674313995764475	0.00116223441370837	0.00116223441370837
0.963850543778107	0.674261352356432	0.00123487406456514	0.00123487406456514
0.963824320089507	0.674208655311984	0.00130751371542192	0.00130751371542192
0.963798069593035	0.674155904521723	0.00138015336627869	0.00138015336627869
0.963771792233918	0.67410309987591	0.00145279301713546	0.00145279301713546
0.963745487957217	0.674050241264465	0.00152543266799224	0.00152543266799224
0.963719156707826	0.673997328576973	0.00159807231884901	0.00159807231884901
0.963692798430467	0.67394436170268	0.00167071196970578	0.00167071196970578
0.963666413069693	0.673891340530489	0.00174335162056255	0.00174335162056255
0.963640000569886	0.673838264948964	0.00181599127141933	0.00181599127141933
0.963613560875256	0.673785134846324	0.0018886309222761	0.0018886309222761
0.963587093929843	0.673731950110442	0.00196127057313287	0.00196127057313287
0.963560599677511	0.673678710628847	0.00203391022398965	0.00203391022398965
0.963534078061953	0.67362541628872	0.00210654987484642	0.00210654987484642
0.963507529026688	0.673572066976891	0.00217918952570319	0.00217918952570319
0.963480952515056	0.673518662579841	0.00225182917655997	0.00225182917655997
0.963454348470227	0.673465202983699	0.00232446882741674	0.00232446882741674
0.963427716835189	0.673411688074241	0.00239710847827351	0.00239710847827351
0.963401057552758	0.673358117736885	0.00246974812913029	0.00246974812913029
0.963374370565567	0.673304491856698	0.00254238777998706	0.00254238777998706
0.963347655816074	0.673250810318383	0.00261502743084383	0.00261502743084383
0.963320913246557	0.67319707300629	0.0026876670817006	0.0026876670817006
0.963294142799112	0.673143279804402	0.00276030673255738	0.00276030673255738
0.963267344415656	0.673089430596344	0.00283294638341415	0.00283294638341415
0.963240518037924	0.673035525265375	0.00290558603427092	0.00290558603427092
0.963213663607467	0.672981563694389	0.0029782256851277	0.0029782256851277
0.963186781065656	0.672927545765915	0.00305086533598447	0.00305086533598447
0.963159870353674	0.67287347136211	0.00312350498684124	0.00312350498684124
0.963132931412524	0.672819340364764	0.00319614463769802	0.00319614463769802
0.963105964183018	0.672765152655294	0.00326878428855479	0.00326878428855479
0.963078968605786	0.672710908114744	0.00334142393941156	0.00334142393941156
0.963051944621271	0.672656606623785	0.00341406359026834	0.00341406359026834
0.963024892169724	0.672602248062709	0.00348670324112511	0.00348670324112511
0.962997811191212	0.672547832311431	0.00355934289198188	0.00355934289198188
0.962970701625611	0.672493359249489	0.00363198254283866	0.00363198254283866
0.962943563412605	0.672438828756037	0.00370462219369543	0.00370462219369543
0.962916396491689	0.672384240709847	0.0037772618445522	0.0037772618445522
0.962889200802166	0.672329594989309	0.00384990149540897	0.00384990149540897
0.962861976283146	0.672274891472424	0.00392254114626575	0.00392254114626575
0.962834722873546	0.672220130036807	0.00399518079712252	0.00399518079712252
0.962807440512086	0.672165310559684	0.00406782044797929	0.00406782044797929
0.962780129137296	0.67211043291789	0.00414046009883607	0.00414046009883607
0.962752788687505	0.672055496987868	0.00421309974969284	0.00421309974969284
0.962725419100849	0.672000502645665	0.00428573940054961	0.00428573940054961
0.962698020315264	0.671945449766935	0.00435837905140639	0.00435837905140639
0.962670592268488	0.671890338226933	0.00443101870226316	0.00443101870226316
0.962643134898061	0.671835167900514	0.00450365835311993	0.00450365835311993
0.962615648141321	0.671779938662133	0.0045762980039767	0.0045762980039767
0.962588131935407	0.671724650385844	0.00464893765483348	0.00464893765483348
0.962560586217254	0.671669302945293	0.00472157730569025	0.00472157730569025
0.962533010923596	0.671613896213723	0.00479421695654702	0.00479421695654702
0.962505405990962	0.671558430063969	0.0048668566074038	0.0048668566074038
0.962477771355678	0.671502904368455	0.00493949625826057	0.00493949625826057
0.962450106953864	0.671447318999194	0.00501213590911734	0.00501213590911734
0.962422412721433	0.671391673827787	0.00508477555997412	0.00508477555997412
0.962394688594091	0.671335968725419	0.00515741521083089	0.00515741521083089
0.962366934507338	0.671280203562859	0.00523005486168766	0.00523005486168766
0.962339150396464	0.671224378210457	0.00530269451254444	0.00530269451254444
0.962311336196546	0.671168492538144	0.00537533416340121	0.00537533416340121
0.962283491842456	0.671112546415426	0.00544797381425798	0.00544797381425798
0.96225561726885	0.671056539711389	0.00552061346511476	0.00552061346511476
0.962227712410173	0.671000472294691	0.00559325311597153	0.00559325311597153
0.962199777200656	0.670944344033562	0.0056658927668283	0.0056658927668283
0.962171811574316	0.670888154795804	0.00573853241768507	0.00573853241768507
0.962143815464956	0.670831904448787	0.00581117206854185	0.00581117206854185
0.96211578880616	0.670775592859447	0.00588381171939862	0.00588381171939862
0.962087731531296	0.670719219894287	0.00595645137025539	0.00595645137025539
0.962059643573515	0.67066278541937	0.00602909102111217	0.00602909102111217
0.962031524865747	0.670606289300324	0.00610173067196894	0.00610173067196894
0.962003375340702	0.670549731402332	0.00617437032282571	0.00617437032282571
0.961975194930872	0.670493111590137	0.00624700997368249	0.00624700997368249
0.961946983568523	0.670436429728037	0.00631964962453926	0.00631964962453926
0.961918741185699	0.670379685679883	0.00639228927539603	0.00639228927539603
0.961890467714223	0.670322879309077	0.00646492892625281	0.00646492892625281
0.961862163085688	0.670266010478571	0.00653756857710958	0.00653756857710958
0.961833827231466	0.670209079050863	0.00661020822796635	0.00661020822796635
0.961805460082699	0.670152084888	0.00668284787882313	0.00668284787882313
0.961777061570302	0.670095027851569	0.0067554875296799	0.0067554875296799
0.961748631624961	0.670037907802699	0.00682812718053667	0.00682812718053667
0.961720170177132	0.669980724602059	0.00690076683139344	0.00690076683139344
0.96169167715704	0.669923478109856	0.00697340648225022	0.00697340648225022
0.961663152494678	0.669866168185832	0.00704604613310699	0.00704604613310699
0.961634596119806	0.669808794689261	0.00711868578396376	0.00711868578396376
0.96160600796195	0.66975135747895	0.00719132543482054	0.00719132543482054
0.9615773879504	0.669693856413233	0.00726396508567731	0.00726396508567731
0.961548736014212	0.669636291349973	0.00733660473653408	0.00733660473653408
0.961520052082202	0.669578662146556	0.00740924438739086	0.00740924438739086
0.96149133608295	0.669520968659894	0.00748188403824763	0.00748188403824763
0.961462587944796	0.669463210746415	0.0075545236891044	0.0075545236891044
0.961433807595839	0.669405388262069	0.00762716333996118	0.00762716333996118
0.961404994963936	0.669347501062322	0.00769980299081795	0.00769980299081795
0.961376149976704	0.669289549002152	0.00777244264167472	0.00777244264167472
0.961347272561515	0.669231531936052	0.0078450822925315	0.0078450822925315
0.961318362645494	0.669173449718021	0.00791772194338827	0.00791772194338827
0.961289420155523	0.66911530220157	0.00799036159424504	0.00799036159424504
0.961260445018236	0.669057089239713	0.00806300124510181	0.00806300124510181
0.96123143716002	0.668998810684966	0.00813564089595859	0.00813564089595859
0.961202396507011	0.668940466389348	0.00820828054681536	0.00820828054681536
0.961173322985096	0.668882056204376	0.00828092019767213	0.00828092019767213
0.96114421651991	0.668823579981064	0.00835355984852891	0.00835355984852891
0.961115077036835	0.668765037569917	0.00842619949938568	0.00842619949938568
0.961085904461001	0.668706428820937	0.00849883915024245	0.00849883915024245
0.96105669871728	0.668647753583611	0.00857147880109923	0.00857147880109923
0.961027459730292	0.668589011706916	0.008644118451956	0.008644118451956
0.960998187424397	0.668530203039311	0.00871675810281277	0.00871675810281277
0.960968881723697	0.668471327428741	0.00878939775366955	0.00878939775366955
0.960939542552035	0.668412384722629	0.00886203740452632	0.00886203740452632
0.960910169832992	0.668353374767875	0.00893467705538309	0.00893467705538309
0.96088076348989	0.668294297410857	0.00900731670623986	0.00900731670623986
0.960851323445785	0.668235152497424	0.00907995635709664	0.00907995635709664
0.960821849623469	0.668175939872896	0.00915259600795341	0.00915259600795341
0.96079234194547	0.668116659382062	0.00922523565881018	0.00922523565881018
0.960762800334048	0.668057310869175	0.00929787530966696	0.00929787530966696
0.960733224711196	0.667997894177952	0.00937051496052373	0.00937051496052373
0.960703614998636	0.667938409151572	0.0094431546113805	0.0094431546113805
0.960673971117821	0.667878855632671	0.00951579426223727	0.00951579426223727
0.960644292989932	0.667819233463341	0.00958843391309405	0.00958843391309405
0.960614580535877	0.667759542485128	0.00966107356395082	0.00966107356395082
0.96058483367629	0.667699782539027	0.0097337132148076	0.0097337132148076
0.960555052331528	0.667639953465483	0.00980635286566437	0.00980635286566437
0.960525236421675	0.667580055104386	0.00987899251652114	0.00987899251652114
0.960495385866532	0.66752008729507	0.00995163216737791	0.00995163216737791
0.960465500585624	0.667460049876307	0.0100242718182347	0.0100242718182347
0.960435580498194	0.66739994268631	0.0100969114690915	0.0100969114690915
0.960405625523204	0.667339765562725	0.0101695511199482	0.0101695511199482
0.960375635579332	0.667279518342633	0.010242190770805	0.010242190770805
0.960345610584972	0.667219200862541	0.0103148304216618	0.0103148304216618
0.960315550458231	0.667158812958388	0.0103874700725186	0.0103874700725186
0.960285455116929	0.667098354465535	0.0104601097233753	0.0104601097233753
0.9602553244786	0.667037825218765	0.0105327493742321	0.0105327493742321
0.960225158460483	0.666977225052281	0.0106053890250889	0.0106053890250889
0.960194956979531	0.666916553799704	0.0106780286759456	0.0106780286759456
0.960164719952401	0.666855811294065	0.0107506683268024	0.0107506683268024
0.960134447295456	0.666794997367809	0.0108233079776592	0.0108233079776592
0.960104138924765	0.666734111852789	0.010895947628516	0.010895947628516
0.960073794756101	0.666673154580262	0.0109685872793727	0.0109685872793727
0.960043414704935	0.66661212538089	0.0110412269302295	0.0110412269302295
0.960012998686441	0.666551024084733	0.0111138665810863	0.0111138665810863
0.959982546615493	0.666489850521248	0.0111865062319431	0.0111865062319431
0.95995205840666	0.666428604519287	0.0112591458827998	0.0112591458827998
0.959921533974209	0.666367285907094	0.0113317855336566	0.0113317855336566
0.9598909732321	0.666305894512299	0.0114044251845134	0.0114044251845134
0.959860376093987	0.66624443016192	0.0114770648353701	0.0114770648353701
0.959829742473217	0.666182892682356	0.0115497044862269	0.0115497044862269
0.959799072282824	0.666121281899386	0.0116223441370837	0.0116223441370837
0.959768365435533	0.666059597638167	0.0116949837879405	0.0116949837879405
0.959737621843758	0.665997839723226	0.0117676234387972	0.0117676234387972
0.959706841419595	0.665936007978466	0.011840263089654	0.011840263089654
0.959676024074826	0.665874102227153	0.0119129027405108	0.0119129027405108
0.959645169720917	0.66581212229192	0.0119855423913676	0.0119855423913676
0.959614278269014	0.665750067994762	0.0120581820422243	0.0120581820422243
0.959583349629941	0.66568793915703	0.0121308216930811	0.0121308216930811
0.959552383714204	0.665625735599433	0.0122034613439379	0.0122034613439379
0.959521380431983	0.665563457142032	0.0122761009947947	0.0122761009947947
0.959490339693134	0.665501103604236	0.0123487406456514	0.0123487406456514
0.959459261407185	0.665438674804801	0.0124213802965082	0.0124213802965082
0.959428145483338	0.665376170561826	0.012494019947365	0.012494019947365
0.959396991830464	0.665313590692748	0.0125666595982217	0.0125666595982217
0.959365800357104	0.665250935014344	0.0126392992490785	0.0126392992490785
0.959334570971465	0.665188203342721	0.0127119388999353	0.0127119388999353
0.959303303581419	0.665125395493318	0.0127845785507921	0.0127845785507921
0.959271998094503	0.665062511280899	0.0128572182016488	0.0128572182016488
0.959240654417916	0.664999550519555	0.0129298578525056	0.0129298578525056
0.959209272458518	0.664936513022693	0.0130024975033624	0.0130024975033624
0.959177852122826	0.664873398603039	0.0130751371542192	0.0130751371542192
0.959146393317018	0.664810207072634	0.0131477768050759	0.0131477768050759
0.959114895946923	0.664746938242827	0.0132204164559327	0.0132204164559327
0.959083359918028	0.664683591924274	0.0132930561067895	0.0132930561067895
0.959051785135469	0.664620167926936	0.0133656957576463	0.0133656957576463
0.959020171504035	0.664556666060073	0.013438335408503	0.013438335408503
0.958988518928162	0.664493086132241	0.0135109750593598	0.0135109750593598
0.958956827311935	0.664429427951291	0.0135836147102166	0.0135836147102166
0.958925096559081	0.664365691324361	0.0136562543610733	0.0136562543610733
0.958893326572974	0.664301876057878	0.0137288940119301	0.0137288940119301
0.958861517256629	0.66423798195755	0.0138015336627869	0.0138015336627869
0.958829668512699	0.664174008828363	0.0138741733136437	0.0138741733136437
0.958797780243478	0.664109956474582	0.0139468129645004	0.0139468129645004
0.958765852350894	0.66404582469974	0.0140194526153572	0.0140194526153572
0.958733884736512	0.663981613306641	0.014092092266214	0.014092092266214
0.958701877301527	0.663917322097352	0.0141647319170708	0.0141647319170708
0.958669829946768	0.663852950873202	0.0142373715679275	0.0142373715679275
0.958637742572692	0.663788499434777	0.0143100112187843	0.0143100112187843
0.958605615079382	0.663723967581916	0.0143826508696411	0.0143826508696411
0.958573447366549	0.663659355113709	0.0144552905204978	0.0144552905204978
0.958541239333524	0.663594661828491	0.0145279301713546	0.0145279301713546
0.958508990879264	0.66352988752384	0.0146005698222114	0.0146005698222114
0.958476701902342	0.663465031996573	0.0146732094730682	0.0146732094730682
0.958444372300952	0.66340009504274	0.0147458491239249	0.0147458491239249
0.958412001972901	0.663335076457624	0.0148184887747817	0.0148184887747817
0.958379590815612	0.663269976035734	0.0148911284256385	0.0148911284256385
0.958347138726119	0.663204793570801	0.0149637680764953	0.0149637680764953
0.958314645601068	0.663139528855777	0.015036407727352	0.015036407727352
0.958282111336711	0.663074181682828	0.0151090473782088	0.0151090473782088
0.958249535828906	0.663008751843332	0.0151816870290656	0.0151816870290656
0.958216918973118	0.662943239127874	0.0152543266799224	0.0152543266799224
0.958184260664411	0.662877643326243	0.0153269663307791	0.0153269663307791
0.958151560797451	0.662811964227425	0.0153996059816359	0.0153996059816359
0.958118819266502	0.662746201619603	0.0154722456324927	0.0154722456324927
0.958086035965422	0.662680355290151	0.0155448852833494	0.0155448852833494
0.958053210787666	0.662614425025629	0.0156175249342062	0.0156175249342062
0.958020343626279	0.66254841061178	0.015690164585063	0.015690164585063
0.957987434373897	0.662482311833527	0.0157628042359198	0.0157628042359198
0.957954482922742	0.662416128474964	0.0158354438867765	0.0158354438867765
0.957921489164623	0.66234986031936	0.0159080835376333	0.0159080835376333
0.957888452990933	0.662283507149144	0.0159807231884901	0.0159807231884901
0.957855374292645	0.662217068745912	0.0160533628393469	0.0160533628393469
0.957822252960312	0.662150544890415	0.0161260024902036	0.0161260024902036
0.957789088884063	0.662083935362556	0.0161986421410604	0.0161986421410604
0.957755881953605	0.662017239941387	0.0162712817919172	0.0162712817919172
0.957722632058212	0.661950458405106	0.0163439214427739	0.0163439214427739
0.957689339086735	0.661883590531048	0.0164165610936307	0.0164165610936307
0.957656002927588	0.661816636095686	0.0164892007444875	0.0164892007444875
0.957622623468753	0.661749594874622	0.0165618403953443	0.0165618403953443
0.957589200597777	0.661682466642585	0.016634480046201	0.016634480046201
0.957555734201767	0.661615251173425	0.0167071196970578	0.0167071196970578
0.957522224167388	0.66154794824011	0.0167797593479146	0.0167797593479146
0.957488670380865	0.66148055761472	0.0168523989987714	0.0168523989987714
0.957455072727974	0.661413079068444	0.0169250386496281	0.0169250386496281
0.957421431094047	0.661345512371572	0.0169976783004849	0.0169976783004849
0.957387745363962	0.661277857293496	0.0170703179513417	0.0170703179513417
0.957354015422149	0.661210113602699	0.0171429576021985	0.0171429576021985
0.957320241152578	0.661142281066754	0.0172155972530552	0.0172155972530552
0.957286422438766	0.661074359452318	0.017288236903912	0.017288236903912
0.957252559163769	0.661006348525129	0.0173608765547688	0.0173608765547688
0.95721865121018	0.660938248049998	0.0174335162056255	0.0174335162056255
0.957184698460129	0.660870057790807	0.0175061558564823	0.0175061558564823
0.957150700795278	0.660801777510502	0.0175787955073391	0.0175787955073391
0.957116658096819	0.660733406971088	0.0176514351581959	0.0176514351581959
0.957082570245475	0.660664945933627	0.0177240748090526	0.0177240748090526
0.957048437121491	0.660596394158231	0.0177967144599094	0.0177967144599094
0.957014258604638	0.660527751404055	0.0178693541107662	0.0178693541107662
0.956980034574205	0.660459017429296	0.017941993761623	0.017941993761623
0.956945764909001	0.660390191991182	0.0180146334124797	0.0180146334124797
0.95691144948735	0.660321274845976	0.0180872730633365	0.0180872730633365
0.956877088187088	0.660252265748961	0.0181599127141933	0.0181599127141933
0.956842680885562	0.66018316445444	0.01823255236505	0.01823255236505
0.956808227459626	0.660113970715733	0.0183051920159068	0.0183051920159068
0.95677372778564	0.660044684285164	0.0183778316667636	0.0183778316667636
0.956739181739466	0.659975304914063	0.0184504713176204	0.0184504713176204
0.956704589196464	0.659905832352758	0.0185231109684771	0.0185231109684771
0.956669950031494	0.659836266350569	0.0185957506193339	0.0185957506193339
0.956635264118907	0.659766606655804	0.0186683902701907	0.0186683902701907
0.956600531332548	0.65969685301575	0.0187410299210475	0.0187410299210475
0.956565751545749	0.659627005176674	0.0188136695719042	0.0188136695719042
0.95653092463133	0.659557062883811	0.018886309222761	0.018886309222761
0.956496050461592	0.659487025881362	0.0189589488736178	0.0189589488736178
0.956461128908318	0.659416893912488	0.0190315885244745	0.0190315885244745
0.956426159842768	0.659346666719302	0.0191042281753313	0.0191042281753313
0.956391143135677	0.659276344042866	0.0191768678261881	0.0191768678261881
0.956356078657251	0.659205925623186	0.0192495074770449	0.0192495074770449
0.956320966277166	0.659135411199203	0.0193221471279016	0.0193221471279016
0.956285805864564	0.659064800508788	0.0193947867787584	0.0193947867787584
0.956250597288049	0.65899409328874	0.0194674264296152	0.0194674264296152
0.956215340415688	0.658923289274773	0.019540066080472	0.019540066080472
0.956180035115003	0.658852388201517	0.0196127057313287	0.0196127057313287
0.95614468125297	0.658781389802509	0.0196853453821855	0.0196853453821855
0.956109278696017	0.658710293810187	0.0197579850330423	0.0197579850330423
0.956073827310022	0.658639099955883	0.0198306246838991	0.0198306246838991
0.956038326960305	0.658567807969818	0.0199032643347558	0.0199032643347558
0.956002777511631	0.658496417581099	0.0199759039856126	0.0199759039856126
0.955967178828203	0.658424928517705	0.0200485436364694	0.0200485436364694
0.955931530773658	0.65835334050649	0.0201211832873261	0.0201211832873261
0.95589583321107	0.65828165327317	0.0201938229381829	0.0201938229381829
0.95586008600294	0.658209866542318	0.0202664625890397	0.0202664625890397
0.955824289011196	0.65813798003736	0.0203391022398965	0.0203391022398965
0.955788442097188	0.658065993480568	0.0204117418907532	0.0204117418907532
0.95575254512169	0.657993906593051	0.02048438154161	0.02048438154161
0.955716597944888	0.657921719094751	0.0205570211924668	0.0205570211924668
0.955680600426386	0.657849430704436	0.0206296608433236	0.0206296608433236
0.955644552425195	0.657777041139693	0.0207023004941803	0.0207023004941803
0.955608453799735	0.657704550116921	0.0207749401450371	0.0207749401450371
0.95557230440783	0.657631957351326	0.0208475797958939	0.0208475797958939
0.955536104106702	0.657559262556912	0.0209202194467507	0.0209202194467507
0.955499852752973	0.657486465446476	0.0209928590976074	0.0209928590976074
0.955463550202656	0.657413565731602	0.0210654987484642	0.0210654987484642
0.955427196311156	0.657340563122649	0.021138138399321	0.021138138399321
0.955390790933263	0.657267457328752	0.0212107780501777	0.0212107780501777
0.955354333923153	0.657194248057809	0.0212834177010345	0.0212834177010345
0.955317825134378	0.657120935016475	0.0213560573518913	0.0213560573518913
0.955281264419869	0.657047517910157	0.0214286970027481	0.0214286970027481
0.95524465163193	0.656973996443007	0.0215013366536048	0.0215013366536048
0.955207986622231	0.65690037031791	0.0215739763044616	0.0215739763044616
0.955171269241811	0.656826639236484	0.0216466159553184	0.0216466159553184
0.955134499341069	0.656752802899068	0.0217192556061752	0.0217192556061752
0.955097676769762	0.656678861004714	0.0217918952570319	0.0217918952570319
0.955060801377003	0.656604813251184	0.0218645349078887	0.0218645349078887
0.955023873011254	0.656530659334939	0.0219371745587455	0.0219371745587455
0.954986891520326	0.656456398951132	0.0220098142096022	0.0220098142096022
0.954949856751372	0.656382031793602	0.022082453860459	0.022082453860459
0.954912768550886	0.656307557554865	0.0221550935113158	0.0221550935113158
0.954875626764695	0.656232975926107	0.0222277331621726	0.0222277331621726
0.954838431237962	0.656158286597176	0.0223003728130293	0.0223003728130293
0.954801181815174	0.656083489256575	0.0223730124638861	0.0223730124638861
0.954763878340145	0.656008583591453	0.0224456521147429	0.0224456521147429
0.954726520656009	0.655933569287598	0.0225182917655997	0.0225182917655997
0.954689108605214	0.655858446029429	0.0225909314164564	0.0225909314164564
0.954651642029523	0.655783213499987	0.0226635710673132	0.0226635710673132
0.954614120770006	0.65570787138093	0.02273621071817	0.02273621071817
0.954576544667038	0.655632419352522	0.0228088503690268	0.0228088503690268
0.954538913560293	0.655556857093623	0.0228814900198835	0.0228814900198835
0.954501227288742	0.655481184281687	0.0229541296707403	0.0229541296707403
0.954463485690649	0.655405400592749	0.0230267693215971	0.0230267693215971
0.954425688603564	0.655329505701418	0.0230994089724538	0.0230994089724538
0.954387835864321	0.655253499280867	0.0231720486233106	0.0231720486233106
0.954349927309034	0.655177381002829	0.0232446882741674	0.0232446882741674
0.954311962773093	0.655101150537582	0.0233173279250242	0.0233173279250242
0.954273942091157	0.655024807553948	0.0233899675758809	0.0233899675758809
0.954235865097153	0.654948351719276	0.0234626072267377	0.0234626072267377
0.95419773162427	0.654871782699442	0.0235352468775945	0.0235352468775945
0.954159541504954	0.654795100158832	0.0236078865284513	0.0236078865284513
0.954121294570905	0.65471830376034	0.023680526179308	0.023680526179308
0.954082990653073	0.654641393165355	0.0237531658301648	0.0237531658301648
0.954044629581652	0.654564368033752	0.0238258054810216	0.0238258054810216
0.954006211186075	0.654487228023887	0.0238984451318783	0.0238984451318783
0.953967735295012	0.654409972792582	0.0239710847827351	0.0239710847827351
0.953929201736363	0.654332601995122	0.0240437244335919	0.0240437244335919
0.953890610337254	0.65425511528524	0.0241163640844487	0.0241163640844487
0.953851960924033	0.654177512315112	0.0241890037353054	0.0241890037353054
0.953813253322267	0.654099792735346	0.0242616433861622	0.0242616433861622
0.953774487356732	0.654021956194972	0.024334283037019	0.024334283037019
0.953735662851413	0.653944002341433	0.0244069226878758	0.0244069226878758
0.953696779629499	0.653865930820576	0.0244795623387325	0.0244795623387325
0.953657837513375	0.653787741276641	0.0245522019895893	0.0245522019895893
0.95361883632462	0.653709433352255	0.0246248416404461	0.0246248416404461
0.953579775884	0.653631006688415	0.0246974812913029	0.0246974812913029
0.953540656011467	0.653552460924485	0.0247701209421596	0.0247701209421596
0.953501476526148	0.653473795698184	0.0248427605930164	0.0248427605930164
0.953462237246346	0.653395010645574	0.0249154002438732	0.0249154002438732
0.953422937989531	0.653316105401053	0.0249880398947299	0.0249880398947299
0.953383578572335	0.653237079597341	0.0250606795455867	0.0250606795455867
0.95334415881055	0.653157932865473	0.0251333191964435	0.0251333191964435
0.953304678519119	0.653078664834789	0.0252059588473003	0.0252059588473003
0.953265137512135	0.65299927513292	0.025278598498157	0.025278598498157
0.953225535602832	0.652919763385782	0.0253512381490138	0.0253512381490138
0.95318587260358	0.65284012921756	0.0254238777998706	0.0254238777998706
0.953146148325883	0.652760372250703	0.0254965174507274	0.0254965174507274
0.95310636258037	0.65268049210591	0.0255691571015841	0.0255691571015841
0.953066515176792	0.652600488402119	0.0256417967524409	0.0256417967524409
0.953026605924014	0.6525203607565	0.0257144364032977	0.0257144364032977
0.952986634630014	0.652440108784437	0.0257870760541545	0.0257870760541545
0.952946601101871	0.652359732099524	0.0258597157050112	0.0258597157050112
0.952906505145765	0.652279230313548	0.025932355355868	0.025932355355868
0.952866346566969	0.652198603036484	0.0260049950067248	0.0260049950067248
0.952826125169845	0.652117849876477	0.0260776346575815	0.0260776346575815
0.952785840757834	0.652036970439835	0.0261502743084383	0.0261502743084383
0.952745493133456	0.651955964331017	0.0262229139592951	0.0262229139592951
0.952705082098301	0.651874831152618	0.0262955536101519	0.0262955536101519
0.952664607453022	0.651793570505364	0.0263681932610086	0.0263681932610086
0.952624068997333	0.651712181988094	0.0264408329118654	0.0264408329118654
0.952583466529998	0.651630665197748	0.0265134725627222	0.0265134725627222
0.95254279984883	0.651549019729361	0.026586112213579	0.026586112213579
0.952502068750683	0.651467245176045	0.0266587518644357	0.0266587518644357
0.952461273031443	0.65138534112898	0.0267313915152925	0.0267313915152925
0.952420412486029	0.651303307177401	0.0268040311661493	0.0268040311661493
0.952379486908378	0.651221142908584	0.026876670817006	0.026876670817006
0.952338496091445	0.651138847907836	0.0269493104678628	0.0269493104678628
0.952297439827195	0.651056421758482	0.0270219501187196	0.0270219501187196
0.952256317906598	0.65097386404185	0.0270945897695764	0.0270945897695764
0.952215130119617	0.650891174337262	0.0271672294204331	0.0271672294204331
0.952173876255211	0.650808352222018	0.0272398690712899	0.0272398690712899
0.952132556101319	0.650725397271383	0.0273125087221467	0.0273125087221467
0.95209116944486	0.650642309058577	0.0273851483730035	0.0273851483730035
0.952049716071725	0.650559087154761	0.0274577880238602	0.0274577880238602
0.952008195766767	0.650475731129018	0.027530427674717	0.027530427674717
0.951966608313798	0.650392240548349	0.0276030673255738	0.0276030673255738
0.951924953495581	0.650308614977652	0.0276757069764306	0.0276757069764306
0.951883231093826	0.650224853979713	0.0277483466272873	0.0277483466272873
0.951841440889176	0.650140957115189	0.0278209862781441	0.0278209862781441
0.951799582661207	0.650056923942596	0.0278936259290009	0.0278936259290009
0.951757656188419	0.649972754018295	0.0279662655798576	0.0279662655798576
0.951715661248227	0.649888446896477	0.0280389052307144	0.0280389052307144
0.951673597616958	0.64980400212915	0.0281115448815712	0.0281115448815712
0.951631465069839	0.649719419266124	0.028184184532428	0.028184184532428
0.951589263380993	0.649634697854996	0.0282568241832847	0.0282568241832847
0.951546992323432	0.649549837441139	0.0283294638341415	0.0283294638341415
0.951504651669047	0.64946483756768	0.0284021034849983	0.0284021034849983
0.951462241188602	0.649379697775494	0.0284747431358551	0.0284747431358551
0.95141976065173	0.649294417603184	0.0285473827867118	0.0285473827867118
0.951377209826918	0.649208996587065	0.0286200224375686	0.0286200224375686
0.951334588481507	0.649123434261152	0.0286926620884254	0.0286926620884254
0.95129189638168	0.649037730157145	0.0287653017392821	0.0287653017392821
0.951249133292456	0.64895188380441	0.0288379413901389	0.0288379413901389
0.95120629897768	0.648865894729968	0.0289105810409957	0.0289105810409957
0.95116339320002	0.648779762458475	0.0289832206918525	0.0289832206918525
0.951120415720954	0.648693486512208	0.0290558603427092	0.0290558603427092
0.951077366300763	0.648607066411052	0.029128499993566	0.029128499993566
0.951034244698527	0.648520501672479	0.0292011396444228	0.0292011396444228
0.950991050672112	0.648433791811536	0.0292737792952796	0.0292737792952796
0.950947783978164	0.648346936340824	0.0293464189461363	0.0293464189461363
0.950904444372103	0.648259934770489	0.0294190585969931	0.0294190585969931
0.950861031608108	0.648172786608196	0.0294916982478499	0.0294916982478499
0.950817545439118	0.648085491359121	0.0295643378987067	0.0295643378987067
0.950773985616815	0.647998048525928	0.0296369775495634	0.0296369775495634
0.95073035189162	0.647910457608756	0.0297096172004202	0.0297096172004202
0.950686644012686	0.647822718105198	0.029782256851277	0.029782256851277
0.950642861727882	0.647734829510288	0.0298548965021337	0.0298548965021337
0.950599004783795	0.64764679131648	0.0299275361529905	0.0299275361529905
0.950555072925711	0.647558603013634	0.0300001758038473	0.0300001758038473
0.950511065897612	0.647470264088992	0.0300728154547041	0.0300728154547041
0.950466983442167	0.647381774027169	0.0301454551055608	0.0301454551055608
0.950422825300719	0.647293132310127	0.0302180947564176	0.0302180947564176
0.950378591213282	0.647204338417162	0.0302907344072744	0.0302907344072744
0.950334280918525	0.647115391824881	0.0303633740581312	0.0303633740581312
0.950289894153768	0.64702629200719	0.0304360137089879	0.0304360137089879
0.95024543065497	0.646937038435267	0.0305086533598447	0.0305086533598447
0.950200890156721	0.64684763057755	0.0305812930107015	0.0305812930107015
0.950156272392233	0.646758067899718	0.0306539326615583	0.0306539326615583
0.950111577093326	0.646668349864664	0.030726572312415	0.030726572312415
0.950066803990426	0.646578475932486	0.0307992119632718	0.0307992119632718
0.950021952812547	0.64648844556046	0.0308718516141286	0.0308718516141286
0.949977023287287	0.646398258203025	0.0309444912649853	0.0309444912649853
0.949932015140817	0.646307913311758	0.0310171309158421	0.0310171309158421
0.949886928097868	0.64621741033536	0.0310897705666989	0.0310897705666989
0.949841761881727	0.646126748719632	0.0311624102175557	0.0311624102175557
0.949796516214218	0.646035927907456	0.0312350498684124	0.0312350498684124
0.9497511908157	0.645944947338774	0.0313076895192692	0.0313076895192692
0.949705785405054	0.645853806450565	0.031380329170126	0.031380329170126
0.949660299699668	0.645762504676831	0.0314529688209828	0.0314529688209828
0.949614733415435	0.645671041448568	0.0315256084718395	0.0315256084718395
0.949569086266734	0.645579416193748	0.0315982481226963	0.0315982481226963
0.949523357966427	0.645487628337299	0.0316708877735531	0.0316708877735531
0.94947754822584	0.645395677301082	0.0317435274244098	0.0317435274244098
0.949431656754759	0.645303562503868	0.0318161670752666	0.0318161670752666
0.949385683261415	0.645211283361317	0.0318888067261234	0.0318888067261234
0.949339627452476	0.645118839285957	0.0319614463769802	0.0319614463769802
0.949293489033032	0.64502622968716	0.0320340860278369	0.0320340860278369
0.949247267706587	0.644933453971119	0.0321067256786937	0.0321067256786937
0.949200963175045	0.644840511540827	0.0321793653295505	0.0321793653295505
0.949154575138701	0.644747401796052	0.0322520049804073	0.0322520049804073
0.949108103296227	0.644654124133313	0.032324644631264	0.032324644631264
0.949061547344663	0.644560677945863	0.0323972842821208	0.0323972842821208
0.949014906979402	0.644467062623654	0.0324699239329776	0.0324699239329776
0.94896818189418	0.644373277553326	0.0325425635838343	0.0325425635838343
0.948921371781065	0.644279322118171	0.0326152032346911	0.0326152032346911
0.948874476330441	0.644185195698117	0.0326878428855479	0.0326878428855479
0.948827495231	0.6440908976697	0.0327604825364047	0.0327604825364047
0.948780428169728	0.643996427406039	0.0328331221872614	0.0328331221872614
0.948733274831891	0.643901784276813	0.0329057618381182	0.0329057618381182
0.948686034901025	0.643806967648234	0.032978401488975	0.032978401488975
0.94863870805892	0.643711976883022	0.0330510411398318	0.0330510411398318
0.948591293985612	0.643616811340378	0.0331236807906885	0.0331236807906885
0.948543792359365	0.643521470375963	0.0331963204415453	0.0331963204415453
0.94849620285666	0.643425953341863	0.0332689600924021	0.0332689600924021
0.948448525152185	0.643330259586573	0.0333415997432589	0.0333415997432589
0.948400758918815	0.643234388454963	0.0334142393941156	0.0334142393941156
0.948352903827603	0.643138339288251	0.0334868790449724	0.0334868790449724
0.948304959547768	0.643042111423983	0.0335595186958292	0.0335595186958292
0.948256925746675	0.642945704195996	0.0336321583466859	0.0336321583466859
0.948208802089828	0.642849116934397	0.0337047979975427	0.0337047979975427
0.948160588240853	0.642752348965534	0.0337774376483995	0.0337774376483995
0.948112283861483	0.642655399611965	0.0338500772992563	0.0338500772992563
0.948063888611545	0.642558268192432	0.033922716950113	0.033922716950113
0.948015402148946	0.642460954021834	0.0339953566009698	0.0339953566009698
0.947966824129657	0.642363456411191	0.0340679962518266	0.0340679962518266
0.947918154207701	0.642265774667624	0.0341406359026834	0.0341406359026834
0.947869392035135	0.642167908094318	0.0342132755535401	0.0342132755535401
0.947820537262038	0.642069855990497	0.0342859152043969	0.0342859152043969
0.947771589536494	0.641971617651391	0.0343585548552537	0.0343585548552537
0.947722548504577	0.641873192368206	0.0344311945061105	0.0344311945061105
0.947673413810339	0.641774579428094	0.0345038341569672	0.0345038341569672
0.947624185095788	0.641675778114124	0.034576473807824	0.034576473807824
0.947574862000877	0.641576787705247	0.0346491134586808	0.0346491134586808
0.94752544416349	0.641477607476264	0.0347217531095375	0.0347217531095375
0.94747593121942	0.641378236697801	0.0347943927603943	0.0347943927603943
0.947426322802358	0.641278674636268	0.0348670324112511	0.0348670324112511
0.947376618543875	0.641178920553832	0.0349396720621079	0.0349396720621079
0.947326818073406	0.641078973708382	0.0350123117129646	0.0350123117129646
0.947276921018232	0.640978833353498	0.0350849513638214	0.0350849513638214
0.947226927003465	0.640878498738414	0.0351575910146782	0.0351575910146782
0.947176835652032	0.64077796910799	0.035230230665535	0.035230230665535
0.947126646584654	0.640677243702669	0.0353028703163917	0.0353028703163917
0.947076359419832	0.640576321758453	0.0353755099672485	0.0353755099672485
0.947025973773832	0.640475202506859	0.0354481496181053	0.0354481496181053
0.94697548926066	0.640373885174891	0.035520789268962	0.035520789268962
0.946924905492052	0.640272368984999	0.0355934289198188	0.0355934289198188
0.946874222077451	0.640170653155048	0.0356660685706756	0.0356660685706756
0.946823438623991	0.640068736898278	0.0357387082215324	0.0357387082215324
0.946772554736479	0.639966619423269	0.0358113478723891	0.0358113478723891
0.946721570017378	0.639864299933904	0.0358839875232459	0.0358839875232459
0.946670484066782	0.639761777629334	0.0359566271741027	0.0359566271741027
0.946619296482405	0.639659051703936	0.0360292668249595	0.0360292668249595
0.946568006859559	0.639556121347278	0.0361019064758162	0.0361019064758162
0.946516614791134	0.639452985744079	0.036174546126673	0.036174546126673
0.946465119867577	0.639349644074174	0.0362471857775298	0.0362471857775298
0.946413521676879	0.63924609551247	0.0363198254283866	0.0363198254283866
0.946361819804546	0.639142339228908	0.0363924650792433	0.0363924650792433
0.946310013833589	0.639038374388424	0.0364651047301001	0.0364651047301001
0.946258103344495	0.638934200150909	0.0365377443809569	0.0365377443809569
0.946206087915212	0.638829815671168	0.0366103840318136	0.0366103840318136
0.946153967121128	0.638725220098878	0.0366830236826704	0.0366830236826704
0.946101740535047	0.638620412578545	0.0367556633335272	0.0367556633335272
0.946049407727173	0.638515392249467	0.036828302984384	0.036828302984384
0.945996968265082	0.638410158245685	0.0369009426352407	0.0369009426352407
0.945944421713709	0.638304709695948	0.0369735822860975	0.0369735822860975
0.94589176763532	0.63819904572366	0.0370462219369543	0.0370462219369543
0.945839005589491	0.638093165446847	0.0371188615878111	0.0371188615878111
0.945786135133089	0.637987067978103	0.0371915012386678	0.0371915012386678
0.945733155820248	0.637880752424552	0.0372641408895246	0.0372641408895246
0.945680067202345	0.637774217887802	0.0373367805403814	0.0373367805403814
0.945626868827979	0.637667463463895	0.0374094201912381	0.0374094201912381
0.945573560242948	0.637560488243266	0.0374820598420949	0.0374820598420949
0.945520140990225	0.637453291310695	0.0375546994929517	0.0375546994929517
0.945466610609934	0.637345871745259	0.0376273391438085	0.0376273391438085
0.945412968639329	0.637238228620285	0.0376999787946652	0.0376999787946652
0.945359214612767	0.637130361003302	0.037772618445522	0.037772618445522
0.945305348061685	0.637022267955995	0.0378452580963788	0.0378452580963788
0.945251368514576	0.636913948534152	0.0379178977472356	0.0379178977472356
0.945197275496963	0.636805401787615	0.0379905373980923	0.0379905373980923
0.945143068531377	0.636696626760233	0.0380631770489491	0.0380631770489491
0.945088747137325	0.636587622489811	0.0381358166998059	0.0381358166998059
0.945034310831275	0.636478388008056	0.0382084563506627	0.0382084563506627
0.944979759126619	0.636368922340526	0.0382810960015194	0.0382810960015194
0.944925091533656	0.636259224506582	0.0383537356523762	0.0383537356523762
0.94487030755956	0.63614929351933	0.038426375303233	0.038426375303233
0.944815406708355	0.63603912838557	0.0384990149540897	0.0384990149540897
0.94476038848089	0.635928728105743	0.0385716546049465	0.0385716546049465
0.944705252374809	0.635818091673876	0.0386442942558033	0.0386442942558033
0.944649997884524	0.635707218077525	0.0387169339066601	0.0387169339066601
0.944594624501191	0.635596106297723	0.0387895735575168	0.0387895735575168
0.944539131712675	0.635484755308921	0.0388622132083736	0.0388622132083736
0.944483519003529	0.635373164078932	0.0389348528592304	0.0389348528592304
0.944427785854959	0.635261331568875	0.0390074925100872	0.0390074925100872
0.944371931744799	0.635149256733113	0.0390801321609439	0.0390801321609439
0.944315956147482	0.635036938519199	0.0391527718118007	0.0391527718118007
0.944259858534006	0.634924375867815	0.0392254114626575	0.0392254114626575
0.94420363837191	0.634811567712712	0.0392980511135142	0.0392980511135142
0.944147295125239	0.634698512980647	0.039370690764371	0.039370690764371
0.944090828254514	0.634585210591326	0.0394433304152278	0.0394433304152278
0.944034237216705	0.63447165945734	0.0395159700660846	0.0395159700660846
0.943977521465195	0.6343578584841	0.0395886097169413	0.0395886097169413
0.943920680449751	0.634243806569779	0.0396612493677981	0.0396612493677981
0.943863713616491	0.634129502605243	0.0397338890186549	0.0397338890186549
0.943806620407851	0.63401494547399	0.0398065286695117	0.0398065286695117
0.943749400262555	0.633900134052082	0.0398791683203684	0.0398791683203684
0.94369205261558	0.633785067208079	0.0399518079712252	0.0399518079712252
0.943634576898121	0.633669743802974	0.040024447622082	0.040024447622082
0.94357697253756	0.633554162690124	0.0400970872729388	0.0400970872729388
0.943519238957433	0.633438322715181	0.0401697269237955	0.0401697269237955
0.943461375577389	0.633322222716024	0.0402423665746523	0.0402423665746523
0.943403381813164	0.63320586152269	0.0403150062255091	0.0403150062255091
0.943345257076536	0.6330892379573	0.0403876458763658	0.0403876458763658
0.943287000775299	0.63297235083399	0.0404602855272226	0.0404602855272226
0.943228612313219	0.632855198958838	0.0405329251780794	0.0405329251780794
0.943170091090002	0.632737781129791	0.0406055648289362	0.0406055648289362
0.943111436501255	0.632620096136592	0.0406782044797929	0.0406782044797929
0.943052647938449	0.632502142760701	0.0407508441306497	0.0407508441306497
0.942993724788882	0.632383919775224	0.0408234837815065	0.0408234837815065
0.94293466643564	0.632265425944837	0.0408961234323632	0.0408961234323632
0.942875472257557	0.632146660025702	0.04096876308322	0.04096876308322
0.94281614162918	0.632027620765397	0.0410414027340768	0.0410414027340768
0.942756673920725	0.631908306902828	0.0411140423849336	0.0411140423849336
0.942697068498039	0.631788717168159	0.0411866820357903	0.0411866820357903
0.942637324722559	0.631668850282721	0.0412593216866471	0.0412593216866471
0.94257744195127	0.631548704958936	0.0413319613375039	0.0413319613375039
0.942517419536668	0.631428279900234	0.0414046009883607	0.0414046009883607
0.942457256826712	0.631307573800965	0.0414772406392174	0.0414772406392174
0.942396953164784	0.631186585346317	0.0415498802900742	0.0415498802900742
0.94233650788965	0.631065313212232	0.041622519940931	0.041622519940931
0.942275920335408	0.630943756065313	0.0416951595917878	0.0416951595917878
0.942215189831453	0.630821912562742	0.0417677992426445	0.0417677992426445
0.942154315702426	0.630699781352188	0.0418404388935013	0.0418404388935013
0.942093297268175	0.630577361071718	0.0419130785443581	0.0419130785443581
0.942032133843701	0.630454650349706	0.0419857181952148	0.0419857181952148
0.941970824739122	0.630331647804739	0.0420583578460716	0.0420583578460716
0.941909369259619	0.630208352045526	0.0421309974969284	0.0421309974969284
0.94184776670539	0.630084761670801	0.0422036371477852	0.0422036371477852
0.941786016371606	0.629960875269232	0.0422762767986419	0.0422762767986419
0.941724117548359	0.629836691419318	0.0423489164494987	0.0423489164494987
0.941662069520614	0.629712208689296	0.0424215561003555	0.0424215561003555
0.941599871568161	0.629587425637042	0.0424941957512123	0.0424941957512123
0.941537522965562	0.629462340809965	0.042566835402069	0.042566835402069
0.941475022982104	0.629336952744915	0.0426394750529258	0.0426394750529258
0.941412370881743	0.629211259968069	0.0427121147037826	0.0427121147037826
0.941349565923058	0.62908526099484	0.0427847543546394	0.0427847543546394
0.941286607359194	0.628958954329758	0.0428573940054961	0.0428573940054961
0.941223494437809	0.628832338466375	0.0429300336563529	0.0429300336563529
0.941160226401021	0.62870541188715	0.0430026733072097	0.0430026733072097
0.941096802485357	0.628578173063345	0.0430753129580664	0.0430753129580664
0.941033221921691	0.628450620454909	0.0431479526089232	0.0431479526089232
0.940969483935193	0.628322752510372	0.04322059225978	0.04322059225978
0.94090558774527	0.628194567666726	0.0432932319106368	0.0432932319106368
0.940841532565511	0.628066064349315	0.0433658715614935	0.0433658715614935
0.940777317603628	0.627937240971717	0.0434385112123503	0.0434385112123503
0.940712942061397	0.627808095935626	0.0435111508632071	0.0435111508632071
0.940648405134596	0.627678627630735	0.0435837905140639	0.0435837905140639
0.940583706012951	0.627548834434612	0.0436564301649206	0.0436564301649206
0.94051884388007	0.627418714712583	0.0437290698157774	0.0437290698157774
0.940453817913383	0.627288266817604	0.0438017094666342	0.0438017094666342
0.940388627284079	0.627157489090137	0.043874349117491	0.043874349117491
0.940323271157043	0.627026379858026	0.0439469887683477	0.0439469887683477
0.940257748690792	0.626894937436364	0.0440196284192045	0.0440196284192045
0.940192059037412	0.626763160127368	0.0440922680700613	0.0440922680700613
0.940126201342486	0.626631046220243	0.0441649077209181	0.0441649077209181
0.940060174745035	0.626498593991054	0.0442375473717748	0.0442375473717748
0.939993978377447	0.626365801702585	0.0443101870226316	0.0443101870226316
0.939927611365409	0.626232667604206	0.0443828266734884	0.0443828266734884
0.939861072827836	0.626099189931735	0.0444554663243451	0.0444554663243451
0.939794361876805	0.625965366907294	0.0445281059752019	0.0445281059752019
0.93972747761748	0.625831196739171	0.0446007456260587	0.0446007456260587
0.939660419148044	0.625696677621674	0.0446733852769155	0.0446733852769155
0.939593185559621	0.625561807734986	0.0447460249277722	0.0447460249277722
0.939525775936208	0.625426585245017	0.044818664578629	0.044818664578629
0.939458189354595	0.625291008303253	0.0448913042294858	0.0448913042294858
0.939390424884294	0.625155075046608	0.0449639438803425	0.0449639438803425
0.939322481587459	0.625018783597264	0.0450365835311993	0.0450365835311993
0.939254358518809	0.624882132062524	0.0451092231820561	0.0451092231820561
0.939186054725549	0.624745118534646	0.0451818628329129	0.0451818628329129
0.939117569247291	0.62460774109069	0.0452545024837696	0.0452545024837696
0.939048901115973	0.624469997792349	0.0453271421346264	0.0453271421346264
0.938980049355777	0.624331886685792	0.0453997817854832	0.0453997817854832
0.938911012983044	0.624193405801495	0.04547242143634	0.04547242143634
0.938841791006193	0.624054553154068	0.0455450610871967	0.0455450610871967
0.938772382425633	0.623915326742093	0.0456177007380535	0.0456177007380535
0.938702786233679	0.623775724547943	0.0456903403889103	0.0456903403889103
0.938633001414461	0.623635744537611	0.0457629800397671	0.0457629800397671
0.938563026943839	0.62349538466053	0.0458356196906238	0.0458356196906238
0.93849286178931	0.623354642849394	0.0459082593414806	0.0459082593414806
0.938422504909918	0.623213517019976	0.0459808989923374	0.0459808989923374
0.938351955256162	0.62307200507094	0.0460535386431941	0.0460535386431941
0.9382812117699	0.622930104883656	0.0461261782940509	0.0461261782940509
0.938210273384258	0.622787814322009	0.0461988179449077	0.0461988179449077
0.938139139023527	0.622645131232205	0.0462714575957645	0.0462714575957645
0.938067807603073	0.622502053442577	0.0463440972466212	0.0463440972466212
0.937996278029233	0.622358578763384	0.046416736897478	0.046416736897478
0.937924549199216	0.622214704986614	0.0464893765483348	0.0464893765483348
0.937852620000999	0.622070429885778	0.0465620161991916	0.0465620161991916
0.937780489313228	0.6219257512157	0.0466346558500483	0.0466346558500483
0.937708156005111	0.621780666712313	0.0467072955009051	0.0467072955009051
0.937635618936309	0.621635174092444	0.0467799351517619	0.0467799351517619
0.937562876956833	0.621489271053597	0.0468525748026186	0.0468525748026186
0.937489928906933	0.621342955273737	0.0469252144534754	0.0469252144534754
0.937416773616987	0.621196224411066	0.0469978541043322	0.0469978541043322
0.937343409907386	0.6210490761038	0.047070493755189	0.047070493755189
0.937269836588426	0.620901507969938	0.0471431334060457	0.0471431334060457
0.937196052460187	0.620753517607035	0.0472157730569025	0.0472157730569025
0.937122056312418	0.620605102591964	0.0472884127077593	0.0472884127077593
0.93704784692442	0.620456260480678	0.0473610523586161	0.0473610523586161
0.93697342306492	0.62030698880797	0.0474336920094728	0.0474336920094728
0.936898783491953	0.620157285087228	0.0475063316603296	0.0475063316603296
0.936823926952738	0.620007146810185	0.0475789713111864	0.0475789713111864
0.93674885218355	0.619856571446667	0.0476516109620432	0.0476516109620432
0.936673557909591	0.619705556444341	0.0477242506128999	0.0477242506128999
0.936598042844865	0.619554099228449	0.0477968902637567	0.0477968902637567
0.936522305692041	0.619402197201548	0.0478695299146135	0.0478695299146135
0.936446345142324	0.619249847743244	0.0479421695654702	0.0479421695654702
0.936370159875317	0.61909704820992	0.048014809216327	0.048014809216327
0.936293748558883	0.618943795934458	0.0480874488671838	0.0480874488671838
0.936217109849008	0.618790088225962	0.0481600885180406	0.0481600885180406
0.936140242389656	0.618635922369476	0.0482327281688973	0.0482327281688973
0.936063144812628	0.618481295625693	0.0483053678197541	0.0483053678197541
0.935985815737417	0.618326205230665	0.0483780074706109	0.0483780074706109
0.935908253771054	0.618170648395506	0.0484506471214677	0.0484506471214677
0.935830457507965	0.618014622306092	0.0485232867723244	0.0485232867723244
0.935752425529815	0.617858124122753	0.0485959264231812	0.0485959264231812
0.93567415640535	0.617701150979965	0.048668566074038	0.048668566074038
0.935595648690246	0.617543699986037	0.0487412057248947	0.0487412057248947
0.935516900926945	0.617385768222786	0.0488138453757515	0.0488138453757515
0.935437911644494	0.617227352745216	0.0488864850266083	0.0488864850266083
0.935358679358382	0.617068450581191	0.0489591246774651	0.0489591246774651
0.935279202570368	0.616909058731094	0.0490317643283218	0.0490317643283218
0.935199479768318	0.616749174167494	0.0491044039791786	0.0491044039791786
0.935119509426026	0.616588793834794	0.0491770436300354	0.0491770436300354
0.935039290003044	0.616427914648888	0.0492496832808922	0.0492496832808922
0.934958819944501	0.616266533496799	0.0493223229317489	0.0493223229317489
0.934878097680927	0.616104647236322	0.0493949625826057	0.0493949625826057
0.934797121628061	0.615942252695652	0.0494676022334625	0.0494676022334625
0.934715890186675	0.615779346673019	0.0495402418843193	0.0495402418843193
0.934634401742375	0.615615925936299	0.049612881535176	0.049612881535176
0.934552654665418	0.615451987222638	0.0496855211860328	0.0496855211860328
0.93447064731051	0.615287527238056	0.0497581608368896	0.0497581608368896
0.934388378016609	0.615122542657054	0.0498308004877463	0.0498308004877463
0.934305845106725	0.614957030122204	0.0499034401386031	0.0499034401386031
0.934223046887716	0.614790986243747	0.0499760797894599	0.0499760797894599
0.934139981650076	0.614624407599171	0.0500487194403167	0.0500487194403167
0.934056647667727	0.614457290732789	0.0501213590911734	0.0501213590911734
0.933973043197802	0.614289632155309	0.0501939987420302	0.0501939987420302
0.933889166480427	0.614121428343398	0.050266638392887	0.050266638392887
0.933805015738503	0.613952675739237	0.0503392780437438	0.0503392780437438
0.933720589177472	0.613783370750067	0.0504119176946005	0.0504119176946005
0.933635884985096	0.613613509747735	0.0504845573454573	0.0504845573454573
0.933550901331219	0.613443089068222	0.0505571969963141	0.0505571969963141
0.933465636367533	0.613272105011175	0.0506298366471709	0.0506298366471709
0.933380088227333	0.613100553839417	0.0507024762980276	0.0507024762980276
0.933294255025277	0.612928431778465	0.0507751159488844	0.0507751159488844
0.933208134857134	0.612755735016027	0.0508477555997412	0.0508477555997412
0.933121725799534	0.612582459701494	0.0509203952505979	0.0509203952505979
0.933035025909703	0.612408601945432	0.0509930349014547	0.0509930349014547
0.932948033225213	0.612234157819049	0.0510656745523115	0.0510656745523115
0.932860745763704	0.612059123353668	0.0511383142031683	0.0511383142031683
0.932773161522623	0.611883494540184	0.051210953854025	0.051210953854025
0.932685278478941	0.611707267328514	0.0512835935048818	0.0512835935048818
0.932597094588879	0.611530437627035	0.0513562331557386	0.0513562331557386
0.932508607787619	0.611353001302012	0.0514288728065954	0.0514288728065954
0.932419815989017	0.611174954177024	0.0515015124574521	0.0515015124574521
0.932330717085307	0.61099629203237	0.0515741521083089	0.0515741521083089
0.932241308946801	0.610817010604469	0.0516467917591657	0.0516467917591657
0.932151589421584	0.61063710558525	0.0517194314100224	0.0517194314100224
0.932061556335207	0.610456572621532	0.0517920710608792	0.0517920710608792
0.931971207490364	0.610275407314392	0.051864710711736	0.051864710711736
0.931880540666578	0.610093605218518	0.0519373503625928	0.0519373503625928
0.931789553619869	0.609911161841561	0.0520099900134495	0.0520099900134495
0.931698244082425	0.609728072643463	0.0520826296643063	0.0520826296643063
0.93160660976226	0.609544333035782	0.0521552693151631	0.0521552693151631
0.931514648342872	0.609359938381002	0.0522279089660199	0.0522279089660199
0.931422357482888	0.609174883991831	0.0523005486168766	0.0523005486168766
0.931329734815714	0.608989165130484	0.0523731882677334	0.0523731882677334
0.931236777949162	0.608802777007955	0.0524458279185902	0.0524458279185902
0.931143484465089	0.608615714783282	0.052518467569447	0.052518467569447
0.931049851919012	0.608427973562784	0.0525911072203037	0.0525911072203037
0.930955877839731	0.608239548399299	0.0526637468711605	0.0526637468711605
0.930861559728933	0.608050434291398	0.0527363865220173	0.0527363865220173
0.930766895060798	0.607860626182593	0.052809026172874	0.052809026172874
0.93067188128159	0.60767011896052	0.0528816658237308	0.0528816658237308
0.930576515809247	0.607478907456117	0.0529543054745876	0.0529543054745876
0.930480796032958	0.607286986442781	0.0530269451254444	0.0530269451254444
0.930384719312739	0.607094350635511	0.0530995847763011	0.0530995847763011
0.93028828297899	0.606900994690035	0.0531722244271579	0.0531722244271579
0.930191484332058	0.60670691320192	0.0532448640780147	0.0532448640780147
0.930094320641778	0.606512100705666	0.0533175037288715	0.0533175037288715
0.929996789147015	0.606316551673779	0.0533901433797282	0.0533901433797282
0.929898887055193	0.606120260515838	0.053462783030585	0.053462783030585
0.929800611541815	0.605923221577528	0.0535354226814418	0.0535354226814418
0.929701959749975	0.605725429139667	0.0536080623322985	0.0536080623322985
0.929602928789863	0.605526877417208	0.0536807019831553	0.0536807019831553
0.929503515738251	0.605327560558226	0.0537533416340121	0.0537533416340121
0.929403717637984	0.605127472642879	0.0538259812848689	0.0538259812848689
0.929303531497449	0.604926607682358	0.0538986209357256	0.0538986209357256
0.929202954290035	0.604724959617808	0.0539712605865824	0.0539712605865824
0.92910198295359	0.604522522319233	0.0540439002374392	0.0540439002374392
0.929000614389861	0.604319289584377	0.054116539888296	0.054116539888296
0.92889884546392	0.604115255137585	0.0541891795391527	0.0541891795391527
0.928796673003589	0.603910412628638	0.0542618191900095	0.0542618191900095
0.928694093798844	0.603704755631569	0.0543344588408663	0.0543344588408663
0.928591104601213	0.603498277643453	0.0544070984917231	0.0544070984917231
0.928487702123155	0.603290972083173	0.0544797381425798	0.0544797381425798
0.928383883037436	0.603082832290163	0.0545523777934366	0.0545523777934366
0.928279643976486	0.602873851523119	0.0546250174442934	0.0546250174442934
0.928174981531742	0.602664022958695	0.0546976570951501	0.0546976570951501
0.928069892252984	0.602453339690164	0.0547702967460069	0.0547702967460069
0.927964372647649	0.602241794726051	0.0548429363968637	0.0548429363968637
0.92785841918014	0.602029380988744	0.0549155760477205	0.0549155760477205
0.927752028271112	0.601816091313075	0.0549882156985772	0.0549882156985772
0.927645196296751	0.601601918444863	0.055060855349434	0.055060855349434
0.927537919588029	0.601386855039441	0.0551334950002908	0.0551334950002908
0.927430194429957	0.601170893660139	0.0552061346511475	0.0552061346511475
0.927322017060804	0.600954026776747	0.0552787743020043	0.0552787743020043
0.92721338367132	0.600736246763932	0.0553514139528611	0.0553514139528611
0.927104290403924	0.600517545899635	0.0554240536037179	0.0554240536037179
0.926994733351886	0.600297916363427	0.0554966932545746	0.0554966932545746
0.926884708558491	0.600077350234829	0.0555693329054314	0.0555693329054314
0.926774212016178	0.5998558394916	0.0556419725562882	0.0556419725562882
0.926663239665669	0.599633376007984	0.055714612207145	0.055714612207145
0.926551787395074	0.599409951552926	0.0557872518580017	0.0557872518580017
0.926439851038977	0.599185557788239	0.0558598915088585	0.0558598915088585
0.926327426377503	0.598960186266741	0.0559325311597153	0.0559325311597153
0.926214509135367	0.598733828430344	0.0560051708105721	0.0560051708105721
0.926101094980897	0.598506475608107	0.0560778104614288	0.0560778104614288
0.92598717952504	0.598278119014239	0.0561504501122856	0.0561504501122856
0.92587275832034	0.598048749746067	0.0562230897631424	0.0562230897631424
0.925757826859904	0.597818358781948	0.0562957294139992	0.0562957294139992
0.925642380576334	0.597586936979144	0.0563683690648559	0.0563683690648559
0.925526414840639	0.597354475071643	0.0564410087157127	0.0564410087157127
0.925409924961121	0.597120963667932	0.0565136483665695	0.0565136483665695
0.925292906182245	0.596886393248723	0.0565862880174262	0.0565862880174262
0.925175353683466	0.596650754164621	0.056658927668283	0.056658927668283
0.925057262578043	0.596414036633747	0.0567315673191398	0.0567315673191398
0.924938627911825	0.596176230739296	0.0568042069699966	0.0568042069699966
0.924819444661998	0.595937326427048	0.0568768466208533	0.0568768466208533
0.924699707735817	0.595697313502816	0.0569494862717101	0.0569494862717101
0.924579411969297	0.595456181629834	0.0570221259225669	0.0570221259225669
0.924458552125882	0.595213920326091	0.0570947655734237	0.0570947655734237
0.924337122895076	0.594970518961591	0.0571674052242804	0.0571674052242804
0.924215118891046	0.594725966755557	0.0572400448751372	0.0572400448751372
0.92409253465119	0.594480252773568	0.057312684525994	0.057312684525994
0.923969364634671	0.594233365924621	0.0573853241768508	0.0573853241768508
0.923845603220915	0.593985294958127	0.0574579638277075	0.0574579638277075
0.923721244708075	0.593736028460841	0.0575306034785643	0.0575306034785643
0.923596283311457	0.593485554853705	0.0576032431294211	0.0576032431294211
0.923470713161905	0.59323386238862	0.0576758827802778	0.0576758827802778
0.923344528304152	0.592980939145145	0.0577485224311346	0.0577485224311346
0.923217722695123	0.592726773027106	0.0578211620819914	0.0578211620819914
0.923090290202205	0.592471351759124	0.0578938017328482	0.0578938017328482
0.922962224601467	0.592214662883057	0.0579664413837049	0.0579664413837049
0.922833519575836	0.591956693754359	0.0580390810345617	0.0580390810345617
0.922704168713234	0.591697431538337	0.0581117206854185	0.0581117206854185
0.922574165504661	0.591436863206319	0.0581843603362753	0.0581843603362753
0.922443503342228	0.591174975531732	0.058256999987132	0.058256999987132
0.922312175517152	0.590911755086065	0.0583296396379888	0.0583296396379888
0.922180175217684	0.590647188234742	0.0584022792888456	0.0584022792888456
0.922047495526996	0.590381261132886	0.0584749189397024	0.0584749189397024
0.921914129421005	0.590113959720964	0.0585475585905591	0.0585475585905591
0.921780069766149	0.589845269720336	0.0586201982414159	0.0586201982414159
0.921645309317093	0.58957517662867	0.0586928378922727	0.0586928378922727
0.921509840714389	0.589303665715252	0.0587654775431294	0.0587654775431294
0.921373656482062	0.58903072201616	0.0588381171939862	0.0588381171939862
0.921236749025139	0.588756330329317	0.058910756844843	0.058910756844843
0.921099110627111	0.588480475209412	0.0589833964956998	0.0589833964956998
0.920960733447325	0.588203140962679	0.0590560361465565	0.0590560361465565
0.920821609518306	0.587924311641546	0.0591286757974133	0.0591286757974133
0.920681730743008	0.587643971039124	0.0592013154482701	0.0592013154482701
0.92054108889199	0.587362102683562	0.0592739550991268	0.0592739550991268
0.920399675600513	0.587078689832234	0.0593465947499836	0.0593465947499836
0.920257482365559	0.586793715465775	0.0594192344008404	0.0594192344008404
0.920114500542765	0.586507162281947	0.0594918740516972	0.0594918740516972
0.919970721343273	0.586219012689332	0.0595645137025539	0.0595645137025539
0.919826135830492	0.58592924880086	0.0596371533534107	0.0596371533534107
0.919680734916771	0.585637852427136	0.0597097930042675	0.0597097930042675
0.919534509359971	0.585344805069598	0.0597824326551243	0.0597824326551243
0.919387449759945	0.585050087913462	0.059855072305981	0.059855072305981
0.919239546554918	0.58475368182048	0.0599277119568378	0.0599277119568378
0.919090790017758	0.584455567321479	0.0600003516076946	0.0600003516076946
0.91894117025214	0.584155724608686	0.0600729912585514	0.0600729912585514
0.918790677188605	0.583854133527835	0.0601456309094081	0.0601456309094081
0.91863930058049	0.583550773570035	0.0602182705602649	0.0602182705602649
0.918487029999754	0.5832456238634	0.0602909102111217	0.0602909102111217
0.918333854832664	0.582938663164434	0.0603635498619784	0.0603635498619784
0.918179764275366	0.582629869849158	0.0604361895128352	0.0604361895128352
0.918024747329314	0.582319221903965	0.060508829163692	0.060508829163692
0.917868792796567	0.582006696916205	0.0605814688145488	0.0605814688145488
0.917711889274936	0.581692272064482	0.0606541084654055	0.0606541084654055
0.91755402515299	0.581375924108654	0.0607267481162623	0.0607267481162623
0.917395188604902	0.581057629379526	0.0607993877671191	0.0607993877671191
0.917235367585143	0.580737363768219	0.0608720274179759	0.0608720274179759
0.917074549822999	0.580415102715217	0.0609446670688326	0.0609446670688326
0.916912722816931	0.580090821199064	0.0610173067196894	0.0610173067196894
0.916749873828743	0.579764493724704	0.0610899463705462	0.0610899463705462
0.916585989877576	0.579436094311455	0.0611625860214029	0.0611625860214029
0.9164210577337	0.579105596480597	0.0612352256722597	0.0612352256722597
0.916255063912117	0.578772973242557	0.0613078653231165	0.0613078653231165
0.916087994665947	0.578438197083689	0.0613805049739733	0.0613805049739733
0.915919835979605	0.578101239952611	0.06145314462483	0.06145314462483
0.915750573561753	0.577762073246103	0.0615257842756868	0.0615257842756868
0.915580192838018	0.577420667794537	0.0615984239265436	0.0615984239265436
0.915408678943468	0.577076993846821	0.0616710635774004	0.0616710635774004
0.915236016714839	0.576731021054845	0.0617437032282571	0.0617437032282571
0.915062190682496	0.576382718457393	0.0618163428791139	0.0618163428791139
0.914887185062125	0.576032054463523	0.0618889825299707	0.0618889825299707
0.914710983746142	0.575678996835368	0.0619616221808275	0.0619616221808275
0.914533570294802	0.575323512670352	0.0620342618316842	0.0620342618316842
0.914354927927004	0.574965568382791	0.062106901482541	0.062106901482541
0.914175039510778	0.574605129684849	0.0621795411333978	0.0621795411333978
0.913993887553431	0.574242161566829	0.0622521807842545	0.0622521807842545
0.913811454191352	0.573876628276769	0.0623248204351113	0.0623248204351113
0.913627721179447	0.573508493299303	0.0623974600859681	0.0623974600859681
0.913442669880207	0.573137719333779	0.0624700997368249	0.0624700997368249
0.913256281252364	0.572764268271573	0.0625427393876816	0.0625427393876816
0.913068535839152	0.572388101172584	0.0626153790385384	0.0626153790385384
0.912879413756126	0.572009178240873	0.0626880186893952	0.0626880186893952
0.912688894678537	0.571627458799392	0.062760658340252	0.062760658340252
0.912496957828236	0.571242901263782	0.0628332979911087	0.0628332979911087
0.912303581960087	0.570855463115187	0.0629059376419655	0.0629059376419655
0.912108745347871	0.570465100872041	0.0629785772928223	0.0629785772928223
0.911912425769644	0.570071770060785	0.063051216943679	0.063051216943679
0.911714600492549	0.569675425185461	0.0631238565945358	0.0631238565945358
0.91151524625703	0.569276019696126	0.0631964962453926	0.0631964962453926
0.911314339260432	0.568873505956051	0.0632691358962494	0.0632691358962494
0.911111855139967	0.568467835207616	0.0633417755471061	0.0633417755471061
0.910907768954995	0.568058957536872	0.0634144151979629	0.0634144151979629
0.91070205516861	0.567646821836683	0.0634870548488197	0.0634870548488197
0.910494687628476	0.567231375768389	0.0635596944996765	0.0635596944996765
0.910285639546895	0.566812565721917	0.0636323341505332	0.0636323341505332
0.910074883480057	0.566390336774269	0.06370497380139	0.06370497380139
0.909862391306442	0.565964632646289	0.0637776134522468	0.0637776134522468
0.909648134204312	0.565535395657651	0.0638502531031036	0.0638502531031036
0.90943208262828	0.565102566679953	0.0639228927539603	0.0639228927539603
0.909214206284877	0.564666085087838	0.0639955324048171	0.0639955324048171
0.90899447410708	0.564225888708028	0.0640681720556739	0.0640681720556739
0.908772854227755	0.56378191376618	0.0641408117065306	0.0641408117065306
0.90854931395194	0.563334094831431	0.0642134513573874	0.0642134513573874
0.908323819727927	0.562882364758532	0.0642860910082442	0.0642860910082442
0.908096337117059	0.562426654627424	0.064358730659101	0.064358730659101
0.9078668307622	0.561966893680129	0.0644313703099577	0.0644313703099577
0.907635264354773	0.561503009254821	0.0645040099608145	0.0645040099608145
0.90740160060032	0.561034926716898	0.0645766496116713	0.0645766496116713
0.907165801182483	0.560562569386919	0.0646492892625281	0.0646492892625281
0.906927826725329	0.560085858465217	0.0647219289133848	0.0647219289133848
0.906687636753916	0.559604712953	0.0647945685642416	0.0647945685642416
0.906445189653014	0.559119049569753	0.0648672082150984	0.0648672082150984
0.906200442623868	0.558628782666728	0.0649398478659551	0.0649398478659551
0.905953351638886	0.558133824136284	0.0650124875168119	0.0650124875168119
0.905703871394152	0.557634083316859	0.0650851271676687	0.0650851271676687
0.905451955259602	0.557129466893297	0.0651577668185255	0.0651577668185255
0.905197555226767	0.556619878792273	0.0652304064693822	0.0652304064693822
0.904940621853897	0.556105220072506	0.065303046120239	0.065303046120239
0.904681104208343	0.555585388809463	0.0653756857710958	0.0653756857710958
0.904418949806	0.555060279974206	0.0654483254219526	0.0654483254219526
0.904154104547656	0.554529785306025	0.0655209650728093	0.0655209650728093
0.903886512652034	0.553993793178473	0.0655936047236661	0.0655936047236661
0.903616116585334	0.553452188458387	0.0656662443745229	0.0656662443745229
0.903342856987044	0.55290485235745	0.0657388840253797	0.0657388840253797
0.903066672591782	0.55235166227581	0.0658115236762364	0.0658115236762364
0.902787500146914	0.551792491637252	0.0658841633270932	0.0658841633270932
0.902505274325673	0.551227209715361	0.06595680297795	0.06595680297795
0.902219927635474	0.550655681450071	0.0660294426288068	0.0660294426288068
0.901931390321104	0.550077767253982	0.0661020822796635	0.0661020822796635
0.901639590262446	0.549493322807719	0.0661747219305203	0.0661747219305203
0.901344452866363	0.548902198843599	0.0662473615813771	0.0662473615813771
0.901045900952315	0.548304240916804	0.0663200012322338	0.0663200012322338
0.900743854631306	0.547699289163151	0.0663926408830906	0.0663926408830906
0.900438231177656	0.547087178042549	0.0664652805339474	0.0664652805339474
0.900128944893094	0.546467736067078	0.0665379201848042	0.0665379201848042
0.899815906962619	0.545840785512594	0.0666105598356609	0.0666105598356609
0.899499025301509	0.545206142112636	0.0666831994865177	0.0666831994865177
0.899178204392838	0.544563614733327	0.0667558391373745	0.0667558391373745
0.898853345114758	0.543913005027812	0.0668284787882313	0.0668284787882313
0.898524344556792	0.543254107068704	0.066901118439088	0.066901118439088
0.898191095824264	0.542586706956795	0.0669737580899448	0.0669737580899448
0.897853487829954	0.541910582404208	0.0670463977408016	0.0670463977408016
0.897511405071943	0.541225502289925	0.0671190373916584	0.0671190373916584
0.897164727396554	0.540531226185497	0.0671916770425151	0.0671916770425151
0.896813329745164	0.53982750384847	0.0672643166933719	0.0672643166933719
0.89645708188355	0.539114074680893	0.0673369563442287	0.0673369563442287
0.896095848112305	0.538390667149931	0.0674095959950854	0.0674095959950854
0.895729486956717	0.537656998167404	0.0674822356459422	0.0674822356459422
0.895357850834331	0.536912772424673	0.067554875296799	0.067554875296799
0.894980785698243	0.536157681678973	0.0676275149476558	0.0676275149476558
0.894598130653968	0.535391403986882	0.0677001545985125	0.0677001545985125
0.894209717547497	0.53461360288014	0.0677727942493693	0.0677727942493693
0.893815370521902	0.53382392647856	0.0678454339002261	0.0678454339002261
0.893414905539566	0.53302200653415	0.0679180735510828	0.0679180735510828
0.893008129866784	0.532207457399971	0.0679907132019396	0.0679907132019396
0.892594841517129	0.531379874916488	0.0680633528527964	0.0680633528527964
0.892174828649559	0.530538835207368	0.0681359925036532	0.0681359925036532
0.891747868916761	0.52968389337575	0.0682086321545099	0.0682086321545099
0.891313728758738	0.528814582090937	0.0682812718053667	0.0682812718053667
0.890872162635997	0.527930410054279	0.0683539114562235	0.0683539114562235
0.890422912196056	0.527030860331632	0.0684265511070802	0.0684265511070802
0.889965705366169	0.52611538853823	0.068499190757937	0.068499190757937
0.889500255364305	0.525183420859998	0.0685718304087938	0.0685718304087938
0.889026259619364	0.524234351893318	0.0686444700596506	0.0686444700596506
0.888543398590474	0.523267542282855	0.0687171097105073	0.0687171097105073
0.888051334473799	0.522282316134387	0.0687897493613641	0.0687897493613641
0.887549709783783	0.5212779581764	0.0688623890122209	0.0688623890122209
0.887038145793883	0.52025371064061	0.0689350286630777	0.0689350286630777
0.886516240819767	0.519208769827311	0.0690076683139344	0.0690076683139344
0.885983568325485	0.518142282316578	0.0690803079647912	0.0690803079647912
0.885439674830231	0.517053340780556	0.069152947615648	0.069152947615648
0.884884077589979	0.51594097934536	0.0692255872665048	0.0692255872665048
0.884316262024288	0.51480416844318	0.0692982269173615	0.0692982269173615
0.883735678853894	0.513641809085829	0.0693708665682183	0.0693708665682183
0.883141740909212	0.512452726479915	0.0694435062190751	0.0694435062190751
0.882533819563246	0.511235662890662	0.0695161458699319	0.0695161458699319
0.881911240734608	0.509989269645708	0.0695887855207886	0.0695887855207886
0.88127328039692	0.508712098151442	0.0696614251716454	0.0696614251716454
0.880619159519602	0.507402589771821	0.0697340648225022	0.0697340648225022
0.879948038351385	0.506059064392327	0.0698067044733589	0.0698067044733589
0.879259009941357	0.504679707458617	0.0698793441242157	0.0698793441242157
0.878551092772143	0.503262555239015	0.0699519837750725	0.0699519837750725
0.877823222355086	0.501805478010528	0.0700246234259293	0.0700246234259293
0.877074241606826	0.500306160807099	0.070097263076786	0.070097263076786
0.876302889788921	0.498762081293268	0.0701699027276428	0.0701699027276428
0.875507789745063	0.49717048423228	0.0702425423784996	0.0702425423784996
0.874687433111464	0.495528351899619	0.0703151820293564	0.0703151820293564
0.873840163101434	0.493832369643884	0.0703878216802131	0.0703878216802131
0.872964154370475	0.492078885607415	0.0704604613310699	0.0704604613310699
0.87205738934683	0.490263863376368	0.0705331009819267	0.0705331009819267
0.871117630255776	0.488382826016459	0.0706057406327835	0.0706057406327835
0.870142385861907	0.48643078954253	0.0706783802836402	0.0706783802836402
0.869128871685537	0.484402183333755	0.070751019934497	0.070751019934497
0.868073962093659	0.482290754294727	0.0708236595853538	0.0708236595853538
0.86697413218886	0.480089450608511	0.0708962992362105	0.0708962992362105
0.865825386772824	0.477790279633982	0.0709689388870673	0.0709689388870673
0.864623172773245	0.475384132723818	0.0710415785379241	0.0710415785379241
0.863362270288177	0.472860567269601	0.0711142181887809	0.0711142181887809
0.862036655659656	0.470207532795489	0.0711868578396376	0.0711868578396376
0.860639327491392	0.46741102292718	0.0712594974904944	0.0712594974904944
0.859162082884609	0.464454627780267	0.0713321371413512	0.0713321371413512
0.857595225756016	0.46131895049045	0.071404776792208	0.071404776792208
0.855927180892584	0.457980835187058	0.0714774164430647	0.0714774164430647
0.854143974646117	0.454412328204545	0.0715500560939215	0.0715500560939215
0.852228522837843	0.45057925365571	0.0716226957447783	0.0716226957447783
0.850159633048794	0.44643921769291	0.0716953353956351	0.0716953353956351
0.847910571745587	0.441938742317169	0.0717679750464918	0.0717679750464918
0.845446946524528	0.437009029237792	0.0718406146973486	0.0718406146973486
0.842723468725843	0.431559484180374	0.0719132543482054	0.0719132543482054
0.839678801203258	0.425467411028648	0.0719858939990621	0.0719858939990621
0.836226947533681	0.418560788027746	0.0720585336499189	0.0720585336499189
0.832241958381144	0.410587676801115	0.0721311733007757	0.0721311733007757
0.827528567467599	0.401157487631001	0.0722038129516325	0.0722038129516325
0.821759642753323	0.389615868706861	0.0722764526024892	0.0722764526024892
0.814321914948171	0.374736133764333	0.072349092253346	0.072349092253346
0.80383854910863	0.353764324955081	0.0724217319042028	0.0724217319042028
0.785916086054306	0.317912780488306	0.0724943715550596	0.0724943715550596
0	0	0.0725670112059163	0.0725670112059163
