0.940839724841473	0.616730558481706	0	0
0.940813923184262	0.61667875811546	0.000234776211258831	0.000234776211258831
0.940788095612029	0.616626905818828	0.000469552422517662	0.000469552422517662
0.940762242072737	0.616575001487584	0.000704328633776493	0.000704328633776493
0.940736362514191	0.616523045017188	0.000939104845035324	0.000939104845035324
0.940710456884041	0.616471036302786	0.00117388105629416	0.00117388105629416
0.940684525129775	0.616418975239205	0.00140865726755299	0.00140865726755299
0.940658567198726	0.616366861720957	0.00164343347881182	0.00164343347881182
0.940632583038066	0.616314695642233	0.00187820969007065	0.00187820969007065
0.940606572594807	0.616262476896902	0.00211298590132948	0.00211298590132948
0.940580535815799	0.616210205378515	0.00234776211258831	0.00234776211258831
0.940554472647735	0.616157880980298	0.00258253832384714	0.00258253832384714
0.94052838303714	0.616105503595151	0.00281731453510597	0.00281731453510597
0.940502266930381	0.616053073115651	0.0030520907463648	0.0030520907463648
0.94047612427366	0.616000589434047	0.00328686695762364	0.00328686695762364
0.940449955013014	0.615948052442258	0.00352164316888247	0.00352164316888247
0.940423759094318	0.615895462031877	0.0037564193801413	0.0037564193801413
0.940397536463279	0.615842818094163	0.00399119559140013	0.00399119559140013
0.94037128706544	0.615790120520043	0.00422597180265896	0.00422597180265896
0.940345010846176	0.615737369200111	0.00446074801391779	0.00446074801391779
0.940318707750695	0.615684564024626	0.00469552422517662	0.00469552422517662
0.940292377724037	0.61563170488351	0.00493030043643545	0.00493030043643545
0.940266020711075	0.615578791666347	0.00516507664769428	0.00516507664769428
0.940239636656509	0.615525824262382	0.00539985285895312	0.00539985285895312
0.940213225504871	0.615472802560521	0.00563462907021195	0.00563462907021195
0.940186787200524	0.615419726449324	0.00586940528147078	0.00586940528147078
0.940160321687656	0.615366595817013	0.00610418149272961	0.00610418149272961
0.940133828910284	0.61531341055146	0.00633895770398844	0.00633895770398844
0.940107308812254	0.615260170540194	0.00657373391524727	0.00657373391524727
0.940080761337237	0.615206875670395	0.0068085101265061	0.0068085101265061
0.940054186428727	0.615153525828895	0.00704328633776493	0.00704328633776493
0.940027584030048	0.615100120902174	0.00727806254902376	0.00727806254902376
0.940000954084345	0.615046660776361	0.00751283876028259	0.00751283876028259
0.939974296534586	0.614993145337231	0.00774761497154143	0.00774761497154143
0.939947611323564	0.614939574470205	0.00798239118280026	0.00798239118280026
0.939920898393893	0.614885948060346	0.00821716739405909	0.00821716739405909
0.939894157688008	0.614832265992361	0.00845194360531792	0.00845194360531792
0.939867389148164	0.614778528150596	0.00868671981657675	0.00868671981657675
0.939840592716437	0.614724734419037	0.00892149602783558	0.00892149602783558
0.939813768334722	0.614670884681308	0.00915627223909441	0.00915627223909441
0.939786915944731	0.614616978820668	0.00939104845035324	0.00939104845035324
0.939760035487995	0.614563016720012	0.00962582466161207	0.00962582466161207
0.939733126905861	0.614508998261867	0.00986060087287091	0.00986060087287091
0.939706190139492	0.614454923328391	0.0100953770841297	0.0100953770841297
0.939679225129865	0.614400791801374	0.0103301532953886	0.0103301532953886
0.939652231817776	0.614346603562233	0.0105649295066474	0.0105649295066474
0.939625210143828	0.614292358492013	0.0107997057179062	0.0107997057179062
0.939598160048443	0.614238056471383	0.0110344819291651	0.0110344819291651
0.93957108147185	0.614183697380635	0.0112692581404239	0.0112692581404239
0.939543974354094	0.614129281099687	0.0115040343516827	0.0115040343516827
0.939516838635027	0.614074807508074	0.0117388105629416	0.0117388105629416
0.939489674254313	0.614020276484951	0.0119735867742004	0.0119735867742004
0.939462481151422	0.613965687909091	0.0122083629854592	0.0122083629854592
0.939435259265636	0.613911041658882	0.012443139196718	0.012443139196718
0.939408008536041	0.613856337612326	0.0126779154079769	0.0126779154079769
0.939380728901532	0.613801575647039	0.0129126916192357	0.0129126916192357
0.939353420300807	0.613746755640245	0.0131474678304945	0.0131474678304945
0.939326082672371	0.613691877468781	0.0133822440417534	0.0133822440417534
0.939298715954533	0.613636941009088	0.0136170202530122	0.0136170202530122
0.939271320085403	0.613581946137215	0.013851796464271	0.013851796464271
0.939243895002896	0.613526892728814	0.0140865726755299	0.0140865726755299
0.939216440644726	0.613471780659141	0.0143213488867887	0.0143213488867887
0.939188956948411	0.613416609803051	0.0145561250980475	0.0145561250980475
0.939161443851264	0.613361380035	0.0147909013093064	0.0147909013093064
0.939133901290402	0.61330609122904	0.0150256775205652	0.0150256775205652
0.939106329202736	0.613250743258819	0.015260453731824	0.015260453731824
0.939078727524977	0.613195335997579	0.0154952299430829	0.0154952299430829
0.93905109619363	0.613139869318155	0.0157300061543417	0.0157300061543417
0.939023435144999	0.61308434309297	0.0159647823656005	0.0159647823656005
0.938995744315178	0.613028757194039	0.0161995585768593	0.0161995585768593
0.938968023640058	0.612973111492961	0.0164343347881182	0.0164343347881182
0.938940273055322	0.612917405860923	0.016669110999377	0.016669110999377
0.938912492496444	0.612861640168692	0.0169038872106358	0.0169038872106358
0.93888468189869	0.61280581428662	0.0171386634218947	0.0171386634218947
0.938856841197116	0.612749928084636	0.0173734396331535	0.0173734396331535
0.938828970326568	0.612693981432249	0.0176082158444123	0.0176082158444123
0.938801069221677	0.612637974198541	0.0178429920556712	0.0178429920556712
0.938773137816866	0.612581906252173	0.01807776826693	0.01807776826693
0.938745176046342	0.612525777461374	0.0183125444781888	0.0183125444781888
0.938717183844096	0.612469587693946	0.0185473206894477	0.0185473206894477
0.938689161143907	0.612413336817258	0.0187820969007065	0.0187820969007065
0.938661107879335	0.612357024698248	0.0190168731119653	0.0190168731119653
0.938633023983724	0.612300651203418	0.0192516493232241	0.0192516493232241
0.9386049093902	0.612244216198831	0.019486425534483	0.019486425534483
0.938576764031668	0.612187719550114	0.0197212017457418	0.0197212017457418
0.938548587840815	0.612131161122452	0.0199559779570006	0.0199559779570006
0.938520380750106	0.612074540780588	0.0201907541682595	0.0201907541682595
0.938492142691783	0.612017858388818	0.0204255303795183	0.0204255303795183
0.938463873597867	0.611961113810993	0.0206603065907771	0.0206603065907771
0.938435573400153	0.611904306910517	0.020895082802036	0.020895082802036
0.938407242030213	0.611847437550341	0.0211298590132948	0.0211298590132948
0.938378879419389	0.611790505592964	0.0213646352245536	0.0213646352245536
0.938350485498802	0.61173351090043	0.0215994114358125	0.0215994114358125
0.93832206019934	0.611676453334329	0.0218341876470713	0.0218341876470713
0.938293603451663	0.611619332755789	0.0220689638583301	0.0220689638583301
0.938265115186203	0.61156214902548	0.022303740069589	0.022303740069589
0.93823659533316	0.611504902003607	0.0225385162808478	0.0225385162808478
0.9382080438225	0.611447591549913	0.0227732924921066	0.0227732924921066
0.938179460583959	0.611390217523672	0.0230080687033654	0.0230080687033654
0.938150845547035	0.611332779783691	0.0232428449146243	0.0232428449146243
0.938122198640996	0.611275278188304	0.0234776211258831	0.0234776211258831
0.938093519794869	0.611217712595374	0.0237123973371419	0.0237123973371419
0.938064808937446	0.611160082862288	0.0239471735484008	0.0239471735484008
0.93803606599728	0.611102388845956	0.0241819497596596	0.0241819497596596
0.938007290902685	0.611044630402807	0.0244167259709184	0.0244167259709184
0.937978483581735	0.610986807388792	0.0246515021821773	0.0246515021821773
0.937949643962261	0.610928919659375	0.0248862783934361	0.0248862783934361
0.937920771971853	0.610870967069535	0.0251210546046949	0.0251210546046949
0.937891867537855	0.610812949473765	0.0253558308159538	0.0253558308159538
0.937862930587369	0.610754866726065	0.0255906070272126	0.0255906070272126
0.93783396104725	0.610696718679945	0.0258253832384714	0.0258253832384714
0.937804958844104	0.610638505188417	0.0260601594497302	0.0260601594497302
0.937775923904291	0.610580226104001	0.0262949356609891	0.0262949356609891
0.937746856153923	0.610521881278714	0.0265297118722479	0.0265297118722479
0.937717755518857	0.610463470564072	0.0267644880835067	0.0267644880835067
0.937688621924704	0.61040499381109	0.0269992642947656	0.0269992642947656
0.937659455296818	0.610346450870274	0.0272340405060244	0.0272340405060244
0.937630255560302	0.610287841591624	0.0274688167172832	0.0274688167172832
0.937601022640002	0.610229165824629	0.0277035929285421	0.0277035929285421
0.937571756460509	0.610170423418264	0.0279383691398009	0.0279383691398009
0.937542456946157	0.61011161422099	0.0281731453510597	0.0281731453510597
0.937513124021021	0.610052738080751	0.0284079215623186	0.0284079215623186
0.937483757608916	0.609993794844969	0.0286426977735774	0.0286426977735774
0.937454357633397	0.609934784360546	0.0288774739848362	0.0288774739848362
0.937424924017756	0.609875706473859	0.0291122501960951	0.0291122501960951
0.937395456685023	0.609816561030756	0.0293470264073539	0.0293470264073539
0.937365955557963	0.609757347876559	0.0295818026186127	0.0295818026186127
0.937336420559075	0.609698066856055	0.0298165788298715	0.0298165788298715
0.937306851610592	0.609638717813499	0.0300513550411304	0.0300513550411304
0.937277248634478	0.609579300592607	0.0302861312523892	0.0302861312523892
0.937247611552429	0.609519815036558	0.030520907463648	0.030520907463648
0.937217940285868	0.609460260987988	0.0307556836749069	0.0307556836749069
0.937188234755949	0.609400638288989	0.0309904598861657	0.0309904598861657
0.937158494883552	0.609340946781106	0.0312252360974245	0.0312252360974245
0.937128720589282	0.609281186305336	0.0314600123086834	0.0314600123086834
0.937098911793468	0.609221356702123	0.0316947885199422	0.0316947885199422
0.937069068416165	0.609161457811357	0.031929564731201	0.031929564731201
0.937039190377146	0.609101489472371	0.0321643409424599	0.0321643409424599
0.937009277595908	0.60904145152394	0.0323991171537187	0.0323991171537187
0.936979329991665	0.608981343804273	0.0326338933649775	0.0326338933649775
0.936949347483349	0.60892116615102	0.0328686695762364	0.0328686695762364
0.93691932998961	0.608860918401258	0.0331034457874952	0.0331034457874952
0.936889277428813	0.608800600391497	0.033338221998754	0.033338221998754
0.936859189719036	0.608740211957675	0.0335729982100128	0.0335729982100128
0.936829066778071	0.608679752935153	0.0338077744212717	0.0338077744212717
0.936798908523421	0.608619223158714	0.0340425506325305	0.0340425506325305
0.936768714872297	0.608558622462562	0.0342773268437893	0.0342773268437893
0.936738485741621	0.608497950680315	0.0345121030550482	0.0345121030550482
0.936708221048022	0.608437207645007	0.034746879266307	0.034746879266307
0.936677920707834	0.608376393189082	0.0349816554775658	0.0349816554775658
0.936647584637095	0.608315507144393	0.0352164316888247	0.0352164316888247
0.936617212751547	0.608254549342198	0.0354512079000835	0.0354512079000835
0.936586804966635	0.608193519613157	0.0356859841113423	0.0356859841113423
0.936556361197501	0.608132417787331	0.0359207603226012	0.0359207603226012
0.936525881358989	0.608071243694177	0.03615553653386	0.03615553653386
0.936495365365637	0.608009997162548	0.0363903127451188	0.0363903127451188
0.936464813131684	0.607948678020686	0.0366250889563777	0.0366250889563777
0.936434224571058	0.607887286096222	0.0368598651676365	0.0368598651676365
0.936403599597383	0.607825821216174	0.0370946413788953	0.0370946413788953
0.936372938123976	0.607764283206942	0.0373294175901541	0.0373294175901541
0.936342240063841	0.607702671894303	0.037564193801413	0.037564193801413
0.936311505329672	0.607640987103415	0.0377989700126718	0.0377989700126718
0.936280733833851	0.607579228658806	0.0380337462239306	0.0380337462239306
0.936249925488444	0.607517396384377	0.0382685224351895	0.0382685224351895
0.936219080205204	0.607455490103395	0.0385032986464483	0.0385032986464483
0.936188197895563	0.607393509638494	0.0387380748577071	0.0387380748577071
0.936157278470637	0.607331454811667	0.038972851068966	0.038972851068966
0.93612632184122	0.607269325444266	0.0392076272802248	0.0392076272802248
0.936095327917786	0.607207121357001	0.0394424034914836	0.0394424034914836
0.936064296610483	0.607144842369932	0.0396771797027424	0.0396771797027424
0.936033227829136	0.607082488302467	0.0399119559140013	0.0399119559140013
0.936002121483242	0.607020058973364	0.0401467321252601	0.0401467321252601
0.935970977481971	0.60695755420072	0.0403815083365189	0.0403815083365189
0.935939795734163	0.606894973801974	0.0406162845477778	0.0406162845477778
0.935908576148325	0.606832317593901	0.0408510607590366	0.0408510607590366
0.935877318632633	0.60676958539261	0.0410858369702954	0.0410858369702954
0.935846023094928	0.606706777013538	0.0413206131815543	0.0413206131815543
0.935814689442715	0.606643892271451	0.0415553893928131	0.0415553893928131
0.93578331758316	0.606580930980438	0.0417901656040719	0.0417901656040719
0.93575190742309	0.606517892953908	0.0420249418153308	0.0420249418153308
0.935720458868992	0.606454778004586	0.0422597180265896	0.0422597180265896
0.935688971827008	0.606391585944513	0.0424944942378484	0.0424944942378484
0.935657446202938	0.606328316585037	0.0427292704491073	0.0427292704491073
0.935625881902233	0.606264969736816	0.0429640466603661	0.0429640466603661
0.935594278829999	0.60620154520981	0.0431988228716249	0.0431988228716249
0.93556263689099	0.606138042813279	0.0434335990828837	0.0434335990828837
0.93553095598961	0.606074462355779	0.0436683752941426	0.0436683752941426
0.93549923602991	0.60601080364516	0.0439031515054014	0.0439031515054014
0.935467476915586	0.605947066488562	0.0441379277166602	0.0441379277166602
0.935435678549977	0.605883250692411	0.0443727039279191	0.0443727039279191
0.935403840836064	0.605819356062415	0.0446074801391779	0.0446074801391779
0.935371963676467	0.60575538240356	0.0448422563504367	0.0448422563504367
0.935340046973447	0.605691329520111	0.0450770325616956	0.0450770325616956
0.935308090628898	0.605627197215601	0.0453118087729544	0.0453118087729544
0.935276094544351	0.605562985292834	0.0455465849842132	0.0455465849842132
0.935244058620967	0.605498693553877	0.0457813611954721	0.0457813611954721
0.935211982759542	0.605434321800059	0.0460161374067309	0.0460161374067309
0.935179866860497	0.605369869831965	0.0462509136179897	0.0462509136179897
0.935147710823882	0.605305337449436	0.0464856898292486	0.0464856898292486
0.935115514549372	0.605240724451561	0.0467204660405074	0.0467204660405074
0.935083277936267	0.605176030636676	0.0469552422517662	0.0469552422517662
0.935051000883485	0.605111255802357	0.047190018463025	0.047190018463025
0.935018683289568	0.605046399745422	0.0474247946742839	0.0474247946742839
0.934986325052673	0.604981462261921	0.0476595708855427	0.0476595708855427
0.934953926070573	0.604916443147137	0.0478943470968015	0.0478943470968015
0.934921486240656	0.604851342195579	0.0481291233080604	0.0481291233080604
0.934889005459921	0.604786159200978	0.0483638995193192	0.0483638995193192
0.934856483624978	0.604720893956287	0.048598675730578	0.048598675730578
0.934823920632044	0.60465554625367	0.0488334519418369	0.0488334519418369
0.934791316376943	0.604590115884507	0.0490682281530957	0.0490682281530957
0.934758670755102	0.604524602639381	0.0493030043643545	0.0493030043643545
0.93472598366155	0.604459006308082	0.0495377805756134	0.0495377805756134
0.934693254990918	0.604393326679596	0.0497725567868722	0.0497725567868722
0.934660484637433	0.604327563542107	0.050007332998131	0.050007332998131
0.934627672494919	0.604261716682987	0.0502421092093899	0.0502421092093899
0.934594818456793	0.604195785888797	0.0504768854206487	0.0504768854206487
0.934561922416064	0.604129770945281	0.0507116616319075	0.0507116616319075
0.934528984265331	0.60406367163736	0.0509464378431663	0.0509464378431663
0.934496003896781	0.60399748774913	0.0511812140544252	0.0511812140544252
0.934462981202187	0.603931219063857	0.051415990265684	0.051415990265684
0.934429916072903	0.603864865363975	0.0516507664769428	0.0516507664769428
0.934396808399866	0.603798426431075	0.0518855426882017	0.0518855426882017
0.934363658073592	0.60373190204591	0.0521203188994605	0.0521203188994605
0.934330464984174	0.603665291988383	0.0523550951107193	0.0523550951107193
0.93429722902128	0.603598596037547	0.0525898713219782	0.0525898713219782
0.934263950074149	0.603531813971598	0.052824647533237	0.052824647533237
0.934230628031592	0.603464945567874	0.0530594237444958	0.0530594237444958
0.934197262781987	0.603397990602844	0.0532941999557547	0.0532941999557547
0.934163854213279	0.603330948852113	0.0535289761670135	0.0535289761670135
0.934130402212975	0.603263820090408	0.0537637523782723	0.0537637523782723
0.934096906668145	0.603196604091581	0.0539985285895312	0.0539985285895312
0.934063367465417	0.603129300628598	0.05423330480079	0.05423330480079
0.934029784490976	0.603061909473541	0.0544680810120488	0.0544680810120488
0.933996157630562	0.602994430397597	0.0547028572233076	0.0547028572233076
0.933962486769466	0.602926863171059	0.0549376334345665	0.0549376334345665
0.93392877179253	0.602859207563315	0.0551724096458253	0.0551724096458253
0.933895012584142	0.602791463342851	0.0554071858570841	0.0554071858570841
0.933861209028237	0.602723630277239	0.055641962068343	0.055641962068343
0.933827361008291	0.602655708133136	0.0558767382796018	0.0558767382796018
0.933793468407321	0.60258769667628	0.0561115144908606	0.0561115144908606
0.933759531107881	0.602519595671482	0.0563462907021195	0.0563462907021195
0.933725548992062	0.602451404882623	0.0565810669133783	0.0565810669133783
0.933691521941486	0.60238312407265	0.0568158431246371	0.0568158431246371
0.933657449837307	0.60231475300357	0.057050619335896	0.057050619335896
0.933623332560205	0.602246291436442	0.0572853955471548	0.0572853955471548
0.933589169990388	0.602177739131379	0.0575201717584136	0.0575201717584136
0.933554962007586	0.602109095847536	0.0577549479696724	0.0577549479696724
0.933520708491049	0.602040361343109	0.0579897241809313	0.0579897241809313
0.933486409319545	0.601971535375329	0.0582245003921901	0.0582245003921901
0.933452064371356	0.601902617700456	0.0584592766034489	0.0584592766034489
0.93341767352428	0.601833608073773	0.0586940528147078	0.0586940528147078
0.933383236655622	0.601764506249586	0.0589288290259666	0.0589288290259666
0.933348753642196	0.601695311981211	0.0591636052372254	0.0591636052372254
0.933314224360321	0.601626025020975	0.0593983814484843	0.0593983814484843
0.933279648685816	0.601556645120208	0.0596331576597431	0.0596331576597431
0.933245026494003	0.601487172029236	0.0598679338710019	0.0598679338710019
0.933210357659698	0.60141760549738	0.0601027100822608	0.0601027100822608
0.933175642057213	0.601347945272948	0.0603374862935196	0.0603374862935196
0.933140879560349	0.601278191103227	0.0605722625047784	0.0605722625047784
0.933106070042398	0.601208342734485	0.0608070387160372	0.0608070387160372
0.933071213376137	0.601138399911955	0.0610418149272961	0.0610418149272961
0.933036309433825	0.601068362379839	0.0612765911385549	0.0612765911385549
0.933001358087203	0.600998229881298	0.0615113673498137	0.0615113673498137
0.93296635920749	0.600928002158445	0.0617461435610726	0.0617461435610726
0.932931312665376	0.600857678952343	0.0619809197723314	0.0619809197723314
0.932896218331027	0.600787260002996	0.0622156959835902	0.0622156959835902
0.932861076074074	0.600716745049346	0.0624504721948491	0.0624504721948491
0.932825885763618	0.600646133829265	0.0626852484061079	0.0626852484061079
0.93279064726822	0.60057542607955	0.0629200246173667	0.0629200246173667
0.932755360455902	0.600504621535916	0.0631548008286256	0.0631548008286256
0.932720025194143	0.600433719932994	0.0633895770398844	0.0633895770398844
0.932684641349876	0.60036272100432	0.0636243532511432	0.0636243532511432
0.932649208789487	0.60029162448233	0.0638591294624021	0.0638591294624021
0.932613727378808	0.60022043009836	0.0640939056736609	0.0640939056736609
0.932578196983116	0.600149137582629	0.0643286818849197	0.0643286818849197
0.932542617467131	0.600077746664243	0.0645634580961786	0.0645634580961786
0.932506988695012	0.600006257071183	0.0647982343074374	0.0647982343074374
0.932471310530353	0.599934668530301	0.0650330105186962	0.0650330105186962
0.932435582836183	0.599862980767314	0.065267786729955	0.065267786729955
0.932399805474957	0.599791193506796	0.0655025629412139	0.0655025629412139
0.932363978308558	0.599719306472172	0.0657373391524727	0.0657373391524727
0.932328101198294	0.599647319385713	0.0659721153637315	0.0659721153637315
0.93229217400489	0.59957523196853	0.0662068915749904	0.0662068915749904
0.93225619658849	0.599503043940564	0.0664416677862492	0.0664416677862492
0.93222016880865	0.599430755020582	0.066676443997508	0.066676443997508
0.932184090524336	0.599358364926173	0.0669112202087669	0.0669112202087669
0.932147961593924	0.599285873373735	0.0671459964200257	0.0671459964200257
0.932111781875189	0.599213280078473	0.0673807726312845	0.0673807726312845
0.932075551225309	0.599140584754393	0.0676155488425434	0.0676155488425434
0.932039269500859	0.599067787114291	0.0678503250538022	0.0678503250538022
0.932002936557806	0.59899488686975	0.068085101265061	0.068085101265061
0.931966552251508	0.598921883731132	0.0683198774763198	0.0683198774763198
0.931930116436709	0.598848777407568	0.0685546536875787	0.0685546536875787
0.931893628967536	0.598775567606959	0.0687894298988375	0.0687894298988375
0.931857089697496	0.598702254035959	0.0690242061100963	0.0690242061100963
0.931820498479473	0.598628836399975	0.0692589823213552	0.0692589823213552
0.931783855165721	0.598555314403158	0.069493758532614	0.069493758532614
0.931747159607864	0.598481687748396	0.0697285347438728	0.0697285347438728
0.931710411656894	0.598407956137304	0.0699633109551317	0.0699633109551317
0.93167361116316	0.598334119270221	0.0701980871663905	0.0701980871663905
0.931636757976373	0.598260176846202	0.0704328633776493	0.0704328633776493
0.931599851945596	0.598186128563006	0.0706676395889081	0.0706676395889081
0.931562892919244	0.598111974117094	0.070902415800167	0.070902415800167
0.931525880745078	0.598037713203621	0.0711371920114258	0.0711371920114258
0.931488815270204	0.597963345516425	0.0713719682226847	0.0713719682226847
0.931451696341064	0.597888870748022	0.0716067444339435	0.0716067444339435
0.931414523803439	0.597814288589598	0.0718415206452023	0.0718415206452023
0.931377297502441	0.597739598731002	0.0720762968564612	0.0720762968564612
0.931340017282508	0.597664800860735	0.07231107306772	0.07231107306772
0.931302682987404	0.597589894665947	0.0725458492789788	0.0725458492789788
0.931265294460212	0.597514879832426	0.0727806254902376	0.0727806254902376
0.931227851543333	0.597439756044591	0.0730154017014965	0.0730154017014965
0.931190354078476	0.597364522985484	0.0732501779127553	0.0732501779127553
0.931152801906664	0.597289180336761	0.0734849541240141	0.0734849541240141
0.931115194868218	0.597213727778686	0.073719730335273	0.073719730335273
0.931077532802765	0.597138164990122	0.0739545065465318	0.0739545065465318
0.931039815549222	0.59706249164852	0.0741892827577906	0.0741892827577906
0.931002042945803	0.596986707429917	0.0744240589690495	0.0744240589690495
0.930964214830006	0.59691081200892	0.0746588351803083	0.0746588351803083
0.930926331038614	0.596834805058703	0.0748936113915671	0.0748936113915671
0.93088839140769	0.596758686250999	0.0751283876028259	0.0751283876028259
0.930850395772571	0.596682455256087	0.0753631638140848	0.0753631638140848
0.930812343967864	0.596606111742787	0.0755979400253436	0.0755979400253436
0.930774235827444	0.59652965537845	0.0758327162366024	0.0758327162366024
0.930736071184446	0.59645308582895	0.0760674924478613	0.0760674924478613
0.930697849871266	0.596376402758675	0.0763022686591201	0.0763022686591201
0.93065957171955	0.596299605830517	0.0765370448703789	0.0765370448703789
0.930621236560194	0.596222694705866	0.0767718210816378	0.0767718210816378
0.930582844223339	0.596145669044598	0.0770065972928966	0.0770065972928966
0.930544394538365	0.596068528505067	0.0772413735041554	0.0772413735041554
0.930505887333888	0.595991272744097	0.0774761497154142	0.0774761497154142
0.930467322437754	0.595913901416972	0.0777109259266731	0.0777109259266731
0.930428699677036	0.595836414177424	0.0779457021379319	0.0779457021379319
0.930390018878027	0.595758810677631	0.0781804783491907	0.0781804783491907
0.930351279866238	0.5956810905682	0.0784152545604496	0.0784152545604496
0.930312482466392	0.59560325349816	0.0786500307717084	0.0786500307717084
0.93027362650242	0.595525299114955	0.0788848069829673	0.0788848069829673
0.930234711797453	0.595447227064433	0.0791195831942261	0.0791195831942261
0.930195738173823	0.595369036990833	0.0793543594054849	0.0793543594054849
0.930156705453053	0.595290728536781	0.0795891356167437	0.0795891356167437
0.930117613455853	0.595212301343276	0.0798239118280026	0.0798239118280026
0.930078462002119	0.595133755049681	0.0800586880392614	0.0800586880392614
0.930039250910922	0.595055089293715	0.0802934642505202	0.0802934642505202
0.929999980000508	0.59497630371144	0.0805282404617791	0.0805282404617791
0.92996064908829	0.594897397937253	0.0807630166730379	0.0807630166730379
0.929921257990845	0.594818371603876	0.0809977928842967	0.0809977928842967
0.929881806523907	0.594739224342343	0.0812325690955556	0.0812325690955556
0.929842294502363	0.594659955781994	0.0814673453068144	0.0814673453068144
0.929802721740246	0.59458056555046	0.0817021215180732	0.0817021215180732
0.929763088050733	0.594501053273656	0.081936897729332	0.081936897729332
0.929723393246138	0.594421418575769	0.0821716739405909	0.0821716739405909
0.929683637137905	0.594341661079247	0.0824064501518497	0.0824064501518497
0.929643819536605	0.594261780404789	0.0826412263631085	0.0826412263631085
0.929603940251931	0.594181776171334	0.0828760025743674	0.0828760025743674
0.929563999092689	0.594101647996049	0.0831107787856262	0.0831107787856262
0.929523995866796	0.594021395494322	0.083345554996885	0.083345554996885
0.929483930381275	0.593941018279743	0.0835803312081439	0.0835803312081439
0.929443802442245	0.593860515964103	0.0838151074194027	0.0838151074194027
0.929403611854919	0.593779888157373	0.0840498836306615	0.0840498836306615
0.929363358423599	0.593699134467701	0.0842846598419204	0.0842846598419204
0.929323041951667	0.593618254501394	0.0845194360531792	0.0845194360531792
0.929282662241582	0.593537247862911	0.084754212264438	0.084754212264438
0.929242219094871	0.593456114154848	0.0849889884756968	0.0849889884756968
0.929201712312129	0.593374852977929	0.0852237646869557	0.0852237646869557
0.929161141693008	0.593293463930994	0.0854585408982145	0.0854585408982145
0.92912050703621	0.593211946610983	0.0856933171094733	0.0856933171094733
0.929079808139488	0.593130300612931	0.0859280933207322	0.0859280933207322
0.929039044799632	0.593048525529951	0.086162869531991	0.086162869531991
0.928998216812468	0.592966620953221	0.0863976457432498	0.0863976457432498
0.92895732397285	0.592884586471977	0.0866324219545087	0.0866324219545087
0.928916366074654	0.592802421673495	0.0868671981657675	0.0868671981657675
0.928875342910773	0.592720126143083	0.0871019743770263	0.0871019743770263
0.928834254273108	0.592637699464064	0.0873367505882852	0.0873367505882852
0.928793099952564	0.592555141217768	0.087571526799544	0.087571526799544
0.928751879739043	0.592472450983515	0.0878063030108028	0.0878063030108028
0.928710593421439	0.592389628338606	0.0880410792220616	0.0880410792220616
0.928669240787626	0.592306672858307	0.0882758554333205	0.0882758554333205
0.928627821624461	0.592223584115837	0.0885106316445793	0.0885106316445793
0.928586335717768	0.592140361682355	0.0887454078558381	0.0887454078558381
0.928544782852335	0.592057005126948	0.088980184067097	0.088980184067097
0.928503162811911	0.591973514016614	0.0892149602783558	0.0892149602783558
0.928461475379193	0.591889887916253	0.0894497364896146	0.0894497364896146
0.928419720335823	0.591806126388649	0.0896845127008735	0.0896845127008735
0.92837789746238	0.591722228994461	0.0899192889121323	0.0899192889121323
0.928336006538374	0.591638195292203	0.0901540651233911	0.0901540651233911
0.928294047342238	0.591554024838238	0.09038884133465	0.09038884133465
0.928252019651321	0.591469717186755	0.0906236175459088	0.0906236175459088
0.928209923241881	0.591385271889764	0.0908583937571676	0.0908583937571676
0.928167757889078	0.591300688497074	0.0910931699684265	0.0910931699684265
0.92812552336697	0.591215966556282	0.0913279461796853	0.0913279461796853
0.928083219448498	0.59113110561276	0.0915627223909441	0.0915627223909441
0.928040845905486	0.591046105209637	0.0917974986022029	0.0917974986022029
0.927998402508631	0.590960964887787	0.0920322748134618	0.0920322748134618
0.927955889027494	0.590875684185812	0.0922670510247206	0.0922670510247206
0.927913305230497	0.590790262640029	0.0925018272359794	0.0925018272359794
0.927870650884909	0.590704699784452	0.0927366034472383	0.0927366034472383
0.927827925756844	0.590618995150781	0.0929713796584971	0.0929713796584971
0.927785129611251	0.590533148268382	0.0932061558697559	0.0932061558697559
0.927742262211907	0.590447158664275	0.0934409320810148	0.0934409320810148
0.927699323321406	0.590361025863117	0.0936757082922736	0.0936757082922736
0.927656312701157	0.590274749387187	0.0939104845035324	0.0939104845035324
0.92761323011137	0.590188328756367	0.0941452607147913	0.0941452607147913
0.927570075311054	0.59010176348813	0.0943800369260501	0.0943800369260501
0.927526848058003	0.590015053097522	0.0946148131373089	0.0946148131373089
0.927483548108792	0.589928197097147	0.0948495893485678	0.0948495893485678
0.927440175218766	0.589841194997147	0.0950843655598266	0.0950843655598266
0.927396729142035	0.58975404630519	0.0953191417710854	0.0953191417710854
0.927353209631462	0.589666750526451	0.0955539179823442	0.0955539179823442
0.927309616438658	0.589579307163595	0.0957886941936031	0.0957886941936031
0.92726594931397	0.589491715716758	0.0960234704048619	0.0960234704048619
0.927222208006476	0.589403975683536	0.0962582466161207	0.0962582466161207
0.927178392263974	0.589316086558962	0.0964930228273796	0.0964930228273796
0.927134501832973	0.589228047835491	0.0967277990386384	0.0967277990386384
0.927090536458687	0.58913985900298	0.0969625752498972	0.0969625752498972
0.927046495885021	0.589051519548675	0.0971973514611561	0.0971973514611561
0.92700237985457	0.588963028957188	0.0974321276724149	0.0974321276724149
0.926958188108601	0.588874386710482	0.0976669038836737	0.0976669038836737
0.926913920387052	0.588785592287853	0.0979016800949326	0.0979016800949326
0.926869576428515	0.588696645165909	0.0981364563061914	0.0981364563061914
0.926825155970234	0.588607544818553	0.0983712325174502	0.0983712325174502
0.926780658748091	0.588518290716966	0.0986060087287091	0.0986060087287091
0.926736084496599	0.588428882329586	0.0988407849399679	0.0988407849399679
0.926691432948891	0.58833931912209	0.0990755611512267	0.0990755611512267
0.926646703836711	0.588249600557373	0.0993103373624855	0.0993103373624855
0.926601896890404	0.588159726095531	0.0995451135737444	0.0995451135737444
0.926557011838908	0.588069695193842	0.0997798897850032	0.0997798897850032
0.926512048409741	0.587979507306742	0.100014665996262	0.100014665996262
0.926467006328994	0.587889161885812	0.100249442207521	0.100249442207521
0.92642188532132	0.58779865837975	0.10048421841878	0.10048421841878
0.926376685109923	0.587707996234359	0.100718994630039	0.100718994630039
0.92633140541655	0.587617174892519	0.100953770841297	0.100953770841297
0.926286045961477	0.587526193794173	0.101188547052556	0.101188547052556
0.926240606463504	0.587435052376301	0.101423323263815	0.101423323263815
0.926195086639939	0.587343750072904	0.101658099475074	0.101658099475074
0.926149486206591	0.587252286314977	0.101892875686333	0.101892875686333
0.92610380487776	0.587160660530493	0.102127651897592	0.102127651897592
0.926058042366222	0.587068872144381	0.10236242810885	0.10236242810885
0.926012198383221	0.5869769205785	0.102597204320109	0.102597204320109
0.925966272638461	0.586884805251623	0.102831980531368	0.102831980531368
0.92592026484009	0.586792525579409	0.103066756742627	0.103066756742627
0.925874174694689	0.586700080974385	0.103301532953886	0.103301532953886
0.925828001907265	0.586607470845925	0.103536309165145	0.103536309165145
0.925781746181237	0.586514694600221	0.103771085376403	0.103771085376403
0.925735407218425	0.586421751640265	0.104005861587662	0.104005861587662
0.925688984719037	0.586328641365826	0.104240637798921	0.104240637798921
0.925642478381661	0.586235363173425	0.10447541401018	0.10447541401018
0.925595887903248	0.586141916456311	0.104710190221439	0.104710190221439
0.925549212979106	0.586048300604439	0.104944966432697	0.104944966432697
0.925502453302884	0.585954515004447	0.105179742643956	0.105179742643956
0.925455608566561	0.585860559039629	0.105414518855215	0.105414518855215
0.925408678460435	0.585766432089912	0.105649295066474	0.105649295066474
0.925361662673109	0.585672133531832	0.105884071277733	0.105884071277733
0.925314560891479	0.585577662738508	0.106118847488992	0.106118847488992
0.925267372800723	0.585483019079619	0.10635362370025	0.10635362370025
0.925220098084288	0.585388201921377	0.106588399911509	0.106588399911509
0.925172736423873	0.585293210626501	0.106823176122768	0.106823176122768
0.925125287499424	0.585198044554195	0.107057952334027	0.107057952334027
0.925077750989115	0.585102703060116	0.107292728545286	0.107292728545286
0.925030126569335	0.585007185496354	0.107527504756545	0.107527504756545
0.92498241391468	0.584911491211401	0.107762280967803	0.107762280967803
0.924934612697934	0.584815619550127	0.107997057179062	0.107997057179062
0.924886722590057	0.584719569853753	0.108231833390321	0.108231833390321
0.924838743260175	0.584623341459821	0.10846660960158	0.10846660960158
0.92479067437556	0.584526933702171	0.108701385812839	0.108701385812839
0.924742515601623	0.584430345910909	0.108936162024098	0.108936162024098
0.924694266601894	0.584333577412383	0.109170938235356	0.109170938235356
0.924645927038012	0.584236627529151	0.109405714446615	0.109405714446615
0.92459749656971	0.584139495579956	0.109640490657874	0.109640490657874
0.924548974854798	0.584042180879694	0.109875266869133	0.109875266869133
0.924500361549152	0.583944682739389	0.110110043080392	0.110110043080392
0.924451656306698	0.583847000466159	0.110344819291651	0.110344819291651
0.924402858779397	0.583749133363191	0.110579595502909	0.110579595502909
0.924353968617229	0.583651080729707	0.110814371714168	0.110814371714168
0.924304985468182	0.583552841860938	0.111049147925427	0.111049147925427
0.924255908978232	0.58345441604809	0.111283924136686	0.111283924136686
0.924206738791329	0.583355802578316	0.111518700347945	0.111518700347945
0.924157474549385	0.583257000734683	0.111753476559204	0.111753476559204
0.924108115892253	0.583158009796143	0.111988252770462	0.111988252770462
0.924058662457715	0.583058829037498	0.112223028981721	0.112223028981721
0.924009113881465	0.582959457729372	0.11245780519298	0.11245780519298
0.923959469797093	0.582859895138176	0.112692581404239	0.112692581404239
0.923909729836067	0.582760140526077	0.112927357615498	0.112927357615498
0.923859893627721	0.582660193150964	0.113162133826757	0.113162133826757
0.923809960799233	0.582560052266418	0.113396910038015	0.113396910038015
0.923759930975612	0.582459717121672	0.113631686249274	0.113631686249274
0.92370980377968	0.582359186961585	0.113866462460533	0.113866462460533
0.923659578832057	0.582258461026602	0.114101238671792	0.114101238671792
0.923609255751138	0.582157538552723	0.114336014883051	0.114336014883051
0.923558834153082	0.582056418771467	0.11457079109431	0.11457079109431
0.923508313651792	0.581955100909836	0.114805567305568	0.114805567305568
0.923457693858896	0.581853584190282	0.115040343516827	0.115040343516827
0.923406974383731	0.581751867830668	0.115275119728086	0.115275119728086
0.923356154833324	0.581649951044235	0.115509895939345	0.115509895939345
0.923305234812375	0.581547833039564	0.115744672150604	0.115744672150604
0.923254213923236	0.581445513020537	0.115979448361863	0.115979448361863
0.923203091765896	0.581342990186305	0.116214224573121	0.116214224573121
0.923151867937957	0.581240263731244	0.11644900078438	0.11644900078438
0.923100542034622	0.581137332844924	0.116683776995639	0.116683776995639
0.923049113648669	0.581034196712063	0.116918553206898	0.116918553206898
0.922997582370437	0.580930854512496	0.117153329418157	0.117153329418157
0.922945947787803	0.580827305421129	0.117388105629416	0.117388105629416
0.922894209486163	0.580723548607904	0.117622881840674	0.117622881840674
0.922842367048413	0.580619583237758	0.117857658051933	0.117857658051933
0.922790420054929	0.580515408470582	0.118092434263192	0.118092434263192
0.922738368083543	0.580411023461179	0.118327210474451	0.118327210474451
0.92268621070953	0.580306427359226	0.11856198668571	0.11856198668571
0.92263394750558	0.580201619309231	0.118796762896969	0.118796762896969
0.922581578041778	0.58009659845049	0.119031539108227	0.119031539108227
0.922529101885588	0.579991363917047	0.119266315319486	0.119266315319486
0.922476518601826	0.579885914837647	0.119501091530745	0.119501091530745
0.92242382775264	0.579780250335698	0.119735867742004	0.119735867742004
0.92237102889749	0.579674369529222	0.119970643953263	0.119970643953263
0.922318121593124	0.579568271530816	0.120205420164522	0.120205420164522
0.922265105393556	0.579461955447604	0.12044019637578	0.12044019637578
0.922211979850044	0.579355420381191	0.120674972587039	0.120674972587039
0.922158744511067	0.579248665427622	0.120909748798298	0.120909748798298
0.922105398922301	0.579141689677331	0.121144525009557	0.121144525009557
0.922051942626598	0.579034492215098	0.121379301220816	0.121379301220816
0.921998375163959	0.57892707212	0.121614077432074	0.121614077432074
0.921944696071517	0.578819428465364	0.121848853643333	0.121848853643333
0.921890904883503	0.57871156031872	0.122083629854592	0.122083629854592
0.921837001131232	0.578603466741751	0.122318406065851	0.122318406065851
0.921782984343071	0.578495146790245	0.12255318227711	0.12255318227711
0.921728854044419	0.578386599514047	0.122787958488369	0.122787958488369
0.921674609757677	0.578277823957004	0.123022734699627	0.123022734699627
0.921620251002231	0.57816881915692	0.123257510910886	0.123257510910886
0.921565777294416	0.578059584145503	0.123492287122145	0.123492287122145
0.9215111881475	0.577950117948311	0.123727063333404	0.123727063333404
0.921456483071651	0.577840419584706	0.123961839544663	0.123961839544663
0.921401661573914	0.577730488067792	0.124196615755922	0.124196615755922
0.921346723158184	0.57762032240437	0.12443139196718	0.12443139196718
0.921291667325177	0.577509921594882	0.124666168178439	0.124666168178439
0.921236493572406	0.577399284633353	0.124900944389698	0.124900944389698
0.921181201394153	0.57728841050734	0.125135720600957	0.125135720600957
0.921125790281437	0.577177298197877	0.125370496812216	0.125370496812216
0.921070259721993	0.577065946679413	0.125605273023475	0.125605273023475
0.921014609200237	0.576954354919763	0.125840049234733	0.125840049234733
0.920958838197242	0.576842521880043	0.126074825445992	0.126074825445992
0.920902946190705	0.57673044651462	0.126309601657251	0.126309601657251
0.920846932654922	0.576618127771045	0.12654437786851	0.12654437786851
0.920790797060754	0.576505564589999	0.126779154079769	0.126779154079769
0.920734538875602	0.576392755905235	0.127013930291028	0.127013930291028
0.920678157563372	0.576279700643508	0.127248706502286	0.127248706502286
0.920621652584446	0.576166397724526	0.127483482713545	0.127483482713545
0.920565023395653	0.576052846060878	0.127718258924804	0.127718258924804
0.920508269450235	0.575939044557977	0.127953035136063	0.127953035136063
0.920451390197817	0.575824992113994	0.128187811347322	0.128187811347322
0.920394385084373	0.575710687619797	0.128422587558581	0.128422587558581
0.920337253552198	0.575596129958883	0.128657363769839	0.128657363769839
0.92027999503987	0.575481318007313	0.128892139981098	0.128892139981098
0.920222608982221	0.575366250633649	0.129126916192357	0.129126916192357
0.920165094810301	0.575250926698883	0.129361692403616	0.129361692403616
0.920107451951346	0.575135345056371	0.129596468614875	0.129596468614875
0.920049679828741	0.575019504551767	0.129831244826134	0.129831244826134
0.91999177786199	0.574903404022949	0.130066021037392	0.130066021037392
0.919933745466677	0.574787042299954	0.130300797248651	0.130300797248651
0.919875582054433	0.574670418204903	0.13053557345991	0.13053557345991
0.919817287032899	0.574553530551931	0.130770349671169	0.130770349671169
0.91975885980569	0.574436378147118	0.131005125882428	0.131005125882428
0.919700299772359	0.57431895978841	0.131239902093687	0.131239902093687
0.91964160632836	0.574201274265549	0.131474678304945	0.131474678304945
0.919582778865009	0.574083320359997	0.131709454516204	0.131709454516204
0.919523816769449	0.57396509684486	0.131944230727463	0.131944230727463
0.91946471942461	0.573846602484812	0.132179006938722	0.132179006938722
0.919405486209169	0.573727836036016	0.132413783149981	0.132413783149981
0.919346116497515	0.573608796246049	0.13264855936124	0.13264855936124
0.919286609659706	0.57348948185382	0.132883335572498	0.132883335572498
0.919226965061427	0.573369891589489	0.133118111783757	0.133118111783757
0.919167182063956	0.57325002417439	0.133352887995016	0.133352887995016
0.919107260024117	0.573129878320945	0.133587664206275	0.133587664206275
0.919047198294241	0.573009452732582	0.133822440417534	0.133822440417534
0.918986996222126	0.572888746103651	0.134057216628793	0.134057216628793
0.918926653150989	0.572767757119343	0.134291992840051	0.134291992840051
0.918866168419429	0.572646484455597	0.13452676905131	0.13452676905131
0.918805541361379	0.572524926779017	0.134761545262569	0.134761545262569
0.918744771306067	0.572403082746785	0.134996321473828	0.134996321473828
0.918683857577965	0.57228095100657	0.135231097685087	0.135231097685087
0.918622799496751	0.57215853019644	0.135465873896346	0.135465873896346
0.918561596377257	0.572035818944767	0.135700650107604	0.135700650107604
0.918500247529429	0.571912815870139	0.135935426318863	0.135935426318863
0.918438752258274	0.571789519581265	0.136170202530122	0.136170202530122
0.918377109863819	0.57166592867688	0.136404978741381	0.136404978741381
0.91831531964106	0.57154204174565	0.13663975495264	0.13663975495264
0.918253380879913	0.571417857366075	0.136874531163898	0.136874531163898
0.918191292865167	0.571293374106393	0.137109307375157	0.137109307375157
0.918129054876433	0.571168590524477	0.137344083586416	0.137344083586416
0.918066666188095	0.57104350516774	0.137578859797675	0.137578859797675
0.918004126069261	0.570918116573029	0.137813636008934	0.137813636008934
0.917941433783706	0.570792423266523	0.138048412220193	0.138048412220193
0.917878588589826	0.570666423763633	0.138283188431452	0.138283188431452
0.917815589740583	0.57054011656889	0.13851796464271	0.13851796464271
0.917752436483452	0.570413500175847	0.138752740853969	0.138752740853969
0.917689128060366	0.570286573066962	0.138987517065228	0.138987517065228
0.917625663707663	0.570159333713496	0.139222293276487	0.139222293276487
0.91756204265603	0.5700317805754	0.139457069487746	0.139457069487746
0.91749826413045	0.569903912101202	0.139691845699005	0.139691845699005
0.91743432735014	0.569775726727895	0.139926621910263	0.139926621910263
0.917370231528496	0.569647222880824	0.140161398121522	0.140161398121522
0.917305975873039	0.569518398973566	0.140396174332781	0.140396174332781
0.91724155958535	0.569389253407814	0.14063095054404	0.14063095054404
0.917176981861015	0.569259784573263	0.140865726755299	0.140865726755299
0.917112241889562	0.56912999084748	0.141100502966557	0.141100502966557
0.917047338854402	0.568999870595791	0.141335279177816	0.141335279177816
0.916982271932766	0.568869422171151	0.141570055389075	0.141570055389075
0.916917040295645	0.568738643914024	0.141804831600334	0.141804831600334
0.916851643107722	0.568607534152252	0.142039607811593	0.142039607811593
0.916786079527313	0.56847609120093	0.142274384022852	0.142274384022852
0.916720348706297	0.568344313362274	0.14250916023411	0.14250916023411
0.916654449790057	0.568212198925489	0.142743936445369	0.142743936445369
0.916588381917405	0.56807974616664	0.142978712656628	0.142978712656628
0.916522144220522	0.567946953348511	0.143213488867887	0.143213488867887
0.916455735824886	0.567813818720472	0.143448265079146	0.143448265079146
0.916389155849202	0.56768034051834	0.143683041290405	0.143683041290405
0.916322403405336	0.567546516964239	0.143917817501663	0.143917817501663
0.916255477598239	0.567412346266456	0.144152593712922	0.144152593712922
0.916188377525879	0.567277826619299	0.144387369924181	0.144387369924181
0.916121102279165	0.567142956202951	0.14462214613544	0.14462214613544
0.916053650941877	0.567007733183322	0.144856922346699	0.144856922346699
0.915986022590588	0.566872155711898	0.145091698557958	0.145091698557958
0.915918216294587	0.566736221925592	0.145326474769216	0.145326474769216
0.915850231115809	0.566599929946589	0.145561250980475	0.145561250980475
0.915782066108749	0.566463277882189	0.145796027191734	0.145796027191734
0.915713720320388	0.566326263824651	0.146030803402993	0.146030803402993
0.915645192790113	0.566188885851034	0.146265579614252	0.146265579614252
0.915576482549635	0.566051142023034	0.146500355825511	0.146500355825511
0.915507588622905	0.565913030386817	0.146735132036769	0.146735132036769
0.915438510026035	0.56577454897286	0.146969908248028	0.146969908248028
0.915369245767213	0.565635695795774	0.147204684459287	0.147204684459287
0.915299794846613	0.565496468854139	0.147439460670546	0.147439460670546
0.915230156256316	0.565356866130329	0.147674236881805	0.147674236881805
0.915160328980216	0.565216885590337	0.147909013093064	0.147909013093064
0.915090311993933	0.565076525183596	0.148143789304322	0.148143789304322
0.915020104264726	0.5649357828428	0.148378565515581	0.148378565515581
0.914949704751396	0.564794656483722	0.14861334172684	0.14861334172684
0.9148791124042	0.564653144005026	0.148848117938099	0.148848117938099
0.914808326164752	0.564511243288083	0.149082894149358	0.149082894149358
0.914737344965928	0.564368952196776	0.149317670360617	0.149317670360617
0.914666167731776	0.564226268577313	0.149552446571875	0.149552446571875
0.914594793377408	0.564083190258025	0.149787222783134	0.149787222783134
0.914523220808911	0.563939715049173	0.150021998994393	0.150021998994393
0.914451448923241	0.563795840742743	0.150256775205652	0.150256775205652
0.914379476608119	0.563651565112247	0.150491551416911	0.150491551416911
0.914307302741936	0.563506885912509	0.15072632762817	0.15072632762817
0.914234926193638	0.563361800879463	0.150961103839428	0.150961103839428
0.914162345822628	0.563216307729934	0.151195880050687	0.151195880050687
0.914089560478655	0.563070404161428	0.151430656261946	0.151430656261946
0.914016569001704	0.562924087851909	0.151665432473205	0.151665432473205
0.913943370221885	0.562777356459578	0.151900208684464	0.151900208684464
0.913869962959325	0.562630207622652	0.152134984895723	0.152134984895723
0.913796346024046	0.562482638959131	0.152369761106981	0.152369761106981
0.91372251821586	0.562334648066569	0.15260453731824	0.15260453731824
0.91364847832424	0.562186232521838	0.152839313529499	0.152839313529499
0.913574225128212	0.562037389880892	0.153074089740758	0.153074089740758
0.913499757396224	0.561888117678525	0.153308865952017	0.153308865952017
0.913425073886034	0.561738413428124	0.153543642163276	0.153543642163276
0.913350173344577	0.561588274621421	0.153778418374534	0.153778418374534
0.913275054507844	0.561437698728245	0.154013194585793	0.154013194585793
0.913199716100753	0.561286683196259	0.154247970797052	0.154247970797052
0.913124156837019	0.561135225450707	0.154482747008311	0.154482747008311
0.913048375419021	0.560983322894148	0.15471752321957	0.15471752321957
0.912972370537672	0.560830972906185	0.154952299430828	0.154952299430828
0.91289614087228	0.560678172843201	0.155187075642087	0.155187075642087
0.912819685090413	0.56052492003808	0.155421851853346	0.155421851853346
0.912743001847756	0.560371211799925	0.155656628064605	0.155656628064605
0.912666089787974	0.560217045413779	0.155891404275864	0.155891404275864
0.912588947542565	0.560062418140337	0.156126180487123	0.156126180487123
0.912511573730714	0.55990732721565	0.156360956698381	0.156360956698381
0.912433966959147	0.559751769850832	0.15659573290964	0.15659573290964
0.912356125821979	0.559595743231759	0.156830509120899	0.156830509120899
0.912278048900561	0.559439244518761	0.157065285332158	0.157065285332158
0.912199734763326	0.559282270846315	0.157300061543417	0.157300061543417
0.912121181965633	0.559124819322727	0.157534837754676	0.157534837754676
0.912042389049604	0.558966887029817	0.157769613965935	0.157769613965935
0.911963354543964	0.558808471022588	0.158004390177193	0.158004390177193
0.911884076963876	0.558649568328904	0.158239166388452	0.158239166388452
0.911804554810774	0.558490175949149	0.158473942599711	0.158473942599711
0.911724786572193	0.558330290855889	0.15870871881097	0.15870871881097
0.911644770721595	0.55816990999353	0.158943495022229	0.158943495022229
0.911564505718199	0.558009030277965	0.159178271233487	0.159178271233487
0.911483990006796	0.557847648596218	0.159413047444746	0.159413047444746
0.911403222017575	0.557685761806081	0.159647823656005	0.159647823656005
0.911322200165933	0.557523366735753	0.159882599867264	0.159882599867264
0.911240922852296	0.557360460183461	0.160117376078523	0.160117376078523
0.911159388461924	0.557197038917082	0.160352152289782	0.160352152289782
0.911077595364721	0.557033099673762	0.16058692850104	0.16058692850104
0.91099554191504	0.556868639159522	0.160821704712299	0.160821704712299
0.910913226451484	0.55670365404886	0.161056480923558	0.161056480923558
0.910830647296703	0.556538140984352	0.161291257134817	0.161291257134817
0.910747802757192	0.556372096576237	0.161526033346076	0.161526033346076
0.910664691123081	0.556205517402002	0.161760809557335	0.161760809557335
0.910581310667923	0.556038400005961	0.161995585768593	0.161995585768593
0.910497659648481	0.555870740898822	0.162230361979852	0.162230361979852
0.910413736304508	0.555702536557253	0.162465138191111	0.162465138191111
0.910329538858526	0.555533783423433	0.16269991440237	0.16269991440237
0.910245065515597	0.555364477904605	0.162934690613629	0.162934690613629
0.910160314463102	0.555194616372614	0.163169466824888	0.163169466824888
0.910075283870496	0.555024195163443	0.163404243036146	0.163404243036146
0.909989971889082	0.554853210576736	0.163639019247405	0.163639019247405
0.909904376651763	0.55468165887532	0.163873795458664	0.163873795458664
0.909818496272802	0.55450953628471	0.164108571669923	0.164108571669923
0.909732328847567	0.554336838992613	0.164343347881182	0.164343347881182
0.909645872452285	0.554163563148422	0.164578124092441	0.164578124092441
0.909559125143777	0.553989704862701	0.164812900303699	0.164812900303699
0.909472084959205	0.553815260206659	0.165047676514958	0.165047676514958
0.909384749915797	0.55364022521162	0.165282452726217	0.165282452726217
0.909297118010582	0.553464595868478	0.165517228937476	0.165517228937476
0.909209187220112	0.55328836812715	0.165752005148735	0.165752005148735
0.909120955500183	0.553111537896012	0.165986781359994	0.165986781359994
0.909032420785552	0.552934101041331	0.166221557571252	0.166221557571252
0.908943580989643	0.552756053386685	0.166456333782511	0.166456333782511
0.908854434004256	0.552577390712372	0.16669110999377	0.16669110999377
0.908764977699263	0.552398108754813	0.166925886205029	0.166925886205029
0.908675209922309	0.552218203205936	0.167160662416288	0.167160662416288
0.908585128498497	0.55203766971256	0.167395438627547	0.167395438627547
0.908494731230072	0.551856503875761	0.167630214838805	0.167630214838805
0.908404015896103	0.551674701250229	0.167864991050064	0.167864991050064
0.908312980252153	0.551492257343614	0.168099767261323	0.168099767261323
0.908221622029946	0.551309167615858	0.168334543472582	0.168334543472582
0.908129938937032	0.551125427478519	0.168569319683841	0.168569319683841
0.908037928656437	0.550941032294081	0.1688040958951	0.1688040958951
0.907945588846316	0.550755977375252	0.169038872106358	0.169038872106358
0.907852917139593	0.550570257984246	0.169273648317617	0.169273648317617
0.9077599111436	0.55038386933206	0.169508424528876	0.169508424528876
0.907666568439706	0.550196806577729	0.169743200740135	0.169743200740135
0.907572886582935	0.550009064827573	0.169977976951394	0.169977976951394
0.907478863101593	0.549820639134429	0.170212753162653	0.170212753162653
0.907384495496865	0.549631524496871	0.170447529373911	0.170447529373911
0.907289781242424	0.549441715858407	0.17068230558517	0.17068230558517
0.907194717784027	0.549251208106676	0.170917081796429	0.170917081796429
0.907099302539095	0.549059996072615	0.171151858007688	0.171151858007688
0.9070035328963	0.548868074529621	0.171386634218947	0.171386634218947
0.906907406215131	0.548675438192694	0.171621410430206	0.171621410430206
0.906810919825461	0.54848208171756	0.171856186641464	0.171856186641464
0.906714071027101	0.548287999699787	0.172090962852723	0.172090962852723
0.906616857089348	0.548093186673875	0.172325739063982	0.172325739063982
0.906519275250523	0.54789763711233	0.172560515275241	0.172560515275241
0.9064213227175	0.547701345424732	0.1727952914865	0.1727952914865
0.906322996665227	0.547504305956764	0.173030067697758	0.173030067697758
0.906224294236238	0.547306512989245	0.173264843909017	0.173264843909017
0.906125212540158	0.547107960737129	0.173499620120276	0.173499620120276
0.90602574865319	0.546908643348488	0.173734396331535	0.173734396331535
0.9059258996176	0.546708554903483	0.173969172542794	0.173969172542794
0.905825662441194	0.546507689413305	0.174203948754053	0.174203948754053
0.905725034096774	0.546306040819097	0.174438724965311	0.174438724965311
0.905624011521596	0.546103602990865	0.17467350117657	0.17467350117657
0.905522591616804	0.545900369726351	0.174908277387829	0.174908277387829
0.905420771246868	0.545696334749901	0.175143053599088	0.175143053599088
0.905318547238999	0.545491491711297	0.175377829810347	0.175377829810347
0.905215916382556	0.54528583418457	0.175612606021606	0.175612606021606
0.905112875428442	0.545079355666796	0.175847382232864	0.175847382232864
0.905009421088488	0.544872049576859	0.176082158444123	0.176082158444123
0.904905550034824	0.544663909254191	0.176316934655382	0.176316934655382
0.904801258899237	0.54445492795749	0.176551710866641	0.176551710866641
0.904696544272517	0.544245098863409	0.1767864870779	0.1767864870779
0.904591402703788	0.54403441506522	0.177021263289159	0.177021263289159
0.904485830699824	0.543822869571449	0.177256039500417	0.177256039500417
0.904379824724361	0.543610455304486	0.177490815711676	0.177490815711676
0.904273381197377	0.543397165099158	0.177725591922935	0.177725591922935
0.904166496494375	0.543182991701289	0.177960368134194	0.177960368134194
0.904059166945639	0.54296792776621	0.178195144345453	0.178195144345453
0.903951388835481	0.542751965857251	0.178429920556712	0.178429920556712
0.903843158401468	0.542535098444201	0.17866469676797	0.17866469676797
0.903734471833637	0.542317317901729	0.178899472979229	0.178899472979229
0.903625325273687	0.542098616507775	0.179134249190488	0.179134249190488
0.903515714814163	0.54187898644191	0.179369025401747	0.179369025401747
0.903405636497615	0.541658419783654	0.179603801613006	0.179603801613006
0.903295086315739	0.541436908510768	0.179838577824265	0.179838577824265
0.903184060208508	0.541214444497495	0.180073354035523	0.180073354035523
0.903072554063272	0.54099101951278	0.180308130246782	0.180308130246782
0.902960563713849	0.540766625218436	0.180542906458041	0.180542906458041
0.90284808493959	0.540541253167281	0.1807776826693	0.1807776826693
0.902735113464424	0.540314894801226	0.181012458880559	0.181012458880559
0.90262164495589	0.540087541449332	0.181247235091818	0.181247235091818
0.90250767502413	0.539859184325807	0.181482011303076	0.181482011303076
0.902393199220884	0.539629814527978	0.181716787514335	0.181716787514335
0.902278213038436	0.539399423034202	0.181951563725594	0.181951563725594
0.902162711908562	0.539168000701741	0.182186339936853	0.182186339936853
0.902046691201432	0.538935538264583	0.182421116148112	0.182421116148112
0.901930146224505	0.538702026331215	0.182655892359371	0.182655892359371
0.901813072221386	0.538467455382348	0.182890668570629	0.182890668570629
0.901695464370666	0.53823181576859	0.183125444781888	0.183125444781888
0.90157731778473	0.537995097708059	0.183360220993147	0.183360220993147
0.901458627508537	0.537757291283951	0.183594997204406	0.183594997204406
0.90133938851838	0.537518386442046	0.183829773415665	0.183829773415665
0.901219595720606	0.537278372988157	0.184064549626924	0.184064549626924
0.901099243950315	0.537037240585518	0.184299325838182	0.184299325838182
0.900978327970021	0.536794978752118	0.184534102049441	0.184534102049441
0.900856842468291	0.536551576857961	0.1847688782607	0.1847688782607
0.900734782058342	0.536307024122271	0.185003654471959	0.185003654471959
0.900612141276611	0.536061309610625	0.185238430683218	0.185238430683218
0.900488914581288	0.535814422232021	0.185473206894477	0.185473206894477
0.900365096350815	0.535566350735871	0.185707983105735	0.185707983105735
0.900240680882349	0.535317083708928	0.185942759316994	0.185942759316994
0.900115662390189	0.535066609572134	0.186177535528253	0.186177535528253
0.899990035004159	0.534814916577393	0.186412311739512	0.186412311739512
0.899863792767957	0.534561992804262	0.186647087950771	0.186647087950771
0.899736929637466	0.534307826156566	0.18688186416203	0.18688186416203
0.899609439479012	0.534052404358927	0.187116640373288	0.187116640373288
0.899481316067594	0.533795714953204	0.187351416584547	0.187351416584547
0.899352553085054	0.533537745294849	0.187586192795806	0.187586192795806
0.899223144118217	0.53327848254917	0.187820969007065	0.187820969007065
0.899093082656967	0.533017913687496	0.188055745218324	0.188055745218324
0.898962362092294	0.532756025483252	0.188290521429583	0.188290521429583
0.898830975714272	0.532492804507928	0.188525297640841	0.188525297640841
0.898698916709997	0.53222823712695	0.1887600738521	0.1887600738521
0.898566178161471	0.531962309495436	0.188994850063359	0.188994850063359
0.898432753043428	0.531695007553858	0.189229626274618	0.189229626274618
0.898298634221103	0.531426317023573	0.189464402485877	0.189464402485877
0.898163814447947	0.531156223402252	0.189699178697136	0.189699178697136
0.898028286363279	0.530884711959177	0.189933954908394	0.189933954908394
0.897892042489876	0.530611767730428	0.190168731119653	0.190168731119653
0.897755075231502	0.530337375513929	0.190403507330912	0.190403507330912
0.897617376870364	0.530061519864367	0.190638283542171	0.190638283542171
0.897478939564512	0.529784185087979	0.19087305975343	0.19087305975343
0.897339755345154	0.529505355237189	0.191107835964688	0.191107835964688
0.897199816113911	0.529225014105111	0.191342612175947	0.191342612175947
0.89705911363999	0.528943145219892	0.191577388387206	0.191577388387206
0.896917639557281	0.528659731838908	0.191812164598465	0.191812164598465
0.896775385361377	0.528374756942793	0.192046940809724	0.192046940809724
0.896632342406505	0.528088203229308	0.192281717020983	0.192281717020983
0.896488501902379	0.527800053107038	0.192516493232241	0.192516493232241
0.896343854910962	0.527510288688909	0.1927512694435	0.1927512694435
0.896198392343133	0.527218891785529	0.192986045654759	0.192986045654759
0.896052104955262	0.526925843898335	0.193220821866018	0.193220821866018
0.895904983345694	0.526631126212543	0.193455598077277	0.193455598077277
0.895757017951121	0.526334719589905	0.193690374288536	0.193690374288536
0.895608199042857	0.526036604561247	0.193925150499794	0.193925150499794
0.895458516723	0.525736761318798	0.194159926711053	0.194159926711053
0.895307960920491	0.525435169708292	0.194394702922312	0.194394702922312
0.895156521387045	0.525131809220835	0.194629479133571	0.194629479133571
0.895004187692973	0.524826658984544	0.19486425534483	0.19486425534483
0.894850949222871	0.524519697755923	0.195099031556089	0.195099031556089
0.894696795171188	0.524210903910991	0.195333807767347	0.195333807767347
0.894541714537659	0.523900255436141	0.195568583978606	0.195568583978606
0.894385696122593	0.523587729918725	0.195803360189865	0.195803360189865
0.894228728522027	0.523273304537346	0.196038136401124	0.196038136401124
0.894070800122728	0.522956956051863	0.196272912612383	0.196272912612383
0.893911899097042	0.522638660793079	0.196507688823642	0.196507688823642
0.893752013397581	0.522318394652116	0.1967424650349	0.1967424650349
0.893591130751747	0.521996133069458	0.196977241246159	0.196977241246159
0.893429238656083	0.521671851023649	0.197212017457418	0.197212017457418
0.893266324370449	0.521345523019633	0.197446793668677	0.197446793668677
0.893102374912009	0.521017123076729	0.197681569879936	0.197681569879936
0.892937377049024	0.520686624716214	0.197916346091195	0.197916346091195
0.892771317294456	0.520354000948519	0.198151122302453	0.198151122302453
0.892604181899352	0.520019224259995	0.198385898513712	0.198385898513712
0.892435956846019	0.519682266599261	0.198620674724971	0.198620674724971
0.89226662784098	0.519343099363098	0.19885545093623	0.19885545093623
0.892096180307682	0.519001693381876	0.199090227147489	0.199090227147489
0.891924599378982	0.518658018904505	0.199325003358748	0.199325003358748
0.891751869889365	0.518312045582872	0.199559779570006	0.199559779570006
0.891577976366909	0.517963742455765	0.199794555781265	0.199794555781265
0.891402903024974	0.517613077932239	0.200029331992524	0.200029331992524
0.891226633753609	0.517260019774429	0.200264108203783	0.200264108203783
0.891049152110662	0.516904535079757	0.200498884415042	0.200498884415042
0.890870441312586	0.51654659026254	0.200733660626301	0.200733660626301
0.890690484224919	0.516186151034943	0.200968436837559	0.200968436837559
0.890509263352433	0.515823182387268	0.201203213048818	0.201203213048818
0.890326760828937	0.515457648567552	0.201437989260077	0.201437989260077
0.890142958406715	0.515089513060431	0.201672765471336	0.201672765471336
0.889957837445584	0.514718738565251	0.201907541682595	0.201907541682595
0.889771378901557	0.514345286973389	0.202142317893854	0.202142317893854
0.889583563315097	0.513969119344746	0.202377094105112	0.202377094105112
0.889394370798942	0.513590195883379	0.202611870316371	0.202611870316371
0.889203781025468	0.513208475912243	0.20284664652763	0.20284664652763
0.889011773213603	0.512823917846977	0.203081422738889	0.203081422738889
0.88881832611523	0.512436479168726	0.203316198950148	0.203316198950148
0.888623418001093	0.512046116395925	0.203550975161407	0.203550975161407
0.888427026646157	0.511652785055014	0.203785751372665	0.203785751372665
0.88822912931441	0.511256439650034	0.204020527583924	0.204020527583924
0.888029702743083	0.510857033631045	0.204255303795183	0.204255303795183
0.887828723126245	0.510454519361314	0.204490080006442	0.204490080006442
0.887626166097769	0.510048848083224	0.204724856217701	0.204724856217701
0.887422006713608	0.509639969882825	0.20495963242896	0.20495963242896
0.887216219433382	0.509227833652981	0.205194408640218	0.205194408640218
0.887008778101212	0.508812387055031	0.205429184851477	0.205429184851477
0.886799655925786	0.508393576478905	0.205663961062736	0.205663961062736
0.886588825459606	0.507971347001601	0.205898737273995	0.205898737273995
0.886376258577385	0.507545642343966	0.206133513485254	0.206133513485254
0.886161926453545	0.507116404825673	0.206368289696513	0.206368289696513
0.885945799538777	0.50668357531832	0.206603065907771	0.206603065907771
0.885727847535606	0.50624709319655	0.20683784211903	0.20683784211903
0.885508039372919	0.505806896287085	0.207072618330289	0.207072618330289
0.885286343179405	0.505362920815581	0.207307394541548	0.207307394541548
0.885062726255834	0.504915101351178	0.207542170752807	0.207542170752807
0.884837155046136	0.504463370748624	0.207776946964066	0.207776946964066
0.8846095951072	0.504007660087861	0.208011723175324	0.208011723175324
0.884380011077332	0.503547898610911	0.208246499386583	0.208246499386583
0.884148366643299	0.503084013655948	0.208481275597842	0.208481275597842
0.88391462450588	0.50261593058837	0.208716051809101	0.208716051809101
0.883678746343847	0.502143572728736	0.20895082802036	0.20895082802036
0.883440692776282	0.501666861277379	0.209185604231618	0.209185604231618
0.883200423323146	0.501185715235507	0.209420380442877	0.209420380442877
0.882957896363991	0.500700051322606	0.209655156654136	0.209655156654136
0.882713069094719	0.500209783889926	0.209889932865395	0.209889932865395
0.882465897482271	0.499714824829827	0.210124709076654	0.210124709076654
0.882216336217129	0.499215083480747	0.210359485287913	0.210359485287913
0.881964338663494	0.49871046652753	0.210594261499171	0.210594261499171
0.881709856807017	0.498200877896851	0.21082903771043	0.21082903771043
0.881452841199925	0.49768621864743	0.211063813921689	0.211063813921689
0.881193240903394	0.497166386854732	0.211298590132948	0.211298590132948
0.880931003426988	0.496641277489821	0.211533366344207	0.211533366344207
0.880666074665003	0.496110782291985	0.211768142555466	0.211768142555466
0.8803983988295	0.495574789634778	0.212002918766724	0.212002918766724
0.880127918379845	0.495033184385037	0.212237694977983	0.212237694977983
0.879854573948511	0.494485847754445	0.212472471189242	0.212472471189242
0.879578304262913	0.493932657143151	0.212707247400501	0.212707247400501
0.879299046063021	0.493373485974939	0.21294202361176	0.21294202361176
0.879016734014472	0.492808203523393	0.213176799823019	0.213176799823019
0.878731300616871	0.492236674728449	0.213411576034277	0.213411576034277
0.878442676106981	0.491658760002706	0.213646352245536	0.213646352245536
0.878150788356437	0.491074315026787	0.213881128456795	0.213881128456795
0.877855562763612	0.490483190533014	0.214115904668054	0.214115904668054
0.877556922139239	0.489885232076563	0.214350680879313	0.214350680879313
0.877254786585336	0.489280279793256	0.214585457090572	0.214585457090572
0.876949073366973	0.488668168143	0.21482023330183	0.21482023330183
0.876639696776354	0.488048725637874	0.215055009513089	0.215055009513089
0.876326567988661	0.487421774553736	0.215289785724348	0.215289785724348
0.876009594909062	0.486787130624124	0.215524561935607	0.215524561935607
0.875688682010201	0.48614460271516	0.215759338146866	0.215759338146866
0.875363730159477	0.485493992479991	0.215994114358125	0.215994114358125
0.875034636435318	0.484835093991228	0.216228890569383	0.216228890569383
0.874701293931595	0.484167693349666	0.216463666780642	0.216463666780642
0.874363591549262	0.483491568267424	0.216698442991901	0.216698442991901
0.874021413774185	0.482806487623487	0.21693321920316	0.21693321920316
0.873674640440063	0.482112210989404	0.217167995414419	0.217167995414419
0.87332314647522	0.481408488122724	0.217402771625678	0.217402771625678
0.872966801631933	0.480695058425492	0.217637547836936	0.217637547836936
0.872605470196824	0.479971650364876	0.217872324048195	0.217872324048195
0.872239010680714	0.479237980852695	0.218107100259454	0.218107100259454
0.871867275486166	0.47849375458031	0.218341876470713	0.218341876470713
0.871490110550748	0.477738663304956	0.218576652681972	0.218576652681972
0.871107354963873	0.47697238508321	0.218811428893231	0.218811428893231
0.870718840554827	0.476194583446814	0.219046205104489	0.219046205104489
0.870324391449343	0.47540490651558	0.219280981315748	0.219280981315748
0.869923823591794	0.474602986041516	0.219515757527007	0.219515757527007
0.869516944229758	0.473788436377683	0.219750533738266	0.219750533738266
0.86910355135735	0.472960853364546	0.219985309949525	0.219985309949525
0.868683433113275	0.472119813125772	0.220220086160784	0.220220086160784
0.868256367129139	0.4712648707645	0.220454862372042	0.220454862372042
0.867822119822978	0.470395558950034	0.220689638583301	0.220689638583301
0.867380445632401	0.469511386383722	0.22092441479456	0.22092441479456
0.866931086181035	0.468611836131421	0.221159191005819	0.221159191005819
0.866473769371189	0.467696363808364	0.221393967217078	0.221393967217078
0.866008208394768	0.466764395600479	0.221628743428337	0.221628743428337
0.865534100653421	0.465815326104145	0.221863519639595	0.221863519639595
0.865051126577753	0.464848515964028	0.222098295850854	0.222098295850854
0.864558948334058	0.463863289285906	0.222333072062113	0.222333072062113
0.864057208405462	0.462858930798266	0.222567848273372	0.222567848273372
0.863545528032563	0.461834682732821	0.222802624484631	0.222802624484631
0.86302350549652	0.460789741389869	0.22303740069589	0.22303740069589
0.862490714225099	0.459723253349483	0.223272176907148	0.223272176907148
0.861946700699317	0.458634311283807	0.223506953118407	0.223506953118407
0.861390982134924	0.457521949318957	0.223741729329666	0.223741729329666
0.860823043909058	0.456385137887123	0.223976505540925	0.223976505540925
0.860242336697663	0.455222778000118	0.224211281752184	0.224211281752184
0.859648273283802	0.454033694864551	0.224446057963442	0.224446057963442
0.859040224990359	0.452816630745644	0.224680834174701	0.224680834174701
0.858417517682822	0.451570236971036	0.22491561038596	0.22491561038596
0.85777942727843	0.450293064947117	0.225150386597219	0.225150386597219
0.857125174686672	0.448983556037842	0.225385162808478	0.225385162808478
0.85645392009248	0.447640030128695	0.225619939019737	0.225619939019737
0.85576475647692	0.446260672665331	0.225854715230995	0.225854715230995
0.855056702249962	0.444843519916076	0.226089491442254	0.226089491442254
0.854328692845212	0.443386442157935	0.226324267653513	0.226324267653513
0.853579571095983	0.441887124424853	0.226559043864772	0.226559043864772
0.852808076174326	0.440343044381368	0.226793820076031	0.226793820076031
0.852012830827594	0.438751446790727	0.22702859628729	0.22702859628729
0.851192326588067	0.437109313928413	0.227263372498548	0.227263372498548
0.850344906556675	0.435413331143024	0.227498148709807	0.227498148709807
0.849468745267086	0.433659846576902	0.227732924921066	0.227732924921066
0.848561825015115	0.431844823816201	0.227967701132325	0.227967701132325
0.847621907881671	0.429963785926639	0.228202477343584	0.228202477343584
0.846646502473478	0.428011748923056	0.228437253554843	0.228437253554843
0.845632824137647	0.425983142184629	0.228672029766101	0.228672029766101
0.844577747050458	0.423871712615947	0.22890680597736	0.22890680597736
0.843477746103696	0.421670408400078	0.229141582188619	0.229141582188619
0.84232882586506	0.419371236895896	0.229376358399878	0.229376358399878
0.841126433001336	0.416965089456078	0.229611134611137	0.229611134611137
0.839865347318214	0.414441523472208	0.229845910822396	0.229845910822396
0.838539544828309	0.411788488468443	0.230080687033654	0.230080687033654
0.837142023761943	0.40899197807048	0.230315463244913	0.230315463244913
0.835664580794287	0.406035582393914	0.230550239456172	0.230550239456172
0.834097519352319	0.402899904574445	0.230785015667431	0.230785015667431
0.832429263655414	0.399561788741399	0.23101979187869	0.23101979187869
0.830645839391401	0.395993281229233	0.231254568089949	0.231254568089949
0.828730161596545	0.392160206150745	0.231489344301207	0.231489344301207
0.826661036912626	0.388020169658292	0.231724120512466	0.231724120512466
0.824411730666588	0.383519693752898	0.231958896723725	0.231958896723725
0.821947849049116	0.378589980143868	0.232193672934984	0.232193672934984
0.819224101632906	0.373140434556797	0.232428449146243	0.232428449146243
0.81617914899658	0.367048360875419	0.232663225357502	0.232663225357502
0.812726991703342	0.360141737344863	0.23289800156876	0.23289800156876
0.80874167627805	0.352168625588579	0.233132777780019	0.233132777780019
0.8040279304836	0.342738435888812	0.233367553991278	0.233367553991278
0.798258613134371	0.33119681643502	0.233602330202537	0.233602330202537
0.790820439544268	0.316317080962838	0.233837106413796	0.233837106413796
0.780336544750027	0.295345271623933	0.234071882625055	0.234071882625055
0.762413392069215	0.259493726627505	0.234306658836313	0.234306658836313
0	0	0.234541435047572	0.234541435047572
